   1.684592E-04   4.710627E-05   2.789213E-05   2.388844E-05   5.711939E-05   6.961895E-05   8.685792E-05   8.241671E-05   1.625973E-04   3.451944E-05   7.306609E-05   9.271213E-05   2.000000E-04   2.000000E-04   2.000000E-04   2.429381E-05   3.853331E-05   9.803976E-05   5.652572E-05   1.338809E-04
   3.011478E-05   2.000000E-05   4.038710E-05   2.000000E-05   6.256369E-05   6.034595E-05   5.707818E-05   3.191469E-05   3.426541E-05   7.913838E-05   1.371290E-04   2.000000E-04   6.572866E-05   1.396762E-04   1.054925E-04   1.090962E-04   7.752997E-05   1.600829E-04   2.000000E-04   4.521624E-05
   5.518140E-05   2.005776E-05   2.649818E-05   2.381047E-05   3.327988E-05   8.762016E-05   1.566131E-04   1.176233E-04   3.534760E-05   5.602679E-05   2.000000E-04   5.900286E-05   2.000000E-04   1.802560E-04   1.557865E-04   1.845029E-04   1.710637E-04   2.000000E-04   2.757001E-05   4.753787E-05
   5.856753E-05   1.032646E-04   2.646770E-05   2.000000E-04   1.068431E-04   9.632568E-05   8.105311E-05   5.934354E-05   1.036514E-04   2.000000E-04   6.662067E-05   2.450780E-05   9.874993E-05   7.448374E-05   2.000000E-04   5.082262E-05   7.707634E-05   2.000000E-04   8.710695E-05   8.279800E-05
   4.518404E-05   3.658349E-05   2.000000E-04   9.843658E-05   2.000000E-04   4.391887E-05   4.934994E-05   2.266927E-05   7.335010E-05   4.038708E-05   2.171741E-05   4.390844E-05   1.606980E-04   5.847718E-05   2.000000E-05   6.478937E-05   6.393567E-05   2.000000E-04   8.909188E-05   6.497269E-05
   3.982571E-05   4.891096E-05   2.000000E-04   6.098139E-05   5.999942E-05   9.287675E-05   2.018019E-05   8.006088E-05   3.238407E-05   5.544775E-05   5.331673E-05   6.680871E-05   5.853972E-05   2.857068E-05   2.332591E-05   2.666984E-05   1.183487E-04   3.642761E-05   9.473635E-05   1.534245E-04
   2.000000E-04   6.736343E-05   1.830352E-04   9.300127E-05   2.609570E-05   9.381284E-05   1.330365E-04   4.845198E-05   2.722242E-05   2.000000E-05   2.000000E-05   1.164204E-04   3.040343E-05   2.000000E-05   2.000000E-05   8.090478E-05   1.154375E-04   6.289665E-05   4.481944E-05   2.000000E-04
   2.533955E-05   6.771261E-05   7.950642E-05   6.199272E-05   1.325866E-04   4.215948E-05   5.109528E-05   1.616580E-04   1.301463E-04   2.000000E-05   3.572759E-05   4.319253E-05   3.603041E-05   5.136724E-05   3.417605E-05   3.223631E-05   1.586787E-04   1.946641E-04   8.164768E-05   1.828313E-04
   7.202935E-05   2.000000E-04   1.139190E-04   3.762461E-05   6.560599E-05   6.560599E-05   6.560599E-05   5.614658E-05   1.088200E-04   2.000000E-05   1.007326E-04   5.488736E-05   5.781761E-05   1.177190E-04   2.000000E-04   1.203485E-04   2.000000E-05   7.491138E-05   1.666000E-04   8.745448E-05
   2.968591E-05   3.630906E-05   4.523270E-05   5.642532E-05   6.560599E-05   6.560599E-05   6.560599E-05   6.560599E-05   1.645057E-04   2.000000E-05   7.824363E-05   1.800324E-04   1.126868E-04   2.000000E-05   1.586821E-04   8.404561E-05   7.765954E-05   8.482657E-05   2.000000E-04   3.756407E-05
   6.602776E-05   2.892917E-05   2.724296E-05   5.643747E-05   6.560599E-05   6.560599E-05   6.560599E-05   6.560599E-05   2.000000E-04   2.000000E-05   5.662522E-05   2.352447E-05   1.516542E-04   2.000000E-04   1.825159E-04   1.946035E-04   4.949088E-05   2.962101E-05   9.484139E-05   9.592807E-05
   6.405288E-05   3.416693E-05   1.389270E-04   7.520636E-05   6.560599E-05   6.560599E-05   6.560599E-05   6.560599E-05   2.000000E-05   2.831745E-05   2.666767E-05   5.384423E-05   4.585709E-05   1.032228E-04   9.751882E-05   2.000000E-04   7.371893E-05   4.199853E-05   2.000000E-05   9.977438E-05
   2.174651E-05   4.397529E-05   2.000000E-04   2.000000E-04   6.560599E-05   6.560599E-05   6.560599E-05   6.560599E-05   1.549279E-04   5.768745E-05   6.928759E-05   1.367107E-04   4.843632E-05   7.437984E-05   4.335214E-05   2.000000E-05   6.594592E-05   8.416662E-05   3.753246E-05   1.044847E-04
   1.083448E-04   1.794262E-04   2.000000E-04   3.248469E-05   6.560599E-05   6.560599E-05   6.560599E-05   6.560599E-05   5.895354E-05   6.968017E-05   1.002926E-04   2.000000E-04   2.529550E-05   4.258557E-05   4.450166E-05   4.571332E-05   1.120848E-04   6.894908E-05   4.370437E-05   1.683567E-04
   2.000000E-04   1.589150E-04   2.000000E-04   2.000000E-04   6.560599E-05   6.560599E-05   6.560599E-05   6.560599E-05   2.019050E-05   1.578757E-04   2.000000E-04   5.968195E-05   5.255027E-05   3.584544E-05   2.000000E-05   5.215379E-05   6.657964E-05   2.000000E-05   1.863132E-04   2.000000E-05
   4.934687E-05   2.000000E-04   2.000000E-04   2.000000E-04   6.560599E-05   6.560599E-05   6.560599E-05   6.560599E-05   9.864934E-05   2.000000E-04   1.332125E-04   2.000000E-04   1.345385E-04   2.560495E-05   1.045682E-04   9.971274E-05   1.006961E-04   2.891221E-05   2.000000E-04   1.249594E-04
   2.000000E-04   2.000000E-04   1.461980E-04   9.493913E-05   6.560599E-05   6.560599E-05   6.560599E-05   6.560599E-05   1.350024E-04   1.814350E-04   6.288059E-05   1.112603E-04   9.710429E-05   1.164415E-04   1.204541E-04   1.570288E-04   1.123104E-04   1.337201E-04   2.000000E-04   1.640054E-04
   6.141278E-05   2.000000E-04   9.611644E-05   2.000000E-04   6.560599E-05   6.560599E-05   6.560599E-05   6.560599E-05   4.961330E-05   1.707338E-04   2.000000E-04   1.643540E-04   1.541814E-04   2.000000E-04   1.127043E-04   2.000000E-04   1.039363E-04   2.000000E-04   4.657314E-05   2.000000E-04
   2.000000E-04   2.000000E-04   2.000000E-04   5.266503E-05   6.560599E-05   6.560599E-05   6.560599E-05   6.560599E-05   2.900415E-05   2.000000E-04   1.761350E-04   2.314636E-05   2.000000E-04   1.076110E-04   1.794953E-04   2.000000E-04   1.845150E-04   8.175019E-05   1.856511E-04   4.490180E-05
   2.000000E-04   2.702884E-05   2.000000E-04   8.765863E-05   6.560599E-05   6.560599E-05   6.560599E-05   6.560599E-05   8.531222E-05   3.943725E-05   6.609656E-05   1.539277E-04   1.483872E-04   1.146910E-04   2.000000E-04   2.000000E-04   1.848111E-04   1.458703E-04   4.451769E-05   2.821005E-05
   4.259664E-05   2.000000E-04   2.000000E-05   2.000000E-05   6.560599E-05   6.560599E-05   6.560599E-05   6.560599E-05   2.247635E-05   1.558807E-04   7.732681E-05   1.922182E-04   6.370548E-05   1.911696E-04   2.000000E-04   1.968226E-04   2.000000E-04   1.709894E-04   2.000000E-04   2.000000E-04
   2.000000E-04   5.250677E-05   2.102303E-05   2.000000E-05   6.560599E-05   6.560599E-05   2.000000E-04   7.876035E-05   6.182301E-05   1.030893E-04   2.000000E-04   5.794205E-05   3.584969E-05   1.657043E-04   1.864704E-04   1.944393E-04   2.000000E-04   2.000000E-04   2.000000E-04   2.000000E-04
   1.427743E-04   1.829327E-04   2.000000E-05   2.000000E-05   1.222028E-04   6.560599E-05   1.036709E-04   1.930531E-04   5.771194E-05   2.000000E-05   2.000000E-05   2.000000E-05   1.154435E-04   7.722851E-05   2.000000E-04   2.000000E-04   2.000000E-04   1.407451E-04   8.616539E-05   9.717508E-05
   2.424782E-05   5.476830E-05   1.794732E-04   4.762699E-05   5.317537E-05   1.312338E-04   1.208808E-04   5.354961E-05   2.673149E-05   2.537275E-05   2.000000E-05   2.444917E-05   6.486700E-05   1.459983E-04   2.000000E-04   2.000000E-04   1.299032E-04   1.680811E-04   5.478249E-05   5.825371E-05
   6.229981E-05   2.000000E-05   5.224716E-05   7.201200E-05   3.201613E-05   2.000000E-05   3.118129E-05   5.296896E-05   3.518658E-05   2.000000E-05   4.916094E-05   2.978086E-05   4.293206E-05   2.000000E-04   1.322775E-04   4.326780E-05   3.268543E-05   2.854019E-05   1.460094E-04   1.474379E-04
   2.000000E-04   2.498797E-05   1.465817E-04   5.362057E-05   1.462054E-04   3.486696E-05   2.000000E-05   2.000000E-05   2.000000E-05   3.398869E-05   2.000000E-05   1.796939E-04   4.560642E-05   7.521838E-05   1.891644E-04   2.000000E-04   2.000000E-04   2.000000E-04   2.000000E-04   5.666945E-05
   2.000000E-04   6.522454E-05   1.670274E-04   1.082315E-04   2.000000E-05   6.958772E-05   4.540460E-05   2.000000E-04   1.040212E-04   2.449746E-05   3.794150E-05   6.318235E-05   4.285063E-05   6.047483E-05   1.349109E-04   2.637404E-05   2.000000E-04   2.000000E-04   9.189519E-05   2.000000E-04
   9.694333E-05   1.383093E-04   1.779235E-04   9.174779E-05   3.151560E-05   3.833000E-05   5.434466E-05   1.027761E-04   8.671593E-05   5.489464E-05   4.194471E-05   2.000000E-05   8.042520E-05   3.912045E-05   3.324324E-05   1.358461E-04   9.810296E-05   1.371846E-04   1.308123E-04   1.361342E-04
   8.685016E-05   4.542049E-05   6.820320E-05   2.000000E-04   1.073997E-04   1.566107E-04   3.038761E-05   4.961638E-05   2.000000E-04   2.299914E-05   1.610400E-04   3.410945E-05   2.000000E-04   1.583548E-04   5.829108E-05   2.000000E-04   7.046877E-05   2.000000E-04   2.000000E-04   1.642393E-04
   2.000000E-04   2.000000E-04   2.000000E-04   4.664625E-05   3.989023E-05   1.484606E-04   7.523280E-05   8.491637E-05   5.174001E-05   3.121756E-05   6.924559E-05   2.000000E-04   1.501152E-04   2.000000E-04   1.624325E-04   2.000000E-04   1.997731E-04   7.968152E-05   2.000000E-04   2.000000E-04
   2.000000E-04   1.120140E-04   2.000000E-04   1.559072E-04   1.889944E-04   1.006354E-04   2.000000E-04   4.227806E-05   8.221054E-05   1.852761E-04   1.080611E-04   9.339834E-05   2.000000E-04   2.000000E-04   2.000000E-04   2.000000E-04   2.000000E-04   1.046079E-04   2.000000E-04   8.113962E-05
   2.000000E-04   2.000000E-04   2.000000E-04   1.493653E-04   4.039956E-05   2.000000E-04   4.924089E-05   2.000000E-04   8.312918E-05   1.245436E-04   2.000000E-04   1.252868E-04   4.425877E-05   1.222099E-04   2.000000E-04   2.000000E-04   2.000000E-04   2.000000E-04   1.782595E-04   1.579845E-04
   6.560599E-05   1.047038E-04   5.527084E-05   1.223640E-04   1.129434E-04   8.658408E-05   8.928889E-05   2.000000E-05   6.263861E-05   1.897473E-04   7.912151E-05   3.543834E-05   1.589898E-04   2.000000E-04   1.115648E-04   1.024044E-04   9.529314E-05   1.717478E-04   2.000000E-04   1.697152E-04
   6.560599E-05   6.560599E-05   1.101825E-04   1.018266E-04   7.012532E-05   4.740057E-05   1.194646E-04   1.506838E-04   3.696187E-05   1.392240E-04   2.324118E-05   1.431992E-04   1.094880E-04   2.000000E-04   1.887968E-04   1.752134E-04   1.023121E-04   1.147607E-04   2.000000E-04   6.253896E-05
   6.560599E-05   6.560599E-05   6.560599E-05   6.790742E-05   1.078525E-04   1.702309E-04   4.221580E-05   4.000167E-05   2.000000E-04   1.191952E-04   4.546703E-05   4.924963E-05   4.180906E-05   9.439896E-05   5.693894E-05   8.203587E-05   7.587522E-05   1.146233E-04   2.000000E-04   2.000000E-04
   6.560599E-05   6.560599E-05   6.560599E-05   6.560599E-05   1.612056E-04   2.437979E-05   8.346483E-05   8.498568E-05   9.226040E-05   8.111779E-05   3.257639E-05   6.095715E-05   3.096517E-05   2.000000E-04   2.000000E-04   9.978879E-05   3.253748E-05   2.320104E-05   1.881175E-04   6.560599E-05
   6.560599E-05   6.560599E-05   6.560599E-05   6.560599E-05   1.549004E-04   1.666743E-04   6.367119E-05   5.366187E-05   4.566680E-05   2.943299E-05   2.673935E-05   2.195316E-05   1.887815E-04   1.419557E-04   2.000000E-04   7.393055E-05   2.000000E-04   1.557884E-04   1.217994E-04   6.560599E-05
   6.560599E-05   6.560599E-05   6.560599E-05   6.560599E-05   6.560599E-05   8.813711E-05   1.319413E-04   3.429494E-05   5.175715E-05   2.847848E-05   3.813240E-05   2.000000E-05   8.286889E-05   2.859651E-05   1.827010E-04   2.000000E-04   2.000000E-05   6.300837E-05   6.560599E-05   6.560599E-05
   6.560599E-05   6.560599E-05   6.560599E-05   6.560599E-05   6.560599E-05   1.424454E-04   2.249386E-05   5.747431E-05   4.487801E-05   4.471621E-05   3.714275E-05   1.253736E-04   8.853132E-05   2.000000E-04   1.681781E-04   4.311382E-05   5.142667E-05   6.560599E-05   6.560599E-05   6.560599E-05
   6.560599E-05   6.560599E-05   6.560599E-05   6.560599E-05   6.560599E-05   7.001246E-05   2.000000E-04   3.057276E-05   8.377093E-05   2.154845E-05   7.963714E-05   3.920166E-05   4.449675E-05   4.459334E-05   7.270062E-05   8.484970E-05   6.560599E-05   6.560599E-05   6.560599E-05   6.560599E-05
