   6.551932E-05   2.000000E-05   1.094144E-04   2.343929E-05   2.639857E-05   6.671881E-05   1.172344E-04   2.000000E-05   1.651459E-04   9.319312E-05   6.715408E-05   4.161320E-05   1.172059E-04   2.277351E-05   2.000000E-05   3.551058E-05   6.587997E-05   2.000000E-05   1.165073E-04   2.000000E-05
   7.895468E-05   7.554758E-05   2.000000E-05   5.488407E-05   2.000000E-05   7.875292E-05   3.182908E-05   2.677884E-05   5.457142E-05   2.003097E-05   2.285152E-05   3.747094E-05   9.698807E-05   1.801270E-04   2.081256E-05   6.838727E-05   2.037344E-05   5.851403E-05   1.337502E-04   5.357576E-05
   8.999376E-05   8.160851E-05   2.000000E-05   3.449412E-05   2.000000E-05   4.022036E-05   8.420812E-05   6.247934E-05   1.517644E-04   2.156657E-05   1.497165E-04   3.811681E-05   2.000000E-05   1.130872E-04   8.273841E-05   8.484058E-05   1.083369E-04   6.255986E-05   3.923226E-05   3.880991E-05
   2.000000E-05   2.000000E-05   5.545002E-05   3.217506E-05   4.633112E-05   4.817772E-05   2.055374E-05   6.622329E-05   2.000000E-04   2.000000E-04   5.651361E-05   3.294487E-05   2.000000E-05   7.803936E-05   8.414583E-05   2.000000E-05   1.295023E-04   5.073490E-05   5.875103E-05   8.994738E-05
   4.148010E-05   3.594090E-05   2.000000E-05   5.985205E-05   1.170041E-04   4.451216E-05   2.256631E-05   4.645820E-05   8.122891E-05   2.678973E-05   1.597506E-04   2.501357E-05   2.619879E-05   1.478850E-04   1.403218E-04   1.026292E-04   4.910258E-05   9.329558E-05   1.450878E-04   4.363726E-05
   2.015782E-05   2.311186E-05   2.000000E-05   2.000000E-05   2.000000E-05   5.920249E-05   5.739148E-05   9.973586E-05   2.000000E-05   6.052171E-05   3.599468E-05   6.337990E-05   1.221726E-04   7.554491E-05   3.153365E-05   4.103139E-05   3.061441E-05   4.077368E-05   5.079632E-05   2.833034E-05
   2.000000E-05   2.000000E-05   3.051222E-05   1.007499E-04   8.393420E-05   2.448230E-05   5.401979E-05   4.870206E-05   8.322256E-05   1.176195E-04   1.069810E-04   3.959215E-05   1.823003E-04   1.915414E-04   6.918760E-05   2.000000E-05   2.115285E-05   3.858224E-05   2.275090E-05   1.441398E-04
   2.586212E-05   3.720323E-05   2.000000E-05   3.631959E-05   2.021182E-05   5.044809E-05   3.595562E-05   2.000000E-04   4.466231E-05   8.777095E-05   4.712759E-05   7.850745E-05   2.000000E-05   2.397400E-05   9.374565E-05   2.548424E-05   1.599564E-04   2.850634E-05   8.759940E-05   4.497689E-05
   2.202017E-05   2.000000E-05   2.000000E-05   3.146881E-05   5.707746E-05   5.707746E-05   5.707746E-05   1.353576E-04   1.977032E-04   1.652738E-04   4.129421E-05   2.359209E-05   7.501729E-05   2.000000E-04   5.656542E-05   1.218514E-04   2.000000E-05   4.475797E-05   2.000000E-05   3.899802E-05
   2.718578E-05   2.000000E-05   4.266415E-05   2.312095E-05   5.707746E-05   5.707746E-05   5.707746E-05   5.707746E-05   1.346963E-04   4.789850E-05   6.752464E-05   8.276874E-05   3.055159E-05   3.212717E-05   2.000000E-05   4.481742E-05   5.568229E-05   2.763512E-05   5.597821E-05   1.007397E-04
   2.601628E-05   2.828907E-05   2.365872E-05   3.174347E-05   5.707746E-05   5.707746E-05   5.707746E-05   5.707746E-05   2.000000E-05   4.335341E-05   2.000000E-05   5.379722E-05   2.000000E-05   2.885500E-05   5.108103E-05   4.119386E-05   2.000000E-05   3.931710E-05   2.000000E-05   3.749248E-05
   2.822413E-05   2.000000E-05   9.635933E-05   5.516760E-05   5.707746E-05   5.707746E-05   5.707746E-05   5.707746E-05   2.000000E-05   4.516334E-05   7.024206E-05   4.462591E-05   6.479302E-05   2.000000E-05   3.047572E-05   1.358871E-04   1.120079E-04   3.256181E-05   6.686634E-05   2.199298E-05
   6.164642E-05   2.000000E-05   1.894665E-04   8.689907E-05   5.707746E-05   5.707746E-05   5.707746E-05   5.707746E-05   4.794078E-05   4.523901E-05   2.000000E-05   6.939704E-05   2.000000E-05   5.453838E-05   2.000000E-05   6.185692E-05   3.502826E-05   1.392412E-04   2.000000E-05   2.689356E-05
   7.339555E-05   8.455506E-05   5.789542E-05   7.072434E-05   5.707746E-05   5.707746E-05   5.707746E-05   5.707746E-05   2.000000E-05   4.255265E-05   2.928648E-05   2.000000E-05   3.190594E-05   4.053334E-05   7.096392E-05   2.000000E-05   3.437193E-05   9.911185E-05   3.571167E-05   1.895306E-04
   2.914798E-05   1.241609E-04   9.018427E-05   7.484472E-05   5.707746E-05   5.707746E-05   5.707746E-05   5.707746E-05   1.678748E-04   1.442154E-04   4.452016E-05   7.903819E-05   2.170829E-05   2.293080E-05   2.083068E-05   2.383310E-05   2.000000E-05   3.043334E-05   2.619685E-05   2.830661E-05
   2.000000E-05   6.739581E-05   2.000000E-04   2.000000E-05   5.707746E-05   5.707746E-05   5.707746E-05   5.707746E-05   1.792580E-04   1.691880E-04   1.119177E-04   2.391094E-05   1.019866E-04   8.350117E-05   3.273729E-05   2.055139E-05   3.262160E-05   7.549248E-05   5.681723E-05   2.255330E-05
   7.442328E-05   2.872613E-05   1.175901E-04   2.981017E-05   5.707746E-05   5.707746E-05   5.707746E-05   5.707746E-05   1.023977E-04   8.091373E-05   3.894866E-05   8.029092E-05   1.596876E-04   3.434820E-05   2.000000E-05   2.000000E-05   2.179966E-05   1.112778E-04   2.834876E-05   4.697838E-05
   5.253232E-05   1.013195E-04   1.396692E-04   2.000000E-05   5.707746E-05   5.707746E-05   5.707746E-05   5.707746E-05   2.000000E-04   1.195542E-04   1.186239E-04   1.680603E-04   6.927176E-05   2.163249E-05   2.000000E-05   2.048443E-05   2.112118E-05   3.047568E-05   8.616213E-05   1.158190E-04
   8.234991E-05   2.000000E-04   5.641441E-05   1.570836E-04   5.707746E-05   5.707746E-05   5.707746E-05   5.707746E-05   7.431971E-05   5.442372E-05   8.522231E-05   1.825602E-04   2.000000E-05   3.796385E-05   3.482045E-05   2.000000E-05   2.000000E-05   6.161748E-05   2.000000E-05   2.000000E-05
   2.676446E-05   2.000000E-05   5.088724E-05   3.962215E-05   5.707746E-05   5.707746E-05   5.707746E-05   5.707746E-05   2.000000E-04   5.107147E-05   1.488568E-04   1.273027E-04   2.463721E-05   6.035569E-05   2.000000E-05   1.037293E-04   2.000000E-05   2.389228E-05   3.959261E-05   5.861595E-05
   4.550114E-05   2.000000E-05   1.581475E-04   3.786314E-05   5.707746E-05   5.707746E-05   5.707746E-05   5.707746E-05   1.077134E-04   6.938051E-05   4.967935E-05   2.010381E-05   5.691900E-05   2.000000E-04   3.009062E-05   5.936603E-05   4.057644E-05   3.137471E-05   2.000000E-05   4.776581E-05
   1.459356E-04   4.496453E-05   5.595902E-05   3.643850E-05   5.707746E-05   5.707746E-05   3.221555E-05   1.063464E-04   1.076087E-04   5.251179E-05   1.482932E-04   6.882196E-05   2.675010E-05   4.466867E-05   1.911959E-04   4.438984E-05   2.000000E-04   3.757446E-05   2.624696E-05   3.386844E-05
   1.098795E-04   6.427381E-05   5.562336E-05   7.615976E-05   1.942805E-04   5.707746E-05   5.100307E-05   2.864123E-05   2.000000E-04   1.338197E-04   2.000000E-04   1.336212E-04   2.000000E-04   7.213163E-05   1.268952E-04   4.839280E-05   1.167888E-04   6.168235E-05   2.000000E-05   5.891332E-05
   1.524609E-04   6.885796E-05   7.183263E-05   2.426170E-05   6.376107E-05   1.051559E-04   3.991592E-05   6.784423E-05   1.116416E-04   1.798708E-04   2.818948E-05   1.652426E-04   3.616073E-05   1.438523E-04   9.950315E-05   2.481649E-05   3.709138E-05   1.163501E-04   2.106703E-05   2.002894E-05
   1.278905E-04   2.818356E-05   4.535795E-05   2.000000E-04   6.405689E-05   9.279145E-05   8.002312E-05   4.534333E-05   1.070600E-04   1.629305E-04   6.707737E-05   2.876180E-05   2.508640E-05   3.309759E-05   3.540442E-05   2.000000E-05   2.000000E-05   1.598782E-04   1.248155E-04   2.486652E-05
   4.268213E-05   2.000000E-05   8.394018E-05   1.676527E-04   2.000000E-04   2.302603E-05   5.484107E-05   1.780622E-04   8.440072E-05   5.958032E-05   3.354140E-05   4.973317E-05   4.322071E-05   2.000000E-05   2.000000E-05   3.828502E-05   2.273893E-05   1.144692E-04   4.440880E-05   1.603782E-04
   3.679072E-05   4.814554E-05   2.000000E-04   9.222285E-05   1.510639E-04   9.459356E-05   9.519818E-05   2.214712E-05   5.895915E-05   7.939006E-05   4.600381E-05   8.623080E-05   8.723122E-05   2.000000E-05   4.220249E-05   2.000000E-05   2.456302E-05   5.966248E-05   5.097917E-05   3.385063E-05
   3.650276E-05   4.739324E-05   3.956278E-05   2.013377E-05   3.786652E-05   6.669649E-05   7.529946E-05   2.000000E-05   1.221432E-04   1.140266E-04   8.592900E-05   6.597856E-05   3.785323E-05   2.000000E-05   2.000000E-05   2.275014E-05   2.000000E-05   2.000000E-05   3.843286E-05   4.112422E-05
   5.513131E-05   3.479516E-05   2.000000E-05   3.417600E-05   7.999482E-05   2.386696E-05   1.322835E-04   6.182009E-05   3.462073E-05   7.834216E-05   9.671648E-05   6.497315E-05   4.276218E-05   5.601032E-05   6.375301E-05   2.000000E-05   3.458942E-05   2.104518E-05   2.000000E-05   1.092669E-04
   1.086815E-04   2.400575E-05   2.000000E-05   4.525411E-05   7.833874E-05   5.474680E-05   3.649293E-05   2.557906E-05   1.083235E-04   1.807364E-04   2.000000E-04   8.850640E-05   4.663011E-05   2.044031E-05   2.147926E-05   9.335656E-05   3.417687E-05   7.303984E-05   2.000000E-05   2.000000E-05
   1.367332E-04   2.219113E-05   2.537253E-05   3.272585E-05   2.000000E-05   2.634336E-05   2.577819E-05   2.474313E-05   1.402932E-04   3.282969E-05   5.562093E-05   2.000000E-05   1.486838E-04   5.028227E-05   2.108401E-05   2.955772E-05   3.234773E-05   7.443429E-05   9.550399E-05   2.000000E-05
   2.000000E-05   2.550966E-05   2.000000E-05   2.000000E-05   2.000000E-05   2.000000E-05   1.341886E-04   3.178408E-05   2.926079E-05   1.209772E-04   1.115055E-04   2.000000E-05   4.941663E-05   2.724710E-05   4.366272E-05   7.450128E-05   2.532007E-05   2.000000E-05   5.206254E-05   2.000000E-05
   5.707746E-05   2.000000E-05   2.086303E-05   2.000000E-05   3.489779E-05   2.000000E-05   2.000000E-05   8.805247E-05   2.554853E-05   5.543237E-05   3.689545E-05   4.675850E-05   5.500312E-05   2.000000E-05   2.000000E-05   6.486836E-05   4.567788E-05   2.000000E-05   3.139747E-05   2.000000E-05
   5.707746E-05   5.707746E-05   2.507690E-05   2.000000E-05   2.684452E-05   7.214766E-05   7.013180E-05   3.837814E-05   1.439098E-04   3.681834E-05   2.444560E-05   2.000000E-04   4.831270E-05   2.687257E-05   2.000000E-05   8.367248E-05   5.015551E-05   3.556549E-05   2.000000E-05   2.734124E-05
   5.707746E-05   5.707746E-05   5.707746E-05   8.512258E-05   4.858765E-05   5.117917E-05   1.273319E-04   7.874218E-05   2.000000E-05   9.433012E-05   3.114755E-05   2.000000E-05   2.000000E-05   1.817721E-04   2.000000E-04   7.483882E-05   2.000000E-05   3.188071E-05   4.654415E-05   1.048422E-04
   5.707746E-05   5.707746E-05   5.707746E-05   5.707746E-05   2.715824E-05   4.838493E-05   2.116720E-05   8.948970E-05   1.499915E-04   2.506960E-05   1.383266E-04   9.594698E-05   2.000000E-05   6.979341E-05   8.928238E-05   4.789241E-05   4.581231E-05   2.838828E-05   2.577136E-05   5.707746E-05
   5.707746E-05   5.707746E-05   5.707746E-05   5.707746E-05   4.468727E-05   6.116852E-05   3.416884E-05   6.486432E-05   1.133435E-04   2.504626E-05   3.722267E-05   9.596109E-05   3.296013E-05   7.587888E-05   2.000000E-04   5.846174E-05   2.358559E-05   2.349930E-05   6.973996E-05   5.707746E-05
   5.707746E-05   5.707746E-05   5.707746E-05   5.707746E-05   5.707746E-05   5.716186E-05   3.069435E-05   2.489459E-05   2.023316E-05   4.062323E-05   4.956289E-05   1.231895E-04   4.221506E-05   2.471517E-05   3.404082E-05   7.085393E-05   5.868580E-05   2.000000E-05   5.707746E-05   5.707746E-05
   5.707746E-05   5.707746E-05   5.707746E-05   5.707746E-05   5.707746E-05   1.785379E-04   1.339368E-04   2.367455E-05   1.836208E-04   1.128407E-04   2.000000E-05   3.083958E-05   2.000000E-05   2.000000E-05   9.383071E-05   2.481785E-05   4.294172E-05   5.707746E-05   5.707746E-05   5.707746E-05
   5.707746E-05   5.707746E-05   5.707746E-05   5.707746E-05   5.707746E-05   2.371049E-05   3.178058E-05   2.000000E-05   4.175147E-05   7.425773E-05   3.011414E-05   4.028151E-05   8.944294E-05   4.994116E-05   3.034656E-05   4.927288E-05   5.707746E-05   5.707746E-05   5.707746E-05   5.707746E-05
