   2.000000E-04   2.327632E-05   2.614953E-05   3.041640E-05   6.780490E-05   1.392932E-04   5.463444E-05   2.000000E-04   8.172169E-05   2.000000E-04   2.000000E-04   2.000000E-04   2.000000E-04   2.000000E-04   2.000000E-04   2.000000E-04   2.000000E-04   6.011720E-05   1.293479E-04   1.511233E-04
   4.707199E-05   5.065223E-05   6.756129E-05   2.000000E-05   2.078494E-05   3.964526E-05   1.452338E-04   1.345824E-04   2.000000E-04   2.000000E-04   2.000000E-04   2.000000E-04   2.000000E-04   2.000000E-04   2.000000E-04   5.955607E-05   2.000000E-04   2.000000E-04   1.954711E-04   2.000000E-04
   1.639228E-04   2.000000E-05   4.616372E-05   7.181746E-05   6.052413E-05   9.427440E-05   2.000000E-04   2.000000E-04   5.620670E-05   2.000000E-04   2.000000E-04   2.000000E-04   2.000000E-04   2.000000E-04   2.000000E-04   1.320091E-04   2.000000E-04   8.170497E-05   1.220896E-04   2.000000E-04
   6.989567E-05   9.297455E-05   1.113506E-04   1.889423E-04   4.948340E-05   7.137229E-05   2.000000E-04   1.316333E-04   2.000000E-04   2.000000E-04   2.000000E-04   2.000000E-04   2.000000E-04   1.524953E-04   2.000000E-04   2.000000E-04   7.134333E-05   2.000000E-04   1.401381E-04   2.000000E-04
   2.000000E-04   3.995715E-05   1.140909E-04   2.000000E-04   1.189110E-04   1.564085E-04   4.936660E-05   2.000000E-04   8.492936E-05   2.000000E-04   2.000000E-04   2.000000E-04   2.000000E-04   2.000000E-04   2.000000E-04   2.000000E-04   2.000000E-04   2.000000E-04   2.000000E-04   2.000000E-04
   7.576507E-05   2.000000E-04   2.000000E-04   1.499021E-04   1.029850E-04   8.609017E-05   1.534844E-04   5.989697E-05   2.000000E-04   2.000000E-04   1.496962E-04   2.000000E-04   2.000000E-04   2.000000E-04   2.000000E-04   1.619062E-04   1.860482E-04   1.162273E-04   9.417393E-05   5.632403E-05
   2.000000E-04   1.038574E-04   2.000000E-04   2.000000E-04   6.752944E-05   4.832178E-05   2.000000E-04   1.250640E-04   6.718937E-05   1.740505E-04   2.000000E-04   9.533871E-05   2.000000E-04   2.000000E-04   2.000000E-04   1.391034E-04   2.000000E-04   2.000000E-04   4.434364E-05   5.447343E-05
   7.995990E-05   4.473868E-05   2.000000E-04   2.000000E-04   2.000000E-04   1.118811E-04   1.337233E-04   1.242303E-04   1.605524E-04   3.363838E-05   2.000000E-04   2.000000E-04   2.000000E-04   2.000000E-04   2.000000E-04   1.329816E-04   2.000000E-04   2.000000E-04   9.945094E-05   6.670968E-05
   2.000000E-04   3.867474E-05   2.000000E-04   2.000000E-04   9.185627E-05   9.185627E-05   9.185627E-05   2.000000E-04   2.000000E-04   2.000000E-04   6.941284E-05   1.528622E-04   3.331388E-05   7.147378E-05   5.560441E-05   7.885147E-05   1.032324E-04   6.993820E-05   1.100352E-04   4.609749E-05
   1.407184E-04   1.892302E-04   4.155008E-05   1.846057E-04   9.185627E-05   9.185627E-05   9.185627E-05   9.185627E-05   3.104226E-05   2.000000E-04   1.484654E-04   8.484878E-05   8.115228E-05   4.499112E-05   4.515676E-05   4.373198E-05   3.692092E-05   3.341482E-05   2.000000E-04   9.221468E-05
   8.747313E-05   2.000000E-04   2.000000E-04   1.361262E-04   9.185627E-05   9.185627E-05   9.185627E-05   9.185627E-05   1.505666E-04   3.118173E-05   2.000000E-05   5.709961E-05   8.896618E-05   2.000000E-05   5.650879E-05   2.000000E-05   2.205602E-05   2.585049E-05   7.440388E-05   9.779987E-05
   2.000000E-04   7.103488E-05   1.876403E-04   2.000000E-04   9.185627E-05   9.185627E-05   9.185627E-05   9.185627E-05   2.000000E-04   6.456297E-05   5.600742E-05   3.082727E-05   2.000000E-05   2.887099E-05   2.000000E-05   1.100096E-04   5.547012E-05   1.216302E-04   3.950804E-05   4.419672E-05
   4.192861E-05   8.525060E-05   6.128336E-05   2.000000E-04   9.185627E-05   9.185627E-05   9.185627E-05   9.185627E-05   7.813141E-05   1.152653E-04   2.000000E-04   2.000000E-04   6.507687E-05   2.713223E-05   2.000000E-05   4.030296E-05   2.063524E-05   3.687711E-05   4.564516E-05   2.000000E-04
   2.000000E-04   7.457336E-05   2.000000E-04   2.000000E-04   9.185627E-05   9.185627E-05   9.185627E-05   9.185627E-05   1.553436E-04   2.000000E-04   1.944235E-04   2.000000E-04   2.000000E-04   3.551870E-05   2.000000E-05   5.939045E-05   7.258955E-05   7.041256E-05   1.195029E-04   3.760193E-05
   1.997870E-04   8.719136E-05   2.000000E-04   2.000000E-04   9.185627E-05   9.185627E-05   9.185627E-05   9.185627E-05   2.000000E-04   4.264158E-05   1.636973E-04   1.418000E-04   1.777290E-04   5.579261E-05   3.650764E-05   5.309022E-05   4.534749E-05   1.137357E-04   5.455878E-05   6.453498E-05
   6.639619E-05   1.941876E-04   8.478570E-05   9.893121E-05   9.185627E-05   9.185627E-05   9.185627E-05   9.185627E-05   2.000000E-04   8.903884E-05   2.000000E-04   2.000000E-04   1.346424E-04   1.158715E-04   2.000000E-05   6.498580E-05   1.927645E-04   1.349471E-04   3.196741E-05   1.073896E-04
   8.926906E-05   6.562680E-05   1.050405E-04   3.326053E-05   9.185627E-05   9.185627E-05   9.185627E-05   9.185627E-05   9.745540E-05   8.633870E-05   2.000000E-04   2.000000E-04   1.140939E-04   2.000000E-04   9.474876E-05   2.000000E-04   5.590604E-05   7.165265E-05   1.035174E-04   1.331330E-04
   1.481090E-04   2.000000E-04   2.000000E-04   3.833635E-05   9.185627E-05   9.185627E-05   9.185627E-05   9.185627E-05   2.000000E-04   1.193691E-04   2.000000E-04   1.755673E-04   1.701351E-04   2.000000E-04   7.866990E-05   2.000000E-04   5.093875E-05   5.958462E-05   5.990178E-05   7.388509E-05
   2.000000E-04   2.000000E-04   3.138271E-05   5.777976E-05   9.185627E-05   9.185627E-05   9.185627E-05   9.185627E-05   2.000000E-04   9.311170E-05   2.000000E-04   2.000000E-04   1.429078E-04   1.083223E-04   2.000000E-04   2.000000E-04   8.795575E-05   2.000000E-04   8.221197E-05   8.666278E-05
   1.061641E-04   1.082032E-04   8.699810E-05   2.000000E-04   9.185627E-05   9.185627E-05   9.185627E-05   9.185627E-05   2.000000E-04   1.379733E-04   2.000000E-04   2.000000E-04   8.358416E-05   2.000000E-04   1.289630E-04   5.489013E-05   8.560127E-05   5.032301E-05   2.000000E-04   2.000000E-04
   5.906533E-05   3.456305E-05   2.000000E-04   6.373880E-05   9.185627E-05   9.185627E-05   9.185627E-05   9.185627E-05   2.000000E-04   2.000000E-04   2.000000E-04   2.000000E-04   5.576419E-05   7.740014E-05   3.533661E-05   1.154147E-04   5.391347E-05   7.806862E-05   8.225645E-05   7.292210E-05
   9.671677E-05   1.317028E-04   9.007810E-05   2.000000E-04   9.185627E-05   9.185627E-05   2.000000E-05   4.022740E-05   5.012447E-05   1.160322E-04   1.087993E-04   9.016809E-05   1.172926E-04   1.377300E-04   3.378243E-05   2.000000E-04   2.000000E-04   1.630654E-04   6.863354E-05   2.000000E-05
   6.440215E-05   2.000000E-04   1.063772E-04   1.447473E-04   1.556832E-04   9.185627E-05   1.517480E-04   1.252157E-04   1.780444E-04   5.869585E-05   5.358900E-05   4.440104E-05   7.674325E-05   4.572842E-05   3.393206E-05   4.477874E-05   2.000000E-04   2.000000E-04   1.126635E-04   1.270272E-04
   2.000000E-04   1.542177E-04   1.129262E-04   1.373633E-04   2.576803E-05   2.313113E-05   2.989122E-05   8.994670E-05   1.151895E-04   6.934797E-05   1.967173E-04   1.757665E-04   2.000000E-04   5.804149E-05   2.000000E-04   7.296541E-05   2.000000E-04   2.074419E-05   5.027678E-05   2.857768E-05
   5.328539E-05   2.000000E-04   1.195384E-04   1.451267E-04   4.568849E-05   1.808049E-04   3.650175E-05   3.053360E-05   2.000000E-04   8.162610E-05   1.483604E-04   2.000000E-04   9.910730E-05   2.000000E-04   1.988608E-04   3.232129E-05   1.517920E-04   1.473588E-04   1.103115E-04   1.336563E-04
   2.000000E-04   2.000000E-04   2.000000E-04   2.000000E-04   7.335398E-05   4.975669E-05   2.714202E-05   3.999599E-05   3.035068E-05   5.588889E-05   2.000000E-04   1.730198E-04   1.728953E-04   1.139382E-04   3.573808E-05   1.132632E-04   2.000000E-04   2.000000E-04   2.760108E-05   1.285472E-04
   2.000000E-04   2.000000E-04   2.000000E-04   2.000000E-04   3.636274E-05   6.250858E-05   8.418118E-05   7.950698E-05   4.100033E-05   8.472821E-05   1.399019E-04   3.999631E-05   1.322142E-04   8.157312E-05   7.521626E-05   3.414200E-05   6.180855E-05   2.000000E-04   4.708666E-05   1.513279E-04
   2.000000E-04   2.000000E-04   2.000000E-04   5.864636E-05   2.000000E-04   9.707339E-05   3.794361E-05   6.492218E-05   7.004648E-05   2.000000E-04   2.000000E-04   5.525342E-05   1.370260E-04   9.189727E-05   7.439338E-05   1.038789E-04   7.879361E-05   2.000000E-04   3.464112E-05   3.789510E-05
   1.338524E-04   7.226835E-05   7.319870E-05   8.101016E-05   2.000000E-04   1.049253E-04   2.000000E-05   2.000000E-05   1.404625E-04   3.727352E-05   2.000000E-05   1.253486E-04   8.771797E-05   7.583311E-05   2.000000E-05   5.831233E-05   5.673588E-05   8.098559E-05   3.043944E-05   5.930600E-05
   2.000000E-04   2.000000E-04   6.932328E-05   6.105673E-05   1.840531E-04   1.829998E-04   2.000000E-04   2.000000E-05   7.984028E-05   4.411118E-05   9.319419E-05   2.000000E-05   8.622875E-05   4.327508E-05   4.527642E-05   5.667455E-05   9.230420E-05   3.104710E-05   3.965762E-05   6.407852E-05
   4.666053E-05   4.003620E-05   4.894558E-05   1.666886E-04   1.107806E-04   7.657052E-05   7.148292E-05   7.188059E-05   1.135488E-04   1.793392E-04   2.000000E-05   6.319124E-05   7.330098E-05   2.926851E-05   5.232887E-05   5.213322E-05   2.000000E-05   1.815632E-04   3.153178E-05   5.146603E-05
   8.377922E-05   5.520900E-05   8.490154E-05   8.419920E-05   2.000000E-05   7.344128E-05   3.888353E-05   5.139248E-05   2.234797E-05   2.000000E-04   2.376765E-05   1.569709E-04   4.065649E-05   1.838178E-04   3.135888E-05   2.906616E-05   8.963583E-05   1.765368E-04   2.000000E-04   8.728411E-05
   9.185627E-05   1.726480E-04   4.698930E-05   5.468184E-05   2.131793E-05   7.437015E-05   2.000000E-04   9.585566E-05   2.259070E-05   2.000000E-05   4.185830E-05   2.000000E-04   3.688348E-05   6.965845E-05   6.480627E-05   6.464428E-05   2.067600E-05   2.004721E-05   1.506077E-04   1.334605E-04
   9.185627E-05   9.185627E-05   1.046818E-04   6.544171E-05   2.000000E-04   1.043392E-04   4.192094E-05   9.987060E-05   1.633818E-04   2.093427E-05   4.496474E-05   2.000000E-04   5.849718E-05   6.504545E-05   2.162117E-05   1.270016E-04   1.911951E-04   3.262422E-05   1.596806E-04   1.495022E-04
   9.185627E-05   9.185627E-05   9.185627E-05   2.000000E-04   2.609289E-05   1.413224E-04   2.000000E-04   2.000000E-04   1.588168E-04   2.000000E-05   2.000000E-05   3.272934E-05   2.000000E-04   8.175847E-05   1.190580E-04   7.103475E-05   2.000000E-05   2.468591E-05   8.252956E-05   3.046768E-05
   9.185627E-05   9.185627E-05   9.185627E-05   9.185627E-05   2.000000E-04   2.000000E-04   1.927713E-04   2.000000E-04   1.057694E-04   2.000000E-04   2.000000E-04   4.989857E-05   7.012306E-05   5.712877E-05   1.413456E-04   1.279904E-04   4.800164E-05   5.789784E-05   4.935748E-05   9.185627E-05
   9.185627E-05   9.185627E-05   9.185627E-05   9.185627E-05   2.000000E-04   9.950338E-05   1.376191E-04   7.284096E-05   2.000000E-04   1.107883E-04   1.105977E-04   1.376962E-04   1.034043E-04   2.000000E-04   9.809804E-05   1.120799E-04   6.547817E-05   6.146908E-05   3.930493E-05   9.185627E-05
   9.185627E-05   9.185627E-05   9.185627E-05   9.185627E-05   9.185627E-05   1.351876E-04   1.291682E-04   2.000000E-04   2.311066E-05   1.504631E-04   2.000000E-04   6.964973E-05   7.018454E-05   1.440229E-04   2.000000E-05   3.445344E-05   8.168653E-05   1.337900E-04   9.185627E-05   9.185627E-05
   9.185627E-05   9.185627E-05   9.185627E-05   9.185627E-05   9.185627E-05   8.038601E-05   6.108681E-05   2.000000E-04   2.000000E-04   8.536406E-05   1.112562E-04   2.000000E-05   5.163870E-05   4.260881E-05   1.696312E-04   2.000000E-04   1.567185E-04   9.185627E-05   9.185627E-05   9.185627E-05
   9.185627E-05   9.185627E-05   9.185627E-05   9.185627E-05   9.185627E-05   2.000000E-04   6.442357E-05   1.128012E-04   1.360914E-04   1.093868E-04   2.902657E-05   1.126604E-04   4.744882E-05   1.765638E-04   2.000000E-04   1.642597E-04   9.185627E-05   9.185627E-05   9.185627E-05   9.185627E-05
