   1.488288E-06   1.000000E-06   3.129627E-06   1.163094E-06   1.000000E-06   1.000000E-06   1.762717E-06   1.963718E-06   1.784606E-06   1.000000E-06   1.463936E-06   2.753830E-06   1.058015E-06   2.354882E-06   6.087206E-06   3.663561E-06   3.188049E-06   1.000000E-06   1.036455E-05   1.000000E-06
   2.601952E-06   3.718742E-06   1.583074E-06   1.000000E-06   1.000000E-06   1.168702E-06   2.566878E-06   1.000000E-06   6.202002E-06   1.076416E-06   1.160527E-06   1.000000E-06   2.692013E-06   3.536452E-06   1.000000E-06   2.518452E-06   1.000000E-06   1.844928E-06   4.185507E-06   2.773855E-06
   3.632663E-06   1.000000E-06   1.031171E-06   1.000000E-06   3.236990E-06   1.000000E-06   1.346106E-06   1.683337E-06   1.919158E-06   2.319518E-06   1.000000E-06   5.809088E-06   4.561756E-06   2.268223E-06   1.856174E-06   1.347278E-06   1.641895E-06   1.000000E-06   1.115525E-06   6.067075E-06
   1.000000E-06   2.046842E-06   1.000000E-06   1.000000E-06   1.000000E-06   1.552835E-06   1.000000E-06   6.947229E-06   1.000000E-06   3.057104E-06   1.000000E-06   3.271209E-06   2.591980E-06   1.000000E-06   2.554832E-06   1.000000E-06   1.000000E-06   2.578042E-06   7.117096E-06   4.290623E-06
   1.318510E-06   1.000000E-06   4.325705E-06   3.653405E-06   2.652789E-06   1.747420E-06   2.327585E-06   1.000000E-06   9.753296E-06   1.542511E-06   2.232139E-06   1.003695E-06   3.048018E-06   7.424131E-06   1.531412E-06   1.925196E-06   2.587525E-06   8.011649E-06   1.500280E-06   1.833599E-06
   1.409376E-06   1.000000E-06   2.090974E-06   1.376508E-06   8.985959E-06   3.035931E-06   1.000000E-06   1.485349E-05   1.715305E-06   1.908064E-06   3.013412E-06   1.061748E-05   3.600089E-06   1.647636E-06   1.880895E-06   2.255372E-06   3.813875E-06   2.729382E-06   3.151513E-06   3.554206E-06
   2.357337E-06   2.539513E-06   1.000000E-06   2.300995E-06   1.148377E-06   4.998023E-06   1.399559E-05   3.544566E-06   4.086493E-06   2.843182E-06   9.371117E-06   3.137211E-06   1.702609E-06   1.407012E-06   1.866154E-06   4.429222E-06   6.266341E-06   2.624246E-06   1.234641E-05   1.000000E-06
   2.027598E-06   1.275032E-06   1.000000E-06   3.530784E-06   1.476166E-06   1.181374E-06   3.774912E-06   3.740138E-06   2.144724E-06   1.103887E-05   1.399886E-06   4.842718E-06   1.000000E-06   5.005081E-06   1.474832E-06   6.615971E-06   1.000000E-06   1.730337E-06   1.776656E-06   9.069697E-06
   2.076887E-06   2.541521E-06   1.247867E-06   5.561288E-06   1.000000E-06   1.000000E-06   1.000000E-06   1.000000E-06   3.331162E-06   5.346570E-06   6.868119E-06   2.531594E-06   1.370317E-05   1.658289E-06   1.257193E-05   5.477559E-06   2.916569E-06   1.000000E-06   7.570790E-06   3.906204E-06
   1.769635E-06   4.537123E-06   4.055587E-06   6.030102E-06   1.000000E-06   1.000000E-06   1.000000E-06   1.000000E-06   3.221302E-06   5.470615E-06   1.000000E-06   8.246428E-06   1.189325E-05   1.000000E-06   2.171627E-06   1.469050E-06   7.018877E-06   1.014243E-06   3.106528E-06   1.000000E-06
   2.790559E-06   1.481327E-06   3.063301E-06   2.279416E-06   1.000000E-06   1.000000E-06   1.000000E-06   1.000000E-06   1.039270E-05   1.000000E-06   1.000000E-06   1.762400E-06   1.000000E-06   3.721077E-06   1.213555E-06   5.351815E-06   1.000000E-06   9.035360E-06   3.211335E-06   6.142364E-06
   1.247914E-05   9.781444E-06   1.770507E-06   1.041749E-05   1.000000E-06   1.000000E-06   1.000000E-06   1.000000E-06   3.073275E-06   1.430088E-06   3.032555E-06   9.000285E-06   1.536149E-06   1.773718E-06   1.000000E-06   4.941586E-06   2.759151E-06   2.279789E-06   1.116726E-05   2.305600E-06
   1.743372E-06   5.465334E-06   2.790018E-06   4.438655E-06   1.000000E-06   1.000000E-06   1.000000E-06   1.000000E-06   1.229304E-06   1.000000E-06   1.830263E-06   2.483630E-06   1.775257E-06   1.000000E-06   8.849775E-06   9.845331E-06   3.591349E-06   2.712689E-06   3.021125E-06   9.976871E-06
   3.707592E-06   2.611253E-06   6.115028E-06   2.757884E-06   1.000000E-06   1.000000E-06   1.000000E-06   1.000000E-06   1.573825E-06   1.248883E-06   1.000000E-06   1.698346E-06   2.197438E-06   5.359407E-06   5.643940E-06   4.904560E-06   1.490160E-05   1.420403E-05   2.717389E-06   8.878327E-06
   2.178137E-05   5.950476E-06   4.866954E-06   1.030697E-05   1.000000E-06   1.000000E-06   1.000000E-06   1.000000E-06   2.110557E-06   1.000000E-06   3.106639E-06   1.000000E-06   2.424124E-06   1.092271E-06   5.376696E-06   1.232001E-05   1.765936E-06   9.514676E-06   8.195142E-06   1.000000E-06
   1.020170E-06   3.099465E-06   2.030599E-06   2.522165E-06   1.000000E-06   1.000000E-06   1.000000E-06   1.000000E-06   5.157571E-06   2.039758E-06   1.000000E-06   4.632305E-06   3.868798E-06   5.281032E-06   2.367610E-05   3.115320E-06   3.921936E-06   2.302263E-06   1.000000E-06   1.036062E-05
   6.372943E-06   1.992270E-06   1.139485E-05   3.231629E-06   1.000000E-06   1.000000E-06   1.000000E-06   1.000000E-06   1.000000E-06   1.000000E-06   6.556424E-06   1.609267E-06   1.258315E-06   2.584406E-06   5.454961E-06   2.558148E-06   3.489671E-06   2.295798E-06   1.793051E-06   2.526299E-06
   1.000000E-06   2.016395E-06   4.473983E-06   1.000000E-06   1.000000E-06   1.000000E-06   1.000000E-06   1.000000E-06   1.000000E-06   1.000000E-06   1.919633E-06   3.364383E-06   4.561970E-06   1.000000E-06   6.164068E-06   5.162213E-06   1.240386E-06   1.045240E-06   2.902123E-06   2.282711E-06
   3.297854E-06   1.865723E-06   1.112395E-06   1.000000E-06   1.000000E-06   1.000000E-06   1.000000E-06   1.000000E-06   1.371117E-06   1.165113E-06   1.254632E-06   2.212563E-06   1.472357E-06   1.004176E-06   2.875610E-06   2.295893E-06   3.106248E-06   1.535000E-06   5.213298E-06   1.150031E-06
   2.755237E-06   1.000000E-06   2.959892E-06   1.059084E-06   1.000000E-06   1.000000E-06   1.000000E-06   1.000000E-06   1.000000E-06   1.223006E-06   4.486641E-06   1.038728E-06   1.000000E-06   1.405036E-06   1.750104E-06   1.201011E-06   2.971475E-06   1.590078E-06   1.534720E-06   1.261912E-05
   3.110592E-06   3.805698E-06   1.000000E-06   1.000000E-06   1.000000E-06   1.000000E-06   1.000000E-06   1.000000E-06   1.547268E-06   1.657592E-06   1.677360E-06   4.392952E-06   3.366675E-06   1.388346E-06   6.832958E-06   1.816962E-06   1.684042E-06   1.218776E-05   2.424097E-06   1.930499E-06
   1.000000E-06   1.937972E-06   3.976816E-06   1.244753E-06   1.000000E-06   1.000000E-06   1.711205E-06   1.000000E-06   1.725423E-06   1.000000E-06   2.833039E-06   1.212392E-06   4.621437E-06   1.344834E-06   7.391390E-06   1.873752E-06   1.034718E-05   3.152904E-06   1.461413E-06   5.243396E-06
   1.000000E-06   1.702121E-06   1.028494E-06   2.291476E-06   2.534471E-06   1.000000E-06   1.000000E-06   5.439083E-06   1.649088E-06   1.000000E-06   1.000000E-06   5.579925E-06   1.938839E-06   6.260801E-06   5.296579E-06   1.000000E-06   4.718807E-06   3.895760E-06   1.122831E-06   1.105823E-06
   1.787932E-06   1.245787E-06   4.052967E-06   2.720514E-06   1.000000E-06   1.000000E-06   1.000000E-06   2.563326E-06   2.384441E-06   1.127135E-06   3.651923E-06   6.664161E-06   2.033458E-06   5.628757E-06   1.608603E-05   2.692879E-06   2.109292E-06   3.536098E-06   4.677106E-06   1.766566E-06
   2.180549E-06   3.426879E-06   1.000000E-06   1.000000E-06   1.000000E-06   1.000000E-06   2.547074E-06   1.000000E-06   1.000000E-06   1.000000E-06   1.130440E-06   2.602243E-06   1.000000E-06   3.235329E-06   1.000000E-06   1.932719E-06   2.318286E-06   1.171772E-05   1.000000E-06   1.119846E-06
   1.249624E-06   2.341281E-06   1.245185E-06   2.610429E-06   1.040121E-06   1.000000E-06   4.266814E-06   2.055569E-06   2.581018E-06   1.000000E-06   1.000000E-06   1.332921E-06   4.008597E-06   2.871956E-06   2.370984E-06   5.179595E-06   5.010126E-06   1.860160E-06   1.651394E-06   1.096647E-05
   1.000000E-06   1.197638E-06   1.000000E-06   1.000000E-06   1.502111E-06   5.368575E-06   8.662846E-06   1.468067E-06   1.782028E-06   2.096656E-06   5.137824E-06   1.663564E-06   1.000000E-06   1.000000E-06   5.101779E-06   1.000000E-06   3.733034E-06   1.341041E-06   2.242300E-06   6.350784E-06
   1.857344E-06   1.000000E-06   6.356040E-06   6.515189E-06   3.356786E-06   4.673713E-06   6.779105E-06   3.529997E-06   2.911051E-06   3.540976E-06   2.105000E-06   5.236259E-06   1.000000E-06   4.643331E-06   2.456803E-06   1.000000E-06   3.133594E-06   1.560612E-06   1.894911E-06   4.541909E-06
   1.000000E-06   2.569975E-06   2.034505E-06   1.596104E-06   1.119907E-05   3.871619E-06   1.998550E-06   2.409409E-06   2.078257E-06   1.483420E-06   3.410411E-06   1.000000E-06   1.000000E-06   1.111238E-06   8.668398E-06   1.280814E-06   2.845752E-06   1.000000E-06   1.939724E-06   1.727673E-06
   4.519791E-06   1.000000E-06   2.056186E-06   1.614605E-06   1.000000E-06   1.900895E-06   2.553127E-06   2.977119E-06   1.000000E-06   1.846937E-06   1.000000E-06   1.000000E-06   1.000000E-06   1.000000E-06   1.910941E-06   2.473156E-06   3.445298E-06   1.311813E-06   9.423473E-06   1.500142E-06
   2.112303E-06   1.075029E-05   1.458924E-06   6.100208E-06   1.000000E-06   2.051585E-06   1.848510E-06   1.000000E-06   2.126419E-06   1.908212E-06   1.000000E-06   2.108746E-06   1.870531E-06   1.980474E-06   4.829704E-06   1.000000E-06   2.233678E-06   1.810499E-06   1.000000E-06   1.000000E-06
   3.969284E-06   4.988564E-06   6.119635E-06   1.608141E-06   1.000000E-06   1.157629E-06   1.000000E-06   3.755411E-06   1.000000E-06   1.316402E-06   2.663931E-06   2.844386E-06   4.846187E-06   1.040527E-06   5.299547E-06   1.741421E-06   1.158424E-05   1.730752E-06   1.615539E-06   1.000000E-06
   1.000000E-06   1.000000E-06   1.090425E-05   1.000000E-06   1.507406E-06   3.819205E-06   1.931940E-06   8.636172E-06   1.694874E-06   4.543429E-06   2.717955E-06   2.514613E-06   5.966635E-06   1.224600E-05   1.171443E-06   7.011241E-06   2.547171E-06   1.000000E-06   1.927544E-06   3.389180E-06
   1.000000E-06   1.000000E-06   1.486381E-06   1.000000E-06   1.618142E-06   2.085030E-06   1.370296E-05   3.868193E-06   6.817934E-06   1.394200E-06   8.227939E-06   7.782657E-06   2.292750E-06   2.061163E-06   6.362337E-06   1.133546E-06   2.408441E-06   3.889873E-06   1.548801E-06   6.191253E-06
   1.000000E-06   1.000000E-06   1.000000E-06   1.244405E-06   1.000000E-06   1.664388E-06   2.562362E-06   8.272052E-06   1.304334E-06   8.396126E-06   1.798098E-06   5.132751E-06   3.502070E-06   4.571396E-06   2.495721E-06   2.386540E-06   3.687753E-06   2.898610E-06   1.000000E-06   2.006975E-06
   1.000000E-06   1.000000E-06   1.000000E-06   1.000000E-06   2.529536E-06   3.369405E-06   4.388869E-06   1.119039E-05   3.946558E-06   7.767144E-06   6.915866E-06   4.699478E-06   1.886057E-06   1.804040E-06   2.195081E-06   1.000000E-06   5.720745E-06   7.006053E-06   1.000000E-06   1.000000E-06
   1.000000E-06   1.000000E-06   1.000000E-06   1.000000E-06   1.067662E-06   1.693954E-06   1.359414E-06   9.280598E-06   3.114880E-06   1.469885E-06   6.108465E-06   1.042013E-06   1.267608E-05   3.921984E-06   1.678956E-06   2.390696E-06   5.314351E-06   1.000000E-06   1.772308E-06   1.000000E-06
   1.000000E-06   1.000000E-06   1.000000E-06   1.000000E-06   1.000000E-06   1.449178E-05   1.304389E-06   1.051926E-06   1.671566E-06   5.204402E-06   1.000000E-06   4.981411E-06   1.000000E-06   4.301157E-06   5.639685E-06   1.321041E-05   2.376834E-06   1.391569E-06   1.000000E-06   1.000000E-06
   1.000000E-06   1.000000E-06   1.000000E-06   1.000000E-06   1.000000E-06   1.161114E-06   5.545223E-06   2.790669E-06   3.336216E-06   3.512026E-06   1.111735E-06   1.680282E-06   7.352771E-06   1.306594E-06   2.052583E-06   1.000000E-06   1.849397E-06   1.000000E-06   1.000000E-06   1.000000E-06
   1.000000E-06   1.000000E-06   1.000000E-06   1.000000E-06   1.000000E-06   3.331226E-06   1.223739E-05   3.102564E-06   1.000000E-06   1.517711E-06   3.783343E-06   2.300751E-06   1.025653E-06   1.000000E-06   1.188387E-06   1.000000E-06   1.000000E-06   1.000000E-06   1.000000E-06   1.000000E-06
