1 40 6 34.753354317662286 32.80514248105668
1 40 7 34.473575947856226 79.3589776212238
1 40 8 32.5 40.536579586080144
1 40 9 34.110590493872685 100.0
1 40 10 34.38582755649677 100.0
1 40 11 32.69851182065172 16.26499198048002
1 40 12 32.92611292847007 100.0
1 40 13 34.860549329897864 84.50413403403668
1 40 14 33.36189370977137 27.8385831486873
1 40 15 33.45988096407854 15.368204908461042
2 40 6 35.03664547259454 57.59578090041345
2 40 7 34.80295250804182 72.92603535390649
2 40 8 33.39425543106475 22.39631934485116
2 40 9 33.2101407163894 71.16205519123208
2 40 10 33.901570029255765 33.148956417555354
2 40 11 34.2823120950828 53.90968759323085
2 40 12 35.57652977158848 60.097033916229876
2 40 13 35.61390536024226 9.123510415811195
2 40 14 35.4538716106588 13.153643722747406
2 40 15 34.75497247712017 100.0
3 40 6 34.605390976549955 73.68052342192279
3 40 7 34.78487752717578 67.28802752985774
3 40 8 35.049110603784854 65.29935013110983
3 40 9 35.16354529752213 100.0
3 40 10 33.26353360514606 33.59141616091515
3 40 11 35.11664984631007 100.0
3 40 12 36.22187021902147 55.0986841472601
3 40 13 33.76969518603255 51.246824237645534
3 40 14 35.28645093895133 100.0
3 40 15 32.503631586764214 44.97861683778665
