   1.215288E-04   9.297979E-05   2.000000E-05   2.000000E-05   2.433948E-05   2.000000E-05   2.616845E-05   2.000000E-05   1.941948E-04   1.054707E-04   8.632214E-05   8.592072E-05   2.000000E-04   1.878926E-04   2.000000E-04   2.000000E-04   6.075869E-05   2.000000E-04   5.739854E-05   1.995216E-04
   2.000000E-05   5.538642E-05   1.197088E-04   2.000000E-05   2.134358E-05   7.140414E-05   2.670991E-05   9.837874E-05   2.867975E-05   7.961331E-05   9.648813E-05   4.175058E-05   1.197117E-04   1.670490E-04   7.475034E-05   2.000000E-04   2.000000E-04   2.000000E-04   1.334816E-04   1.129001E-04
   7.338052E-05   2.137501E-05   5.311931E-05   2.000000E-05   2.000000E-05   6.562432E-05   2.748147E-05   1.428496E-04   5.837230E-05   5.798966E-05   1.557539E-04   2.000000E-04   7.177635E-05   2.000000E-04   2.000000E-04   2.000000E-04   2.000000E-04   4.027890E-05   2.822561E-05   7.539707E-05
   4.283114E-05   2.491658E-05   1.078028E-04   2.000000E-05   2.715545E-05   3.299824E-05   2.000000E-05   8.082851E-05   5.360966E-05   3.578847E-05   2.000000E-05   3.714168E-05   2.000000E-04   4.886353E-05   5.325589E-05   9.900733E-05   3.484392E-05   8.080941E-05   1.938126E-04   2.787344E-05
   2.000000E-05   2.656278E-05   2.000000E-05   2.801869E-05   2.000000E-05   2.000000E-04   3.052205E-05   2.000000E-04   2.000000E-05   2.346759E-05   3.784006E-05   1.283445E-04   2.339733E-05   3.031968E-05   4.709642E-05   4.074908E-05   1.165117E-04   2.254006E-05   2.000000E-05   5.745752E-05
   8.207487E-05   4.381827E-05   2.573016E-05   2.000000E-05   5.099912E-05   2.000000E-04   3.958777E-05   1.101527E-04   3.220906E-05   2.309719E-05   1.074823E-04   3.007833E-05   7.251073E-05   7.428338E-05   3.074245E-05   3.789304E-05   2.065413E-05   7.801342E-05   9.595468E-05   7.942422E-05
   2.000000E-05   2.000000E-05   2.785233E-05   2.193500E-05   4.558193E-05   2.449276E-05   2.000000E-04   2.031957E-05   2.000000E-05   6.533334E-05   2.000000E-05   2.647800E-05   7.814499E-05   2.019899E-05   2.000000E-05   2.122865E-05   2.000000E-05   4.733103E-05   3.338407E-05   7.381682E-05
   2.000000E-05   2.000000E-05   5.844072E-05   2.000000E-05   2.000000E-04   5.833949E-05   1.091957E-04   1.809739E-04   4.428365E-05   3.237180E-05   2.000000E-05   2.000000E-05   2.000000E-05   3.369840E-05   3.596827E-05   3.085437E-05   3.800063E-05   5.551178E-05   6.855298E-05   2.000000E-05
   7.568407E-05   2.000000E-05   5.752861E-05   3.040129E-05   8.549193E-05   8.549193E-05   8.549193E-05   1.823029E-04   2.733832E-05   2.000000E-05   4.178236E-05   4.164243E-05   2.061893E-05   3.700469E-05   2.449446E-05   2.000000E-05   3.567604E-05   2.000000E-05   3.565045E-05   1.136406E-04
   2.846340E-05   3.973695E-05   7.571871E-05   2.847517E-05   8.549193E-05   8.549193E-05   8.549193E-05   8.549193E-05   1.790791E-04   3.421464E-05   2.000000E-04   6.712904E-05   2.000000E-05   2.123827E-05   8.598727E-05   2.294290E-05   1.790963E-04   1.285536E-04   8.758592E-05   2.511861E-05
   2.000000E-05   1.486973E-04   2.000000E-04   3.077889E-05   8.549193E-05   8.549193E-05   8.549193E-05   8.549193E-05   1.203334E-04   6.405435E-05   3.281211E-05   2.798217E-05   3.898552E-05   2.380194E-05   2.000000E-05   2.000000E-05   5.648378E-05   3.124657E-05   2.000000E-05   8.067618E-05
   3.751099E-05   1.111647E-04   1.007857E-04   2.682202E-05   8.549193E-05   8.549193E-05   8.549193E-05   8.549193E-05   7.461312E-05   2.054480E-05   8.952163E-05   1.227671E-04   1.154623E-04   2.000000E-05   4.803283E-05   2.000000E-05   2.369038E-05   8.115289E-05   9.649573E-05   6.002351E-05
   4.207296E-05   1.086550E-04   3.102440E-05   6.092100E-05   8.549193E-05   8.549193E-05   8.549193E-05   8.549193E-05   7.897401E-05   1.126455E-04   1.244303E-04   5.695851E-05   2.381293E-05   2.026578E-05   7.645960E-05   1.197250E-04   2.000000E-05   2.000000E-04   1.380279E-04   3.213932E-05
   3.771066E-05   7.771899E-05   6.396787E-05   1.339740E-04   8.549193E-05   8.549193E-05   8.549193E-05   8.549193E-05   2.000000E-05   4.071634E-05   4.388358E-05   2.773599E-05   2.582733E-05   2.220389E-05   4.236244E-05   6.355279E-05   8.470303E-05   4.011269E-05   4.974390E-05   4.111582E-05
   2.092864E-05   2.025549E-05   1.053163E-04   1.356925E-04   8.549193E-05   8.549193E-05   8.549193E-05   8.549193E-05   1.575423E-04   2.000000E-05   2.868582E-05   8.044774E-05   1.012380E-04   3.403898E-05   6.210056E-05   3.384479E-05   2.078561E-05   3.281941E-05   5.585074E-05   5.205040E-05
   5.082153E-05   1.043989E-04   2.941350E-05   9.725456E-05   8.549193E-05   8.549193E-05   8.549193E-05   8.549193E-05   4.030900E-05   3.703977E-05   2.000000E-05   2.000000E-05   6.835985E-05   2.500353E-05   4.336440E-05   2.000000E-04   7.590695E-05   2.000000E-04   3.305483E-05   1.062755E-04
   4.948530E-05   1.618177E-04   3.776859E-05   2.000000E-04   8.549193E-05   8.549193E-05   8.549193E-05   8.549193E-05   2.000000E-05   2.930618E-05   2.543823E-05   3.628795E-05   3.215725E-05   1.303904E-04   3.387810E-05   2.108298E-05   5.535097E-05   4.389806E-05   1.018750E-04   2.000000E-04
   5.744014E-05   7.839124E-05   2.779310E-05   1.021801E-04   8.549193E-05   8.549193E-05   8.549193E-05   8.549193E-05   2.000000E-05   2.000000E-05   5.080683E-05   2.000000E-05   2.000000E-05   2.000000E-05   2.502121E-05   1.753805E-04   3.982621E-05   6.862779E-05   1.479543E-04   3.663183E-05
   6.513152E-05   1.266333E-04   1.467021E-04   4.684637E-05   8.549193E-05   8.549193E-05   8.549193E-05   8.549193E-05   2.000000E-05   2.000000E-05   3.786606E-05   2.304187E-05   5.787182E-05   2.663699E-05   3.095665E-05   3.416699E-05   4.624213E-05   5.877668E-05   2.000000E-05   7.628026E-05
   1.088037E-04   1.319951E-04   4.334126E-05   1.867264E-04   8.549193E-05   8.549193E-05   8.549193E-05   8.549193E-05   2.000000E-05   2.000000E-05   4.408171E-05   7.302120E-05   2.000000E-05   8.929072E-05   3.243035E-05   5.538205E-05   6.642261E-05   7.328841E-05   1.830317E-04   4.804307E-05
   2.000000E-04   8.536920E-05   2.000000E-04   1.869563E-04   8.549193E-05   8.549193E-05   8.549193E-05   8.549193E-05   8.602968E-05   6.081776E-05   8.184730E-05   1.249576E-04   2.000000E-04   2.000000E-04   1.347951E-04   8.749800E-05   5.522017E-05   7.213140E-05   2.000000E-04   5.145232E-05
   2.957631E-05   8.994710E-05   4.486374E-05   3.578521E-05   8.549193E-05   8.549193E-05   2.485166E-05   2.000000E-05   2.000000E-05   4.474595E-05   9.520675E-05   2.000000E-05   7.438191E-05   1.441773E-04   2.000000E-04   1.540431E-04   2.000000E-04   2.000000E-04   3.140442E-05   9.850752E-05
   2.000000E-05   7.028749E-05   2.000000E-04   6.265700E-05   3.541311E-05   8.549193E-05   2.000000E-05   1.574060E-04   2.000000E-05   8.977381E-05   2.634470E-05   3.641162E-05   1.040922E-04   2.000000E-04   5.653770E-05   7.227098E-05   1.761209E-04   1.181619E-04   9.358666E-05   4.047579E-05
   4.515770E-05   2.000000E-05   2.411870E-05   7.913952E-05   3.138896E-05   6.005033E-05   3.470383E-05   2.046313E-05   5.033875E-05   3.476443E-05   2.000000E-04   1.049099E-04   4.832155E-05   1.988522E-04   2.000000E-04   2.000000E-04   2.000000E-05   3.322034E-05   4.580168E-05   2.000000E-04
   7.755887E-05   3.675620E-05   2.000000E-04   3.073172E-05   8.323818E-05   1.327920E-04   3.251270E-05   3.649909E-05   1.146490E-04   9.851129E-05   1.538559E-04   5.469292E-05   7.603445E-05   4.795413E-05   4.527497E-05   2.000000E-04   5.290181E-05   4.623388E-05   4.113017E-05   2.000000E-04
   2.890942E-05   2.000000E-05   4.802027E-05   1.116072E-04   3.784924E-05   2.000000E-04   9.154787E-05   7.481564E-05   4.144000E-05   1.840160E-04   8.253666E-05   1.035633E-04   5.774716E-05   2.000000E-05   2.000000E-04   1.465223E-04   1.117937E-04   2.426960E-05   4.034502E-05   2.000000E-05
   2.327504E-05   4.055958E-05   2.000000E-05   3.253502E-05   4.071899E-05   7.149371E-05   9.858860E-05   3.721427E-05   1.081138E-04   4.785011E-05   2.000000E-05   1.489586E-04   2.588329E-05   3.461761E-05   4.143881E-05   2.000000E-05   2.000000E-05   2.236064E-05   2.128132E-05   5.467411E-05
   4.136299E-05   4.479841E-05   2.937423E-05   4.917704E-05   7.521817E-05   2.000000E-04   1.930770E-04   3.793545E-05   1.078491E-04   3.979391E-05   2.323168E-05   2.000000E-05   2.663334E-05   2.000000E-05   3.425112E-05   5.128111E-05   5.290512E-05   2.000000E-04   2.000000E-05   2.000000E-05
   2.996579E-05   4.760810E-05   5.562214E-05   2.000000E-05   4.099032E-05   3.850961E-05   9.866161E-05   8.969974E-05   1.410362E-04   4.429503E-05   5.149878E-05   2.000000E-05   1.810028E-04   4.527145E-05   8.830048E-05   2.000000E-05   5.896336E-05   8.784395E-05   4.310220E-05   5.673399E-05
   4.024854E-05   2.681845E-05   9.295318E-05   3.552011E-05   2.000000E-05   6.449657E-05   2.000000E-04   1.098538E-04   9.464144E-05   9.510748E-05   3.502576E-05   2.000000E-05   3.706329E-05   1.252112E-04   3.125122E-05   6.706626E-05   9.716016E-05   2.000000E-05   1.110478E-04   7.210376E-05
   6.872076E-05   3.785150E-05   2.415680E-05   1.056707E-04   5.261007E-05   5.444969E-05   1.318894E-04   2.000000E-05   9.272870E-05   1.317095E-04   2.439241E-05   5.036355E-05   2.000000E-04   1.515701E-04   2.000000E-04   5.016199E-05   6.203035E-05   3.579525E-05   2.626857E-05   1.200171E-04
   5.320195E-05   1.048337E-04   1.285769E-04   9.595411E-05   1.228576E-04   6.469056E-05   6.512779E-05   1.767626E-04   6.910606E-05   7.580662E-05   7.607088E-05   2.000000E-05   4.749638E-05   1.045254E-04   3.913421E-05   2.000000E-04   2.000000E-04   7.398572E-05   3.675162E-05   2.000000E-05
   8.549193E-05   7.306908E-05   6.972113E-05   1.687700E-04   2.000000E-04   1.552253E-04   6.284073E-05   2.743831E-05   6.842130E-05   1.351616E-04   1.446487E-04   6.646505E-05   2.000000E-05   8.892543E-05   2.000000E-05   9.147960E-05   6.533036E-05   1.125487E-04   2.942923E-05   9.858064E-05
   8.549193E-05   8.549193E-05   3.730008E-05   6.861568E-05   2.919895E-05   2.000000E-04   2.000000E-04   5.256903E-05   5.400004E-05   2.000000E-05   5.315686E-05   7.718388E-05   2.000000E-05   1.121880E-04   4.788097E-05   1.614923E-04   2.000000E-04   7.408054E-05   5.626616E-05   6.247435E-05
   8.549193E-05   8.549193E-05   8.549193E-05   3.990442E-05   1.110296E-04   3.848849E-05   1.014160E-04   1.642899E-04   2.000000E-04   5.959889E-05   2.000000E-05   1.549762E-04   2.000000E-05   2.450266E-05   2.333260E-05   1.698017E-04   7.346706E-05   2.000000E-04   3.892178E-05   5.010313E-05
   8.549193E-05   8.549193E-05   8.549193E-05   8.549193E-05   2.000000E-04   6.463265E-05   1.414519E-04   4.430682E-05   7.840756E-05   2.000000E-04   2.000000E-05   5.943486E-05   3.233750E-05   9.615359E-05   2.833643E-05   2.000000E-05   9.374514E-05   5.596760E-05   3.534658E-05   8.549193E-05
   8.549193E-05   8.549193E-05   8.549193E-05   8.549193E-05   2.000000E-04   1.142606E-04   8.713673E-05   3.124360E-05   1.244705E-04   4.070013E-05   2.000000E-04   3.145868E-05   3.208143E-05   2.297195E-05   8.271725E-05   2.635670E-05   6.405706E-05   9.351628E-05   8.571988E-05   8.549193E-05
   8.549193E-05   8.549193E-05   8.549193E-05   8.549193E-05   8.549193E-05   4.849968E-05   2.397430E-05   8.123208E-05   1.578362E-04   2.000000E-05   9.246188E-05   9.277715E-05   2.687084E-05   6.653965E-05   5.534878E-05   7.056988E-05   8.004099E-05   5.414540E-05   8.549193E-05   8.549193E-05
   8.549193E-05   8.549193E-05   8.549193E-05   8.549193E-05   8.549193E-05   5.129207E-05   2.000000E-04   2.403659E-05   5.612092E-05   6.379065E-05   9.136487E-05   2.000000E-05   2.179246E-05   4.843334E-05   3.818967E-05   1.250064E-04   5.868960E-05   8.549193E-05   8.549193E-05   8.549193E-05
   8.549193E-05   8.549193E-05   8.549193E-05   8.549193E-05   8.549193E-05   1.399165E-04   9.251567E-05   2.000000E-05   8.209268E-05   2.000000E-04   9.787789E-05   3.185494E-05   4.053295E-05   2.000000E-05   2.932484E-05   6.620569E-05   8.549193E-05   8.549193E-05   8.549193E-05   8.549193E-05
