   4.866752E-02   2.292529E-01   2.764847E-02   1.318096E-01   5.686803E-02   4.518000E-02   7.784698E-02   4.970670E-02   4.191109E-02   1.328969E-02   8.269106E-02   1.000000E-02   5.689357E-02   5.592517E-02   2.663635E-02   1.000000E-02   5.886616E-02   4.298131E-02   1.825078E-02   5.812452E-02
   2.738451E-01   1.283442E-01   1.191497E-01   5.509361E-02   1.096345E-01   5.460803E-02   4.468249E-02   3.505289E-02   2.648227E-02   2.041166E-01   1.437939E-01   1.786358E-02   5.097491E-02   1.656678E-02   1.000000E-02   1.625387E-02   1.000000E-02   5.390117E-02   1.129783E-01   3.398156E-02
   2.054744E-01   6.834976E-02   3.649782E-02   1.042233E-01   1.600988E-02   1.613755E-01   1.151127E-02   8.926733E-02   3.249363E-02   5.622927E-02   7.441209E-02   1.140520E-01   1.625025E-02   2.898298E-02   1.915415E-02   6.768360E-02   2.407354E-02   2.393474E-02   7.428033E-02   3.783815E-02
   2.346408E-02   5.744661E-02   2.324596E-02   9.966918E-02   5.423054E-02   1.118380E-01   5.067757E-02   1.000000E-02   3.149919E-02   3.838787E-02   2.913465E-02   1.182093E-02   1.490314E-01   1.157488E-01   4.023266E-02   6.789642E-02   1.679634E-02   1.280744E-02   7.493075E-02   2.481346E-02
   9.937480E-02   5.992647E-02   4.499228E-02   5.004808E-02   7.146975E-02   1.172404E-02   1.000000E-02   4.960942E-02   2.343076E-02   1.892713E-02   2.815152E-02   1.579270E-02   2.308473E-02   1.364533E-02   5.569356E-02   1.000000E-02   4.130512E-02   5.372526E-02   2.199503E-02   3.059935E-02
   1.000000E-02   1.046726E-01   6.056936E-02   1.384010E-02   1.177145E-02   3.428731E-02   1.712514E-02   1.174309E-02   4.505360E-02   8.579009E-02   7.576079E-02   1.924690E-02   1.091179E-02   5.461821E-02   2.869311E-02   6.376113E-02   5.573037E-02   5.287432E-02   8.426625E-02   6.556524E-02
   1.784887E-02   2.037354E-01   1.279243E-02   2.945283E-02   8.483627E-02   1.034586E-02   1.232178E-02   1.000000E-02   5.747937E-02   2.786244E-02   2.356877E-02   2.229417E-02   1.012634E-01   8.396628E-02   1.558649E-01   1.393846E-01   9.843862E-02   6.149176E-02   1.500934E-02   2.913538E-02
   1.447995E-01   6.492931E-02   3.670545E-02   2.957990E-02   2.498633E-02   3.832244E-02   1.000000E-02   1.947515E-02   1.499556E-02   1.131139E-02   1.661197E-02   1.000000E-02   8.548190E-02   9.001670E-02   1.722208E-01   2.153793E-01   4.437788E-02   5.690039E-02   2.065783E-01   4.875542E-02
   6.190307E-02   1.516465E-01   1.546499E-02   2.913366E-02   1.000000E-02   1.000000E-02   1.000000E-02   1.508737E-02   5.744507E-02   1.000000E-02   3.753464E-02   1.876715E-02   2.072023E-01   2.743949E-02   1.955795E-01   6.221863E-02   1.700581E-02   1.880149E-01   2.616894E-02   9.074225E-02
   2.237644E-02   4.551448E-02   2.678959E-02   1.418238E-02   1.000000E-02   1.000000E-02   1.000000E-02   1.000000E-02   2.380545E-02   4.062451E-02   8.890764E-02   1.911131E-02   1.960388E-01   3.546918E-01   1.800023E-02   1.370096E-01   6.701824E-02   5.145840E-02   5.569141E-02   2.828809E-01
   4.064469E-02   2.953435E-02   2.063697E-02   2.342190E-02   1.000000E-02   1.000000E-02   1.000000E-02   1.000000E-02   3.158165E-02   1.000000E-02   1.912941E-02   1.945050E-02   9.582023E-02   9.416938E-02   4.456278E-02   1.168290E-01   3.466528E-02   6.925662E-02   3.380495E-02   4.081399E-02
   1.000000E-02   1.752263E-02   1.000000E-02   5.422543E-02   1.000000E-02   1.000000E-02   1.000000E-02   1.000000E-02   1.584760E-02   1.116208E-02   3.098052E-02   6.021551E-02   6.832562E-02   3.931509E-02   1.399102E-01   3.838400E-02   2.694294E-02   2.978202E-02   3.426301E-02   6.807727E-02
   2.002783E-02   3.616080E-02   4.594917E-02   1.000000E-02   1.000000E-02   1.000000E-02   1.000000E-02   1.000000E-02   2.592364E-02   2.429203E-02   1.344446E-01   3.646570E-02   1.098647E-01   3.913760E-02   1.575596E-01   7.718407E-02   5.589209E-02   1.851340E-01   5.307977E-02   1.057659E-01
   4.942507E-02   6.109431E-02   3.366609E-02   1.000000E-02   1.000000E-02   1.000000E-02   1.000000E-02   1.000000E-02   7.305565E-02   2.236103E-02   7.641521E-02   7.358731E-02   5.881997E-02   3.714797E-01   2.555175E-02   8.908300E-02   1.272690E-01   3.769682E-02   8.544570E-02   3.459714E-02
   8.911522E-02   2.711039E-02   2.334250E-02   1.339015E-02   1.000000E-02   1.000000E-02   1.000000E-02   1.000000E-02   1.361663E-01   3.224360E-02   7.824236E-02   4.164836E-02   1.677554E-01   5.872285E-02   1.062303E-01   1.272742E-01   1.423386E-01   1.280172E-01   1.588804E-02   2.188334E-02
   1.000000E-02   2.209991E-02   1.000000E-02   4.338697E-02   1.000000E-02   1.000000E-02   1.000000E-02   1.000000E-02   7.623299E-02   1.369553E-02   2.455887E-02   1.251148E-01   1.426581E-01   6.427571E-02   1.687199E-01   4.610325E-02   6.936650E-02   5.116025E-02   7.991226E-02   5.719546E-02
   1.146137E-02   5.824553E-02   1.000000E-02   5.952555E-02   1.000000E-02   1.000000E-02   1.000000E-02   1.000000E-02   1.682534E-02   3.935591E-02   3.472246E-02   3.284201E-02   1.088958E-02   1.453786E-02   1.235496E-01   7.205203E-02   1.852753E-02   1.809752E-02   7.290906E-02   5.205978E-02
   1.000000E-02   1.946692E-02   1.784562E-02   1.674973E-02   1.000000E-02   1.000000E-02   1.000000E-02   1.000000E-02   1.775339E-02   3.140155E-02   1.000000E-02   8.334178E-02   5.964977E-02   6.546861E-02   1.575643E-02   9.296529E-02   1.542444E-02   6.554067E-02   2.335291E-02   1.747990E-01
   1.000000E-02   1.000000E-02   1.000000E-02   1.817593E-02   1.000000E-02   1.000000E-02   1.000000E-02   1.000000E-02   3.388481E-02   2.892232E-02   1.000000E-02   3.962754E-02   1.350049E-02   2.483987E-02   3.521985E-02   6.074210E-02   2.175921E-02   3.079618E-02   8.286020E-02   2.244675E-02
   1.000000E-02   1.000000E-02   1.524454E-02   1.087887E-02   1.000000E-02   1.000000E-02   1.000000E-02   1.000000E-02   1.107040E-01   1.000000E-02   1.232550E-02   6.734055E-02   3.108514E-02   1.527045E-02   2.571800E-02   2.557799E-02   1.509607E-02   4.339921E-02   4.093185E-02   1.000000E-02
   1.993987E-02   1.175780E-02   3.820201E-02   4.796095E-02   1.000000E-02   1.000000E-02   1.000000E-02   1.000000E-02   1.000000E-02   1.801922E-02   1.000000E-02   3.031501E-02   1.908817E-02   1.954797E-02   2.143540E-02   2.713718E-02   3.300518E-02   4.269004E-02   5.148789E-02   2.698992E-02
   1.481836E-02   5.715680E-02   6.922004E-02   1.000000E-02   1.000000E-02   1.000000E-02   1.398777E-01   6.240112E-02   1.000000E-02   1.631733E-02   1.153605E-02   2.643939E-02   5.550543E-02   4.125730E-02   4.981648E-02   7.999946E-02   5.606331E-02   5.193298E-02   3.428952E-02   4.868187E-02
   6.849136E-02   2.701838E-01   7.901074E-02   6.831200E-02   5.994162E-02   1.000000E-02   1.132505E-01   5.935664E-02   2.291940E-02   2.019952E-02   3.710554E-02   2.038021E-02   1.000000E-02   8.093610E-02   2.207926E-02   9.860585E-02   3.829939E-02   5.390787E-02   1.256975E-01   3.524821E-02
   4.749015E-02   1.328012E-02   1.240584E-01   2.986875E-02   3.786888E-01   6.395736E-02   4.717911E-02   3.186703E-02   2.633671E-02   1.399459E-02   7.700217E-02   1.080205E-02   4.970331E-02   2.634702E-02   1.459387E-01   4.987367E-02   2.158036E-02   6.999064E-02   2.461911E-02   1.377478E-01
   1.231652E-02   2.346748E-02   1.180654E-01   1.158025E-01   6.680446E-02   7.432593E-02   2.730298E-02   3.601417E-02   4.812747E-02   1.712438E-02   1.947947E-02   1.074212E-02   2.219928E-02   1.669223E-02   2.547753E-02   1.007424E-01   3.186066E-02   1.700899E-02   4.324570E-02   2.112142E-02
   2.973372E-02   6.996777E-02   2.955704E-02   5.891134E-02   2.751088E-02   2.142332E-01   4.262539E-02   1.883401E-02   1.267682E-01   2.962574E-02   1.209258E-02   2.413333E-02   2.104983E-02   9.144884E-02   3.472785E-02   1.339552E-02   3.451829E-02   4.014277E-02   4.699058E-02   4.995225E-02
   1.257973E-01   1.243386E-01   1.324661E-01   2.655619E-01   1.646004E-01   2.801984E-01   1.197650E-01   2.878794E-02   4.251874E-02   1.085232E-02   1.927528E-02   2.329572E-02   1.087581E-02   1.123217E-02   7.789406E-02   9.562688E-02   1.138052E-01   1.044681E-01   4.388014E-02   4.837016E-02
   1.430936E-01   8.099443E-02   1.126284E-01   6.437224E-02   5.867718E-02   6.618832E-02   1.637788E-02   5.321133E-02   9.073669E-02   5.643821E-02   1.936991E-02   7.136672E-02   3.023334E-02   3.148622E-02   1.769799E-02   1.000000E-02   3.111796E-02   1.285746E-01   3.258644E-02   5.690745E-02
   5.036814E-02   3.576861E-02   4.330675E-02   1.000000E-02   1.757125E-01   4.141054E-02   1.147761E-01   1.000000E-02   6.062040E-02   1.000000E-02   1.407124E-02   3.484678E-02   2.561683E-02   3.936703E-02   8.703695E-02   4.326867E-02   5.020593E-02   1.134706E-02   9.594140E-02   8.481868E-02
   3.418804E-02   2.593811E-02   6.027197E-02   1.628733E-01   1.000000E-02   1.820238E-02   1.511187E-02   1.289609E-02   5.390216E-02   1.529236E-02   1.053307E-02   2.642939E-02   1.518047E-02   1.379303E-02   1.149672E-02   2.511003E-02   2.815104E-02   6.404652E-02   1.493335E-02   5.654329E-02
   1.596117E-02   1.432717E-02   1.000000E-02   1.294282E-01   3.312332E-02   1.714243E-02   1.129885E-02   4.367852E-02   2.281961E-02   5.578788E-02   1.301214E-02   3.868264E-02   9.109245E-02   2.192564E-02   2.774843E-02   5.784146E-02   6.889229E-02   4.954683E-02   1.000000E-02   5.076649E-02
   1.312471E-02   1.401466E-02   3.738168E-02   1.000000E-02   2.467112E-02   3.448141E-02   9.232446E-02   2.997328E-02   1.000000E-02   1.368889E-02   4.474194E-02   1.000000E-02   1.419145E-02   3.304562E-02   2.540068E-02   1.000000E-02   9.069362E-02   2.908917E-02   2.308217E-02   3.830869E-02
   1.000000E-02   1.000000E-02   1.731281E-02   1.622135E-02   2.775714E-02   2.086076E-02   1.718727E-02   2.545656E-02   4.466589E-02   1.556848E-02   1.131537E-02   8.765659E-02   5.559727E-02   1.773924E-02   1.167561E-01   5.987222E-02   5.125278E-02   5.228947E-02   1.318817E-02   1.528139E-02
   1.000000E-02   1.000000E-02   2.147880E-02   3.217885E-02   2.317050E-02   2.235365E-02   4.775377E-02   1.000000E-02   5.696046E-02   3.304432E-02   1.611767E-02   1.000000E-02   1.206535E-01   8.530047E-02   1.726034E-02   5.322932E-02   1.000000E-02   1.585568E-02   2.233248E-02   1.665045E-02
   1.000000E-02   1.000000E-02   1.000000E-02   1.000000E-02   1.698320E-01   5.561515E-02   1.873848E-02   1.319090E-01   1.000000E-02   1.226559E-02   2.756487E-02   1.120299E-02   3.028567E-02   7.575850E-02   2.622988E-01   4.235873E-02   2.160103E-02   3.973734E-02   2.554651E-02   9.848378E-02
   1.000000E-02   1.000000E-02   1.000000E-02   1.000000E-02   1.256620E-01   2.116017E-02   1.558718E-01   2.679392E-02   2.202964E-02   2.281261E-02   3.692370E-02   3.959194E-02   4.529414E-02   1.616071E-01   1.347346E-01   3.450046E-02   2.732749E-02   7.922148E-02   1.220692E-01   1.000000E-02
   1.000000E-02   1.000000E-02   1.000000E-02   1.000000E-02   3.359476E-02   1.114929E-01   1.422847E-01   1.443991E-02   2.935684E-02   2.180061E-02   3.159260E-02   3.892123E-02   2.726748E-02   2.244495E-02   4.102539E-02   9.473888E-02   6.061117E-02   1.970509E-02   1.070036E-02   1.000000E-02
   1.000000E-02   1.000000E-02   1.000000E-02   1.000000E-02   1.000000E-02   2.026309E-02   2.795938E-02   3.099893E-02   6.297386E-02   1.184297E-02   3.444759E-02   2.196246E-02   6.518543E-02   4.427885E-02   1.259338E-02   1.234438E-01   4.061205E-02   1.826297E-02   1.000000E-02   1.000000E-02
   1.000000E-02   1.000000E-02   1.000000E-02   1.000000E-02   1.000000E-02   1.233630E-02   3.080119E-02   1.133210E-02   1.000000E-02   2.746670E-02   4.338427E-02   1.464639E-02   9.662230E-02   1.065113E-01   5.229361E-02   2.856433E-02   1.486626E-02   1.000000E-02   1.000000E-02   1.000000E-02
   1.000000E-02   1.000000E-02   1.000000E-02   1.000000E-02   1.000000E-02   8.505255E-02   1.510956E-02   3.652707E-02   1.000000E-02   2.875147E-02   3.483357E-02   1.534890E-02   5.451510E-02   1.742147E-02   1.057130E-01   1.234693E-01   1.000000E-02   1.000000E-02   1.000000E-02   1.000000E-02
