   2.000000E-05   4.916734E-05   2.670068E-05   4.486148E-05   2.084373E-05   2.000000E-05   3.960793E-05   5.901116E-05   4.032462E-05   1.845070E-04   2.000000E-05   1.542485E-04   7.168386E-05   2.000000E-04   7.368570E-05   4.980238E-05   2.104357E-05   2.795774E-05   2.000000E-04   7.383345E-05
   2.000000E-05   2.460510E-05   3.205947E-05   4.362796E-05   1.177335E-04   2.000000E-05   2.000000E-05   2.361271E-05   3.677746E-05   3.482407E-05   2.520860E-05   2.000000E-05   8.739017E-05   1.386872E-04   6.557692E-05   2.063071E-05   2.284568E-05   1.014017E-04   8.468052E-05   4.879865E-05
   4.315069E-05   3.534804E-05   2.000000E-05   5.138460E-05   2.026487E-05   5.674831E-05   3.876276E-05   3.214030E-05   8.401058E-05   3.588380E-05   1.089093E-04   1.412842E-04   2.000000E-04   3.511057E-05   2.000000E-04   2.000000E-04   8.561208E-05   7.354447E-05   1.002931E-04   1.747382E-04
   8.258651E-05   2.000000E-05   2.000000E-05   2.130409E-05   2.000000E-05   6.843721E-05   4.873711E-05   2.024398E-05   4.759870E-05   2.000000E-05   5.751927E-05   5.308046E-05   1.000756E-04   6.571634E-05   5.383894E-05   1.273839E-04   9.076558E-05   1.453464E-04   4.545657E-05   1.738311E-04
   2.000000E-05   5.132914E-05   3.165973E-05   3.849176E-05   2.000000E-05   2.811545E-05   3.498478E-05   4.767907E-05   1.457251E-04   3.810165E-05   2.587168E-05   3.830402E-05   7.830991E-05   8.831845E-05   6.054765E-05   3.407751E-05   7.288742E-05   3.890816E-05   5.670030E-05   1.003763E-04
   2.000000E-05   4.818439E-05   3.787073E-05   2.003333E-05   2.372019E-05   1.357591E-04   5.701833E-05   5.044884E-05   4.872751E-05   2.000000E-04   3.808868E-05   2.000000E-04   7.483088E-05   1.323801E-04   2.875644E-05   1.110551E-04   3.610969E-05   2.000000E-05   2.294967E-05   4.069993E-05
   2.420255E-05   4.521486E-05   4.372639E-05   4.650619E-05   1.468333E-04   4.424386E-05   1.959805E-04   3.372714E-05   5.265287E-05   1.000500E-04   3.219529E-05   4.758137E-05   9.337761E-05   7.429885E-05   1.511710E-04   2.000000E-05   1.405035E-04   4.479219E-05   2.000000E-05   8.936475E-05
   2.000000E-05   2.000000E-05   3.178578E-05   7.329343E-05   1.397069E-04   2.000000E-04   1.193822E-04   6.676144E-05   8.295286E-05   4.625592E-05   2.000000E-04   3.581508E-05   1.192229E-04   9.189265E-05   4.494514E-05   9.805298E-05   1.564994E-04   3.847325E-05   2.000000E-04   3.687501E-05
   3.328783E-05   1.486145E-04   4.076910E-05   2.495630E-05   3.597365E-05   3.597365E-05   3.597365E-05   9.134741E-05   5.159508E-05   4.400736E-05   2.113344E-05   5.440304E-05   5.207050E-05   2.771122E-05   1.677667E-04   6.993749E-05   8.461700E-05   2.972977E-05   2.000000E-05   2.000000E-05
   1.406836E-04   8.077269E-05   2.628408E-05   1.943267E-04   3.597365E-05   3.597365E-05   3.597365E-05   3.597365E-05   2.000000E-04   1.167721E-04   2.000000E-05   2.000000E-04   3.235580E-05   5.731869E-05   2.000000E-05   3.645984E-05   2.000000E-05   2.764994E-05   2.000000E-05   8.988040E-05
   2.071092E-05   4.594442E-05   4.172168E-05   6.218464E-05   3.597365E-05   3.597365E-05   3.597365E-05   3.597365E-05   2.000000E-04   9.668809E-05   1.930345E-04   2.752164E-05   1.034981E-04   5.666217E-05   1.208752E-04   2.000000E-05   1.997374E-04   2.000000E-05   7.812864E-05   5.225522E-05
   2.000000E-05   2.000000E-05   1.249255E-04   2.234976E-05   3.597365E-05   3.597365E-05   3.597365E-05   3.597365E-05   2.000000E-05   3.061577E-05   7.289447E-05   9.505833E-05   2.000000E-05   2.000000E-05   2.810692E-05   4.371386E-05   2.000000E-05   9.285325E-05   4.431358E-05   1.329786E-04
   2.000000E-05   5.159751E-05   5.424093E-05   6.638544E-05   3.597365E-05   3.597365E-05   3.597365E-05   3.597365E-05   6.313780E-05   6.345991E-05   8.637488E-05   2.426708E-05   3.569054E-05   7.928912E-05   1.789540E-04   3.109286E-05   3.117415E-05   6.880649E-05   4.714135E-05   1.144885E-04
   5.480870E-05   2.571294E-05   2.628963E-05   2.387139E-05   3.597365E-05   3.597365E-05   3.597365E-05   3.597365E-05   2.306594E-05   4.935590E-05   3.360618E-05   1.992527E-04   9.247436E-05   3.426642E-05   3.484459E-05   4.001364E-05   3.238113E-05   2.000000E-05   3.714993E-05   2.000000E-05
   2.000000E-05   2.000000E-05   2.000000E-05   2.000000E-05   3.597365E-05   3.597365E-05   3.597365E-05   3.597365E-05   4.996976E-05   5.684636E-05   2.000000E-05   6.875271E-05   1.377001E-04   8.597667E-05   1.439663E-04   8.797904E-05   1.178036E-04   3.474615E-05   3.155786E-05   2.321852E-05
   2.000000E-05   3.144654E-05   3.758929E-05   2.780402E-05   3.597365E-05   3.597365E-05   3.597365E-05   3.597365E-05   2.000000E-05   5.956969E-05   7.192087E-05   6.410401E-05   2.000000E-04   4.712775E-05   5.690653E-05   1.454822E-04   1.010876E-04   1.312354E-04   1.097451E-04   2.000000E-04
   2.000000E-05   2.000000E-05   2.000000E-05   2.000000E-05   3.597365E-05   3.597365E-05   3.597365E-05   3.597365E-05   2.000000E-05   2.000000E-05   2.000000E-05   3.805945E-05   4.402406E-05   5.053457E-05   1.038976E-04   3.936725E-05   4.368585E-05   2.522568E-05   9.330405E-05   1.412278E-04
   2.335070E-05   2.758100E-05   8.009600E-05   2.443398E-05   3.597365E-05   3.597365E-05   3.597365E-05   3.597365E-05   2.000000E-05   2.153236E-05   2.049742E-05   2.000000E-04   3.032454E-05   6.351845E-05   1.779891E-04   1.135992E-04   2.000000E-04   2.141710E-05   1.380855E-04   2.927045E-05
   7.595440E-05   2.000000E-05   1.085351E-04   6.223851E-05   3.597365E-05   3.597365E-05   3.597365E-05   3.597365E-05   4.495092E-05   4.747381E-05   2.548602E-05   6.104769E-05   3.276745E-05   5.652610E-05   2.000000E-04   2.000000E-04   3.700118E-05   3.385921E-05   2.235832E-05   1.264913E-04
   1.179132E-04   8.024020E-05   2.000000E-05   2.000000E-05   3.597365E-05   3.597365E-05   3.597365E-05   3.597365E-05   2.000000E-05   2.000000E-05   1.315231E-04   2.000000E-05   1.282563E-04   6.552881E-05   1.267244E-04   2.320781E-05   9.646997E-05   2.000000E-04   1.197196E-04   2.325617E-05
   5.321145E-05   9.851426E-05   3.227404E-05   2.668660E-05   3.597365E-05   3.597365E-05   3.597365E-05   3.597365E-05   2.000000E-05   2.000000E-05   3.203140E-05   5.868139E-05   5.948472E-05   2.436564E-05   8.857263E-05   1.362949E-04   1.255402E-04   2.000000E-04   2.446963E-05   7.044023E-05
   2.000000E-05   3.881670E-05   1.228815E-04   2.038818E-05   3.597365E-05   3.597365E-05   2.565069E-05   2.000000E-05   5.445817E-05   4.056435E-05   1.951616E-04   9.584830E-05   2.898732E-05   3.550830E-05   1.302235E-04   2.000000E-04   1.279337E-04   1.585080E-04   4.876546E-05   4.209832E-05
   1.596887E-04   5.938512E-05   5.523461E-05   1.046471E-04   4.076748E-05   3.597365E-05   9.794022E-05   2.000000E-05   2.000000E-05   3.845259E-05   2.000000E-05   1.267160E-04   7.989068E-05   9.338032E-05   7.383801E-05   2.000000E-05   1.843309E-04   1.682021E-04   6.627832E-05   2.061024E-05
   3.947858E-05   1.454524E-04   1.158656E-04   3.148371E-05   4.641593E-05   4.043930E-05   6.552164E-05   4.102768E-05   6.195482E-05   8.412475E-05   4.452072E-05   7.058639E-05   5.384289E-05   7.403390E-05   2.917632E-05   3.742537E-05   2.000000E-05   1.163975E-04   2.000000E-05   2.000000E-05
   9.481740E-05   1.009345E-04   8.662424E-05   1.080910E-04   8.407719E-05   8.368205E-05   3.278413E-05   6.347674E-05   4.299948E-05   2.000000E-05   3.548378E-05   8.212856E-05   7.874821E-05   4.059264E-05   2.797460E-05   1.457129E-04   2.589734E-05   2.000000E-05   3.467811E-05   4.709925E-05
   1.383097E-04   9.842802E-05   1.097217E-04   2.196944E-05   2.000000E-04   1.366261E-04   7.094797E-05   7.094389E-05   1.463013E-04   3.864867E-05   2.809283E-05   2.990573E-05   4.154112E-05   2.235099E-05   4.741740E-05   2.000000E-05   2.118344E-05   2.000000E-05   4.920923E-05   1.947745E-04
   4.285704E-05   6.711504E-05   3.950067E-05   1.967361E-04   5.846380E-05   5.989989E-05   2.000000E-04   1.068923E-04   1.258164E-04   1.076309E-04   1.547630E-04   3.026930E-05   3.781581E-05   3.213276E-05   2.000000E-05   2.000000E-05   2.000000E-05   5.955472E-05   2.000000E-05   2.000000E-05
   1.190155E-04   8.817802E-05   1.640358E-04   2.922191E-05   2.276432E-05   6.925002E-05   3.512428E-05   2.451685E-05   8.470529E-05   1.447510E-04   3.645803E-05   6.911018E-05   3.067542E-05   2.000000E-05   2.000000E-05   2.000000E-05   2.738257E-05   2.225023E-05   3.603216E-05   3.538881E-05
   1.077132E-04   6.880887E-05   3.469061E-05   7.765114E-05   8.605614E-05   1.110854E-04   3.308077E-05   8.398526E-05   3.012651E-05   1.554211E-04   1.133096E-04   2.000000E-04   4.092959E-05   2.000000E-05   2.000000E-05   2.769060E-05   2.000000E-05   5.821594E-05   3.219423E-05   2.000000E-05
   8.740223E-05   3.655054E-05   6.352596E-05   6.336913E-05   2.476399E-05   4.147410E-05   1.298410E-04   7.332248E-05   2.070335E-05   1.015670E-04   1.992191E-04   7.616824E-05   6.818708E-05   2.000000E-05   3.446862E-05   2.148328E-05   5.748168E-05   2.609804E-05   6.124613E-05   2.165775E-05
   6.376868E-05   2.000000E-05   3.244239E-05   5.666827E-05   5.193941E-05   4.852462E-05   4.344641E-05   3.428295E-05   3.232662E-05   2.455708E-05   1.766010E-04   1.127401E-04   2.000000E-05   4.251197E-05   1.182817E-04   3.017125E-05   4.967486E-05   6.308457E-05   5.086583E-05   2.000000E-05
   2.000000E-05   1.078480E-04   5.306559E-05   1.502382E-04   5.023927E-05   2.000000E-05   2.000000E-05   2.000000E-05   5.049012E-05   6.510339E-05   5.731242E-05   1.617789E-04   5.433156E-05   8.831500E-05   5.990938E-05   8.768953E-05   3.468840E-05   7.245025E-05   2.551084E-05   2.232711E-05
   3.597365E-05   3.060142E-05   2.358868E-05   3.532474E-05   2.295448E-05   2.000000E-05   6.224299E-05   2.000000E-05   2.251480E-05   4.257099E-05   4.007195E-05   1.167284E-04   4.260747E-05   3.302924E-05   6.941767E-05   6.494189E-05   4.022766E-05   6.456855E-05   3.981220E-05   6.812855E-05
   3.597365E-05   3.597365E-05   2.000000E-05   2.472172E-05   4.105296E-05   2.000000E-05   1.049938E-04   7.038460E-05   5.596188E-05   2.000000E-05   2.000000E-05   2.000000E-05   4.338182E-05   2.230459E-05   2.337128E-05   2.848366E-05   8.936233E-05   1.287001E-04   3.274130E-05   3.095361E-05
   3.597365E-05   3.597365E-05   3.597365E-05   4.616840E-05   3.752433E-05   4.029628E-05   2.000000E-05   2.638958E-05   2.000000E-05   2.000000E-05   2.000000E-05   2.000000E-05   3.434243E-05   2.000000E-05   4.764750E-05   2.041608E-05   1.213974E-04   2.439370E-05   2.547419E-05   2.843064E-05
   3.597365E-05   3.597365E-05   3.597365E-05   3.597365E-05   6.938727E-05   2.000000E-05   3.022218E-05   2.983695E-05   2.554013E-05   2.000000E-05   2.000000E-05   2.073683E-05   6.292690E-05   2.118559E-05   6.435602E-05   2.000000E-05   3.469717E-05   8.972432E-05   3.017997E-05   3.597365E-05
   3.597365E-05   3.597365E-05   3.597365E-05   3.597365E-05   2.000000E-05   2.000000E-05   1.148847E-04   2.000000E-05   4.991296E-05   3.017771E-05   2.712034E-05   6.208870E-05   4.427259E-05   2.000000E-05   2.000000E-05   7.362707E-05   8.943691E-05   4.546184E-05   4.750146E-05   3.597365E-05
   3.597365E-05   3.597365E-05   3.597365E-05   3.597365E-05   3.597365E-05   1.161807E-04   3.225936E-05   2.000000E-05   2.000000E-05   2.000000E-05   4.907810E-05   2.000000E-05   2.000000E-05   2.000000E-05   2.793609E-05   7.049617E-05   3.595154E-05   4.969870E-05   3.597365E-05   3.597365E-05
   3.597365E-05   3.597365E-05   3.597365E-05   3.597365E-05   3.597365E-05   1.176300E-04   3.413065E-05   3.212873E-05   2.000000E-05   5.556622E-05   4.826336E-05   5.808857E-05   3.431296E-05   3.331532E-05   2.000000E-05   2.603873E-05   2.000000E-05   3.597365E-05   3.597365E-05   3.597365E-05
   3.597365E-05   3.597365E-05   3.597365E-05   3.597365E-05   3.597365E-05   3.769139E-05   2.948060E-05   2.616411E-05   2.000000E-05   3.470516E-05   2.520017E-05   6.454190E-05   2.000000E-05   4.949089E-05   2.000000E-05   7.230073E-05   3.597365E-05   3.597365E-05   3.597365E-05   3.597365E-05
