   2.000000E-05   2.153472E-05   3.868614E-05   2.812066E-05   8.854669E-05   5.499022E-05   2.000000E-05   2.199968E-05   4.203448E-05   8.216329E-05   2.000000E-05   2.135514E-05   5.303804E-05   2.158078E-05   2.000000E-05   9.313152E-05   2.000000E-05   2.000000E-05   2.000000E-05   2.000000E-05
   6.022175E-05   2.000000E-05   2.000000E-05   2.251204E-05   2.000000E-05   2.000000E-05   2.029761E-05   2.000000E-05   4.653539E-05   2.000000E-05   2.666455E-05   4.772298E-05   2.000000E-05   3.842415E-05   2.088115E-05   5.611455E-05   2.000000E-05   2.000000E-05   4.690182E-05   2.184629E-05
   3.053854E-05   2.000000E-05   2.235617E-05   2.051954E-05   5.709370E-05   2.000000E-05   2.000000E-05   4.331106E-05   8.483839E-05   2.000000E-05   2.000000E-04   3.733678E-05   2.000000E-05   4.190336E-05   2.000000E-05   2.786432E-05   2.000000E-05   2.000000E-05   2.000000E-05   3.062047E-05
   2.000000E-05   2.565139E-05   2.000000E-05   2.000000E-05   2.000000E-05   2.000000E-05   2.000000E-05   2.591512E-05   2.000000E-05   1.270849E-04   2.362565E-05   1.078086E-04   2.000000E-05   2.000000E-05   2.254895E-05   2.000000E-05   2.000000E-05   2.000000E-05   2.000000E-05   5.419635E-05
   9.693005E-05   2.000000E-05   5.536200E-05   1.154676E-04   2.242941E-05   2.000000E-05   3.195071E-05   3.762224E-05   8.651486E-05   3.241883E-05   2.000000E-05   2.862345E-05   3.167127E-05   2.025281E-05   2.000000E-05   2.000000E-05   5.138058E-05   3.537931E-05   2.000000E-05   2.000000E-05
   6.105530E-05   2.606335E-05   4.342172E-05   4.801386E-05   4.301442E-05   4.089283E-05   2.000000E-05   7.405746E-05   2.000000E-05   3.572557E-05   2.448593E-05   2.000000E-05   2.000000E-05   2.000000E-05   2.000000E-05   2.000000E-05   2.000000E-05   2.000000E-05   2.956785E-05   2.000000E-05
   2.582904E-05   7.326212E-05   2.000000E-05   6.100790E-05   2.823655E-05   4.501738E-05   6.720836E-05   7.793804E-05   2.000000E-05   3.157835E-05   2.000000E-05   2.000000E-05   2.000000E-05   2.000000E-05   2.000000E-05   2.000000E-05   2.000000E-05   2.684725E-05   2.000000E-05   2.000000E-05
   2.000000E-05   2.644635E-05   4.207259E-05   2.000000E-05   3.153459E-05   1.349270E-04   2.000000E-05   3.376191E-05   4.162324E-05   8.531271E-05   2.000000E-05   2.512376E-05   4.251321E-05   2.000000E-05   2.000000E-05   2.000000E-05   2.940552E-05   2.021685E-05   2.000000E-05   5.785325E-05
   2.000000E-05   9.053132E-05   3.976106E-05   3.340804E-05   2.336357E-05   2.336357E-05   2.336357E-05   4.860598E-05   2.000000E-05   2.316428E-05   3.420969E-05   2.000000E-05   2.000000E-05   2.000000E-05   2.000000E-05   2.000000E-05   2.040118E-05   2.000000E-05   2.992588E-05   2.000000E-05
   2.000000E-05   2.845818E-05   8.037383E-05   2.000000E-05   2.336357E-05   2.336357E-05   2.336357E-05   2.336357E-05   2.862027E-05   2.140620E-05   3.918550E-05   5.406342E-05   2.000000E-05   2.000000E-05   2.000000E-05   2.000000E-05   2.000000E-05   2.740182E-05   2.026279E-05   3.177641E-05
   4.605537E-05   3.168818E-05   2.566085E-05   2.992742E-05   2.336357E-05   2.336357E-05   2.336357E-05   2.336357E-05   4.321217E-05   2.000000E-05   2.000000E-05   2.924409E-05   2.000000E-05   3.113659E-05   2.000000E-05   2.000000E-05   2.379280E-05   2.000000E-05   2.000000E-05   4.432665E-05
   8.439570E-05   2.000000E-05   6.968400E-05   2.730743E-05   2.336357E-05   2.336357E-05   2.336357E-05   2.336357E-05   4.673693E-05   2.000000E-05   2.000000E-05   2.000000E-05   2.000000E-05   2.000000E-05   2.000000E-05   2.000000E-05   2.000000E-05   2.000000E-05   2.000000E-05   2.000000E-05
   2.000000E-05   2.000000E-05   5.667900E-05   2.556016E-05   2.336357E-05   2.336357E-05   2.336357E-05   2.336357E-05   2.000000E-05   2.000000E-05   2.000000E-05   2.000000E-05   2.000000E-05   2.000000E-05   4.158233E-05   2.000000E-05   2.010802E-05   2.000000E-05   5.681691E-05   2.000000E-05
   2.000000E-05   2.000000E-05   2.000000E-05   2.002138E-05   2.336357E-05   2.336357E-05   2.336357E-05   2.336357E-05   2.000000E-05   2.000000E-05   4.143381E-05   2.000000E-05   2.000000E-05   2.000000E-05   2.000000E-05   2.000000E-05   2.000000E-05   2.000000E-05   2.000000E-05   2.000000E-05
   2.000000E-05   2.000000E-05   2.761426E-05   6.181243E-05   2.336357E-05   2.336357E-05   2.336357E-05   2.336357E-05   5.824130E-05   2.000000E-05   2.000000E-05   2.000000E-05   2.000000E-05   2.000000E-05   2.000000E-05   2.000000E-05   2.000000E-05   2.697237E-05   3.276003E-05   2.000000E-05
   2.000000E-05   2.000000E-05   2.000000E-05   2.022935E-05   2.336357E-05   2.336357E-05   2.336357E-05   2.336357E-05   2.855790E-05   2.484024E-05   2.000000E-05   2.000000E-05   2.000000E-05   2.000000E-05   2.000000E-05   2.489258E-05   2.000000E-05   2.944317E-05   2.000000E-05   4.995794E-05
   2.446961E-05   4.101086E-05   2.000000E-05   2.000000E-05   2.336357E-05   2.336357E-05   2.336357E-05   2.336357E-05   2.625953E-05   4.310401E-05   3.970657E-05   2.000000E-05   2.134203E-05   2.000000E-05   2.000000E-05   2.000000E-05   2.000000E-05   2.000000E-05   2.000000E-05   2.000000E-05
   2.000000E-05   2.000000E-05   2.000000E-05   2.000000E-05   2.336357E-05   2.336357E-05   2.336357E-05   2.336357E-05   2.000000E-05   2.000000E-05   5.332397E-05   2.000000E-05   2.000000E-05   2.501489E-05   2.000000E-05   2.000000E-05   2.000000E-05   2.212429E-05   2.000000E-05   2.000000E-05
   2.000000E-05   2.000000E-05   2.000000E-05   2.000000E-05   2.336357E-05   2.336357E-05   2.336357E-05   2.336357E-05   2.000000E-05   2.000000E-05   2.000000E-05   2.232162E-05   1.127310E-04   5.896656E-05   2.000000E-05   8.287789E-05   2.252079E-05   2.733707E-05   2.000000E-05   6.150618E-05
   2.000000E-05   3.217924E-05   2.000000E-05   2.000000E-05   2.336357E-05   2.336357E-05   2.336357E-05   2.336357E-05   4.809577E-05   2.000000E-05   5.278195E-05   2.095340E-05   2.000000E-05   5.224060E-05   2.317563E-05   5.914467E-05   2.000000E-05   9.252742E-05   4.331067E-05   2.026256E-05
   2.000000E-05   2.000000E-05   2.000000E-05   2.000000E-05   2.336357E-05   2.336357E-05   2.336357E-05   2.336357E-05   2.000000E-05   2.000000E-05   2.000000E-05   2.000000E-05   2.480329E-05   5.850154E-05   5.027983E-05   7.729605E-05   2.000000E-05   2.000000E-05   2.000000E-05   2.000000E-05
   2.480162E-05   2.000000E-05   2.000000E-05   2.000000E-05   2.336357E-05   2.336357E-05   2.000000E-05   2.154698E-05   2.000000E-05   2.207098E-05   2.686445E-05   2.000000E-05   2.000000E-05   2.467767E-05   2.571379E-05   2.686403E-05   8.535413E-05   8.364416E-05   3.111731E-05   2.177485E-05
   2.000000E-05   2.000000E-05   2.000000E-05   2.000000E-05   2.000000E-05   2.336357E-05   4.491606E-05   2.000000E-05   2.000000E-05   9.856798E-05   2.000000E-05   2.311918E-05   3.558941E-05   2.163902E-05   2.000000E-05   2.000000E-05   3.150306E-05   2.286206E-05   2.000000E-05   2.450188E-05
   2.000000E-05   2.000000E-05   2.000000E-05   2.000000E-05   2.000000E-05   2.000000E-05   2.000000E-05   2.043660E-05   3.175136E-05   2.000000E-05   2.000000E-05   6.646625E-05   2.513559E-05   2.000000E-05   2.000000E-05   5.776541E-05   2.068897E-05   2.000000E-05   2.000000E-05   2.000000E-05
   2.792657E-05   2.000000E-05   2.000000E-05   2.000000E-05   2.000000E-05   2.000000E-05   2.491007E-05   4.675351E-05   2.000000E-05   2.000000E-05   2.782087E-05   2.000000E-05   2.000000E-05   2.000000E-05   2.000000E-05   2.000000E-05   4.075587E-05   2.000000E-05   2.000000E-05   2.000000E-05
   2.146368E-05   9.988025E-05   4.127968E-05   2.209623E-05   6.236280E-05   4.843570E-05   2.000000E-05   2.279225E-05   3.851900E-05   2.000000E-05   3.389805E-05   3.974019E-05   2.000000E-05   2.000000E-05   2.120983E-05   2.592202E-05   2.000000E-05   2.000000E-05   2.750939E-05   5.733137E-05
   6.917525E-05   2.000000E-05   1.155039E-04   2.327810E-05   2.697944E-05   1.199351E-04   2.382648E-05   2.000000E-05   4.734388E-05   2.000000E-05   2.171086E-05   2.000000E-05   2.000000E-05   2.000000E-05   2.000000E-05   2.000000E-05   2.000000E-05   2.000000E-05   2.000000E-05   3.142513E-05
   2.000000E-05   2.000000E-05   5.415325E-05   2.867109E-05   1.002590E-04   2.000000E-05   2.000000E-05   2.000000E-05   2.000000E-05   2.000000E-05   2.000000E-05   2.000000E-05   2.849235E-05   2.000000E-05   2.000000E-05   2.000000E-05   2.000000E-05   2.739128E-05   2.000000E-05   2.000000E-05
   2.896676E-05   2.253247E-05   2.000000E-05   2.000000E-05   2.000000E-05   3.826480E-05   2.000000E-05   9.016882E-05   3.230236E-05   5.699527E-05   2.000000E-05   3.128708E-05   2.205295E-05   2.726025E-05   2.000000E-05   2.000000E-05   2.000000E-05   2.000000E-05   2.000000E-05   2.000000E-05
   2.637603E-05   2.000000E-04   2.701230E-05   4.763995E-05   1.013562E-04   8.835291E-05   2.000000E-05   2.000000E-05   2.000000E-05   2.000000E-05   2.000000E-05   3.660394E-05   2.012090E-05   2.000000E-05   2.000000E-05   2.000000E-05   2.000000E-05   2.000000E-05   2.188564E-05   2.000000E-05
   2.664143E-05   4.531044E-05   3.839586E-05   4.668411E-05   6.924907E-05   3.145204E-05   3.054712E-05   2.000000E-05   2.000000E-05   2.000000E-05   2.000000E-05   2.000000E-05   2.000000E-05   2.000000E-05   2.000000E-05   2.275983E-05   2.000000E-05   2.000000E-05   2.001402E-05   2.000000E-05
   4.078803E-05   7.082099E-05   3.388048E-05   2.000000E-05   2.000000E-05   2.000000E-05   2.000000E-05   2.000000E-05   3.302439E-05   5.105222E-05   3.372366E-05   2.274330E-05   3.288217E-05   2.000000E-05   2.120693E-05   2.000000E-05   2.000000E-05   4.286797E-05   2.000000E-05   4.138055E-05
   2.336357E-05   2.831369E-05   3.451897E-05   2.000000E-05   2.000000E-05   2.000000E-05   2.000000E-05   2.450926E-05   4.043279E-05   2.000000E-05   2.000000E-05   3.693003E-05   2.000000E-05   2.000000E-05   2.000000E-05   2.365795E-05   2.000000E-05   2.482515E-05   2.000000E-05   2.000000E-05
   2.336357E-05   2.336357E-05   2.000000E-05   2.673963E-05   2.000000E-05   2.000000E-05   2.000000E-05   2.000000E-05   2.219429E-05   3.972536E-05   1.627022E-04   4.185978E-05   1.105263E-04   5.025189E-05   2.000000E-05   2.000000E-05   2.000000E-05   2.141524E-05   2.000000E-05   2.000000E-05
   2.336357E-05   2.336357E-05   2.336357E-05   2.000000E-05   3.701837E-05   2.160432E-05   2.000000E-05   2.000000E-05   2.000000E-05   1.070415E-04   3.253837E-05   2.000000E-05   2.000000E-05   2.000000E-05   2.000000E-05   2.000000E-05   2.000000E-05   6.517609E-05   5.647254E-05   5.870392E-05
   2.336357E-05   2.336357E-05   2.336357E-05   2.336357E-05   2.287966E-05   2.000000E-05   2.000000E-05   2.519049E-05   2.453444E-05   2.692913E-05   3.258034E-05   2.000000E-05   9.285440E-05   2.000000E-05   2.000000E-05   3.455327E-05   2.128098E-05   2.000000E-05   2.000000E-05   2.336357E-05
   2.336357E-05   2.336357E-05   2.336357E-05   2.336357E-05   2.000000E-05   2.000000E-05   2.469852E-05   2.000000E-05   2.848144E-05   3.224677E-05   3.237996E-05   2.249095E-05   2.000000E-05   2.123139E-05   4.896567E-05   2.779364E-05   4.339799E-05   4.021708E-05   2.000000E-05   2.336357E-05
   2.336357E-05   2.336357E-05   2.336357E-05   2.336357E-05   2.336357E-05   2.000000E-05   2.091567E-05   2.000000E-05   2.000000E-05   2.000000E-05   2.232423E-05   4.109773E-05   2.570562E-05   2.000000E-05   2.000000E-05   2.000000E-05   2.000000E-05   2.000000E-05   2.336357E-05   2.336357E-05
   2.336357E-05   2.336357E-05   2.336357E-05   2.336357E-05   2.336357E-05   2.000000E-05   6.419898E-05   3.490337E-05   2.000000E-05   2.000000E-05   2.086408E-05   5.022936E-05   2.063650E-05   3.519663E-05   2.000000E-05   2.000000E-05   2.000000E-05   2.336357E-05   2.336357E-05   2.336357E-05
   2.336357E-05   2.336357E-05   2.336357E-05   2.336357E-05   2.336357E-05   2.000000E-05   2.000000E-05   3.101923E-05   2.000000E-05   2.196801E-05   4.292548E-05   2.000000E-05   2.000000E-05   3.590436E-05   7.858816E-05   2.000000E-05   2.336357E-05   2.336357E-05   2.336357E-05   2.336357E-05
