1 1 1 16 250.0 5.0 5e-05 34.0 1.0 0.2359548065758411 0.03 1 1.0 0 headwater
2 1 2 16 250.0 5.0 5e-05 33.98718 1.0 0.23170417903442997 0.03 2 1.0 0 headwater
3 1 3 16 250.0 5.0 5e-05 33.97436 1.0 0.37995890494272694 0.03 2 1.0 0 headwater
4 1 4 16 250.0 5.0 5e-05 33.96154 1.0 2.578969065125831 0.03 2 1.0 0 headwater
5 1 5 16 250.0 5.0 5e-05 33.94872 1.0 0.853544105811767 0.03 2 1.0 0 headwater
6 1 6 16 250.0 5.0 5e-05 33.9359 1.0 2.317492272291546 0.03 2 1.0 0 headwater
7 1 7 16 250.0 5.0 5e-05 33.92308 1.0 0.2762239837179279 0.03 2 1.0 0 headwater
8 1 8 16 250.0 5.0 5e-05 33.91026 1.0 0.1853974430046261 0.03 2 1.0 0 headwater
9 1 9 16 250.0 5.0 5e-05 33.89743 1.0 0.3686355627804651 0.03 2 1.0 0 headwater
10 1 10 16 250.0 5.0 5e-05 33.88462 1.0 0.36978675987859067 0.03 2 1.0 0 headwater
11 1 11 16 250.0 5.0 5e-05 33.8718 1.0 1.4732854857593334 0.03 2 1.0 0 headwater
12 1 12 16 250.0 5.0 5e-05 33.85897 1.0 0.32416078572324014 0.03 2 1.0 0 headwater
13 1 13 16 250.0 5.0 5e-05 33.84615 1.0 2.5424115207080047 0.03 2 1.0 0 headwater
14 1 14 16 250.0 5.0 5e-05 33.83333 1.0 0.17581572215793742 0.03 2 1.0 0 headwater
15 1 15 16 250.0 5.0 5e-05 33.82051 1.0 0.14665957330485713 0.03 2 1.0 0 headwater
16 1 16 16 250.0 5.0 5e-05 33.80769 1.0 1.6522845557310633 0.03 2 1.0 0 headwater
17 1 17 16 250.0 5.0 5e-05 33.79487 1.0 0.2012099492468366 0.03 2 1.0 0 headwater
18 1 18 16 250.0 5.0 5e-05 33.78205 1.0 0.23417555562727763 0.03 2 1.0 0 headwater
19 1 19 16 250.0 5.0 5e-05 33.76923 1.0 0.4744052612095906 0.03 2 1.0 0 headwater
20 1 20 16 250.0 5.0 5e-05 33.75641 1.0 1.9178689462176504 0.03 2 1.0 0 headwater
21 1 21 16 250.0 5.0 5e-05 33.74359 1.0 0.470099825368807 0.03 2 1.0 0 headwater
22 1 22 16 250.0 5.0 5e-05 33.73077 1.0 0.09510666761563331 0.03 2 1.0 0 tailwater
23 1 23 16 250.0 5.0 5e-05 33.71795 1.0 0.159759327384067 0.03 2 1.0 0 tailwater
24 1 24 16 250.0 5.0 5e-05 33.70513 1.0 3.8192522235543165 0.03 2 1.0 0 tailwater
25 1 25 16 250.0 5.0 5e-05 33.69231 1.0 0.2499400534324837 0.03 2 1.0 0 tailwater
26 1 26 16 250.0 5.0 5e-05 33.67949 1.0 1.3810279950269007 0.03 2 1.0 0 tailwater
27 1 27 16 250.0 5.0 5e-05 33.66667 1.0 2.6629899397995453 0.03 2 1.0 0 tailwater
28 1 28 16 250.0 5.0 5e-05 33.65385 1.0 0.19315926276543202 0.03 2 1.0 0 tailwater
29 1 29 16 250.0 5.0 5e-05 33.64103 1.0 0.3095859435364124 0.03 2 1.0 0 tailwater
30 1 30 16 250.0 5.0 5e-05 33.6282 1.0 1.6735752649148727 0.03 2 1.0 0 tailwater
31 1 31 16 250.0 5.0 5e-05 33.61538 1.0 0.7524557096015838 0.03 2 1.0 0 tailwater
32 1 32 16 250.0 5.0 5e-05 33.60257 1.0 0.2297423731330419 0.03 2 1.0 0 tailwater
33 1 33 16 250.0 5.0 5e-05 33.58974 1.0 0.4597157115378282 0.03 2 1.0 0 tailwater
34 1 34 16 250.0 5.0 5e-05 33.57692 1.0 0.1615609497376301 0.03 2 1.0 0 tailwater
35 1 35 16 250.0 5.0 5e-05 33.5641 1.0 0.1734042576708305 0.03 2 1.0 0 tailwater
36 1 36 16 250.0 5.0 5e-05 33.55128 1.0 0.7771457810856621 0.03 2 1.0 0 tailwater
37 1 37 16 250.0 5.0 5e-05 33.53846 1.0 0.48754075764468857 0.03 2 1.0 0 tailwater
38 1 38 16 250.0 5.0 5e-05 33.52564 1.0 0.19127686750658884 0.03 2 1.0 0 tailwater
39 1 39 16 250.0 5.0 5e-05 33.51282 1.0 0.6582852825899009 0.03 2 1.0 0 tailwater
40 1 40 16 250.0 5.0 5e-05 33.51 1.0 3.867183808059228 0.03 1 1.0 0 tailwater
