   3.348585E-05   2.000000E-05   2.000000E-05   2.000000E-05   2.000000E-05   2.758277E-05   3.959794E-05   2.158978E-05   2.406699E-05   2.000000E-05   5.703725E-05   2.000000E-05   4.603147E-05   2.440779E-05   2.120166E-05   5.144381E-05   6.344042E-05   4.581212E-05   2.000000E-05   4.935538E-05
   2.000000E-05   6.893400E-05   2.000000E-05   2.000000E-05   3.585940E-05   2.000000E-05   1.048280E-04   9.440011E-05   3.297418E-05   2.000000E-05   2.000000E-05   2.913452E-05   1.287659E-04   2.000000E-05   5.272499E-05   4.414439E-05   3.440994E-05   7.849922E-05   3.734080E-05   1.154409E-04
   2.111248E-05   2.000000E-05   2.000000E-05   2.000000E-05   2.862699E-05   1.058525E-04   2.000000E-05   2.000000E-05   7.743763E-05   2.000000E-05   2.000000E-05   2.265950E-05   4.083747E-05   4.619529E-05   1.620146E-04   1.684573E-04   6.186511E-05   1.072057E-04   2.000000E-04   3.163004E-05
   3.046383E-05   7.043733E-05   2.000000E-05   2.458300E-05   6.474147E-05   2.545968E-05   4.917789E-05   2.000000E-05   7.739141E-05   2.634169E-05   2.000000E-05   3.206093E-05   4.984812E-05   2.000000E-05   1.183212E-04   5.531305E-05   1.437296E-04   3.560651E-05   3.817082E-05   3.156732E-05
   2.000000E-05   2.000000E-05   3.704486E-05   2.000000E-05   3.375191E-05   7.530534E-05   3.088531E-05   7.450315E-05   4.127535E-05   1.754348E-04   4.389593E-05   2.718384E-05   1.689345E-04   4.056329E-05   1.313759E-04   1.081800E-04   3.874397E-05   5.813417E-05   2.303028E-05   6.715146E-05
   2.000000E-05   7.209146E-05   2.000000E-05   1.304399E-04   2.000000E-05   1.704825E-04   2.000000E-05   1.784043E-04   4.849760E-05   3.527685E-05   2.000000E-05   5.547356E-05   4.577698E-05   7.910630E-05   2.000000E-05   3.039097E-05   1.038468E-04   1.258754E-04   3.087170E-05   5.022376E-05
   4.898661E-05   2.908580E-05   2.000000E-05   2.613061E-05   3.245666E-05   1.956333E-04   5.449967E-05   2.000000E-05   3.263264E-05   2.000000E-04   5.299128E-05   9.324998E-05   8.309185E-05   2.000000E-05   2.000000E-04   5.278082E-05   1.184245E-04   2.562149E-05   2.000000E-05   2.000000E-05
   2.680405E-05   6.454888E-05   2.337409E-05   2.062451E-05   2.999922E-05   4.014240E-05   3.499647E-05   6.540507E-05   1.612704E-04   5.437901E-05   2.000000E-05   1.348311E-04   2.000000E-05   1.142307E-04   2.000000E-04   1.011743E-04   4.655950E-05   6.281204E-05   5.500605E-05   2.000000E-05
   9.718697E-05   2.139496E-05   1.397380E-04   4.562176E-05   4.508808E-05   4.508808E-05   4.508808E-05   1.261841E-04   2.618165E-05   9.537825E-05   4.222288E-05   3.151943E-05   1.897172E-04   5.888185E-05   2.162545E-05   2.000000E-05   2.000000E-05   1.194262E-04   2.876514E-05   2.000000E-05
   2.000000E-05   6.930604E-05   7.902810E-05   1.750900E-04   4.508808E-05   4.508808E-05   4.508808E-05   4.508808E-05   2.000000E-04   2.561243E-05   9.519671E-05   8.341240E-05   4.819510E-05   8.047512E-05   8.967202E-05   4.425232E-05   2.618241E-05   6.318970E-05   8.251632E-05   3.670412E-05
   2.000000E-05   1.034608E-04   2.096654E-05   2.000000E-05   4.508808E-05   4.508808E-05   4.508808E-05   4.508808E-05   1.008468E-04   1.325853E-04   5.427871E-05   1.322800E-04   5.911483E-05   1.411574E-04   1.235974E-04   6.210230E-05   2.000000E-05   2.000000E-04   2.726303E-05   2.000000E-05
   6.508397E-05   2.000000E-05   2.000000E-05   2.000000E-05   4.508808E-05   4.508808E-05   4.508808E-05   4.508808E-05   1.748960E-04   7.097659E-05   2.973200E-05   8.135676E-05   5.446528E-05   2.000000E-05   9.930997E-05   5.397577E-05   1.057460E-04   7.021019E-05   8.268724E-05   2.000000E-05
   3.333409E-05   2.000000E-05   2.744327E-05   4.790587E-05   4.508808E-05   4.508808E-05   4.508808E-05   4.508808E-05   7.176413E-05   2.000000E-04   5.545641E-05   2.000000E-05   2.000000E-05   2.530847E-05   8.186784E-05   5.992945E-05   2.000000E-05   5.265671E-05   8.171689E-05   2.000000E-05
   3.057283E-05   6.473192E-05   2.000000E-05   2.649329E-05   4.508808E-05   4.508808E-05   4.508808E-05   4.508808E-05   5.175112E-05   2.000000E-05   3.978975E-05   6.431426E-05   6.463789E-05   6.305252E-05   4.230334E-05   1.138681E-04   3.678619E-05   1.463215E-04   5.295257E-05   5.433994E-05
   3.616436E-05   9.078783E-05   2.000000E-05   2.000000E-05   4.508808E-05   4.508808E-05   4.508808E-05   4.508808E-05   3.503381E-05   2.494442E-05   5.891987E-05   4.517585E-05   2.000000E-05   4.299354E-05   4.598943E-05   6.913365E-05   3.444701E-05   2.000000E-04   2.000000E-05   8.133079E-05
   5.024632E-05   6.167080E-05   2.000000E-05   4.465814E-05   4.508808E-05   4.508808E-05   4.508808E-05   4.508808E-05   1.694114E-04   2.000000E-05   2.000000E-05   6.844444E-05   9.746566E-05   1.340792E-04   2.000000E-04   1.202877E-04   3.979805E-05   3.957511E-05   9.141716E-05   1.628164E-04
   2.000000E-05   2.914096E-05   2.517625E-05   8.901228E-05   4.508808E-05   4.508808E-05   4.508808E-05   4.508808E-05   5.876566E-05   2.000000E-05   2.000000E-05   4.454164E-05   7.162317E-05   8.754547E-05   2.446858E-05   9.144360E-05   2.127032E-05   6.700982E-05   5.874790E-05   2.000000E-04
   3.698849E-05   5.353223E-05   3.114755E-05   2.000000E-05   4.508808E-05   4.508808E-05   4.508808E-05   4.508808E-05   2.000000E-05   2.000000E-05   7.085283E-05   3.595046E-05   8.556702E-05   1.145516E-04   7.746023E-05   4.828596E-05   1.622790E-04   2.000000E-04   6.401158E-05   2.000000E-04
   9.389648E-05   3.171571E-05   2.331079E-05   2.000000E-05   4.508808E-05   4.508808E-05   4.508808E-05   4.508808E-05   3.392005E-05   2.000000E-05   2.190794E-05   2.644199E-05   2.423941E-05   6.303775E-05   2.759935E-05   5.622031E-05   1.480609E-04   2.000000E-04   5.797230E-05   4.577078E-05
   2.908504E-05   1.562958E-04   7.202033E-05   7.149508E-05   4.508808E-05   4.508808E-05   4.508808E-05   4.508808E-05   2.254870E-05   4.102827E-05   4.372977E-05   4.087579E-05   1.866418E-04   1.121129E-04   8.767504E-05   1.588676E-04   2.000000E-05   2.739005E-05   1.001726E-04   7.381780E-05
   5.080393E-05   2.739654E-05   3.964177E-05   3.454697E-05   4.508808E-05   4.508808E-05   4.508808E-05   4.508808E-05   2.269290E-05   2.000000E-05   3.478435E-05   3.625455E-05   2.559311E-05   1.025978E-04   1.141650E-04   5.860529E-05   3.590946E-05   9.432588E-05   4.253851E-05   2.000000E-04
   6.580857E-05   3.128461E-05   7.460782E-05   2.740218E-05   4.508808E-05   4.508808E-05   2.000000E-05   2.437568E-05   2.000000E-05   4.388760E-05   6.260777E-05   2.659868E-05   5.781118E-05   7.562936E-05   5.007856E-05   3.071864E-05   1.061883E-04   5.540408E-05   5.027622E-05   1.279558E-04
   2.000000E-05   4.828546E-05   2.000000E-05   2.000000E-05   3.878729E-05   4.508808E-05   2.000000E-05   2.000000E-05   3.203515E-05   2.102873E-05   2.000000E-05   1.214687E-04   1.157361E-04   2.812868E-05   2.936428E-05   8.692558E-05   5.622136E-05   9.462969E-05   2.963637E-05   1.082188E-04
   5.441875E-05   4.166116E-05   3.390991E-05   2.000000E-05   2.000000E-05   2.000000E-05   2.000000E-05   2.000000E-05   2.918045E-05   2.000000E-05   2.000000E-05   2.333049E-05   9.358133E-05   6.745242E-05   2.887852E-05   4.100120E-05   1.140863E-04   3.368216E-05   2.000000E-05   7.330639E-05
   4.534071E-05   2.337610E-05   2.000000E-05   6.134260E-05   2.000000E-05   2.000000E-05   3.725326E-05   2.775005E-05   3.425185E-05   3.908730E-05   3.587572E-05   2.000000E-05   2.757093E-05   2.000000E-05   5.634459E-05   2.039117E-05   6.133445E-05   4.636718E-05   5.818036E-05   9.093938E-05
   3.816085E-05   2.000000E-05   2.000000E-05   3.203179E-05   2.000000E-05   2.000000E-05   2.000000E-05   3.519345E-05   2.530636E-05   3.230532E-05   2.000000E-05   2.847857E-05   2.000000E-05   3.131651E-05   1.356376E-04   2.000000E-05   1.387846E-04   8.379063E-05   5.767216E-05   1.212385E-04
   2.788788E-05   2.089248E-05   2.000000E-05   2.000000E-05   3.705288E-05   1.165706E-04   2.131443E-05   6.420433E-05   2.000000E-05   1.030702E-04   2.000000E-05   2.000000E-05   4.245947E-05   2.894660E-05   2.000000E-05   2.000000E-05   2.553647E-05   2.000000E-05   7.010088E-05   3.773711E-05
   3.684988E-05   2.000000E-05   2.557215E-05   3.336541E-05   2.000000E-05   2.441336E-05   6.815692E-05   2.075000E-05   3.976909E-05   2.000000E-05   4.447435E-05   3.134108E-05   3.950508E-05   2.000000E-05   9.694539E-05   5.038809E-05   2.000000E-05   5.808006E-05   9.923354E-05   9.595820E-05
   2.000000E-05   2.000000E-05   2.443429E-05   4.873672E-05   2.085018E-05   1.243158E-04   2.824683E-05   5.047481E-05   2.000000E-05   2.000000E-05   2.000000E-05   4.390905E-05   3.929983E-05   2.000000E-05   2.572022E-05   2.000000E-05   3.649631E-05   2.000000E-05   2.337625E-05   2.000000E-05
   2.000000E-05   2.531476E-05   4.668261E-05   2.000000E-05   1.224828E-04   9.470746E-05   5.259962E-05   2.000000E-05   4.116242E-05   2.709984E-05   1.030095E-04   2.000000E-05   2.000000E-05   2.000000E-05   2.000000E-05   3.135993E-05   2.000000E-05   2.000000E-05   5.352175E-05   2.000000E-05
   7.272084E-05   5.060978E-05   2.338470E-05   6.966772E-05   3.813068E-05   5.150354E-05   4.591742E-05   2.000000E-05   2.456465E-05   3.201740E-05   2.000000E-05   3.267943E-05   2.709972E-05   2.000000E-05   1.188012E-04   2.583349E-05   2.000000E-05   3.068944E-05   2.000000E-05   4.747088E-05
   1.148625E-04   6.380769E-05   2.000000E-05   4.253753E-05   2.684413E-05   6.950794E-05   6.254671E-05   2.107175E-05   1.023187E-04   1.034029E-04   2.000000E-05   2.000000E-05   6.794625E-05   3.680869E-05   1.016717E-04   4.639061E-05   2.000000E-05   2.201303E-05   2.841461E-05   2.000000E-05
   4.508808E-05   5.150961E-05   2.000000E-05   2.491076E-05   2.445551E-05   4.938024E-05   3.428268E-05   2.208195E-05   4.775945E-05   1.830564E-04   5.609175E-05   2.000000E-05   4.156625E-05   2.000000E-05   2.000000E-05   2.000000E-05   2.979252E-05   2.000000E-05   4.256231E-05   2.451682E-05
   4.508808E-05   4.508808E-05   1.380478E-04   4.037044E-05   2.428836E-05   2.260433E-05   2.476840E-05   4.643056E-05   4.505101E-05   2.996458E-05   5.194160E-05   8.015496E-05   1.172593E-04   2.181073E-05   2.000000E-05   4.413725E-05   2.000000E-05   5.340931E-05   5.693723E-05   4.811870E-05
   4.508808E-05   4.508808E-05   4.508808E-05   1.152670E-04   2.000000E-05   8.701702E-05   2.025593E-05   3.894865E-05   3.988388E-05   7.266619E-05   2.000000E-05   1.628536E-04   4.047057E-05   2.000000E-05   2.000000E-05   2.000000E-05   3.306036E-05   2.034444E-05   2.000000E-05   4.912622E-05
   4.508808E-05   4.508808E-05   4.508808E-05   4.508808E-05   7.983274E-05   2.000000E-04   1.131132E-04   4.467220E-05   4.115286E-05   4.438124E-05   4.245915E-05   2.000000E-05   5.822243E-05   2.000000E-05   2.000000E-05   3.563045E-05   2.000000E-05   8.703204E-05   2.000000E-05   4.508808E-05
   4.508808E-05   4.508808E-05   4.508808E-05   4.508808E-05   1.222028E-04   3.522053E-05   3.263520E-05   2.000000E-05   7.714999E-05   1.230258E-04   2.000000E-05   2.411745E-05   6.300958E-05   1.579605E-04   8.668181E-05   2.806416E-05   2.131534E-05   4.276253E-05   1.266462E-04   4.508808E-05
   4.508808E-05   4.508808E-05   4.508808E-05   4.508808E-05   4.508808E-05   5.851295E-05   2.788849E-05   2.510263E-05   2.000000E-05   6.788372E-05   3.891726E-05   3.629336E-05   2.000000E-05   2.000000E-05   2.573500E-05   3.608885E-05   2.000000E-05   2.890980E-05   4.508808E-05   4.508808E-05
   4.508808E-05   4.508808E-05   4.508808E-05   4.508808E-05   4.508808E-05   5.553243E-05   1.426865E-04   4.134868E-05   2.489548E-05   9.104455E-05   2.203647E-05   2.000000E-05   4.044241E-05   2.000000E-05   1.033551E-04   2.409442E-05   4.593968E-05   4.508808E-05   4.508808E-05   4.508808E-05
   4.508808E-05   4.508808E-05   4.508808E-05   4.508808E-05   4.508808E-05   2.516073E-05   4.407995E-05   3.200318E-05   3.104980E-05   3.034600E-05   8.730462E-05   8.620270E-05   9.047169E-05   2.000000E-05   5.590786E-05   3.068866E-05   4.508808E-05   4.508808E-05   4.508808E-05   4.508808E-05
