   1.628517E-04   1.772501E-04   2.000000E-05   2.000000E-04   8.544274E-05   4.564661E-05   4.067711E-05   4.494791E-05   1.350293E-04   2.000000E-04   1.022297E-04   1.767070E-04   4.319203E-05   1.131803E-04   6.811891E-05   2.000000E-05   3.640122E-05   7.523735E-05   6.028855E-05   1.135988E-04
   2.000000E-04   2.000000E-04   1.108317E-04   2.000000E-04   7.876847E-05   1.592512E-04   2.139577E-05   1.795485E-04   2.000000E-04   2.000000E-04   2.000000E-04   7.132135E-05   1.799942E-04   7.609439E-05   2.000000E-04   7.181204E-05   1.648944E-04   2.000000E-05   1.065219E-04   5.432662E-05
   4.974630E-05   2.000000E-04   8.634805E-05   1.384362E-04   2.169259E-05   6.775116E-05   5.359912E-05   1.021729E-04   1.794462E-04   3.602530E-05   3.198467E-05   4.876791E-05   7.073775E-05   9.277768E-05   7.563445E-05   6.758511E-05   1.722594E-04   6.455497E-05   3.646995E-05   8.255523E-05
   7.798128E-05   5.725017E-05   2.000000E-04   2.000000E-04   4.201610E-05   4.962149E-05   4.360355E-05   6.078365E-05   6.086694E-05   6.966638E-05   5.640165E-05   6.001441E-05   9.262062E-05   5.177920E-05   8.423731E-05   8.629478E-05   2.000000E-04   7.597087E-05   9.138982E-05   1.662992E-04
   3.099716E-05   1.229533E-04   9.221443E-05   2.000000E-05   1.450894E-04   7.998763E-05   9.158172E-05   1.096088E-04   6.732942E-05   1.453222E-04   3.639262E-05   1.286464E-04   1.150736E-04   8.803984E-05   4.454401E-05   3.618818E-05   3.752164E-05   2.435031E-05   4.126370E-05   5.703824E-05
   4.569992E-05   4.975028E-05   4.656980E-05   3.945033E-05   9.613520E-05   7.611505E-05   3.513547E-05   8.911896E-05   2.000000E-05   5.008806E-05   2.000000E-05   2.755233E-05   4.290833E-05   2.000000E-05   2.000000E-05   3.507383E-05   7.023570E-05   1.408771E-04   5.633492E-05   6.361763E-05
   3.621319E-05   5.752057E-05   1.397155E-04   5.022059E-05   2.016249E-05   9.897338E-05   4.642601E-05   8.768226E-05   6.647775E-05   3.963931E-05   2.000000E-05   1.006817E-04   2.000000E-05   1.185719E-04   2.000000E-05   2.000000E-05   8.404579E-05   5.299913E-05   1.254589E-04   8.041161E-05
   4.062539E-05   5.141310E-05   2.000000E-05   2.930454E-05   7.226436E-05   2.642896E-05   7.310068E-05   6.927019E-05   9.492490E-05   4.521354E-05   6.060287E-05   7.658383E-05   8.817180E-05   2.000000E-05   2.763503E-05   2.000000E-05   3.130337E-05   2.979083E-05   9.074211E-05   1.240939E-04
   1.287980E-04   6.427319E-05   2.000000E-05   2.000000E-05   9.692941E-05   9.692941E-05   9.692941E-05   2.000000E-04   6.772774E-05   2.000000E-04   8.566769E-05   4.103880E-05   1.106847E-04   6.354175E-05   2.000000E-05   9.914190E-05   3.647317E-05   8.483918E-05   1.269009E-04   3.342732E-05
   2.239511E-05   2.585798E-05   2.000000E-05   8.166031E-05   9.692941E-05   9.692941E-05   9.692941E-05   9.692941E-05   5.492876E-05   4.423109E-05   2.000000E-05   1.056310E-04   6.239114E-05   6.323214E-05   7.397194E-05   4.280204E-05   8.942916E-05   6.018063E-05   3.113109E-05   3.926408E-05
   2.000000E-05   2.000000E-05   2.000000E-05   1.220450E-04   9.692941E-05   9.692941E-05   9.692941E-05   9.692941E-05   3.072893E-05   4.465550E-05   6.289076E-05   5.807499E-05   6.736807E-05   1.907867E-04   1.176657E-04   3.917074E-05   5.985719E-05   5.218987E-05   1.400233E-04   8.928423E-05
   5.831494E-05   2.000000E-05   5.789342E-05   3.555320E-05   9.692941E-05   9.692941E-05   9.692941E-05   9.692941E-05   6.390100E-05   8.273595E-05   9.271980E-05   2.187779E-05   5.100247E-05   7.622172E-05   2.000000E-04   1.284976E-04   9.867513E-05   5.204208E-05   6.523751E-05   1.353326E-04
   3.416609E-05   8.559209E-05   8.111572E-05   1.240733E-04   9.692941E-05   9.692941E-05   9.692941E-05   9.692941E-05   1.036517E-04   2.000000E-05   2.000000E-05   2.000000E-05   2.000000E-05   8.379238E-05   2.712152E-05   2.000000E-04   3.152659E-05   6.899818E-05   2.000000E-04   3.290289E-05
   1.747847E-04   2.000000E-05   1.447238E-04   9.265042E-05   9.692941E-05   9.692941E-05   9.692941E-05   9.692941E-05   2.000000E-05   2.000000E-05   4.087416E-05   2.252418E-05   2.000000E-05   3.676545E-05   1.091896E-04   2.000000E-04   5.970397E-05   4.365784E-05   3.703261E-05   3.717989E-05
   6.443494E-05   1.001557E-04   1.177612E-04   9.546309E-05   9.692941E-05   9.692941E-05   9.692941E-05   9.692941E-05   2.000000E-05   2.265628E-05   2.000000E-05   7.087572E-05   2.000000E-05   2.000000E-04   9.491784E-05   3.695643E-05   2.000000E-05   1.809544E-04   9.139593E-05   1.222761E-04
   7.757038E-05   2.000000E-04   7.747522E-05   1.117766E-04   9.692941E-05   9.692941E-05   9.692941E-05   9.692941E-05   2.203154E-05   4.433625E-05   2.532252E-05   3.798605E-05   2.000000E-05   2.994090E-05   1.325698E-04   2.000000E-04   3.722554E-05   2.000000E-05   2.000000E-04   3.250517E-05
   4.597831E-05   1.063858E-04   2.604148E-05   3.195662E-05   9.692941E-05   9.692941E-05   9.692941E-05   9.692941E-05   5.002308E-05   3.408150E-05   3.836006E-05   5.913832E-05   2.000000E-04   6.087238E-05   8.603414E-05   6.455160E-05   3.595436E-05   3.850978E-05   6.963190E-05   1.086087E-04
   3.089153E-05   2.000000E-05   3.905717E-05   5.373542E-05   9.692941E-05   9.692941E-05   9.692941E-05   9.692941E-05   9.440636E-05   1.688364E-04   4.710944E-05   2.000000E-04   4.790575E-05   1.135671E-04   2.000000E-04   1.760118E-04   3.921185E-05   3.086991E-05   6.568979E-05   2.000000E-05
   1.767108E-04   8.250152E-05   4.330245E-05   2.346514E-05   9.692941E-05   9.692941E-05   9.692941E-05   9.692941E-05   4.803034E-05   9.442454E-05   1.138331E-04   9.256137E-05   2.000000E-04   4.422417E-05   2.000000E-05   6.449299E-05   8.974266E-05   8.983109E-05   1.800436E-04   5.924718E-05
   4.426488E-05   5.547913E-05   2.491401E-05   2.000000E-05   9.692941E-05   9.692941E-05   9.692941E-05   9.692941E-05   2.197516E-05   8.089708E-05   1.809572E-04   1.354205E-04   2.000000E-04   2.000000E-04   7.198482E-05   1.104696E-04   4.193186E-05   1.678566E-04   6.766770E-05   1.307081E-04
   3.280097E-05   7.429168E-05   2.000000E-04   5.198677E-05   9.692941E-05   9.692941E-05   9.692941E-05   9.692941E-05   4.517263E-05   3.277075E-05   2.000000E-04   1.594166E-04   3.028564E-05   6.616774E-05   1.426740E-04   1.576362E-04   1.081023E-04   2.000000E-05   8.001628E-05   2.000000E-04
   1.597305E-04   2.000000E-05   7.629774E-05   4.155047E-05   9.692941E-05   9.692941E-05   2.115896E-05   4.236400E-05   2.000000E-05   2.000000E-04   2.000000E-04   3.025879E-05   9.161213E-05   2.000000E-04   4.235430E-05   1.228770E-04   8.631861E-05   2.000000E-04   5.564873E-05   2.000000E-04
   1.999392E-04   2.000000E-05   5.415563E-05   6.064333E-05   3.933888E-05   9.692941E-05   2.000000E-05   1.275512E-04   5.569881E-05   1.892840E-04   2.000000E-04   2.000000E-04   1.543226E-04   1.366038E-04   3.039623E-05   2.000000E-04   9.298239E-05   2.000000E-04   2.000000E-04   1.006710E-04
   4.626924E-05   5.507171E-05   9.626746E-05   8.856480E-05   1.214691E-04   2.995619E-05   2.108862E-05   3.896155E-05   3.352699E-05   7.686870E-05   2.000000E-04   4.840565E-05   5.342172E-05   1.681325E-04   3.697003E-05   5.461619E-05   7.221644E-05   7.191747E-05   4.897840E-05   6.322942E-05
   1.750186E-04   4.618004E-05   2.000000E-05   1.112851E-04   4.173672E-05   1.488048E-04   3.744741E-05   2.000000E-05   9.736051E-05   1.263819E-04   9.788175E-05   2.000000E-04   1.050348E-04   2.000000E-04   4.974083E-05   1.448379E-04   4.798043E-05   2.000000E-05   1.136359E-04   3.371887E-05
   5.952321E-05   2.000000E-04   1.506752E-04   1.504487E-04   5.839386E-05   2.768278E-05   3.812161E-05   2.393203E-05   5.520930E-05   5.247189E-05   3.665123E-05   1.213345E-04   1.025533E-04   5.205526E-05   1.145005E-04   3.464671E-05   3.873826E-05   1.360697E-04   7.436269E-05   1.244398E-04
   7.390437E-05   1.533659E-04   7.022053E-05   7.936569E-05   4.409826E-05   1.621462E-04   7.452853E-05   1.603067E-04   2.000000E-04   2.885109E-05   3.629690E-05   2.253919E-05   6.672317E-05   3.150989E-05   5.058629E-05   1.885857E-04   1.494224E-04   7.836979E-05   2.000000E-04   2.000000E-05
   6.629699E-05   5.817670E-05   1.322739E-04   8.485676E-05   2.000000E-04   4.883016E-05   7.336743E-05   7.232042E-05   3.779101E-05   2.000000E-05   7.124407E-05   2.561026E-05   2.000000E-04   2.837307E-05   5.543771E-05   1.335914E-04   3.510311E-05   9.923807E-05   6.351529E-05   2.000000E-04
   6.265208E-05   5.674008E-05   2.000000E-04   7.745484E-05   1.898877E-04   2.000000E-04   7.441366E-05   6.287606E-05   2.087815E-05   2.000000E-04   6.429473E-05   8.217735E-05   2.895169E-05   6.218003E-05   2.222820E-05   9.386696E-05   9.970314E-05   4.744671E-05   1.178094E-04   3.536195E-05
   4.113273E-05   4.121696E-05   8.785790E-05   6.444326E-05   1.938554E-04   6.181865E-05   1.142669E-04   1.102527E-04   7.749195E-05   4.172244E-05   2.283927E-05   3.165501E-05   2.000000E-04   9.639462E-05   1.218602E-04   7.530297E-05   1.291699E-04   3.069087E-05   9.982424E-05   9.809697E-05
   1.142332E-04   3.993848E-05   2.174066E-05   2.000000E-04   8.925217E-05   4.608652E-05   3.083512E-05   2.000000E-05   9.614562E-05   6.362635E-05   5.071684E-05   5.824082E-05   3.221332E-05   1.289685E-04   5.660479E-05   4.991633E-05   2.000000E-05   1.044849E-04   5.757565E-05   1.333229E-04
   1.108246E-04   3.179545E-05   6.136360E-05   6.778787E-05   2.000000E-04   4.921671E-05   9.374470E-05   2.991669E-05   8.460233E-05   1.430134E-04   4.091321E-05   5.378600E-05   9.699940E-05   2.000000E-04   2.629892E-05   1.459408E-04   2.000000E-05   8.935976E-05   7.335868E-05   3.949661E-05
   9.692941E-05   1.138977E-04   3.391160E-05   2.000000E-04   2.000000E-04   2.000000E-04   2.000000E-04   5.041263E-05   2.380374E-05   2.337544E-05   3.002965E-05   2.000000E-04   1.533913E-04   1.862522E-04   2.000000E-04   3.118457E-05   6.475655E-05   2.000000E-04   1.233226E-04   8.765599E-05
   9.692941E-05   9.692941E-05   4.739947E-05   1.817087E-04   4.249883E-05   2.538586E-05   1.839865E-04   2.000000E-04   5.399439E-05   5.252342E-05   1.844009E-04   6.783638E-05   2.000000E-04   2.000000E-04   1.910914E-04   2.000000E-04   3.521593E-05   2.000000E-04   1.412279E-04   5.561298E-05
   9.692941E-05   9.692941E-05   9.692941E-05   1.843091E-04   1.924015E-04   5.371632E-05   2.000000E-04   1.141485E-04   1.119421E-04   1.069760E-04   2.000000E-04   3.388501E-05   1.569872E-04   2.000000E-04   2.000000E-04   2.000000E-04   1.392157E-04   9.535106E-05   9.637401E-05   1.133262E-04
   9.692941E-05   9.692941E-05   9.692941E-05   9.692941E-05   1.111565E-04   2.000000E-04   3.862793E-05   2.000000E-04   2.000000E-04   9.393837E-05   1.310658E-04   6.594301E-05   1.167595E-04   2.000000E-04   2.000000E-04   9.375305E-05   2.000000E-04   2.000000E-04   4.113583E-05   9.692941E-05
   9.692941E-05   9.692941E-05   9.692941E-05   9.692941E-05   1.440885E-04   6.730659E-05   5.701533E-05   2.000000E-04   2.000000E-04   4.520569E-05   4.975428E-05   2.000000E-04   3.707945E-05   1.988719E-04   1.057483E-04   2.000000E-04   2.000000E-04   1.234354E-04   9.657888E-05   9.692941E-05
   9.692941E-05   9.692941E-05   9.692941E-05   9.692941E-05   9.692941E-05   3.227718E-05   7.686662E-05   1.926320E-04   2.000000E-04   5.874086E-05   4.612423E-05   7.455163E-05   2.000000E-04   2.000000E-04   1.637058E-04   2.000000E-04   1.619316E-04   1.750416E-04   9.692941E-05   9.692941E-05
   9.692941E-05   9.692941E-05   9.692941E-05   9.692941E-05   9.692941E-05   7.874497E-05   8.332088E-05   1.041098E-04   2.000000E-04   3.313406E-05   8.205159E-05   1.787296E-04   1.055708E-04   5.157620E-05   9.501864E-05   4.678284E-05   3.914952E-05   9.692941E-05   9.692941E-05   9.692941E-05
   9.692941E-05   9.692941E-05   9.692941E-05   9.692941E-05   9.692941E-05   4.904038E-05   1.787078E-04   2.000000E-04   1.457156E-04   2.000000E-04   1.223670E-04   2.000000E-04   1.169381E-04   2.000000E-04   2.000000E-04   2.000000E-04   9.692941E-05   9.692941E-05   9.692941E-05   9.692941E-05
