   1.642892E-06   1.000000E-06   1.000000E-06   1.000000E-06   1.158176E-06   1.204321E-06   1.000000E-06   1.000000E-06   1.000000E-06   1.000000E-06   1.149971E-06   1.000000E-06   1.000000E-06   1.023663E-06   3.420037E-06   1.000000E-06   4.260145E-06   1.518613E-06   1.000000E-06   1.000000E-06
   2.605847E-06   1.000000E-06   1.000000E-06   6.231654E-06   1.000000E-06   1.000000E-06   1.000000E-06   1.000000E-06   1.000000E-06   1.258558E-06   1.000000E-06   1.888008E-06   1.000000E-06   2.394856E-06   1.000000E-06   1.280037E-06   1.000000E-06   1.408742E-06   1.030655E-06   1.317583E-06
   1.000000E-06   1.264586E-06   5.253540E-06   1.258222E-06   2.614826E-06   1.000000E-06   1.000000E-06   1.000000E-06   1.000000E-06   1.000000E-06   1.000000E-06   1.061308E-06   1.000000E-06   1.000000E-06   1.746949E-06   1.442839E-06   2.899609E-06   1.000000E-06   1.409582E-06   1.000000E-06
   2.729666E-06   4.645938E-06   1.000000E-06   1.000000E-06   1.000000E-06   1.768734E-06   1.000000E-06   1.000000E-06   1.520632E-06   1.000000E-06   2.413593E-06   1.000000E-06   1.109583E-06   2.120875E-06   1.631912E-06   2.096833E-06   2.178510E-06   3.630417E-06   1.507994E-06   2.802209E-06
   1.155574E-06   1.000000E-06   1.000000E-06   2.324616E-06   1.000000E-06   1.000000E-06   1.000000E-06   1.000000E-06   1.000000E-06   1.000000E-06   1.053984E-06   1.007123E-06   2.954771E-06   4.173380E-06   5.839299E-06   1.434009E-06   3.295392E-06   2.185894E-06   2.151661E-06   3.111822E-06
   2.990430E-06   1.000000E-06   1.167119E-06   1.000000E-06   3.413081E-06   1.383746E-06   2.318636E-06   1.000000E-06   1.079191E-06   1.000000E-06   1.000000E-06   2.354451E-06   1.000000E-06   1.918115E-06   6.742486E-06   7.280753E-06   1.000000E-06   1.000000E-06   2.861658E-06   2.623954E-06
   1.435322E-06   1.000000E-06   1.000000E-06   1.356613E-06   1.000000E-06   8.057179E-06   2.101003E-06   1.000000E-06   4.054908E-06   1.478994E-06   1.000000E-06   2.190123E-06   2.409532E-06   8.661949E-06   1.183622E-05   3.720216E-06   2.409264E-06   1.000000E-06   1.000000E-06   1.328644E-06
   1.000000E-06   1.000000E-06   1.000000E-06   1.000000E-06   1.000000E-06   1.888227E-06   3.828878E-06   1.044098E-06   4.002944E-06   1.000000E-06   1.000000E-06   1.106228E-06   1.307747E-06   1.000000E-06   1.381802E-06   1.000000E-06   1.390858E-06   1.000000E-06   1.000000E-06   1.318318E-06
   1.829009E-06   1.000000E-06   2.964456E-06   1.444981E-06   1.000000E-06   1.000000E-06   1.000000E-06   1.000000E-06   1.000000E-06   1.000000E-06   1.000000E-06   1.000000E-06   1.000000E-06   1.000000E-06   1.000000E-06   2.051641E-06   1.000000E-06   1.000000E-06   1.208103E-06   1.000000E-06
   1.000000E-06   1.000000E-06   1.045929E-06   1.000000E-06   1.000000E-06   1.000000E-06   1.000000E-06   1.000000E-06   1.000000E-06   1.000000E-06   1.000000E-06   1.000000E-06   1.000000E-06   1.000000E-06   1.000000E-06   1.000000E-06   1.000000E-06   1.000000E-06   1.000000E-06   1.394119E-06
   1.000000E-06   1.000000E-06   1.073641E-06   1.000000E-06   1.000000E-06   1.000000E-06   1.000000E-06   1.000000E-06   1.000000E-06   1.000000E-06   1.000000E-06   1.000000E-06   1.000000E-06   1.000000E-06   1.000000E-06   1.000000E-06   1.000000E-06   3.088751E-06   1.000000E-06   2.500356E-06
   1.000000E-06   1.787543E-06   1.000000E-06   1.000000E-06   1.000000E-06   1.000000E-06   1.000000E-06   1.000000E-06   1.000000E-06   1.000000E-06   1.000000E-06   1.000000E-06   1.000000E-06   1.000000E-06   1.000000E-06   1.000000E-06   1.000000E-06   1.000000E-06   2.648572E-06   1.000000E-06
   3.303100E-06   1.000000E-06   1.000000E-06   1.000000E-06   1.000000E-06   1.000000E-06   1.000000E-06   1.000000E-06   1.000000E-06   1.000000E-06   1.000000E-06   1.000000E-06   2.545629E-06   1.015671E-06   2.383945E-06   3.327695E-06   1.077451E-06   1.000000E-06   3.125548E-06   1.000000E-06
   3.070256E-06   1.000000E-06   1.000000E-06   1.792466E-06   1.000000E-06   1.000000E-06   1.000000E-06   1.000000E-06   1.000000E-06   1.000000E-06   1.000000E-06   1.000000E-06   1.000000E-06   1.351361E-06   7.270351E-06   1.000000E-06   1.204342E-06   2.180827E-06   1.167201E-06   1.084374E-06
   3.210912E-06   1.000000E-06   1.606602E-06   1.000000E-06   1.000000E-06   1.000000E-06   1.000000E-06   1.000000E-06   1.156624E-06   1.000000E-06   1.000000E-06   1.000000E-06   1.000000E-06   1.672215E-06   5.336688E-06   1.032872E-06   1.000000E-06   1.708167E-06   3.161780E-06   1.718228E-06
   2.186010E-06   3.690180E-06   1.667352E-06   1.000000E-06   1.000000E-06   1.000000E-06   1.000000E-06   1.000000E-06   1.097839E-06   1.000000E-06   1.000000E-06   1.000000E-06   2.777487E-06   1.000000E-06   1.701100E-06   1.083076E-05   3.224545E-06   1.000000E-06   1.000000E-06   1.255737E-06
   1.202719E-06   1.096832E-06   1.856332E-06   1.063796E-06   1.000000E-06   1.000000E-06   1.000000E-06   1.000000E-06   1.000000E-06   1.000000E-06   1.561580E-06   1.000000E-06   1.000000E-06   1.000000E-06   8.579044E-06   5.707672E-06   1.000000E-06   1.000000E-06   1.525751E-06   1.000000E-06
   1.205731E-06   3.221169E-06   1.000000E-06   1.206636E-06   1.000000E-06   1.000000E-06   1.000000E-06   1.000000E-06   1.147555E-06   1.000000E-06   1.000000E-06   3.028226E-06   1.371526E-06   1.000000E-06   1.000000E-06   3.005985E-06   2.014615E-06   1.000000E-06   3.492788E-06   1.306756E-06
   1.000000E-06   1.000000E-06   2.161895E-06   2.493428E-06   1.000000E-06   1.000000E-06   1.000000E-06   1.000000E-06   1.000000E-06   1.000000E-06   1.000000E-06   1.000000E-06   1.000000E-06   1.000000E-06   1.127449E-06   1.000000E-06   1.084453E-06   2.360786E-06   1.000000E-06   5.128823E-06
   1.000000E-06   1.141605E-06   1.000000E-06   1.000000E-06   1.000000E-06   1.000000E-06   1.000000E-06   1.000000E-06   1.000000E-06   1.399631E-06   1.048415E-06   1.000000E-06   1.560855E-06   1.014990E-06   1.214140E-06   1.000000E-06   6.254033E-06   1.655634E-06   1.671173E-06   2.153594E-06
   1.503735E-06   2.180727E-06   1.000000E-06   2.644006E-06   1.000000E-06   1.000000E-06   1.000000E-06   1.000000E-06   2.746654E-06   1.000000E-06   1.000000E-06   2.717298E-06   4.514932E-06   1.000000E-06   1.000000E-06   1.305105E-06   1.000000E-06   1.000000E-06   1.322707E-06   1.028463E-06
   1.000000E-06   2.386184E-06   4.206161E-06   1.024482E-06   1.000000E-06   1.000000E-06   1.053675E-06   1.000000E-06   1.000000E-06   1.000000E-06   1.820969E-06   1.000000E-06   1.000000E-06   1.444014E-06   4.499364E-06   1.000000E-06   1.000000E-06   1.365671E-06   1.944004E-06   1.000000E-06
   1.262396E-06   1.000000E-06   5.226721E-06   3.102000E-06   1.401976E-06   1.000000E-06   1.000000E-06   1.000000E-06   1.000000E-06   1.224361E-06   1.000000E-06   1.000000E-06   2.490805E-06   4.707335E-06   1.000000E-06   1.000000E-06   1.000000E-06   1.000000E-06   1.000000E-06   1.000000E-06
   1.000000E-06   3.253718E-06   3.284720E-06   1.000000E-06   1.000000E-06   1.270359E-06   2.386784E-06   1.000000E-06   1.000000E-06   1.225018E-06   1.000000E-06   2.103311E-06   1.181722E-06   1.000000E-06   1.514395E-06   1.163586E-06   1.000000E-06   1.000000E-06   1.000000E-06   1.000000E-06
   2.000485E-06   1.005281E-06   4.344679E-06   1.240287E-06   1.000000E-06   1.000000E-06   1.000000E-06   1.000000E-06   1.000000E-06   2.196374E-06   1.000000E-06   1.381076E-06   1.000000E-06   1.000000E-06   2.248830E-06   1.000000E-06   2.498361E-06   1.000000E-06   1.000000E-06   2.050391E-06
   1.088516E-06   1.000000E-06   1.000000E-06   1.189816E-06   1.782733E-06   1.000000E-06   1.000000E-06   1.000000E-06   1.000000E-06   1.000000E-06   1.000000E-06   1.028078E-06   1.000000E-06   2.349670E-06   2.589123E-06   1.000000E-06   1.000000E-06   1.000000E-06   1.640777E-06   1.000000E-06
   1.521775E-06   1.000000E-06   1.000000E-06   1.000000E-06   1.000000E-06   1.720448E-06   1.000000E-06   1.000000E-06   1.262317E-06   1.000000E-06   1.000000E-06   1.000000E-06   1.000000E-06   1.000000E-06   1.000000E-06   1.000000E-06   1.000000E-06   1.000000E-06   1.000000E-06   1.000000E-06
   1.233532E-06   1.000000E-06   1.222215E-06   1.000000E-06   1.000000E-06   1.000000E-06   1.000000E-06   1.000000E-06   1.000000E-06   1.000000E-06   1.000000E-06   1.000000E-06   1.000000E-06   1.000000E-06   1.000000E-06   1.000000E-06   3.084101E-06   1.000000E-06   1.000000E-06   1.085991E-06
   1.532378E-06   1.621114E-06   2.323112E-06   2.585088E-06   1.000000E-06   1.000000E-06   1.000000E-06   1.000000E-06   1.000000E-06   1.000000E-06   1.391721E-06   3.085480E-06   1.000000E-06   1.000000E-06   1.000000E-06   1.263416E-06   1.000000E-06   1.000000E-06   1.000000E-06   1.000000E-06
   2.460971E-06   1.000000E-06   4.097999E-06   8.106429E-06   3.824281E-06   1.257382E-06   5.094331E-06   1.192596E-06   1.000000E-06   2.982217E-06   1.000000E-06   1.000000E-06   1.000000E-06   1.000000E-06   1.000000E-06   1.000000E-06   1.000000E-06   1.000000E-06   1.000000E-06   1.000000E-06
   4.042294E-06   1.305639E-06   3.368343E-06   1.915143E-06   3.630364E-06   1.200647E-06   1.292595E-06   2.267682E-06   1.000000E-06   2.317359E-06   1.000000E-06   1.167077E-06   1.000000E-06   1.000000E-06   1.000000E-06   1.000000E-06   1.000000E-06   1.000000E-06   1.000000E-06   2.031925E-06
   1.081790E-05   3.750589E-06   3.572522E-06   4.176918E-06   3.504566E-06   1.000000E-06   1.915129E-06   1.926649E-06   1.000000E-06   1.000000E-06   1.000000E-06   1.410880E-06   1.000000E-06   1.000000E-06   1.000000E-06   1.000000E-06   1.000000E-06   1.000000E-06   1.000000E-06   1.955683E-06
   1.000000E-06   1.419793E-06   3.285095E-06   1.542564E-06   1.462061E-06   1.490268E-06   1.000000E-06   1.000000E-06   2.335501E-06   1.232450E-06   1.000000E-06   1.000000E-06   1.961068E-06   1.000000E-06   1.000000E-06   1.000000E-06   1.000000E-06   1.000000E-06   1.000000E-06   1.198439E-06
   1.000000E-06   1.000000E-06   1.000000E-06   8.809002E-06   1.825672E-06   1.000000E-06   1.256459E-06   1.000000E-06   1.000000E-06   1.000000E-06   1.000000E-06   1.069897E-06   1.000000E-06   1.000000E-06   1.000000E-06   1.000000E-06   1.000000E-06   1.016023E-06   1.000000E-06   1.363735E-06
   1.000000E-06   1.000000E-06   1.000000E-06   1.858225E-06   1.000000E-06   1.000000E-06   1.062537E-06   1.319894E-06   1.000000E-06   1.000000E-06   1.000000E-06   1.000000E-06   1.000000E-06   1.000000E-06   1.000000E-06   1.000000E-06   1.665213E-06   1.000000E-06   1.000000E-06   1.000000E-06
   1.000000E-06   1.000000E-06   1.000000E-06   1.000000E-06   1.000000E-06   1.000000E-06   1.000000E-06   1.667296E-06   1.000000E-06   1.000000E-06   1.000000E-06   1.000000E-06   1.000000E-06   1.000000E-06   1.000000E-06   2.480696E-06   1.000000E-06   3.959176E-06   1.000000E-06   1.000000E-06
   1.000000E-06   1.000000E-06   1.000000E-06   1.000000E-06   1.404217E-06   1.132422E-06   1.104944E-06   1.000000E-06   1.000000E-06   1.000000E-06   1.000000E-06   2.794584E-06   1.000000E-06   1.000000E-06   1.000000E-06   1.000000E-06   1.094605E-06   1.000000E-06   2.225752E-06   1.000000E-06
   1.000000E-06   1.000000E-06   1.000000E-06   1.000000E-06   1.000000E-06   1.000000E-06   1.000000E-06   1.000000E-06   1.000000E-06   1.000000E-06   1.000000E-06   1.000000E-06   1.000000E-06   1.000000E-06   1.000000E-06   1.000000E-06   1.000000E-06   1.493700E-06   1.000000E-06   1.000000E-06
   1.000000E-06   1.000000E-06   1.000000E-06   1.000000E-06   1.000000E-06   3.963377E-06   1.180909E-06   1.333181E-06   1.000000E-06   1.000000E-06   1.000000E-06   1.000000E-06   1.369293E-06   1.269841E-06   2.678647E-06   1.000000E-06   1.000000E-06   1.000000E-06   1.000000E-06   1.000000E-06
   1.000000E-06   1.000000E-06   1.000000E-06   1.000000E-06   1.000000E-06   1.000000E-06   1.000000E-06   1.845630E-06   1.000000E-06   1.000000E-06   1.000000E-06   1.000000E-06   1.000000E-06   3.713883E-06   1.000000E-06   1.034623E-06   1.000000E-06   1.000000E-06   1.000000E-06   1.000000E-06
