   1.998630E-04   1.541420E-04   6.492383E-05   1.013446E-04   2.000000E-04   1.604101E-04   1.037672E-04   1.237512E-04   2.000000E-04   2.000000E-04   2.000000E-04   2.000000E-04   5.277419E-05   2.000000E-04   2.000000E-04   9.211504E-05   2.000000E-04   2.000000E-04   8.394510E-05   2.000000E-04
   1.013671E-04   2.000000E-04   4.884425E-05   1.450011E-04   4.080599E-05   9.470168E-05   8.481284E-05   5.105170E-05   2.000000E-04   6.673227E-05   1.441910E-04   2.000000E-04   9.923458E-05   2.000000E-04   1.568870E-04   1.425940E-04   1.040645E-04   7.469499E-05   1.041500E-04   9.434619E-05
   1.079958E-04   1.074938E-04   4.988317E-05   2.000000E-04   1.085826E-04   8.934494E-05   1.804903E-04   9.116249E-05   8.471566E-05   1.650994E-04   2.000000E-04   2.000000E-04   1.555903E-04   1.542528E-04   2.000000E-04   2.000000E-04   1.716984E-04   2.000000E-04   1.065316E-04   2.000000E-04
   2.000000E-04   8.513199E-05   1.094025E-04   2.000000E-04   5.667381E-05   2.000000E-04   1.934787E-04   6.569738E-05   2.000000E-04   2.000000E-04   5.176120E-05   2.000000E-04   2.000000E-04   2.000000E-04   1.240191E-04   2.000000E-04   1.184146E-04   1.295763E-04   2.000000E-04   2.000000E-04
   1.901783E-04   5.368448E-05   2.000000E-04   2.000000E-04   4.025584E-05   1.086296E-04   4.106507E-05   1.171138E-04   4.965981E-05   6.226095E-05   1.170166E-04   1.706366E-04   2.000000E-04   9.019595E-05   2.000000E-04   7.909450E-05   4.438929E-05   2.000000E-04   1.982891E-04   2.000000E-04
   2.000000E-04   1.846033E-04   5.882558E-05   3.633986E-05   2.000000E-04   4.805585E-05   2.076148E-05   4.466291E-05   9.337827E-05   1.223464E-04   2.192309E-05   3.749170E-05   5.259285E-05   2.988993E-05   1.431298E-04   2.000000E-04   2.000000E-04   7.496852E-05   1.106194E-04   1.607859E-04
   2.611601E-05   6.611431E-05   7.918657E-05   1.032489E-04   1.019350E-04   1.163485E-04   6.448237E-05   6.233854E-05   2.585356E-05   8.595000E-05   1.111549E-04   2.000000E-05   7.844606E-05   8.106349E-05   1.219783E-04   1.917178E-04   2.000000E-04   7.480334E-05   1.152974E-04   7.745926E-05
   2.000000E-04   1.421938E-04   5.255678E-05   1.005759E-04   2.661776E-05   7.316402E-05   5.837116E-05   1.890792E-04   6.750974E-05   4.982603E-05   2.194486E-05   3.474735E-05   1.345891E-04   1.119668E-04   9.385063E-05   2.000000E-04   8.911941E-05   1.461474E-04   8.232336E-05   2.642250E-05
   6.179707E-05   1.399653E-04   2.000000E-04   2.000000E-04   9.088677E-05   9.088677E-05   9.088677E-05   2.000000E-05   7.748020E-05   1.160228E-04   4.789735E-05   4.245894E-05   4.755095E-05   4.800850E-05   7.654942E-05   2.000000E-04   1.164930E-04   1.725889E-04   2.000000E-04   5.635033E-05
   2.000000E-04   1.658080E-04   1.710848E-04   2.000000E-04   9.088677E-05   9.088677E-05   9.088677E-05   9.088677E-05   2.000000E-04   1.680286E-04   4.102495E-05   9.522820E-05   2.000000E-04   3.197099E-05   8.145328E-05   8.790737E-05   2.000000E-04   1.285996E-04   2.464056E-05   4.368479E-05
   2.000000E-04   1.723089E-04   9.969640E-05   7.686240E-05   9.088677E-05   9.088677E-05   9.088677E-05   9.088677E-05   2.095873E-05   3.239491E-05   3.511223E-05   6.470525E-05   1.146223E-04   1.141473E-04   4.376757E-05   1.231562E-04   6.084946E-05   2.000000E-04   2.000000E-04   2.000000E-04
   6.238408E-05   1.384778E-04   1.131796E-04   2.425861E-05   9.088677E-05   9.088677E-05   9.088677E-05   9.088677E-05   2.000000E-04   2.000000E-05   1.037429E-04   8.509619E-05   2.000000E-04   3.294091E-05   1.891979E-04   7.679357E-05   8.739242E-05   2.000000E-04   5.878463E-05   2.000000E-04
   2.000000E-04   2.108840E-05   6.485437E-05   6.024798E-05   9.088677E-05   9.088677E-05   9.088677E-05   9.088677E-05   5.801474E-05   2.000000E-04   7.742549E-05   8.555759E-05   1.374347E-04   3.752985E-05   1.538038E-04   3.963291E-05   2.248516E-05   1.520484E-04   4.752837E-05   1.182140E-04
   1.806032E-04   2.000000E-04   2.000000E-04   2.000000E-04   9.088677E-05   9.088677E-05   9.088677E-05   9.088677E-05   6.337184E-05   7.685150E-05   2.000000E-04   2.000000E-04   2.000000E-04   1.045053E-04   7.633875E-05   8.980552E-05   3.574588E-05   8.921980E-05   7.820970E-05   1.006838E-04
   1.301430E-04   2.000000E-04   8.471106E-05   1.665637E-04   9.088677E-05   9.088677E-05   9.088677E-05   9.088677E-05   4.631701E-05   1.086340E-04   2.000000E-04   6.808570E-05   6.091969E-05   1.400024E-04   1.459214E-04   1.763956E-04   2.149729E-05   1.561847E-04   4.027912E-05   1.700591E-04
   7.867063E-05   2.000000E-04   2.000000E-04   7.919193E-05   9.088677E-05   9.088677E-05   9.088677E-05   9.088677E-05   1.254209E-04   2.000000E-04   2.000000E-04   4.306668E-05   1.109119E-04   5.526708E-05   3.054384E-05   2.000000E-04   9.822180E-05   1.619253E-04   7.564611E-05   4.550768E-05
   1.235000E-04   2.000000E-04   1.089833E-04   3.833644E-05   9.088677E-05   9.088677E-05   9.088677E-05   9.088677E-05   2.000000E-04   3.744936E-05   2.943895E-05   2.000000E-04   2.000000E-04   1.349000E-04   1.756272E-04   2.000000E-04   2.284760E-05   1.365790E-04   7.420073E-05   2.287064E-05
   2.000000E-04   2.000000E-04   1.436315E-04   1.478706E-04   9.088677E-05   9.088677E-05   9.088677E-05   9.088677E-05   1.186267E-04   8.744259E-05   1.052840E-04   1.814201E-04   3.437827E-05   1.894004E-04   4.906801E-05   7.412153E-05   5.549470E-05   1.265208E-04   9.318169E-05   1.762192E-04
   1.359133E-04   2.000000E-04   2.000000E-04   6.976566E-05   9.088677E-05   9.088677E-05   9.088677E-05   9.088677E-05   4.852161E-05   8.221272E-05   2.000000E-04   2.000000E-04   2.181138E-05   1.465976E-04   5.235600E-05   2.151345E-05   1.807906E-04   1.431307E-04   5.947229E-05   8.341226E-05
   1.042276E-04   7.308505E-05   1.088271E-04   1.413499E-04   9.088677E-05   9.088677E-05   9.088677E-05   9.088677E-05   8.985574E-05   5.471411E-05   2.000000E-04   9.787306E-05   1.257334E-04   3.057381E-05   2.000000E-04   1.719421E-04   1.549345E-04   1.067315E-04   6.021141E-05   7.752870E-05
   2.000000E-04   2.000000E-04   8.630533E-05   1.772449E-04   9.088677E-05   9.088677E-05   9.088677E-05   9.088677E-05   2.000000E-04   1.011832E-04   3.873840E-05   9.276606E-05   2.000000E-04   2.000000E-04   7.893658E-05   2.000000E-04   1.471395E-04   3.135079E-05   2.033911E-05   2.000000E-05
   4.670883E-05   1.445245E-04   4.141089E-05   1.873462E-04   9.088677E-05   9.088677E-05   6.526232E-05   6.444299E-05   7.769174E-05   9.363428E-05   2.000000E-04   2.000000E-04   1.836885E-04   8.052878E-05   7.014090E-05   1.200104E-04   1.648135E-04   2.000000E-04   1.603945E-04   6.408215E-05
   1.102242E-04   2.000000E-05   3.430940E-05   2.000000E-04   1.183277E-04   9.088677E-05   1.967903E-04   1.460497E-04   7.043812E-05   2.000000E-04   7.708739E-05   1.763967E-04   2.000000E-04   1.189924E-04   1.699546E-04   4.291432E-05   1.130594E-04   1.011579E-04   1.323557E-04   1.158871E-04
   2.000000E-04   2.476450E-05   1.646791E-04   5.088476E-05   7.784121E-05   1.073433E-04   1.530152E-04   6.230720E-05   2.000000E-04   2.000000E-04   2.000000E-04   2.000000E-04   9.074268E-05   3.336310E-05   4.370467E-05   2.000000E-04   6.142898E-05   2.000000E-04   4.771868E-05   6.111712E-05
   3.968769E-05   1.749508E-04   2.000000E-04   1.950115E-04   2.000000E-04   2.000000E-04   2.000000E-04   1.750615E-04   3.986724E-05   2.000000E-04   1.171923E-04   2.000000E-04   2.000000E-04   6.909995E-05   2.507914E-05   3.648978E-05   2.955537E-05   1.294784E-04   2.122078E-05   9.523813E-05
   1.355655E-04   1.594430E-04   2.000000E-04   7.638105E-05   1.288943E-04   2.000000E-04   7.960787E-05   1.182230E-04   7.878910E-05   1.422713E-04   1.409067E-04   2.000000E-04   1.981135E-04   1.245132E-04   6.336495E-05   2.000000E-04   1.690480E-04   1.127641E-04   1.611344E-04   6.311208E-05
   2.000000E-04   2.000000E-04   2.000000E-04   2.000000E-04   1.922645E-04   1.408246E-04   8.422998E-05   2.000000E-04   4.609943E-05   2.000000E-04   2.000000E-04   1.539560E-04   2.000000E-04   1.260150E-04   1.186636E-04   1.229463E-04   6.575587E-05   8.747154E-05   6.975809E-05   1.203422E-04
   2.000000E-04   2.000000E-04   2.000000E-04   1.493605E-04   2.000000E-04   1.569327E-04   4.689650E-05   2.976199E-05   8.246485E-05   2.000000E-04   2.000000E-04   1.393709E-04   2.000000E-04   9.242945E-05   2.000000E-04   2.000000E-05   4.492622E-05   3.601663E-05   9.778390E-05   1.060167E-04
   2.000000E-04   2.000000E-04   3.501821E-05   2.000000E-04   8.120650E-05   6.625730E-05   5.141400E-05   1.761982E-04   1.976037E-04   2.000000E-04   2.000000E-04   2.000000E-04   2.000000E-04   2.000000E-04   2.000000E-04   1.832841E-04   2.362151E-05   1.731749E-04   4.534011E-05   1.175948E-04
   5.251701E-05   2.000000E-04   2.000000E-04   2.000000E-04   1.088014E-04   5.872634E-05   1.216525E-04   5.380326E-05   1.537708E-04   2.000000E-04   1.666577E-04   7.802168E-05   2.000000E-04   3.987639E-05   1.504475E-04   1.165090E-04   4.377629E-05   2.548730E-05   2.000000E-04   8.678529E-05
   2.220796E-05   2.000000E-04   1.027088E-04   2.000000E-04   9.982513E-05   2.000000E-04   9.887531E-05   2.000000E-04   5.617457E-05   1.696449E-04   2.000000E-04   1.178931E-04   2.000000E-04   2.000000E-04   3.423852E-05   2.000000E-04   8.603401E-05   4.670929E-05   5.494695E-05   6.586532E-05
   2.000000E-04   1.281120E-04   3.997196E-05   6.994299E-05   7.865632E-05   4.932415E-05   5.231684E-05   1.694326E-04   2.000000E-04   1.437701E-04   1.754902E-04   2.000000E-04   1.589679E-04   1.608887E-04   1.414185E-04   2.000000E-04   2.000000E-04   9.303618E-05   2.000000E-04   1.293829E-04
   9.088677E-05   4.240835E-05   2.000000E-04   1.425230E-04   2.000000E-04   7.043894E-05   5.237149E-05   4.425647E-05   1.912901E-04   7.769300E-05   1.096612E-04   2.000000E-04   2.000000E-04   1.120411E-04   8.772788E-05   4.019594E-05   2.559187E-05   2.000000E-04   7.802119E-05   5.153090E-05
   9.088677E-05   9.088677E-05   1.133523E-04   2.000000E-05   2.000000E-04   3.947020E-05   6.602249E-05   1.050258E-04   2.000000E-04   2.000000E-04   2.000000E-04   2.000000E-04   2.000000E-04   1.010104E-04   1.392421E-04   2.000000E-04   5.915467E-05   2.000000E-04   3.944620E-05   6.240929E-05
   9.088677E-05   9.088677E-05   9.088677E-05   5.936656E-05   4.547216E-05   1.408491E-04   3.564008E-05   6.115742E-05   1.461997E-04   1.991678E-04   2.000000E-04   2.000000E-04   2.000000E-04   1.059247E-04   1.551196E-04   3.923858E-05   6.458159E-05   4.721384E-05   7.448902E-05   2.000000E-04
   9.088677E-05   9.088677E-05   9.088677E-05   9.088677E-05   2.367528E-05   2.000000E-05   8.423063E-05   2.000000E-04   2.000000E-04   2.000000E-04   1.068934E-04   2.000000E-04   8.604635E-05   1.466461E-04   7.846456E-05   1.053475E-04   2.767301E-05   7.445354E-05   1.309292E-04   9.088677E-05
   9.088677E-05   9.088677E-05   9.088677E-05   9.088677E-05   8.693582E-05   1.144706E-04   7.370943E-05   2.000000E-04   2.000000E-04   1.549131E-04   2.000000E-04   2.000000E-04   2.000000E-04   2.351038E-05   1.714603E-04   9.021875E-05   1.916030E-04   1.089763E-04   8.612103E-05   9.088677E-05
   9.088677E-05   9.088677E-05   9.088677E-05   9.088677E-05   9.088677E-05   2.000000E-04   1.933042E-04   2.000000E-04   1.607164E-04   5.621154E-05   1.523890E-04   1.519399E-04   1.668746E-04   1.019184E-04   2.000000E-04   1.487563E-04   5.244203E-05   2.000000E-04   9.088677E-05   9.088677E-05
   9.088677E-05   9.088677E-05   9.088677E-05   9.088677E-05   9.088677E-05   2.000000E-04   1.117615E-04   1.247565E-04   2.000000E-04   2.000000E-04   2.000000E-04   2.000000E-04   5.925868E-05   3.813003E-05   2.000000E-04   7.837911E-05   9.829861E-05   9.088677E-05   9.088677E-05   9.088677E-05
   9.088677E-05   9.088677E-05   9.088677E-05   9.088677E-05   9.088677E-05   1.081145E-04   2.000000E-04   2.691914E-05   7.721152E-05   2.819005E-05   2.000000E-04   7.550019E-05   7.288883E-05   2.000000E-04   1.319760E-04   2.000000E-04   9.088677E-05   9.088677E-05   9.088677E-05   9.088677E-05
