   1.805147E-04   1.852187E-04   2.000000E-04   1.424697E-04   2.000000E-04   1.288386E-04   1.129114E-04   1.614621E-04   2.000000E-04   3.368979E-05   1.876049E-04   8.924584E-05   5.041738E-05   2.000000E-04   6.160784E-05   6.541520E-05   1.383271E-04   7.034733E-05   2.000000E-04   2.000000E-04
   2.000000E-04   8.346598E-05   2.000000E-04   2.000000E-04   2.000000E-04   2.000000E-04   2.000000E-04   2.000000E-04   1.549917E-04   1.232986E-04   2.000000E-04   1.595125E-04   1.157467E-04   1.382816E-04   6.331257E-05   1.201878E-04   7.229300E-05   2.000000E-04   4.498393E-05   8.081444E-05
   2.000000E-04   1.736884E-04   2.000000E-04   2.000000E-04   1.449354E-04   1.228757E-04   2.000000E-04   1.451814E-04   2.000000E-04   1.761653E-04   1.232583E-04   2.000000E-04   4.354255E-05   5.373057E-05   9.342084E-05   1.019487E-04   2.000000E-04   1.446185E-04   5.310219E-05   4.489545E-05
   6.796204E-05   2.000000E-04   2.000000E-04   1.711374E-04   1.130872E-04   7.123397E-05   2.000000E-04   2.000000E-04   2.000000E-04   8.233584E-05   2.000000E-04   1.056980E-04   1.062572E-04   2.000000E-04   1.917373E-04   1.790449E-04   2.000000E-04   1.931906E-04   3.578159E-05   1.877904E-04
   8.681187E-05   2.000000E-04   2.000000E-04   1.856912E-04   2.000000E-04   2.000000E-04   1.844712E-04   9.351854E-05   3.277182E-05   6.000774E-05   2.000000E-04   1.135290E-04   2.000000E-04   2.000000E-04   1.941703E-04   2.000000E-04   1.748955E-04   2.000000E-04   2.000000E-04   2.000000E-04
   2.000000E-04   2.000000E-04   5.644302E-05   4.519620E-05   1.298548E-04   2.000000E-04   7.866252E-05   7.072584E-05   7.098556E-05   2.000000E-04   2.000000E-04   6.272630E-05   2.000000E-04   4.619939E-05   2.000000E-04   2.000000E-04   1.082997E-04   2.000000E-04   2.000000E-04   1.263463E-04
   7.361401E-05   2.000000E-04   1.877376E-04   4.595912E-05   2.000000E-04   2.000000E-04   4.719315E-05   1.786882E-04   2.000000E-04   2.583784E-05   9.189432E-05   4.213095E-05   1.987379E-04   2.000000E-04   1.328827E-04   6.446569E-05   1.507238E-04   1.515224E-04   2.000000E-04   1.905565E-04
   2.000000E-04   2.000000E-04   6.813773E-05   1.453535E-04   2.000000E-04   1.107787E-04   2.000000E-04   2.000000E-04   6.649522E-05   3.842373E-05   7.418055E-05   1.465999E-04   5.836494E-05   2.000000E-04   2.000000E-04   1.953532E-04   9.626959E-05   2.000000E-04   2.000000E-04   1.134017E-04
   5.652704E-05   7.461965E-05   1.227111E-04   1.273136E-04   9.576539E-05   9.576539E-05   9.576539E-05   3.180098E-05   4.515545E-05   1.637296E-04   1.031037E-04   1.141903E-04   1.275648E-04   8.179889E-05   2.000000E-04   2.000000E-04   2.000000E-04   4.503393E-05   2.000000E-04   2.000000E-04
   1.427879E-04   2.000000E-04   1.257239E-04   1.223365E-04   9.576539E-05   9.576539E-05   9.576539E-05   9.576539E-05   1.759057E-04   1.317144E-04   8.073031E-05   7.990540E-05   2.000000E-04   2.000000E-04   5.636030E-05   1.405215E-04   6.956648E-05   4.665282E-05   8.654255E-05   6.785309E-05
   2.000000E-04   1.510064E-04   2.000000E-04   1.971575E-04   9.576539E-05   9.576539E-05   9.576539E-05   9.576539E-05   4.156404E-05   1.816461E-04   1.540621E-04   2.944195E-05   2.000000E-04   1.205843E-04   2.000000E-04   2.000000E-04   4.162905E-05   1.097799E-04   1.638705E-04   1.423764E-04
   2.000000E-04   2.000000E-04   5.602208E-05   4.047039E-05   9.576539E-05   9.576539E-05   9.576539E-05   9.576539E-05   9.095207E-05   7.317342E-05   1.612948E-04   6.780069E-05   3.609524E-05   7.336102E-05   1.534168E-04   1.527480E-04   1.787215E-04   2.000000E-04   1.828047E-04   1.960192E-04
   2.000000E-04   2.000000E-04   2.000000E-04   5.600088E-05   9.576539E-05   9.576539E-05   9.576539E-05   9.576539E-05   1.661751E-04   5.107889E-05   4.039728E-05   1.517043E-04   1.224055E-04   5.854929E-05   2.000000E-04   8.970624E-05   1.486406E-04   2.000000E-04   9.539123E-05   2.000000E-04
   2.000000E-04   7.716009E-05   2.000000E-04   1.516267E-04   9.576539E-05   9.576539E-05   9.576539E-05   9.576539E-05   8.784542E-05   1.995438E-04   1.579790E-04   1.686866E-04   1.627431E-04   2.000000E-04   1.569125E-04   1.893724E-04   8.101418E-05   2.000000E-04   2.000000E-04   2.000000E-04
   2.000000E-04   8.947071E-05   2.000000E-04   2.000000E-04   9.576539E-05   9.576539E-05   9.576539E-05   9.576539E-05   5.055906E-05   2.000000E-04   6.112048E-05   2.000000E-04   2.000000E-04   1.745666E-04   2.000000E-04   2.000000E-04   1.614667E-04   1.028714E-04   5.837798E-05   1.943632E-04
   2.000000E-04   1.414591E-04   2.000000E-04   2.000000E-04   9.576539E-05   9.576539E-05   9.576539E-05   9.576539E-05   8.730740E-05   1.027935E-04   8.407076E-05   2.000000E-04   1.402332E-04   2.000000E-04   8.502222E-05   2.000000E-04   7.859597E-05   8.514864E-05   2.000000E-04   7.443247E-05
   2.000000E-04   1.647456E-04   1.161746E-04   2.000000E-04   9.576539E-05   9.576539E-05   9.576539E-05   9.576539E-05   2.000000E-04   2.000000E-04   2.000000E-04   1.192679E-04   6.730057E-05   2.000000E-04   2.000000E-04   1.938211E-04   2.000000E-04   2.000000E-04   9.159058E-05   2.000000E-04
   8.481729E-05   9.837481E-05   2.000000E-04   9.622938E-05   9.576539E-05   9.576539E-05   9.576539E-05   9.576539E-05   2.000000E-04   1.358950E-04   1.197124E-04   2.000000E-04   1.034935E-04   1.238863E-04   5.397534E-05   2.000000E-04   4.834211E-05   2.000000E-04   4.318190E-05   5.506508E-05
   2.000000E-04   1.514655E-04   1.831878E-04   1.270804E-04   9.576539E-05   9.576539E-05   9.576539E-05   9.576539E-05   1.564666E-04   2.000000E-04   6.288342E-05   4.497430E-05   2.000000E-04   2.691640E-05   1.055006E-04   5.878961E-05   1.830960E-04   4.019809E-05   1.420390E-04   7.868124E-05
   9.681771E-05   2.000000E-04   5.545042E-05   1.273734E-04   9.576539E-05   9.576539E-05   9.576539E-05   9.576539E-05   2.000000E-04   2.000000E-04   8.895410E-05   2.000000E-04   2.000000E-04   2.000000E-04   2.000000E-04   7.312670E-05   1.807730E-04   1.363098E-04   3.699787E-05   2.000000E-04
   9.172447E-05   2.381116E-05   5.492662E-05   8.677863E-05   9.576539E-05   9.576539E-05   9.576539E-05   9.576539E-05   2.000000E-04   1.623206E-04   4.411095E-05   2.000000E-04   2.000000E-04   1.005385E-04   1.401987E-04   2.000000E-04   9.836059E-05   1.025943E-04   1.489089E-04   4.630954E-05
   4.799376E-05   2.235203E-05   7.880407E-05   3.598572E-05   9.576539E-05   9.576539E-05   2.000000E-04   2.000000E-04   2.000000E-04   2.000000E-04   2.000000E-04   2.000000E-04   1.025788E-04   1.585076E-04   4.641723E-05   1.791117E-04   6.024018E-05   2.000000E-04   2.000000E-04   3.182283E-05
   3.561229E-05   1.410895E-04   7.754016E-05   1.397089E-04   7.579027E-05   9.576539E-05   2.000000E-04   5.661352E-05   1.025818E-04   2.000000E-04   2.000000E-04   2.000000E-04   2.000000E-04   1.640110E-04   2.000000E-04   2.000000E-04   1.440453E-04   8.368894E-05   4.734664E-05   1.507163E-04
   7.950326E-05   1.107791E-04   1.287064E-04   3.709567E-05   5.791334E-05   2.000000E-04   1.436148E-04   2.000000E-04   1.554342E-04   2.000000E-04   1.296201E-04   1.477709E-04   2.000000E-04   1.928128E-04   2.000000E-04   7.867479E-05   5.487359E-05   2.000000E-04   4.041834E-05   1.108625E-04
   1.341873E-04   2.000000E-05   2.000000E-05   1.554744E-04   1.787540E-04   2.000000E-04   2.000000E-04   1.545791E-04   1.226607E-04   2.000000E-04   2.000000E-04   2.000000E-04   3.634294E-05   7.370023E-05   2.000000E-04   1.933635E-04   1.660795E-04   9.837877E-05   7.036817E-05   5.042417E-05
   2.383876E-05   2.000000E-05   2.000000E-04   5.771199E-05   3.432802E-05   7.090634E-05   2.000000E-04   7.635275E-05   2.000000E-04   2.000000E-04   1.669144E-04   1.284091E-04   2.000000E-04   2.000000E-04   1.962065E-04   1.709652E-04   6.675167E-05   4.314400E-05   8.576945E-05   7.805258E-05
   5.338473E-05   1.508828E-04   8.633265E-05   6.426450E-05   5.821974E-05   1.564383E-04   1.865432E-04   1.384913E-04   7.221090E-05   2.000000E-04   8.332404E-05   9.896822E-05   1.650548E-04   2.000000E-04   1.661963E-04   1.751658E-04   9.347657E-05   9.916254E-05   4.868453E-05   1.116205E-04
   1.019526E-04   1.772192E-04   6.742416E-05   2.000000E-04   1.258588E-04   2.000000E-04   1.697689E-04   1.134127E-04   1.533941E-04   1.230727E-04   9.655814E-05   2.000000E-04   4.458291E-05   2.000000E-04   1.540758E-04   5.697238E-05   3.918133E-05   2.000000E-04   9.093937E-05   9.979560E-05
   7.030189E-05   9.952116E-05   6.360457E-05   5.807771E-05   2.000000E-04   5.919838E-05   2.000000E-04   1.348335E-04   3.817489E-05   4.352262E-05   1.641262E-04   2.000000E-04   2.000000E-04   4.109333E-05   2.000000E-04   1.697799E-04   5.055369E-05   4.602920E-05   4.376576E-05   5.231088E-05
   2.000000E-04   9.332862E-05   2.000000E-04   4.556872E-05   1.656583E-04   1.455114E-04   6.385143E-05   1.157967E-04   2.000000E-04   1.193857E-04   2.000000E-04   6.080145E-05   2.512528E-05   2.000000E-04   3.438958E-05   3.116209E-05   2.767253E-05   3.651159E-05   5.569677E-05   1.069899E-04
   4.451352E-05   2.000000E-05   1.425396E-04   3.973250E-05   1.997109E-04   1.780214E-04   1.609234E-04   1.145464E-04   2.000000E-04   1.187132E-04   4.902476E-05   2.000000E-04   2.000000E-04   2.000000E-04   7.754287E-05   1.639291E-04   9.007643E-05   8.964406E-05   4.914135E-05   3.415375E-05
   5.072942E-05   4.198566E-05   1.064416E-04   6.318831E-05   1.996201E-04   3.915356E-05   2.000000E-04   2.809265E-05   1.521119E-04   1.735857E-04   1.177926E-04   2.000000E-04   1.203810E-04   2.000000E-04   2.000000E-04   2.000000E-04   2.000000E-04   1.665146E-04   4.614336E-05   9.540316E-05
   9.576539E-05   1.474997E-04   1.749351E-04   1.096211E-04   5.928014E-05   8.943409E-05   9.027121E-05   6.021022E-05   2.000000E-04   6.716723E-05   1.032880E-04   1.211854E-04   2.000000E-04   1.824515E-04   7.111676E-05   1.692809E-04   2.000000E-04   1.823433E-04   2.000000E-04   1.529316E-04
   9.576539E-05   9.576539E-05   1.159523E-04   1.556500E-04   1.046097E-04   6.441179E-05   5.112644E-05   9.450519E-05   7.711959E-05   1.427032E-04   2.000000E-04   5.031856E-05   1.569404E-04   1.389499E-04   5.207483E-05   1.202717E-04   1.005246E-04   1.089495E-04   1.214164E-04   1.888709E-04
   9.576539E-05   9.576539E-05   9.576539E-05   5.493112E-05   9.919107E-05   2.000000E-04   5.229594E-05   1.043076E-04   2.000000E-04   2.000000E-04   3.791762E-05   2.650609E-05   6.168804E-05   3.919842E-05   7.095797E-05   1.106195E-04   9.064318E-05   1.115871E-04   5.029730E-05   9.989363E-05
   9.576539E-05   9.576539E-05   9.576539E-05   9.576539E-05   6.367067E-05   1.883860E-04   1.160259E-04   2.000000E-04   2.000000E-04   1.368180E-04   1.149022E-04   4.971643E-05   4.658698E-05   7.598099E-05   1.801283E-04   5.592779E-05   6.211368E-05   2.000000E-04   4.531381E-05   9.576539E-05
   9.576539E-05   9.576539E-05   9.576539E-05   9.576539E-05   3.997697E-05   3.606752E-05   7.968859E-05   6.478263E-05   6.124119E-05   6.182523E-05   1.115207E-04   9.912244E-05   1.488511E-04   2.000000E-04   8.067486E-05   7.281714E-05   3.344387E-05   4.939698E-05   4.089978E-05   9.576539E-05
   9.576539E-05   9.576539E-05   9.576539E-05   9.576539E-05   9.576539E-05   3.730881E-05   1.082629E-04   1.704264E-04   1.148971E-04   9.600056E-05   8.133838E-05   2.000000E-04   2.000000E-04   2.005394E-05   1.883740E-04   5.340208E-05   1.011191E-04   9.488900E-05   9.576539E-05   9.576539E-05
   9.576539E-05   9.576539E-05   9.576539E-05   9.576539E-05   9.576539E-05   2.000000E-05   7.082761E-05   5.207092E-05   2.000000E-04   1.237644E-04   7.281899E-05   9.177824E-05   1.891774E-04   4.312771E-05   1.306023E-04   2.000000E-04   6.462024E-05   9.576539E-05   9.576539E-05   9.576539E-05
   9.576539E-05   9.576539E-05   9.576539E-05   9.576539E-05   9.576539E-05   5.442624E-05   1.739265E-04   1.510436E-04   2.000000E-04   6.686187E-05   7.520933E-05   9.720968E-05   2.000000E-04   3.488304E-05   1.355305E-04   8.078093E-05   9.576539E-05   9.576539E-05   9.576539E-05   9.576539E-05
