   2.000000E-05   6.350510E-05   2.575523E-05   3.497213E-05   2.000000E-05   2.491238E-05   6.681316E-05   3.192316E-05   3.289999E-05   2.715876E-05   2.000000E-05   4.321234E-05   2.000000E-05   2.000000E-05   3.491250E-05   2.962686E-05   3.546307E-05   3.042455E-05   2.000000E-05   2.000000E-05
   5.630043E-05   9.300806E-05   3.379588E-05   8.694771E-05   2.693570E-05   1.006689E-04   3.103479E-05   4.489602E-05   2.000000E-05   2.000000E-05   2.984335E-05   2.000000E-05   7.453261E-05   2.000000E-05   2.000000E-05   5.826712E-05   2.000000E-05   2.000000E-05   2.000000E-05   2.000000E-05
   2.000000E-05   2.790905E-05   2.000000E-05   2.000000E-05   2.760628E-05   4.665233E-05   2.335677E-05   2.000000E-05   2.506246E-05   2.000000E-05   2.000000E-05   2.000000E-05   2.385948E-05   2.000000E-05   2.000000E-05   2.000000E-05   2.000000E-05   3.288825E-05   2.162722E-05   2.000000E-05
   4.060178E-05   2.122475E-05   2.000000E-05   5.740970E-05   2.000000E-05   2.000000E-05   2.000000E-05   2.000000E-05   2.000000E-05   4.068398E-05   4.092601E-05   2.000000E-05   3.476575E-05   2.456483E-05   4.103363E-05   2.000000E-05   2.305659E-05   2.000000E-05   3.020040E-05   2.000000E-05
   6.290367E-05   2.000000E-05   2.751253E-05   2.000000E-05   2.000000E-05   2.000000E-05   2.535041E-05   2.000000E-05   6.131565E-05   2.000000E-05   2.000000E-05   2.000000E-05   2.000000E-05   2.000000E-05   2.000000E-05   2.000000E-05   2.000000E-05   9.604501E-05   2.000000E-05   2.000000E-05
   2.000000E-05   3.392316E-05   2.000000E-05   3.479495E-05   2.326933E-05   3.763894E-05   4.921625E-05   2.000000E-05   4.966395E-05   2.139204E-05   4.383648E-05   2.000000E-05   2.977901E-05   2.000000E-05   2.912052E-05   2.000000E-05   2.217985E-05   2.000000E-05   2.000000E-05   2.000000E-05
   2.000000E-05   2.000000E-05   2.000000E-05   2.000000E-05   2.000000E-05   8.893883E-05   2.000000E-05   1.561586E-04   6.305926E-05   2.218209E-05   2.000000E-05   2.000000E-05   2.000000E-05   3.583855E-05   2.000000E-05   4.735669E-05   7.631901E-05   3.270367E-05   2.000000E-05   2.000000E-05
   2.000000E-05   2.000000E-05   2.000000E-05   2.795930E-05   2.000000E-05   2.000000E-05   8.928577E-05   2.000000E-05   1.229329E-04   2.000000E-05   2.000000E-05   2.268168E-05   2.000000E-05   2.000000E-05   2.000000E-05   9.970148E-05   2.829483E-05   2.000000E-05   1.218263E-04   2.000000E-05
   2.000000E-05   2.000000E-05   2.000000E-05   2.000000E-05   2.972613E-05   2.972613E-05   2.972613E-05   2.000000E-05   3.542004E-05   4.307162E-05   2.000000E-05   2.000000E-05   2.783520E-05   3.078042E-05   3.779082E-05   3.006685E-05   2.386468E-05   4.665743E-05   2.646786E-05   3.310444E-05
   2.000000E-05   3.108321E-05   2.000000E-05   2.000000E-05   2.972613E-05   2.972613E-05   2.972613E-05   2.972613E-05   3.098923E-05   2.000000E-05   2.000000E-05   2.311371E-05   2.000000E-05   2.169349E-05   1.026057E-04   3.436574E-05   6.214695E-05   2.000000E-05   2.000000E-05   3.482107E-05
   2.000000E-05   2.000000E-05   2.000000E-05   2.000000E-05   2.972613E-05   2.972613E-05   2.972613E-05   2.972613E-05   2.000000E-05   2.189919E-05   2.000000E-05   2.000000E-05   8.395030E-05   2.000000E-05   3.457322E-05   2.000000E-05   2.000000E-05   5.071268E-05   2.000000E-05   2.000000E-05
   2.157157E-05   2.000000E-05   2.000000E-05   2.000000E-05   2.972613E-05   2.972613E-05   2.972613E-05   2.972613E-05   3.524652E-05   2.000000E-05   3.126910E-05   2.101899E-05   2.000000E-05   2.063548E-05   2.000000E-05   2.000000E-05   2.793146E-05   3.707804E-05   4.524108E-05   7.255150E-05
   2.000000E-05   2.000000E-05   2.000000E-05   2.000000E-05   2.972613E-05   2.972613E-05   2.972613E-05   2.972613E-05   2.425561E-05   4.752443E-05   2.000000E-05   2.000000E-05   2.520233E-05   3.936834E-05   2.000000E-05   9.558663E-05   2.000000E-05   2.000000E-05   8.572060E-05   2.996296E-05
   2.000000E-05   3.262854E-05   2.000000E-05   2.434618E-05   2.972613E-05   2.972613E-05   2.972613E-05   2.972613E-05   2.000000E-05   2.746091E-05   2.000000E-05   7.391339E-05   8.602303E-05   2.748713E-05   2.379311E-05   1.120019E-04   2.000000E-05   3.935924E-05   2.000000E-05   3.559151E-05
   3.521870E-05   2.000000E-05   2.000000E-05   2.000000E-05   2.972613E-05   2.972613E-05   2.972613E-05   2.972613E-05   2.000000E-05   2.000000E-05   3.882017E-05   3.490347E-05   2.000000E-05   2.102291E-05   2.000000E-05   1.041126E-04   2.000000E-05   3.010489E-05   4.565921E-05   3.766320E-05
   4.217220E-05   8.033535E-05   7.331779E-05   2.903206E-05   2.972613E-05   2.972613E-05   2.972613E-05   2.972613E-05   2.000000E-05   2.651625E-05   2.000000E-05   2.136464E-05   2.000000E-05   2.000000E-05   2.121049E-05   2.130437E-05   4.878130E-05   2.399227E-05   2.000000E-05   3.250382E-05
   2.000000E-05   2.000000E-05   6.797215E-05   2.187871E-05   2.972613E-05   2.972613E-05   2.972613E-05   2.972613E-05   2.000000E-05   2.000000E-05   2.000000E-05   3.510215E-05   2.000000E-05   2.000000E-05   3.369299E-05   7.951471E-05   4.346058E-05   4.921435E-05   3.098085E-05   1.408340E-04
   2.635598E-05   4.113160E-05   3.366746E-05   2.000000E-05   2.972613E-05   2.972613E-05   2.972613E-05   2.972613E-05   4.854714E-05   2.000000E-05   2.000000E-05   3.807293E-05   2.000000E-05   2.651953E-05   3.423981E-05   3.743392E-05   2.021521E-05   4.590604E-05   1.484609E-04   7.752082E-05
   6.586789E-05   1.081833E-04   2.000000E-05   5.258604E-05   2.972613E-05   2.972613E-05   2.972613E-05   2.972613E-05   2.000000E-05   2.000000E-05   6.323659E-05   2.000000E-05   5.231916E-05   5.260215E-05   2.653000E-05   3.263995E-05   3.676604E-05   2.144669E-05   2.889847E-05   2.919850E-05
   2.293197E-05   2.000000E-05   6.931942E-05   3.554241E-05   2.972613E-05   2.972613E-05   2.972613E-05   2.972613E-05   4.068290E-05   2.170667E-05   2.000000E-05   3.031839E-05   4.374313E-05   1.004023E-04   2.000000E-05   2.000000E-05   1.860489E-04   3.110720E-05   2.029336E-05   6.076069E-05
   4.226477E-05   2.000000E-05   6.018095E-05   5.408970E-05   2.972613E-05   2.972613E-05   2.972613E-05   2.972613E-05   5.909861E-05   3.506832E-05   5.240519E-05   4.477837E-05   2.000000E-05   2.000000E-05   1.275411E-04   2.000000E-05   8.921424E-05   2.000000E-05   2.000000E-05   2.561105E-05
   2.105960E-05   1.247467E-04   5.623712E-05   2.000000E-05   2.972613E-05   2.972613E-05   2.000000E-05   2.000000E-05   4.653151E-05   2.000000E-05   4.253271E-05   2.619363E-05   2.169771E-05   4.123324E-05   4.351920E-05   3.161140E-05   8.083013E-05   2.000000E-05   8.884271E-05   2.000000E-05
   8.819954E-05   7.969913E-05   2.000000E-05   2.000000E-04   2.000000E-05   2.972613E-05   4.809415E-05   2.000000E-05   2.245303E-05   2.000000E-05   2.000000E-05   2.383018E-05   9.297571E-05   2.600520E-05   5.378165E-05   1.049516E-04   5.034767E-05   3.372102E-05   2.000000E-05   2.000000E-05
   2.000000E-05   2.000000E-05   4.830423E-05   1.494474E-04   6.825002E-05   2.000000E-05   2.000000E-05   2.000000E-05   7.836936E-05   2.000000E-05   2.000000E-05   2.000000E-05   5.375236E-05   5.364780E-05   3.673124E-05   4.492397E-05   2.000000E-05   8.719325E-05   2.000000E-05   9.936177E-05
   4.067924E-05   3.218654E-05   2.340382E-05   2.599307E-05   2.871123E-05   1.169417E-04   1.003624E-04   4.288383E-05   4.111729E-05   2.272429E-05   2.000000E-05   2.000000E-05   7.723200E-05   2.188305E-05   1.428468E-04   8.910677E-05   3.039334E-05   5.480736E-05   2.000000E-05   1.145461E-04
   4.007165E-05   3.737390E-05   5.849841E-05   3.893605E-05   5.849138E-05   2.396261E-05   6.653681E-05   2.000000E-05   2.000000E-05   2.000000E-05   2.083827E-05   6.928844E-05   2.000000E-05   2.942393E-05   3.501109E-05   1.017006E-04   1.156746E-04   2.000000E-05   7.497544E-05   2.113698E-05
   2.940387E-05   7.641361E-05   2.000000E-04   5.783349E-05   2.000000E-05   2.000000E-05   2.000000E-05   3.229210E-05   2.000000E-05   2.430530E-05   2.000000E-05   3.519520E-05   2.000000E-05   2.000000E-05   3.541771E-05   1.052982E-04   2.726778E-05   2.000000E-05   2.000000E-05   2.690407E-05
   2.000000E-05   4.636185E-05   2.734659E-05   2.725415E-05   1.792737E-04   2.000000E-05   4.628552E-05   2.892907E-05   2.000000E-05   2.000000E-05   2.000000E-05   2.000000E-05   2.000000E-05   2.112889E-05   2.153341E-05   2.000000E-05   2.000000E-05   2.000000E-05   2.000000E-05   2.059871E-05
   4.563302E-05   4.224844E-05   3.571383E-05   4.076254E-05   2.000000E-05   2.555379E-05   2.000000E-05   3.026647E-05   2.440942E-05   2.000000E-05   2.000000E-05   3.273858E-05   2.000000E-05   2.000000E-05   2.000000E-05   2.000000E-05   3.971977E-05   2.939976E-05   2.000000E-05   2.507006E-05
   4.347041E-05   2.159016E-05   2.000000E-05   2.419782E-05   4.337995E-05   2.537417E-05   2.066008E-05   5.426086E-05   2.000000E-05   2.000000E-05   2.000000E-05   2.117020E-05   2.000000E-05   2.000000E-05   5.860625E-05   2.032867E-05   2.000000E-05   2.000000E-05   2.000000E-05   2.000000E-05
   2.000000E-05   2.000000E-05   2.000000E-05   2.278410E-05   3.001531E-05   5.542528E-05   5.636708E-05   2.000000E-05   3.924996E-05   2.056827E-05   3.655085E-05   3.136358E-05   2.000000E-05   2.000000E-05   3.263013E-05   2.540638E-05   2.000000E-05   2.000000E-05   2.000000E-05   2.460954E-05
   2.000000E-05   2.000000E-05   2.000000E-05   5.092764E-05   2.000000E-05   5.430956E-05   1.779767E-04   1.475960E-04   3.819911E-05   2.000000E-05   2.000000E-05   2.000000E-05   2.000000E-05   2.000000E-05   2.000000E-05   2.000000E-05   2.000000E-05   2.000000E-05   2.000000E-05   2.000000E-05
   2.972613E-05   2.000000E-05   2.000000E-05   2.000000E-05   8.691503E-05   2.000000E-05   2.000000E-05   2.000000E-05   2.000000E-05   2.067778E-05   2.052229E-05   2.772881E-05   2.000000E-05   2.000000E-05   2.000000E-05   2.000000E-05   2.000000E-05   2.000000E-05   2.000000E-05   2.000000E-05
   2.972613E-05   2.972613E-05   2.000000E-05   2.000000E-05   2.732470E-05   2.000000E-05   2.000000E-05   2.000000E-05   2.000000E-05   2.000000E-05   2.000000E-05   2.000000E-05   2.000000E-05   2.000000E-05   2.000000E-05   2.901006E-05   2.000000E-05   2.000000E-05   2.000000E-05   2.000000E-05
   2.972613E-05   2.972613E-05   2.972613E-05   3.318759E-05   3.694030E-05   2.000000E-05   5.609754E-05   2.000000E-05   2.765223E-05   2.000000E-05   2.000000E-05   2.000000E-05   2.000000E-05   2.000000E-05   2.000000E-05   2.000000E-05   2.300122E-05   2.000000E-05   2.000000E-05   2.000000E-05
   2.972613E-05   2.972613E-05   2.972613E-05   2.972613E-05   2.684082E-05   2.000000E-05   2.000000E-05   2.000000E-05   2.000000E-05   2.000000E-05   2.000000E-05   2.107493E-05   2.000000E-05   2.000000E-05   2.000000E-05   2.000000E-05   2.000000E-05   2.000000E-05   2.000000E-05   2.972613E-05
   2.972613E-05   2.972613E-05   2.972613E-05   2.972613E-05   2.000000E-05   3.761724E-05   2.000000E-05   2.663623E-05   5.272778E-05   2.000000E-05   2.000000E-05   2.000000E-05   2.000000E-05   2.000000E-05   2.000000E-05   2.000000E-05   4.962721E-05   2.000000E-05   2.378902E-05   2.972613E-05
   2.972613E-05   2.972613E-05   2.972613E-05   2.972613E-05   2.972613E-05   5.029940E-05   3.568479E-05   3.179710E-05   2.000000E-05   7.347504E-05   3.164164E-05   2.000000E-05   2.000000E-05   2.000000E-05   2.000000E-05   2.000000E-05   2.000000E-05   2.000000E-05   2.972613E-05   2.972613E-05
   2.972613E-05   2.972613E-05   2.972613E-05   2.972613E-05   2.972613E-05   3.106742E-05   2.000000E-05   2.000000E-05   2.000000E-05   3.608528E-05   2.000000E-05   2.000000E-05   2.000000E-05   2.000000E-05   2.000000E-05   2.000000E-05   2.191593E-05   2.972613E-05   2.972613E-05   2.972613E-05
   2.972613E-05   2.972613E-05   2.972613E-05   2.972613E-05   2.972613E-05   2.000000E-05   2.000000E-05   2.000000E-05   2.000000E-05   2.000000E-05   3.638342E-05   2.623896E-05   2.000000E-05   2.000000E-05   2.000000E-05   2.000000E-05   2.972613E-05   2.972613E-05   2.972613E-05   2.972613E-05
