   2.000000E-04   6.032251E-05   2.000000E-04   5.085975E-05   2.000000E-04   2.905174E-05   3.850104E-05   2.723780E-05   6.253241E-05   3.666352E-05   2.000000E-04   1.834586E-04   2.000000E-04   5.407238E-05   2.000000E-04   3.450481E-05   2.000000E-04   1.406476E-04   1.031643E-04   3.881397E-05
   9.723507E-05   1.272656E-04   1.199948E-04   4.077650E-05   4.799337E-05   5.685375E-05   5.495603E-05   4.006629E-05   5.696847E-05   4.019104E-05   2.390969E-05   1.343632E-04   1.192687E-04   2.000000E-04   6.402004E-05   1.131127E-04   1.751678E-04   1.079102E-04   1.336129E-04   1.033259E-04
   6.632706E-05   1.917917E-04   1.140876E-04   2.000000E-04   1.094472E-04   5.142447E-05   2.000000E-05   6.740096E-05   2.000000E-05   2.000000E-05   6.163340E-05   6.559604E-05   1.103009E-04   2.000000E-04   1.591225E-04   8.953992E-05   9.866849E-05   7.887609E-05   8.724417E-05   8.858373E-05
   5.111496E-05   5.776979E-05   2.897225E-05   5.087378E-05   8.326516E-05   7.252554E-05   1.466622E-04   1.316765E-04   7.326056E-05   3.561326E-05   3.041350E-05   1.569122E-04   2.000000E-04   1.826205E-04   1.505639E-04   8.927090E-05   4.881817E-05   2.000000E-04   2.000000E-04   2.000000E-04
   3.640029E-05   1.055873E-04   2.000000E-04   9.372631E-05   9.378960E-05   2.748991E-05   2.924343E-05   4.713662E-05   3.884891E-05   7.100729E-05   1.036365E-04   5.727598E-05   1.122345E-04   6.557042E-05   2.000000E-04   9.022040E-05   2.000000E-04   1.712014E-04   3.626402E-05   3.975772E-05
   3.752748E-05   2.000000E-05   8.546190E-05   4.481034E-05   5.138473E-05   1.703940E-04   2.000000E-04   1.435501E-04   6.894098E-05   2.000000E-04   1.095603E-04   6.491625E-05   4.232147E-05   1.422592E-04   2.000000E-04   1.277640E-04   2.000000E-04   2.000000E-04   1.213450E-04   2.000000E-04
   5.495882E-05   3.557238E-05   3.240422E-05   2.912710E-05   8.988979E-05   3.575742E-05   8.613879E-05   2.445426E-05   2.000000E-04   5.926324E-05   8.731078E-05   9.111234E-05   5.206925E-05   1.156045E-04   1.755253E-04   2.000000E-04   2.000000E-04   2.000000E-04   1.250847E-04   1.300533E-04
   5.473315E-05   7.938530E-05   2.000000E-05   2.000000E-05   7.093709E-05   1.205495E-04   1.500374E-04   1.663710E-04   1.915846E-04   7.386913E-05   9.199710E-05   1.510860E-04   1.258670E-04   2.000000E-04   1.152768E-04   1.735250E-04   1.980286E-04   6.104537E-05   1.322456E-04   1.078066E-04
   7.557514E-05   4.377967E-05   5.993828E-05   1.123714E-04   9.088677E-05   9.088677E-05   9.088677E-05   2.000000E-04   2.000000E-04   6.324896E-05   4.510381E-05   4.782414E-05   6.756409E-05   2.000000E-04   9.018222E-05   1.034219E-04   2.744289E-05   2.000000E-04   7.624522E-05   1.429517E-04
   2.000000E-04   2.782541E-05   1.967564E-04   6.870750E-05   9.088677E-05   9.088677E-05   9.088677E-05   9.088677E-05   9.065949E-05   9.155931E-05   7.669785E-05   7.115551E-05   1.583261E-04   1.678781E-04   7.852620E-05   1.169030E-04   7.026385E-05   1.121601E-04   1.246849E-04   1.579386E-04
   5.533623E-05   1.955265E-04   9.730317E-05   2.000000E-04   9.088677E-05   9.088677E-05   9.088677E-05   9.088677E-05   2.000000E-04   2.000000E-04   2.000000E-04   1.813225E-04   2.000000E-04   2.000000E-04   1.804391E-04   5.328019E-05   6.194860E-05   6.256378E-05   2.000000E-04   2.000000E-04
   1.136291E-04   2.000000E-04   1.565107E-04   1.176480E-04   9.088677E-05   9.088677E-05   9.088677E-05   9.088677E-05   4.443389E-05   3.058409E-05   2.000000E-04   1.267511E-04   1.758814E-04   2.000000E-04   1.126883E-04   9.911348E-05   1.704690E-04   4.972232E-05   1.254727E-04   2.189980E-05
   5.317436E-05   3.774222E-05   1.107490E-04   1.042784E-04   9.088677E-05   9.088677E-05   9.088677E-05   9.088677E-05   8.034711E-05   2.000000E-04   4.468822E-05   1.477361E-04   4.381348E-05   5.240669E-05   1.153698E-04   1.466285E-04   2.000000E-04   1.864314E-04   2.000000E-04   8.282733E-05
   7.334815E-05   1.372931E-04   3.023310E-05   9.043611E-05   9.088677E-05   9.088677E-05   9.088677E-05   9.088677E-05   1.765005E-04   2.000000E-04   2.000000E-04   2.000000E-04   2.000000E-04   1.778515E-04   2.000000E-04   1.047251E-04   2.000000E-04   1.312149E-04   4.804334E-05   5.299841E-05
   3.686896E-05   4.547094E-05   2.810741E-05   1.826763E-04   9.088677E-05   9.088677E-05   9.088677E-05   9.088677E-05   2.000000E-04   2.000000E-04   2.000000E-04   1.207919E-04   7.128427E-05   9.363307E-05   2.000000E-04   1.480793E-04   1.559792E-04   1.331660E-04   2.000000E-04   4.909273E-05
   1.631484E-04   1.152389E-04   8.886906E-05   1.507807E-04   9.088677E-05   9.088677E-05   9.088677E-05   9.088677E-05   1.040389E-04   1.522857E-04   1.501826E-04   2.662368E-05   2.000000E-04   2.000000E-04   2.000000E-04   1.143706E-04   1.951445E-04   2.000000E-04   7.626366E-05   5.344960E-05
   2.000000E-04   2.000000E-04   2.000000E-04   2.000000E-04   9.088677E-05   9.088677E-05   9.088677E-05   9.088677E-05   1.773259E-04   6.164432E-05   8.178352E-05   1.343281E-04   2.000000E-04   4.349123E-05   2.000000E-04   1.037233E-04   2.000000E-04   1.199761E-04   2.000000E-04   1.138676E-04
   2.000000E-04   5.601816E-05   2.000000E-04   1.221885E-04   9.088677E-05   9.088677E-05   9.088677E-05   9.088677E-05   1.766455E-04   7.046635E-05   1.389061E-04   5.894735E-05   2.000000E-04   2.000000E-04   1.130418E-04   1.868404E-04   1.958254E-04   7.374744E-05   1.201482E-04   2.000000E-04
   2.000000E-04   2.000000E-04   2.000000E-04   2.000000E-04   9.088677E-05   9.088677E-05   9.088677E-05   9.088677E-05   2.000000E-05   2.956845E-05   2.000000E-05   2.000000E-04   6.456806E-05   4.368682E-05   1.249562E-04   8.302611E-05   2.000000E-04   3.256916E-05   3.696528E-05   6.118991E-05
   1.225763E-04   2.000000E-04   2.000000E-04   1.388036E-04   9.088677E-05   9.088677E-05   9.088677E-05   9.088677E-05   3.049549E-05   8.431373E-05   9.428318E-05   2.000000E-05   3.738723E-05   2.000000E-05   2.723588E-05   8.056078E-05   7.799515E-05   7.424970E-05   1.463847E-04   7.974491E-05
   2.000000E-04   1.061576E-04   2.000000E-04   2.000000E-04   9.088677E-05   9.088677E-05   9.088677E-05   9.088677E-05   1.762177E-04   5.191634E-05   3.652145E-05   1.312141E-04   2.000000E-05   8.238940E-05   4.321385E-05   3.673959E-05   5.574332E-05   5.707312E-05   6.158309E-05   6.940115E-05
   2.000000E-04   1.362943E-04   2.000000E-04   2.000000E-04   9.088677E-05   9.088677E-05   5.545364E-05   1.402850E-04   6.503347E-05   1.023317E-04   9.134776E-05   3.825818E-05   1.616118E-04   8.629348E-05   5.289292E-05   2.000000E-05   3.033735E-05   2.088205E-05   8.173289E-05   4.311087E-05
   1.307507E-04   2.000000E-04   8.351602E-05   2.000000E-04   2.000000E-04   9.088677E-05   9.755723E-05   2.000000E-04   2.000000E-04   2.775577E-05   1.052132E-04   4.210981E-05   9.176670E-05   5.129892E-05   8.019488E-05   4.649955E-05   2.793236E-05   6.925986E-05   9.901905E-05   1.147632E-04
   8.426252E-05   2.000000E-04   5.367183E-05   7.667437E-05   5.744795E-05   2.000000E-04   8.415905E-05   1.155179E-04   1.356037E-04   7.828876E-05   2.000000E-05   8.744398E-05   2.000000E-04   8.830818E-05   2.832362E-05   4.629176E-05   6.816629E-05   9.672285E-05   9.745587E-05   2.000000E-04
   2.000000E-04   1.734948E-04   1.379407E-04   9.064397E-05   1.845460E-04   2.000000E-04   2.000000E-04   1.620951E-04   1.437369E-04   5.324255E-05   1.377339E-04   1.485250E-04   8.108628E-05   1.409613E-04   3.449521E-05   2.000000E-04   1.345376E-04   5.593488E-05   1.204649E-04   3.631960E-05
   2.000000E-04   2.000000E-04   2.000000E-04   2.000000E-04   2.000000E-04   2.000000E-04   1.841290E-04   2.000000E-04   1.379627E-04   2.504097E-05   2.000000E-04   4.034795E-05   8.995912E-05   5.017796E-05   2.000000E-04   2.000000E-04   7.451004E-05   2.000000E-04   1.744729E-04   8.697249E-05
   1.974533E-04   1.652212E-04   2.000000E-04   7.482383E-05   1.188574E-04   2.000000E-04   2.000000E-04   1.210711E-04   1.698455E-04   7.798388E-05   9.281529E-05   1.305742E-04   1.550468E-04   2.000000E-04   2.000000E-04   6.029109E-05   4.067095E-05   5.737181E-05   1.136166E-04   1.454723E-04
   2.000000E-04   1.417310E-04   2.000000E-04   1.466090E-04   2.000000E-04   1.065768E-04   2.000000E-04   7.280519E-05   2.000000E-04   1.745672E-04   2.416077E-05   3.636749E-05   1.476321E-04   1.200606E-04   1.926567E-04   1.194441E-04   6.123060E-05   1.358902E-04   9.179413E-05   4.291504E-05
   1.450454E-04   2.000000E-04   1.519335E-04   2.000000E-04   2.000000E-04   1.709835E-04   6.169463E-05   3.200110E-05   1.318156E-04   3.546378E-05   4.129233E-05   1.601867E-04   1.776286E-04   5.348400E-05   2.000000E-04   2.000000E-05   9.341469E-05   1.641523E-04   9.341893E-05   7.082152E-05
   2.000000E-04   2.000000E-04   2.000000E-04   1.039910E-04   2.000000E-04   1.097454E-04   5.617643E-05   5.188191E-05   2.000000E-04   4.884177E-05   8.781279E-05   8.340184E-05   3.346782E-05   2.000000E-05   5.670734E-05   6.457550E-05   1.414271E-04   1.644672E-04   4.415017E-05   4.877632E-05
   9.858441E-05   1.250856E-04   1.603401E-04   2.000000E-04   2.000000E-04   6.077524E-05   1.016639E-04   2.000000E-05   5.838400E-05   6.366864E-05   4.732070E-05   1.726874E-04   2.000000E-04   4.776360E-05   2.000000E-05   2.550788E-05   2.298163E-05   1.292883E-04   4.610680E-05   1.785411E-04
   1.387586E-04   1.184187E-04   6.165866E-05   2.846302E-05   1.328536E-04   1.685840E-04   8.415739E-05   1.077387E-04   5.143582E-05   3.891955E-05   2.000000E-04   3.402526E-05   2.000000E-04   5.789909E-05   9.724066E-05   4.000771E-05   4.038454E-05   1.915488E-04   2.000000E-04   3.495946E-05
   9.088677E-05   2.000000E-04   2.000000E-04   1.805383E-04   1.361991E-04   2.000000E-04   4.487796E-05   2.101366E-05   1.640523E-04   1.432478E-04   1.415271E-04   1.898308E-04   2.076143E-05   1.406948E-04   2.000000E-04   9.180847E-05   2.343431E-05   9.042769E-05   2.000000E-04   1.021384E-04
   9.088677E-05   9.088677E-05   2.000000E-04   4.570412E-05   1.176846E-04   2.000000E-04   7.749381E-05   3.601070E-05   1.843504E-04   1.249945E-04   1.082312E-04   4.878094E-05   1.870129E-04   8.709634E-05   1.424971E-04   1.542059E-04   2.000000E-04   2.000000E-04   2.000000E-04   6.789679E-05
   9.088677E-05   9.088677E-05   9.088677E-05   6.128471E-05   1.923992E-04   1.428468E-04   2.000000E-04   9.899620E-05   2.000000E-04   2.000000E-04   2.102923E-05   2.000000E-04   2.000000E-04   2.000000E-04   2.000000E-04   2.000000E-04   2.000000E-04   1.566094E-04   6.701655E-05   2.000000E-04
   9.088677E-05   9.088677E-05   9.088677E-05   9.088677E-05   2.000000E-04   1.422495E-04   1.220468E-04   8.229173E-05   6.563561E-05   1.392373E-04   2.000000E-04   6.951751E-05   2.000000E-04   2.000000E-04   1.498413E-04   2.000000E-04   2.000000E-04   1.302631E-04   1.386032E-04   9.088677E-05
   9.088677E-05   9.088677E-05   9.088677E-05   9.088677E-05   1.387160E-04   7.704982E-05   2.896984E-05   2.000000E-04   2.000000E-04   3.977077E-05   2.000000E-04   1.399822E-04   1.585401E-04   2.000000E-04   1.198000E-04   2.000000E-04   1.061933E-04   1.209952E-04   2.000000E-04   9.088677E-05
   9.088677E-05   9.088677E-05   9.088677E-05   9.088677E-05   9.088677E-05   1.010401E-04   2.416134E-05   2.000000E-04   2.000000E-04   2.000000E-04   1.109825E-04   2.000000E-04   1.198331E-04   2.000000E-04   2.000000E-04   1.539826E-04   1.261196E-04   1.933024E-04   9.088677E-05   9.088677E-05
   9.088677E-05   9.088677E-05   9.088677E-05   9.088677E-05   9.088677E-05   3.689522E-05   9.614802E-05   9.304210E-05   1.036939E-04   1.233230E-04   2.000000E-04   1.057012E-04   1.073074E-04   7.667287E-05   2.000000E-04   2.000000E-04   2.000000E-04   9.088677E-05   9.088677E-05   9.088677E-05
   9.088677E-05   9.088677E-05   9.088677E-05   9.088677E-05   9.088677E-05   2.000000E-04   1.110261E-04   2.000000E-04   8.165136E-05   1.702946E-04   6.603923E-05   2.000000E-04   2.000000E-04   1.867748E-04   1.083047E-04   2.000000E-04   9.088677E-05   9.088677E-05   9.088677E-05   9.088677E-05
