   1.684493E-01   4.824191E-01   3.526667E-01   2.381756E-01   1.552524E+00   7.218538E-02   1.764247E-01   6.013306E-01   9.573305E-02   1.092148E-01   1.543172E-01   1.056986E+00   3.795660E-01   2.820278E-01   4.539474E-01   9.827253E-02   2.115689E-01   3.971147E-01   1.514494E-01   2.796565E-01
   4.888299E-01   1.121878E-01   3.769347E-01   1.310610E+00   4.413424E-01   1.948542E-01   3.475692E-01   3.959412E-01   5.816227E-01   2.629382E-01   7.248400E-01   1.073471E-01   3.477893E-01   2.085998E-01   2.119930E-01   6.794107E-01   3.322917E-01   1.079750E-01   1.931619E-01   5.339493E-01
   2.169510E-01   2.348287E-01   1.051492E+00   7.244348E-02   2.236694E-01   2.749926E-01   3.753101E-01   6.395087E-02   3.092687E-01   1.819223E-01   3.911673E-01   1.806571E-01   4.606629E-01   2.656965E-01   2.591522E-01   2.533319E-01   1.305933E-01   1.315144E-01   5.084186E-01   5.241381E-01
   1.706342E-01   6.332425E-01   3.738456E-01   8.124655E-02   3.500944E-01   1.795317E-01   1.598835E-01   2.475355E-01   2.527248E-01   5.471877E-01   4.310341E-01   1.340564E-01   5.140910E-01   5.784164E-01   3.134628E-01   4.562985E-02   7.101894E-01   1.160033E-01   8.142753E-02   3.297008E-02
   1.935771E-01   5.143404E-02   1.102356E-01   3.441796E-01   2.260332E-01   2.916502E-01   2.406168E-01   2.580115E-01   2.854735E-01   1.541442E-01   3.034575E-02   6.850732E-02   3.831884E-01   9.168627E-02   3.708670E-02   6.380454E-02   2.579546E-01   3.371266E-01   4.536166E-01   1.574433E-01
   6.350741E-02   1.892120E-01   3.139281E-01   3.707584E-01   3.410292E-01   1.116679E+00   8.451570E-02   4.061467E-01   3.305637E-01   1.117265E-01   4.849030E-02   6.908181E-02   4.619592E-01   2.215083E-02   8.724151E-02   3.640635E-02   1.768532E-01   9.297230E-02   7.264336E-01   1.312088E-01
   1.931064E-01   4.072459E-01   3.285695E-01   1.994655E-01   7.409501E-02   9.343847E-02   7.381537E-01   1.186230E-01   1.563176E-01   5.558077E-02   5.574997E-02   2.142794E-02   5.587691E-02   4.911660E-02   6.843955E-02   1.608762E-01   9.271898E-02   7.376069E-02   2.936052E-02   4.042107E-01
   9.738669E-02   9.042974E-02   1.973521E-01   6.243543E-02   1.494366E-01   2.768391E-01   2.442183E-01   1.367060E-01   5.576306E-02   9.429934E-02   5.607847E-02   1.105966E-01   4.914040E-02   2.518599E-01   1.738326E-01   1.730902E-01   2.370125E-01   6.751357E-01   1.960736E-01   3.612712E-02
   2.334294E-01   2.145097E-01   2.324918E-01   1.353054E-01   3.000000E-01   3.000000E-01   3.000000E-01   1.633212E-01   2.246647E-01   1.255182E-01   8.819875E-02   4.762390E-02   3.975286E-01   1.112043E-01   2.091949E-01   9.944432E-02   1.183463E-01   1.011075E-01   9.263847E-02   8.552140E-01
   1.707194E-01   7.868618E-01   1.174881E-01   1.860060E-01   3.000000E-01   3.000000E-01   3.000000E-01   3.000000E-01   2.022972E-01   1.343124E-01   5.169531E-02   6.573437E-02   9.745795E-02   2.505895E-01   2.766797E-01   1.375634E-01   3.003510E-01   3.793504E-01   1.120727E-01   8.838882E-02
   3.335433E-01   3.500416E-01   1.914410E-01   2.047821E-01   3.000000E-01   3.000000E-01   3.000000E-01   3.000000E-01   1.841154E-01   1.198087E-01   2.923480E-01   1.830713E-01   9.470143E-01   3.757461E-01   3.462495E-01   2.334131E-01   2.069245E-01   7.338784E-02   3.769193E-01   2.377057E-01
   1.221587E-01   1.985591E-01   2.512511E-01   1.111399E-01   3.000000E-01   3.000000E-01   3.000000E-01   3.000000E-01   2.365198E-01   9.877498E-02   7.089969E-01   9.739032E-02   2.558311E-01   5.864734E-02   1.558035E-01   1.778789E-01   1.456736E-01   6.377472E-01   6.520001E-02   6.815527E-01
   5.647806E-01   6.559368E-02   2.241160E-01   9.487079E-02   3.000000E-01   3.000000E-01   3.000000E-01   3.000000E-01   1.372907E-01   3.922286E-02   1.239569E-01   1.868907E-01   2.333308E-01   4.184141E-02   1.120823E-01   8.739823E-02   1.857603E-01   5.188651E-01   4.164584E-01   2.300123E-01
   9.754988E-02   1.200547E-01   1.844728E-01   1.491844E-01   3.000000E-01   3.000000E-01   3.000000E-01   3.000000E-01   2.254673E-01   7.071485E-02   2.982855E-01   2.088058E-01   1.480514E-01   1.534632E-01   9.857528E-02   2.030577E-01   8.894577E-02   1.340965E-01   3.147984E-01   2.627131E-01
   8.135211E-02   2.287268E-02   6.018679E-02   8.569431E-02   3.000000E-01   3.000000E-01   3.000000E-01   3.000000E-01   1.051405E-01   6.105637E-02   5.148032E-02   1.075755E-01   1.061820E-01   7.318967E-02   2.731411E-01   2.073165E-01   4.333311E-01   5.957926E-02   3.912343E-01   8.669669E-02
   1.123249E-01   4.613075E-02   2.096277E-02   1.455875E-01   3.000000E-01   3.000000E-01   3.000000E-01   3.000000E-01   6.438700E-02   4.055300E-02   6.400607E-02   1.860655E-01   3.508962E-01   1.268624E-01   2.236641E-01   5.520709E-01   4.101896E-01   1.053370E-01   6.472858E-01   3.393442E-01
   1.569743E-01   1.699115E-01   4.455962E-01   1.454829E-01   3.000000E-01   3.000000E-01   3.000000E-01   3.000000E-01   5.886475E-01   2.426088E-01   3.056115E-02   1.362678E-01   8.479941E-02   1.523121E-01   7.409500E-02   4.275601E-01   3.457868E-01   1.073482E-01   1.330230E-01   6.859153E-02
   2.793385E-01   2.805224E-02   9.783766E-02   2.817026E-01   3.000000E-01   3.000000E-01   3.000000E-01   3.000000E-01   5.872736E-02   1.238689E-01   3.010975E-01   3.098911E-01   4.396785E-01   1.640522E-01   6.358326E-01   7.122120E-02   9.634169E-01   1.507911E-01   1.388526E-01   8.605350E-02
   7.427045E-02   1.586006E-01   3.681294E-01   2.129666E-01   3.000000E-01   3.000000E-01   3.000000E-01   3.000000E-01   7.756135E-02   2.909726E-01   9.450214E-02   9.244660E-01   2.097362E-01   1.546231E-01   3.152636E-01   3.633572E-01   4.207229E-01   1.961152E-01   2.451071E-01   1.485049E-01
   3.861341E-01   2.702365E-01   1.646787E-01   1.739253E-01   3.000000E-01   3.000000E-01   3.000000E-01   3.000000E-01   1.107036E-01   3.660897E-01   3.893120E-02   2.116185E-01   5.276263E-02   2.842591E-01   1.133940E-01   2.356748E-01   4.767789E-01   4.119544E-01   5.116305E-01   2.824041E-01
   1.224298E-01   4.116393E-01   2.244223E-01   9.637639E-02   3.000000E-01   3.000000E-01   3.000000E-01   3.000000E-01   8.651796E-02   1.394936E-01   5.859483E-02   1.540258E-01   4.357367E-01   3.288861E-01   7.762194E-02   1.418471E-01   1.541322E-01   4.915361E-01   1.465843E-01   5.071094E-01
   1.985096E-01   8.139513E-01   1.070419E+00   6.677658E-01   3.000000E-01   3.000000E-01   8.082625E-01   1.550292E-01   1.101956E-01   1.719208E-01   4.973403E-02   1.940598E-02   3.132326E-02   7.937165E-02   2.757100E-02   4.701351E-01   1.541321E-01   1.343346E-01   4.099713E-01   8.234517E-02
   2.038110E-01   4.909421E-01   5.026141E-01   4.880357E-01   2.684995E-01   3.000000E-01   1.613520E-01   4.069445E-01   1.063116E-01   2.314506E-01   3.940491E-02   9.408506E-02   4.179928E-02   1.414885E-01   3.860192E-02   3.634676E-01   1.022913E-01   9.494055E-02   8.158375E-02   8.519149E-02
   5.276167E-01   1.001689E+00   1.466949E+00   1.458846E-01   4.980138E-01   2.135509E-01   2.506247E-01   5.520322E-01   6.221711E-02   2.902018E-02   2.625245E-01   1.735496E-01   2.000787E-01   6.790899E-02   1.139151E-01   1.423814E-01   1.029774E-01   1.077583E-01   4.835508E-01   5.962507E-02
   1.861403E-01   3.118818E-01   3.597400E-01   3.846421E-01   1.124553E-01   7.042790E-02   2.257416E-01   1.092832E-01   7.722989E-02   2.087469E-02   9.087745E-02   6.100352E-02   2.322025E-02   1.636953E-01   1.722342E-01   1.110567E-01   1.342451E-01   3.210945E-01   6.280314E-01   1.335350E-01
   3.646236E-01   6.623689E-02   1.795854E-01   5.153590E-01   2.839872E-01   3.039656E-01   9.752648E-02   4.088542E-02   1.833164E-01   2.079451E-01   1.544056E-01   2.374393E-01   1.753837E-01   6.373383E-01   3.038825E-01   9.713589E-02   2.867130E-01   9.507094E-02   2.688728E-01   5.382725E-01
   1.583539E-01   1.411498E-01   3.107427E-01   4.120665E-02   1.094849E+00   2.518678E-01   7.225640E-01   2.109933E-01   1.977519E-01   2.148299E-01   1.059946E-01   5.963435E-02   7.728705E-02   9.319034E-02   4.787093E-01   4.805338E-01   1.146960E-01   4.217589E-02   3.505346E-01   8.560643E-02
   1.455064E-01   1.867017E-01   1.256045E-01   3.396453E-02   5.103159E-02   1.062551E-01   8.683885E-02   2.540400E-01   1.022364E-01   1.739416E-01   1.654327E-01   4.133048E-02   3.275116E-01   1.087285E-01   3.751104E-01   6.660841E-01   3.346353E-01   1.634887E-01   3.333099E-01   3.073204E-01
   1.211953E-01   1.125915E-01   1.226216E-01   4.473143E-02   1.595325E-01   2.138038E-01   2.929335E-01   6.290315E-02   1.521183E-01   4.663989E-02   1.088794E-01   2.064580E-01   1.236738E-01   2.899134E-01   1.988445E-01   3.093066E-01   1.138128E-01   1.092732E+00   3.126042E-01   1.680982E-01
   2.715396E-01   4.651135E-02   4.573998E-02   5.745517E-02   3.941096E-01   1.965720E-01   4.380784E-02   2.010365E-01   4.597964E-01   5.886907E-01   4.043163E-02   6.638863E-01   3.011820E-01   1.725698E-01   3.720059E-01   3.503056E-01   1.767283E-01   2.053030E-01   1.604571E-01   1.201679E-01
   1.362913E-01   1.194203E-01   8.123037E-02   1.233549E-01   4.093716E-01   1.881019E-01   1.241195E-01   1.724597E-01   2.268492E-01   2.301503E-01   5.178962E-01   6.233718E-02   8.568191E-02   1.002673E-01   7.326531E-01   7.273135E-01   2.884670E-01   3.154513E-01   5.812768E-02   1.009653E+00
   3.421284E-01   1.866616E-01   1.068702E-01   2.666095E-01   5.369958E-01   1.331721E-01   2.132314E-01   2.602509E-01   2.873351E-01   4.596940E-01   2.250257E-01   3.495756E-01   7.954322E-01   1.434934E-01   1.908675E-01   3.266989E-01   8.236885E-02   2.915664E-01   5.752317E-01   1.785006E-01
   3.000000E-01   2.455980E-01   9.339689E-02   9.869853E-02   2.755874E-01   1.729437E-01   5.521872E-02   1.754207E-01   1.605581E-01   1.789672E-01   3.594979E-01   6.865724E-01   1.734810E-01   3.061477E-01   1.481614E-01   9.645297E-02   2.051081E-01   1.570836E-01   2.131548E-01   4.239184E-02
   3.000000E-01   3.000000E-01   7.923037E-01   7.304044E-02   1.905421E-01   9.460124E-02   3.117719E-01   4.418950E-01   1.036750E-01   8.217343E-02   3.301483E-01   6.833284E-02   1.082866E-01   7.277079E-02   5.539010E-01   1.826436E-01   2.668038E-01   8.377276E-01   4.413846E-02   1.957514E-01
   3.000000E-01   3.000000E-01   3.000000E-01   2.716183E-01   1.761751E-01   4.808359E-01   9.065615E-02   6.589455E-02   4.181319E-01   4.934269E-01   5.047126E-01   5.728295E-01   3.557457E-01   4.707369E-01   1.872739E-01   1.529705E-01   2.554385E-01   4.422431E-02   2.061344E-01   3.413598E-01
   3.000000E-01   3.000000E-01   3.000000E-01   3.000000E-01   8.158962E-02   6.948428E-02   8.438989E-02   1.734992E-01   2.527596E-01   4.742592E-02   6.263439E-01   2.605329E-01   1.381780E-01   2.590931E-01   3.794030E-01   2.195053E-01   1.753005E-01   1.672500E-01   1.537897E-01   3.000000E-01
   3.000000E-01   3.000000E-01   3.000000E-01   3.000000E-01   1.113535E-01   4.055339E-01   2.812057E-02   7.625548E-01   1.858788E-01   1.002739E-01   3.755228E-01   3.573957E-01   1.089435E-01   2.248838E-01   1.307654E-01   2.061818E-01   4.485742E-02   2.926134E-01   5.400144E-02   3.000000E-01
   3.000000E-01   3.000000E-01   3.000000E-01   3.000000E-01   3.000000E-01   4.145240E-01   2.962632E-02   1.066082E-01   1.787711E-01   4.350457E-01   8.695279E-02   7.686665E-01   2.348037E-01   3.238938E-01   1.439861E-01   4.097907E-01   3.485696E-01   5.530689E-02   3.000000E-01   3.000000E-01
   3.000000E-01   3.000000E-01   3.000000E-01   3.000000E-01   3.000000E-01   2.201698E-01   2.295904E-01   1.832053E-01   3.336419E-01   1.265837E-01   1.013107E-01   2.476868E-01   5.514121E-02   9.083172E-02   9.691255E-02   7.692298E-02   1.901476E-01   3.000000E-01   3.000000E-01   3.000000E-01
   3.000000E-01   3.000000E-01   3.000000E-01   3.000000E-01   3.000000E-01   7.175200E-02   1.620071E-01   6.453320E-01   2.462893E-01   4.111904E-01   1.117689E-01   2.902405E-01   8.582264E-01   1.548596E-01   1.185155E-01   2.456793E-01   3.000000E-01   3.000000E-01   3.000000E-01   3.000000E-01
