   2.000000E-04   8.150552E-05   6.443530E-05   1.091886E-04   1.570776E-04   1.239167E-04   8.136917E-05   1.764881E-04   9.486499E-05   1.624951E-04   2.000000E-04   2.841305E-05   9.281605E-05   1.420272E-04   4.188259E-05   5.376293E-05   8.424470E-05   5.303855E-05   3.519824E-05   2.000000E-05
   1.213362E-04   2.000000E-04   7.466306E-05   1.493541E-04   7.382826E-05   8.116439E-05   1.313529E-04   2.000000E-04   2.000000E-04   4.683308E-05   2.841016E-05   1.512467E-04   4.145595E-05   7.604484E-05   3.439840E-05   1.330678E-04   5.494741E-05   8.928487E-05   1.601373E-04   1.338841E-04
   1.383688E-04   2.000000E-04   3.929411E-05   1.577353E-04   9.933114E-05   8.966398E-05   2.000000E-04   1.423271E-04   2.000000E-04   1.256410E-04   5.265987E-05   2.880571E-05   1.727100E-04   4.284314E-05   6.320574E-05   2.931032E-05   3.948603E-05   1.541184E-04   7.135090E-05   1.257048E-04
   8.995163E-05   2.296809E-05   2.000000E-04   1.229991E-04   8.435564E-05   1.401996E-04   2.000000E-04   1.849021E-04   4.519621E-05   5.178969E-05   1.169289E-04   7.089386E-05   2.000000E-04   2.948306E-05   8.552388E-05   9.119576E-05   8.773019E-05   6.755651E-05   1.216726E-04   2.000000E-04
   8.961878E-05   7.151838E-05   2.931414E-05   1.741491E-04   8.895567E-05   1.899854E-04   2.000000E-04   1.029259E-04   1.211672E-04   7.025019E-05   3.377810E-05   4.134258E-05   8.279166E-05   2.248134E-05   4.934629E-05   6.962594E-05   1.184528E-04   1.421683E-04   2.963965E-05   6.467975E-05
   8.469990E-05   1.333988E-04   2.000000E-04   1.026464E-04   2.000000E-04   9.564126E-05   1.197313E-04   8.793504E-05   6.322353E-05   7.408721E-05   4.281014E-05   2.000000E-05   5.849473E-05   2.937653E-05   2.000000E-04   1.676996E-04   6.652947E-05   5.908177E-05   4.493257E-05   2.000000E-04
   2.000000E-04   2.000000E-04   2.000000E-04   1.367051E-04   2.000000E-04   2.000000E-04   8.795117E-05   2.000000E-04   2.000000E-04   3.612733E-05   5.214254E-05   2.034188E-05   8.477498E-05   7.936733E-05   1.657010E-04   1.197281E-04   3.333297E-05   1.949521E-04   5.491290E-05   2.000000E-04
   7.147040E-05   2.000000E-04   1.757836E-04   2.000000E-04   2.000000E-04   2.000000E-04   1.782722E-04   1.573666E-04   1.650695E-04   1.185414E-04   2.000000E-05   2.393394E-05   1.518219E-04   2.000000E-04   2.000000E-04   7.033526E-05   1.317929E-04   9.550315E-05   6.718641E-05   6.288674E-05
   2.529290E-05   5.604128E-05   9.109765E-05   8.249076E-05   9.526197E-05   9.526197E-05   9.526197E-05   1.073268E-04   3.464252E-05   1.108326E-04   9.565551E-05   2.457636E-05   7.574123E-05   1.909427E-04   2.000000E-04   1.661736E-04   7.677788E-05   1.229042E-04   5.186181E-05   8.576072E-05
   7.031699E-05   5.512568E-05   5.551401E-05   2.167350E-05   9.526197E-05   9.526197E-05   9.526197E-05   9.526197E-05   3.046933E-05   1.107431E-04   1.247362E-04   4.461916E-05   4.405219E-05   6.087506E-05   9.576280E-05   9.942146E-05   3.041913E-05   6.493520E-05   2.000000E-05   1.186613E-04
   8.389067E-05   4.079348E-05   1.763357E-04   7.386948E-05   9.526197E-05   9.526197E-05   9.526197E-05   9.526197E-05   2.000000E-05   7.412322E-05   7.481391E-05   3.590143E-05   2.000000E-04   6.259999E-05   7.338178E-05   4.283352E-05   5.710027E-05   2.044163E-05   5.963380E-05   2.000000E-04
   7.618625E-05   2.000000E-04   1.057253E-04   7.987470E-05   9.526197E-05   9.526197E-05   9.526197E-05   9.526197E-05   4.638584E-05   4.407105E-05   5.203235E-05   7.058829E-05   4.136891E-05   8.477300E-05   1.943821E-04   1.279996E-04   8.499843E-05   9.321162E-05   6.055748E-05   3.051120E-05
   2.000000E-05   6.849512E-05   9.916938E-05   8.363665E-05   9.526197E-05   9.526197E-05   9.526197E-05   9.526197E-05   2.783236E-05   1.046978E-04   2.252066E-05   1.548860E-04   1.022297E-04   2.000000E-05   7.706856E-05   5.657353E-05   1.075445E-04   4.109780E-05   8.341865E-05   8.404827E-05
   1.159195E-04   2.000000E-04   1.976786E-04   1.043537E-04   9.526197E-05   9.526197E-05   9.526197E-05   9.526197E-05   1.220586E-04   2.344684E-05   9.426655E-05   5.197148E-05   2.000000E-05   3.741010E-05   2.124858E-05   1.359501E-04   6.696803E-05   7.447077E-05   2.000000E-04   2.000000E-05
   2.000000E-04   1.451637E-04   1.171725E-04   8.073334E-05   9.526197E-05   9.526197E-05   9.526197E-05   9.526197E-05   1.152479E-04   5.893443E-05   2.000000E-04   4.427330E-05   3.697590E-05   9.324729E-05   2.308523E-05   1.647417E-04   2.730993E-05   5.542119E-05   9.012834E-05   1.338514E-04
   1.668847E-04   8.616285E-05   2.000000E-04   1.410299E-04   9.526197E-05   9.526197E-05   9.526197E-05   9.526197E-05   2.000000E-05   6.521352E-05   1.776017E-04   8.836410E-05   6.003683E-05   3.363462E-05   6.035809E-05   2.000000E-05   2.465547E-05   5.218849E-05   5.544893E-05   1.042542E-04
   3.627219E-05   5.695874E-05   2.910040E-05   4.051915E-05   9.526197E-05   9.526197E-05   9.526197E-05   9.526197E-05   6.693304E-05   2.000000E-05   5.598713E-05   2.000000E-05   1.080020E-04   2.551218E-05   5.403883E-05   1.293399E-04   3.006469E-05   1.025263E-04   6.265105E-05   2.000000E-04
   2.000000E-05   2.165698E-05   3.769766E-05   1.065358E-04   9.526197E-05   9.526197E-05   9.526197E-05   9.526197E-05   3.085464E-05   1.975800E-04   2.432728E-05   4.827355E-05   2.819669E-05   2.000000E-05   1.036641E-04   2.000000E-05   8.828185E-05   2.663289E-05   6.295788E-05   3.446809E-05
   4.371981E-05   2.000000E-04   1.904013E-04   4.752243E-05   9.526197E-05   9.526197E-05   9.526197E-05   9.526197E-05   1.046984E-04   3.531809E-05   2.000000E-05   3.412643E-05   2.096860E-05   2.907207E-05   2.000000E-05   2.000000E-05   6.109065E-05   8.417299E-05   1.353475E-04   1.642116E-04
   2.000000E-04   1.363673E-04   2.000000E-04   1.325142E-04   9.526197E-05   9.526197E-05   9.526197E-05   9.526197E-05   8.903564E-05   2.000000E-05   1.072073E-04   3.103315E-05   2.400258E-05   1.023778E-04   1.082870E-04   7.832564E-05   4.606807E-05   8.978329E-05   2.000000E-05   7.800456E-05
   4.721411E-05   2.166017E-05   1.269125E-04   4.064579E-05   9.526197E-05   9.526197E-05   9.526197E-05   9.526197E-05   2.725431E-05   5.713404E-05   2.000000E-04   7.143339E-05   2.000000E-04   2.638324E-05   1.391798E-04   4.416091E-05   1.620171E-04   9.013186E-05   2.000000E-04   9.033260E-05
   7.835967E-05   3.527002E-05   7.919690E-05   3.234587E-05   9.526197E-05   9.526197E-05   1.368766E-04   1.143479E-04   6.874535E-05   5.113980E-05   5.526527E-05   3.685048E-05   2.000000E-04   1.858935E-04   2.535702E-05   8.070808E-05   6.203746E-05   5.393013E-05   1.251887E-04   1.743156E-04
   5.421688E-05   8.664717E-05   7.177971E-05   9.432673E-05   5.009185E-05   9.526197E-05   1.805013E-04   9.736413E-05   2.767676E-05   8.243228E-05   1.698800E-04   4.963608E-05   1.795809E-04   4.324981E-05   3.936869E-05   4.114321E-05   7.351836E-05   2.591952E-05   3.701573E-05   1.181949E-04
   3.991003E-05   9.337518E-05   7.534213E-05   2.186401E-05   3.118807E-05   2.000000E-04   2.000000E-04   3.873592E-05   1.020252E-04   5.895275E-05   2.000000E-04   1.044341E-04   9.240446E-05   1.132113E-04   1.139594E-04   8.832551E-05   1.069236E-04   9.085803E-05   6.834473E-05   5.230933E-05
   2.000000E-05   3.855067E-05   8.280038E-05   1.244888E-04   6.466365E-05   7.784668E-05   8.792389E-05   4.298035E-05   1.643668E-04   3.262591E-05   8.341459E-05   7.042374E-05   6.864350E-05   6.334734E-05   1.014918E-04   3.833147E-05   2.000000E-04   4.226822E-05   1.799303E-04   1.798747E-04
   2.000000E-05   2.000000E-05   8.224629E-05   1.006873E-04   2.000000E-05   2.033881E-05   1.099468E-04   5.848119E-05   9.801503E-05   4.499292E-05   6.620975E-05   6.850591E-05   1.508221E-04   2.000000E-05   2.000000E-05   2.000000E-05   6.489920E-05   5.373294E-05   2.000000E-05   2.592742E-05
   3.009021E-05   6.409681E-05   6.942170E-05   6.840534E-05   1.210411E-04   3.288218E-05   5.914653E-05   1.840916E-04   4.334789E-05   6.803632E-05   2.000000E-05   2.000000E-04   4.646560E-05   2.000000E-05   3.629640E-05   2.000000E-05   1.291791E-04   4.138784E-05   6.982868E-05   5.434852E-05
   8.558805E-05   1.805809E-04   4.390332E-05   1.054427E-04   2.736603E-05   2.000000E-04   9.698233E-05   1.978123E-04   1.891914E-04   2.000000E-05   2.000000E-04   2.933156E-05   4.257303E-05   2.000000E-05   3.594744E-05   2.132070E-05   2.269365E-05   5.787855E-05   2.158987E-05   8.778912E-05
   2.000000E-05   5.528740E-05   2.000000E-05   2.461511E-05   2.301499E-05   4.370472E-05   4.282462E-05   5.855530E-05   2.000000E-04   5.844722E-05   8.439890E-05   1.049169E-04   2.000000E-05   2.617995E-05   2.000000E-05   2.000000E-05   1.736157E-04   2.803119E-05   2.510761E-05   4.445276E-05
   9.853475E-05   5.452200E-05   2.965921E-05   3.811659E-05   4.225680E-05   8.393319E-05   2.324622E-05   4.892628E-05   2.000000E-05   2.000000E-05   5.834281E-05   2.579647E-05   2.000000E-05   1.211897E-04   2.000000E-05   2.193017E-05   2.296215E-05   2.127328E-05   1.396312E-04   4.325652E-05
   8.260124E-05   2.000000E-05   2.000000E-05   6.413285E-05   4.063242E-05   1.147499E-04   6.789467E-05   8.390642E-05   4.466108E-05   8.586969E-05   2.375988E-05   2.986672E-05   2.253290E-05   6.375020E-05   7.039305E-05   2.000000E-05   8.927180E-05   7.452397E-05   8.576859E-05   8.736750E-05
   2.000000E-05   2.000000E-05   2.000000E-05   7.515379E-05   7.440633E-05   1.527141E-04   4.906380E-05   9.113290E-05   6.309557E-05   2.000000E-04   8.066675E-05   1.053752E-04   7.037635E-05   2.000000E-05   2.000000E-05   3.406147E-05   2.000000E-05   4.302241E-05   1.627899E-04   4.715441E-05
   9.526197E-05   2.627407E-05   2.772589E-05   2.221752E-05   6.068170E-05   3.142019E-05   6.381023E-05   3.452780E-05   2.000000E-04   1.614649E-04   8.490576E-05   1.416930E-04   2.000000E-04   6.875748E-05   2.385940E-05   3.518678E-05   5.703552E-05   2.000000E-05   2.000000E-05   2.000000E-04
   9.526197E-05   9.526197E-05   2.083594E-05   2.899985E-05   6.504885E-05   2.000000E-04   1.159722E-04   1.095638E-04   1.159802E-04   1.410807E-04   1.804400E-04   2.000000E-04   1.131782E-04   8.029045E-05   2.000000E-04   3.466611E-05   2.000000E-05   3.955809E-05   2.000000E-04   2.414243E-05
   9.526197E-05   9.526197E-05   9.526197E-05   2.000000E-05   1.052480E-04   2.395573E-05   2.831992E-05   2.000000E-04   1.552357E-04   4.071369E-05   2.000000E-04   1.657164E-04   3.062777E-05   1.146011E-04   1.316828E-04   2.000000E-04   2.000000E-04   1.286614E-04   2.000000E-04   7.107236E-05
   9.526197E-05   9.526197E-05   9.526197E-05   9.526197E-05   4.672455E-05   4.316134E-05   6.825655E-05   1.656976E-04   1.698890E-04   5.191077E-05   1.994784E-04   2.000000E-04   2.000000E-04   1.278245E-04   1.431976E-04   1.196175E-04   9.983518E-05   2.000000E-04   1.218440E-04   9.526197E-05
   9.526197E-05   9.526197E-05   9.526197E-05   9.526197E-05   9.459553E-05   5.224336E-05   1.547748E-04   1.114684E-04   2.286487E-05   2.000000E-04   5.553610E-05   2.000000E-04   2.000000E-04   2.000000E-04   3.430894E-05   1.067081E-04   6.070545E-05   7.277153E-05   9.128626E-05   9.526197E-05
   9.526197E-05   9.526197E-05   9.526197E-05   9.526197E-05   9.526197E-05   2.880499E-05   2.000000E-04   1.191089E-04   1.182042E-04   2.000000E-04   2.000000E-04   7.451899E-05   1.479936E-04   2.000000E-04   4.476528E-05   1.497092E-04   2.924625E-05   1.403545E-04   9.526197E-05   9.526197E-05
   9.526197E-05   9.526197E-05   9.526197E-05   9.526197E-05   9.526197E-05   1.854126E-04   2.000000E-05   1.328958E-04   1.618760E-04   1.061955E-04   1.163244E-04   1.435094E-04   2.133149E-05   1.415082E-04   1.829898E-04   1.316513E-04   2.000000E-04   9.526197E-05   9.526197E-05   9.526197E-05
   9.526197E-05   9.526197E-05   9.526197E-05   9.526197E-05   9.526197E-05   1.146400E-04   2.000000E-04   2.000000E-04   2.000000E-04   7.540110E-05   5.400197E-05   7.771379E-05   4.646501E-05   2.000000E-04   2.000000E-04   5.925100E-05   9.526197E-05   9.526197E-05   9.526197E-05   9.526197E-05
