   1.642936E-04   2.000000E-04   2.000000E-04   2.000000E-04   2.000000E-04   1.454275E-04   2.000000E-04   1.584294E-04   1.106766E-04   8.076605E-05   2.000000E-04   5.804922E-05   1.488347E-04   2.000000E-04   7.731891E-05   9.664984E-05   9.962202E-05   2.950778E-05   2.000000E-04   1.835748E-04
   8.829074E-05   2.000000E-04   1.101775E-04   1.646725E-04   1.430504E-04   1.489550E-04   5.587452E-05   1.073362E-04   6.436174E-05   8.594046E-05   1.158586E-04   2.518164E-05   4.982371E-05   6.557125E-05   1.239319E-04   1.508137E-04   2.000000E-04   7.231955E-05   2.000000E-04   2.000000E-04
   2.000000E-04   2.000000E-04   2.000000E-04   2.000000E-04   1.157155E-04   7.001854E-05   2.000000E-04   2.000000E-04   2.306230E-05   3.329827E-05   7.750721E-05   5.956929E-05   2.068771E-05   2.000000E-04   2.000000E-04   1.572123E-04   1.589974E-04   1.562688E-04   2.000000E-04   8.141813E-05
   1.644843E-04   1.538751E-04   1.221644E-04   4.107073E-05   2.000000E-04   9.600485E-05   3.507527E-05   2.000000E-04   7.828075E-05   2.000000E-04   1.102584E-04   1.438606E-04   1.528915E-04   9.384717E-05   1.689228E-04   2.000000E-04   8.877909E-05   6.466902E-05   5.284216E-05   1.083266E-04
   2.000000E-04   7.601307E-05   6.450377E-05   2.000000E-04   1.653632E-04   1.353555E-04   1.800597E-04   5.706029E-05   6.866695E-05   2.000000E-05   8.224131E-05   1.213090E-04   1.667986E-04   1.503225E-04   1.589855E-04   6.182926E-05   2.000000E-04   2.144474E-05   4.887218E-05   2.000000E-04
   1.084850E-04   2.000000E-04   2.000000E-04   7.815275E-05   5.493690E-05   3.440150E-05   3.435966E-05   1.012633E-04   8.717172E-05   6.013983E-05   6.417778E-05   7.242171E-05   2.000000E-05   3.439071E-05   2.000000E-04   1.097822E-04   1.457752E-04   2.000000E-04   5.975827E-05   1.761404E-04
   6.004027E-05   9.344829E-05   2.000000E-04   7.733976E-05   1.339829E-04   5.256690E-05   2.353583E-05   3.892933E-05   4.117470E-05   2.000000E-04   7.524581E-05   8.208542E-05   9.410859E-05   2.000000E-05   5.723142E-05   1.142653E-04   1.792722E-04   4.237121E-05   2.000000E-04   8.769903E-05
   9.360134E-05   2.000000E-05   1.997251E-04   5.765347E-05   3.154364E-05   2.151043E-05   3.228385E-05   3.627535E-05   4.928701E-05   2.000000E-04   6.784858E-05   8.333679E-05   7.008046E-05   1.321077E-04   2.722369E-05   8.490912E-05   5.902931E-05   5.266899E-05   1.302159E-04   2.000000E-04
   1.698131E-04   4.645055E-05   9.509130E-05   2.000000E-04   7.548773E-05   7.548773E-05   7.548773E-05   2.000000E-05   3.787454E-05   8.058080E-05   3.654980E-05   9.317850E-05   2.808239E-05   3.415484E-05   4.353086E-05   7.648701E-05   2.935424E-05   1.398604E-04   8.494122E-05   5.177418E-05
   2.000000E-04   1.240465E-04   1.311292E-04   1.996932E-04   7.548773E-05   7.548773E-05   7.548773E-05   7.548773E-05   1.756554E-04   1.680139E-04   2.000000E-04   4.840091E-05   3.429290E-05   1.213178E-04   3.938215E-05   1.340101E-04   1.095831E-04   2.000000E-04   2.000000E-04   2.000000E-05
   9.340648E-05   2.011516E-05   7.729886E-05   7.441488E-05   7.548773E-05   7.548773E-05   7.548773E-05   7.548773E-05   2.000000E-04   1.772636E-04   1.618245E-04   2.000000E-04   6.900631E-05   1.660043E-04   2.732645E-05   7.473821E-05   2.000000E-04   7.852564E-05   1.951142E-04   1.655957E-04
   7.309745E-05   2.000000E-04   7.719873E-05   7.408498E-05   7.548773E-05   7.548773E-05   7.548773E-05   7.548773E-05   3.400212E-05   6.939444E-05   7.133693E-05   2.000000E-04   1.284295E-04   4.560649E-05   1.650556E-04   2.000000E-05   2.000000E-04   2.000000E-04   5.153986E-05   4.997945E-05
   1.454557E-04   2.000000E-04   1.679730E-04   2.000000E-04   7.548773E-05   7.548773E-05   7.548773E-05   7.548773E-05   4.159124E-05   2.000000E-04   1.207318E-04   8.369848E-05   4.885633E-05   5.201794E-05   1.060488E-04   1.157014E-04   2.000000E-05   9.960330E-05   1.416277E-04   3.590978E-05
   2.576451E-05   1.335623E-04   2.000000E-04   8.085064E-05   7.548773E-05   7.548773E-05   7.548773E-05   7.548773E-05   7.430381E-05   1.439098E-04   3.281489E-05   1.536989E-04   1.589854E-04   2.103003E-05   2.326583E-05   2.906558E-05   4.031212E-05   1.940382E-04   2.000000E-05   2.000000E-04
   2.000000E-04   3.029980E-05   2.000000E-04   2.000000E-04   7.548773E-05   7.548773E-05   7.548773E-05   7.548773E-05   1.122375E-04   8.129555E-05   3.387388E-05   2.000000E-04   5.282161E-05   4.534103E-05   4.780043E-05   2.792309E-05   1.200223E-04   5.980516E-05   7.444580E-05   1.954628E-04
   9.448335E-05   1.342685E-04   7.096786E-05   1.896941E-04   7.548773E-05   7.548773E-05   7.548773E-05   7.548773E-05   1.393697E-04   9.838465E-05   5.203162E-05   5.608080E-05   4.919511E-05   5.284199E-05   6.101295E-05   2.000000E-04   1.006960E-04   8.773456E-05   1.209056E-04   1.564338E-04
   9.800309E-05   2.000000E-04   1.598722E-04   4.020361E-05   7.548773E-05   7.548773E-05   7.548773E-05   7.548773E-05   8.969228E-05   1.818389E-04   3.808529E-05   2.000000E-05   1.231763E-04   8.865981E-05   2.000000E-04   6.595791E-05   1.473541E-04   2.000000E-04   2.710506E-05   1.585639E-04
   6.686936E-05   6.301870E-05   2.000000E-04   2.000000E-04   7.548773E-05   7.548773E-05   7.548773E-05   7.548773E-05   1.470455E-04   2.000000E-04   2.000000E-04   5.861121E-05   5.005085E-05   5.970015E-05   6.988574E-05   8.692306E-05   6.852641E-05   8.480977E-05   2.000000E-05   5.504815E-05
   1.118966E-04   1.525777E-04   2.000000E-04   2.000000E-04   7.548773E-05   7.548773E-05   7.548773E-05   7.548773E-05   1.417290E-04   2.000000E-04   9.950410E-05   2.000000E-04   2.000000E-04   2.000000E-04   5.842737E-05   1.228576E-04   2.000000E-04   2.000000E-05   7.584678E-05   5.221628E-05
   1.835724E-04   2.000000E-04   5.061915E-05   8.781096E-05   7.548773E-05   7.548773E-05   7.548773E-05   7.548773E-05   1.038603E-04   2.000000E-04   2.000000E-04   2.832980E-05   6.257687E-05   2.000000E-04   2.000000E-04   3.403516E-05   2.000000E-04   6.403521E-05   3.155482E-05   4.685466E-05
   1.579786E-04   7.010456E-05   1.201361E-04   4.598027E-05   7.548773E-05   7.548773E-05   7.548773E-05   7.548773E-05   1.289716E-04   1.408153E-04   2.567446E-05   9.147220E-05   7.969698E-05   1.041453E-04   6.347286E-05   1.087657E-04   4.059201E-05   1.496769E-04   9.776840E-05   2.000000E-04
   4.159535E-05   6.230951E-05   2.602980E-05   4.657374E-05   7.548773E-05   7.548773E-05   2.000000E-04   7.526069E-05   1.411823E-04   2.729762E-05   4.793340E-05   1.739450E-04   1.639918E-04   5.091021E-05   1.214525E-04   1.853786E-04   1.398364E-04   2.000000E-04   2.056475E-05   5.887167E-05
   2.352214E-05   2.697574E-05   2.951448E-05   5.834477E-05   1.337828E-04   7.548773E-05   2.000000E-04   1.744012E-04   2.000000E-04   1.501891E-04   2.000000E-04   1.815169E-04   5.899264E-05   1.471094E-04   4.985340E-05   2.903341E-05   1.927868E-04   6.558312E-05   8.825773E-05   3.482297E-05
   6.260354E-05   2.000000E-05   2.000000E-05   2.000000E-05   9.682276E-05   2.000000E-04   1.740074E-04   5.252701E-05   1.038526E-04   6.199197E-05   2.000000E-04   4.260354E-05   9.269542E-05   1.865835E-04   8.902112E-05   1.129973E-04   1.254421E-04   6.057560E-05   8.024503E-05   6.238950E-05
   2.000000E-05   5.177593E-05   2.524727E-05   8.518956E-05   1.113585E-04   1.436506E-04   1.154025E-04   2.000000E-04   2.000000E-04   4.470989E-05   1.043507E-04   4.584329E-05   2.000000E-04   7.696571E-05   5.384015E-05   3.492582E-05   1.560888E-04   7.042109E-05   4.445643E-05   2.000000E-04
   5.746742E-05   3.752308E-05   7.211346E-05   5.161810E-05   8.295916E-05   1.029570E-04   4.823492E-05   2.000000E-04   1.714022E-04   2.000000E-04   2.000000E-04   5.865702E-05   1.698310E-04   4.834298E-05   5.342812E-05   7.046208E-05   8.617754E-05   1.532310E-04   2.992672E-05   5.762143E-05
   4.348890E-05   2.653064E-05   2.000000E-05   4.575614E-05   3.189882E-05   6.301663E-05   5.043600E-05   2.000000E-04   2.000000E-04   2.000000E-04   2.000000E-04   5.101989E-05   2.000000E-05   2.546703E-05   3.708531E-05   5.797071E-05   2.729717E-05   7.367488E-05   5.706837E-05   1.509341E-04
   5.309347E-05   2.000000E-05   2.117381E-05   2.000000E-05   1.573678E-04   2.000000E-04   1.369138E-04   1.091553E-04   1.203302E-04   1.029259E-04   2.000000E-05   2.286860E-05   5.129814E-05   1.438521E-04   7.154903E-05   2.000000E-04   2.000000E-05   3.165980E-05   1.918880E-04   2.000000E-05
   4.822137E-05   2.834528E-05   2.000000E-05   2.276896E-05   5.925697E-05   4.806292E-05   8.910692E-05   1.015942E-04   2.000000E-05   5.212183E-05   9.307409E-05   5.433391E-05   2.000000E-05   3.184310E-05   7.652868E-05   8.915384E-05   5.376354E-05   5.717631E-05   6.059713E-05   2.000000E-04
   1.066207E-04   4.426601E-05   6.174449E-05   1.598073E-04   4.421392E-05   1.593804E-04   4.996771E-05   1.361182E-04   4.535420E-05   4.382354E-05   2.000000E-04   5.221249E-05   3.406169E-05   2.000000E-04   5.111615E-05   2.755220E-05   2.000000E-04   2.000000E-04   7.784129E-05   2.000000E-04
   2.851610E-05   3.703862E-05   3.838385E-05   1.307602E-04   1.517464E-04   2.000000E-04   5.468738E-05   1.220009E-04   2.027224E-05   1.349125E-04   2.000000E-05   4.276551E-05   8.862250E-05   2.000000E-04   1.914698E-04   2.000000E-04   2.000000E-04   1.983728E-04   2.000000E-04   8.533535E-05
   1.046936E-04   2.000000E-04   3.525166E-05   2.000000E-05   2.000000E-04   5.082481E-05   2.616959E-05   2.000000E-04   2.000000E-04   5.588848E-05   2.369840E-05   2.000000E-04   1.308609E-04   1.893322E-04   2.000000E-04   2.000000E-04   1.068064E-04   9.054424E-05   5.473063E-05   1.147533E-04
   7.548773E-05   1.151141E-04   5.117117E-05   7.782588E-05   5.239799E-05   1.347784E-04   2.286918E-05   1.246979E-04   5.926363E-05   3.045314E-05   7.798499E-05   2.000000E-05   9.894359E-05   2.000000E-04   4.367462E-05   2.000000E-04   2.000000E-04   1.449302E-04   1.029655E-04   2.000000E-04
   7.548773E-05   7.548773E-05   9.337385E-05   6.714239E-05   6.989027E-05   1.140294E-04   1.260543E-04   1.121805E-04   3.589307E-05   6.284766E-05   9.416538E-05   1.415290E-04   8.062799E-05   6.896718E-05   2.000000E-04   2.000000E-04   2.000000E-04   2.000000E-04   1.876491E-04   5.437267E-05
   7.548773E-05   7.548773E-05   7.548773E-05   1.346194E-04   1.166533E-04   2.000000E-04   7.882614E-05   1.125578E-04   1.212610E-04   7.201758E-05   5.211614E-05   1.027816E-04   2.000000E-04   1.261683E-04   2.000000E-04   2.000000E-04   1.197228E-04   8.504057E-05   4.685689E-05   1.233813E-04
   7.548773E-05   7.548773E-05   7.548773E-05   7.548773E-05   1.064409E-04   1.010411E-04   4.182703E-05   5.851551E-05   4.385135E-05   2.000000E-05   3.241598E-05   9.090049E-05   1.041762E-04   2.000000E-04   1.229851E-04   1.651939E-04   2.000000E-04   4.571966E-05   1.348610E-04   7.548773E-05
   7.548773E-05   7.548773E-05   7.548773E-05   7.548773E-05   1.210152E-04   1.588917E-04   8.280281E-05   7.381047E-05   1.717835E-04   1.639712E-04   1.346688E-04   1.679821E-04   2.000000E-04   3.407255E-05   2.000000E-04   1.735759E-04   2.000000E-04   1.566037E-04   1.910308E-04   7.548773E-05
   7.548773E-05   7.548773E-05   7.548773E-05   7.548773E-05   7.548773E-05   4.597498E-05   1.309233E-04   4.503053E-05   1.534300E-04   4.998714E-05   1.196718E-04   3.958845E-05   1.579988E-04   1.085485E-04   2.000000E-04   4.170595E-05   1.805059E-04   2.000000E-04   7.548773E-05   7.548773E-05
   7.548773E-05   7.548773E-05   7.548773E-05   7.548773E-05   7.548773E-05   2.000000E-05   2.000000E-04   2.721946E-05   2.725467E-05   2.234055E-05   2.000000E-04   2.000000E-04   2.169429E-05   2.359149E-05   6.985395E-05   1.431659E-04   3.420814E-05   7.548773E-05   7.548773E-05   7.548773E-05
   7.548773E-05   7.548773E-05   7.548773E-05   7.548773E-05   7.548773E-05   7.145188E-05   2.000000E-04   1.530622E-04   4.512757E-05   9.027538E-05   1.352996E-04   2.343650E-05   2.000000E-04   2.000000E-04   1.097690E-04   1.313958E-04   7.548773E-05   7.548773E-05   7.548773E-05   7.548773E-05
