   4.267437E-05   3.701736E-05   2.000000E-05   2.991273E-05   4.610515E-05   2.000000E-05   2.329982E-05   2.330750E-05   2.000000E-05   2.261417E-05   2.000000E-05   8.449024E-05   9.369654E-05   2.616674E-05   2.000000E-05   4.017937E-05   2.243722E-05   4.204481E-05   2.472155E-05   5.591860E-05
   7.210716E-05   3.683127E-05   2.000000E-04   2.351407E-05   2.000000E-05   2.977125E-05   1.025655E-04   2.000000E-05   7.675989E-05   2.000000E-05   2.000000E-05   2.000000E-05   4.995705E-05   2.000000E-05   4.915335E-05   2.000000E-05   2.000000E-05   2.314849E-05   2.064803E-05   9.896616E-05
   3.223824E-05   2.068802E-05   7.341174E-05   1.284468E-04   6.866495E-05   2.368970E-05   2.000000E-05   2.834352E-05   2.000000E-05   2.000000E-05   2.000000E-05   3.269605E-05   1.316610E-04   8.622688E-05   2.000000E-05   8.548786E-05   2.000000E-05   4.467915E-05   4.849694E-05   5.216537E-05
   1.381966E-04   2.946149E-05   6.743736E-05   6.281683E-05   6.563815E-05   2.000000E-05   3.775324E-05   2.000000E-05   2.868633E-05   4.509344E-05   1.007664E-04   5.038980E-05   2.508905E-05   4.785327E-05   2.000000E-05   2.000000E-05   2.767172E-05   2.000000E-05   2.000000E-05   2.501470E-05
   2.329515E-05   7.768709E-05   2.000000E-05   1.072328E-04   2.219140E-05   4.501904E-05   2.000000E-05   2.000000E-05   5.335697E-05   2.063919E-05   3.233536E-05   5.259324E-05   4.581730E-05   2.000000E-05   2.006573E-05   2.000000E-05   2.000000E-05   2.962965E-05   2.116364E-05   4.902298E-05
   2.687738E-05   2.948544E-05   4.607150E-05   3.738461E-05   2.000000E-05   2.298005E-05   4.038184E-05   3.209003E-05   2.101951E-05   2.000000E-05   3.150118E-05   2.000000E-05   2.000000E-05   2.000000E-05   2.000000E-05   3.988807E-05   2.115958E-05   2.000000E-05   2.757051E-05   6.601571E-05
   2.185947E-05   2.056931E-05   3.418099E-05   5.070319E-05   4.526715E-05   5.862073E-05   2.000000E-05   3.080350E-05   3.782558E-05   3.848947E-05   2.000000E-05   2.000000E-05   6.601851E-05   3.633866E-05   2.000000E-05   4.397706E-05   2.695124E-05   3.642529E-05   2.000000E-05   3.780022E-05
   3.783540E-05   2.679517E-05   1.651629E-04   7.834283E-05   1.381942E-04   3.611616E-05   2.000000E-05   2.471393E-05   2.000000E-05   2.000000E-05   3.693651E-05   8.045595E-05   2.000000E-05   2.031595E-05   2.070817E-05   2.000000E-05   2.000000E-05   4.552794E-05   6.080654E-05   2.000000E-05
   2.826814E-05   3.657207E-05   3.592147E-05   7.431826E-05   2.105722E-05   2.105722E-05   2.105722E-05   5.319827E-05   9.068634E-05   7.333265E-05   5.844841E-05   3.523632E-05   2.000000E-05   9.315003E-05   2.000000E-05   1.263403E-04   6.494179E-05   5.233009E-05   3.611828E-05   2.000000E-05
   1.069982E-04   2.204892E-05   2.034922E-05   4.160518E-05   2.105722E-05   2.105722E-05   2.105722E-05   2.105722E-05   9.616876E-05   1.600261E-04   6.378588E-05   2.000000E-05   2.000000E-05   2.000000E-05   1.678814E-04   6.485481E-05   2.826929E-05   1.067541E-04   2.000000E-05   5.487121E-05
   6.265771E-05   9.885881E-05   1.524005E-04   1.161812E-04   2.105722E-05   2.105722E-05   2.105722E-05   2.105722E-05   4.966361E-05   1.816564E-04   2.000000E-05   5.299238E-05   2.000000E-05   4.371797E-05   2.000000E-04   2.812771E-05   3.629102E-05   1.084662E-04   4.253394E-05   2.000000E-05
   1.655977E-04   1.474114E-04   3.729188E-05   5.212225E-05   2.105722E-05   2.105722E-05   2.105722E-05   2.105722E-05   3.135789E-05   3.121339E-05   1.123854E-04   4.376379E-05   2.000000E-05   2.000000E-05   5.967538E-05   7.533021E-05   2.000000E-05   2.000000E-05   6.336858E-05   4.554791E-05
   4.232190E-05   2.076867E-05   1.452948E-04   2.000000E-05   2.105722E-05   2.105722E-05   2.105722E-05   2.105722E-05   7.532127E-05   3.903292E-05   8.208065E-05   4.440153E-05   2.837560E-05   1.621198E-04   1.040973E-04   2.545952E-05   1.264779E-04   3.569188E-05   6.620733E-05   2.000000E-05
   5.413837E-05   2.000000E-05   2.000000E-05   2.000000E-05   2.105722E-05   2.105722E-05   2.105722E-05   2.105722E-05   7.104336E-05   5.800771E-05   6.175936E-05   3.088213E-05   2.725024E-05   4.146990E-05   2.000000E-05   2.000000E-05   2.060620E-05   2.853058E-05   3.652062E-05   2.285289E-05
   2.617015E-05   3.193864E-05   4.995516E-05   2.000000E-05   2.105722E-05   2.105722E-05   2.105722E-05   2.105722E-05   6.174233E-05   1.236960E-04   1.996421E-04   2.000000E-05   2.000000E-05   3.618814E-05   2.000000E-05   2.450634E-05   2.000000E-05   2.000000E-05   3.372362E-05   3.964713E-05
   3.792527E-05   3.319839E-05   3.832945E-05   2.674593E-05   2.105722E-05   2.105722E-05   2.105722E-05   2.105722E-05   1.018630E-04   3.555057E-05   1.712908E-04   6.389526E-05   2.160120E-05   2.000000E-05   2.000000E-05   2.397699E-05   2.696238E-05   2.000000E-05   2.000000E-05   4.815591E-05
   6.333688E-05   2.312358E-05   2.000000E-05   7.595964E-05   2.105722E-05   2.105722E-05   2.105722E-05   2.105722E-05   2.000000E-05   4.694159E-05   2.294387E-05   2.000000E-05   2.000000E-05   2.618668E-05   4.017226E-05   2.000000E-05   2.000000E-05   2.000000E-05   2.000000E-05   3.937777E-05
   3.581465E-05   6.959002E-05   4.368729E-05   2.279920E-05   2.105722E-05   2.105722E-05   2.105722E-05   2.105722E-05   2.000000E-05   2.000000E-05   5.320562E-05   2.000000E-05   2.000000E-05   2.388909E-05   2.000000E-05   2.272198E-05   2.762509E-05   3.032407E-05   4.094305E-05   2.000000E-05
   7.390568E-05   1.150301E-04   1.504930E-04   7.281790E-05   2.105722E-05   2.105722E-05   2.105722E-05   2.105722E-05   2.000000E-05   2.222384E-05   2.000000E-05   2.000000E-05   2.714908E-05   4.445692E-05   9.303589E-05   2.000000E-05   2.000000E-05   5.109095E-05   2.000000E-05   2.000000E-05
   7.785479E-05   2.000000E-05   2.000000E-05   4.820960E-05   2.105722E-05   2.105722E-05   2.105722E-05   2.105722E-05   2.000000E-05   2.000000E-05   2.000000E-05   2.737983E-05   2.000000E-05   3.113929E-05   2.000000E-05   2.000000E-05   2.000000E-05   3.541942E-05   3.684154E-05   2.000000E-05
   2.068813E-05   2.000000E-05   8.192681E-05   7.772415E-05   2.105722E-05   2.105722E-05   2.105722E-05   2.105722E-05   2.000000E-05   3.881350E-05   2.000000E-05   3.994935E-05   2.000000E-05   2.000000E-05   2.026321E-05   5.504488E-05   2.683260E-05   2.000000E-05   2.000000E-05   2.000000E-05
   2.000000E-05   1.274782E-04   2.000000E-05   2.000000E-05   2.105722E-05   2.105722E-05   5.293367E-05   2.000000E-05   3.083888E-05   2.000000E-05   2.000000E-05   2.000000E-05   2.000000E-05   2.000000E-05   2.000000E-05   2.000000E-05   2.000000E-05   2.000000E-05   2.163667E-05   2.505386E-05
   2.000000E-05   2.000000E-05   2.000000E-05   2.000000E-05   2.000000E-05   2.105722E-05   2.706096E-05   3.020917E-05   2.000000E-05   2.000000E-05   2.588047E-05   8.143045E-05   2.000000E-05   2.633380E-05   2.000000E-05   2.000000E-05   2.000000E-05   2.230885E-05   3.501767E-05   4.229732E-05
   2.306884E-05   1.093424E-04   3.310141E-05   2.000000E-05   1.112148E-04   2.000000E-05   2.000000E-05   2.000000E-05   2.077764E-05   2.191703E-05   6.462277E-05   7.888615E-05   2.317211E-05   2.000000E-05   2.000000E-05   2.000000E-05   2.000000E-05   2.000000E-05   2.000000E-05   2.000000E-05
   2.000000E-05   2.189144E-05   5.159657E-05   2.270037E-05   2.000000E-05   3.116848E-05   2.000000E-05   2.000000E-05   8.108892E-05   2.737053E-05   6.816798E-05   3.049632E-05   2.000000E-05   2.000000E-05   2.000000E-05   2.000000E-05   3.160455E-05   2.374386E-05   2.000000E-05   2.000000E-05
   2.334162E-05   2.000000E-05   2.000000E-05   5.692971E-05   5.811930E-05   5.018553E-05   2.000000E-05   2.142779E-05   2.000000E-05   2.550694E-05   2.128034E-05   2.000000E-05   2.000000E-05   2.000000E-05   2.000000E-05   5.552999E-05   2.000000E-05   2.000000E-05   2.000000E-05   2.011465E-05
   2.000000E-05   3.225044E-05   2.934995E-05   2.261298E-05   2.000000E-05   2.000000E-05   2.820806E-05   6.041492E-05   5.981072E-05   2.000000E-05   2.000000E-05   4.126209E-05   4.802571E-05   2.000000E-05   2.000000E-05   2.000000E-05   2.000000E-05   2.000000E-05   2.000000E-05   2.000000E-05
   2.000000E-05   6.748560E-05   2.000000E-05   2.000000E-05   2.000000E-05   2.523393E-05   2.000000E-05   2.000000E-05   4.563496E-05   3.658253E-05   2.000000E-05   2.985527E-05   2.000000E-05   2.000000E-05   2.000000E-05   2.000000E-05   2.000000E-05   2.000000E-05   2.000000E-05   3.075873E-05
   2.000000E-05   2.000000E-05   2.000000E-05   2.000000E-05   2.000000E-05   2.000000E-05   2.000000E-05   2.000000E-05   2.000000E-05   2.000000E-05   2.897980E-05   2.000000E-05   2.000000E-05   6.915723E-05   2.000000E-05   2.000000E-05   2.499088E-05   3.035273E-05   2.000000E-05   2.000000E-05
   3.923303E-05   2.000000E-05   2.423321E-05   2.506542E-05   2.000000E-05   2.000000E-05   2.000000E-05   2.000000E-05   2.000000E-05   2.000000E-05   2.000000E-05   2.000000E-05   2.000000E-05   3.534766E-05   1.156900E-04   4.031979E-05   2.000000E-05   2.437194E-05   2.000000E-05   2.000000E-05
   2.000000E-05   2.000000E-05   2.000000E-05   2.000000E-05   2.000000E-05   2.000000E-05   2.000000E-05   2.000000E-05   2.000000E-05   2.000000E-05   2.000000E-05   2.000000E-05   3.814769E-05   4.229267E-05   2.000000E-05   3.066290E-05   2.000000E-05   4.144282E-05   2.042986E-05   2.000000E-05
   2.789669E-05   2.000000E-05   2.000000E-05   2.000000E-05   2.000000E-05   2.000000E-05   3.204009E-05   2.286651E-05   2.000000E-05   2.000000E-05   2.000000E-05   2.033717E-05   7.985087E-05   6.680202E-05   2.000000E-05   1.118213E-04   3.211336E-05   2.000000E-05   3.173332E-05   5.104994E-05
   2.105722E-05   2.000000E-05   2.570940E-05   2.000000E-05   2.000000E-05   2.000000E-05   2.000000E-05   2.000000E-05   2.980902E-05   4.011545E-05   5.677631E-05   2.476917E-05   2.220839E-05   2.000000E-05   3.403472E-05   3.006111E-05   2.000000E-05   3.652727E-05   3.869288E-05   2.000000E-05
   2.105722E-05   2.105722E-05   2.000000E-05   2.000000E-05   2.000000E-05   2.000000E-05   2.000000E-05   2.000000E-05   2.000000E-05   2.305352E-05   2.000000E-05   2.522027E-05   2.000000E-05   2.000000E-05   2.000000E-05   2.000000E-05   2.000000E-05   2.207575E-05   2.000000E-05   2.000000E-05
   2.105722E-05   2.105722E-05   2.105722E-05   2.000000E-05   2.000000E-05   2.000000E-05   2.000000E-05   2.000000E-05   2.000000E-05   3.373401E-05   2.816414E-05   2.000000E-05   9.651023E-05   1.032314E-04   2.489381E-05   2.000000E-05   2.000000E-05   4.528880E-05   2.060687E-05   2.000000E-05
   2.105722E-05   2.105722E-05   2.105722E-05   2.105722E-05   2.000000E-05   2.000000E-05   3.737909E-05   2.310132E-05   2.000000E-05   2.000000E-05   1.220018E-04   2.000000E-05   1.237383E-04   2.914098E-05   2.000000E-05   2.000000E-05   5.610677E-05   4.487311E-05   2.000000E-05   2.105722E-05
   2.105722E-05   2.105722E-05   2.105722E-05   2.105722E-05   2.000000E-05   2.000000E-05   2.000000E-05   2.181644E-05   2.000000E-05   2.000000E-05   3.258973E-05   3.861440E-05   5.844948E-05   2.246572E-05   2.211518E-05   2.940357E-05   2.000000E-05   2.000000E-05   5.561977E-05   2.105722E-05
   2.105722E-05   2.105722E-05   2.105722E-05   2.105722E-05   2.105722E-05   2.000000E-05   2.000000E-05   2.000000E-05   2.000000E-05   2.850529E-05   4.247913E-05   2.000000E-05   2.000000E-05   2.000000E-05   2.000000E-05   2.000000E-05   2.000000E-05   2.000000E-05   2.105722E-05   2.105722E-05
   2.105722E-05   2.105722E-05   2.105722E-05   2.105722E-05   2.105722E-05   2.000000E-05   2.396219E-05   4.262594E-05   2.000000E-05   2.322380E-05   2.000000E-05   3.202205E-05   2.140442E-05   2.000000E-05   2.981397E-05   2.800708E-05   2.000000E-05   2.105722E-05   2.105722E-05   2.105722E-05
   2.105722E-05   2.105722E-05   2.105722E-05   2.105722E-05   2.105722E-05   7.340659E-05   2.000000E-05   4.513931E-05   2.000000E-05   2.000000E-05   5.729924E-05   3.305470E-05   1.028488E-04   2.000000E-05   2.121197E-05   3.111758E-05   2.105722E-05   2.105722E-05   2.105722E-05   2.105722E-05
