   7.060549E-05   1.207376E-04   1.073291E-04   1.362324E-04   2.000000E-04   6.330780E-05   1.627256E-04   2.442970E-05   1.774667E-04   1.925447E-04   2.000000E-04   7.235576E-05   1.372633E-04   7.102176E-05   1.051978E-04   1.723096E-04   9.336335E-05   8.211720E-05   5.638579E-05   2.000000E-04
   5.337920E-05   1.498150E-04   1.684059E-04   2.000000E-04   9.478492E-05   2.000000E-05   4.613993E-05   9.057500E-05   1.691055E-04   1.542906E-04   1.617156E-04   2.000000E-04   6.080729E-05   1.133105E-04   2.000000E-05   5.224148E-05   3.070500E-05   2.000000E-05   7.731213E-05   8.477486E-05
   1.214718E-04   9.178456E-05   1.803444E-04   1.489840E-04   1.113271E-04   5.474147E-05   5.978061E-05   4.679989E-05   2.000000E-04   2.000000E-04   5.940717E-05   2.000000E-04   9.120407E-05   9.704864E-05   3.537411E-05   5.439430E-05   4.736484E-05   7.531841E-05   2.000000E-05   2.000000E-04
   1.918924E-04   2.000000E-04   1.375658E-04   2.000000E-04   1.067324E-04   5.162641E-05   5.477565E-05   4.599666E-05   2.500112E-05   1.906290E-04   3.769834E-05   2.000000E-04   1.841502E-04   2.000000E-04   9.151368E-05   2.000000E-05   3.744124E-05   2.000000E-05   1.067214E-04   7.545861E-05
   2.000000E-04   2.000000E-04   4.932050E-05   1.488320E-04   2.643844E-05   9.886648E-05   1.362637E-04   6.118107E-05   5.496051E-05   3.125837E-05   2.000000E-04   1.876181E-04   1.013450E-04   2.000000E-04   2.716367E-05   3.077852E-05   1.366163E-04   3.815604E-05   8.128077E-05   1.496395E-04
   8.587032E-05   7.698548E-05   2.000000E-04   9.542845E-05   8.230777E-05   4.483988E-05   2.000000E-05   1.475387E-04   1.383394E-04   7.584654E-05   2.000000E-04   2.000000E-04   8.409033E-05   1.492276E-04   1.302202E-04   2.000000E-05   1.559912E-04   2.000000E-04   5.383453E-05   1.876603E-04
   2.000000E-05   2.000000E-04   6.628674E-05   3.489279E-05   2.000000E-05   2.000000E-05   5.068812E-05   4.606422E-05   5.527160E-05   2.000000E-04   2.000000E-04   2.000000E-04   1.377675E-04   4.695896E-05   3.460340E-05   6.505563E-05   2.754349E-05   9.061975E-05   2.000000E-04   4.391917E-05
   9.394725E-05   2.000000E-05   4.792145E-05   1.693474E-04   3.555554E-05   3.684211E-05   1.038353E-04   2.346581E-05   9.105727E-05   2.000000E-04   2.000000E-04   9.267480E-05   5.769235E-05   8.979168E-05   1.832225E-04   3.008766E-05   6.390555E-05   8.930743E-05   4.528164E-05   6.980839E-05
   3.407585E-05   3.460849E-05   2.000000E-05   7.725508E-05   5.521591E-05   5.521591E-05   5.521591E-05   6.313127E-05   5.280916E-05   2.000000E-04   9.248903E-05   2.000000E-04   2.000000E-04   2.000000E-04   8.514320E-05   9.492989E-05   1.339766E-04   5.900918E-05   5.262660E-05   9.471606E-05
   2.976794E-05   6.677170E-05   7.689902E-05   2.000000E-05   5.521591E-05   5.521591E-05   5.521591E-05   5.521591E-05   1.586222E-04   7.578848E-05   2.000000E-04   2.000000E-04   6.387756E-05   1.782610E-04   1.017898E-04   5.430115E-05   2.000000E-04   4.244633E-05   2.000000E-04   5.575376E-05
   4.311599E-05   2.412721E-05   5.270836E-05   1.025016E-04   5.521591E-05   5.521591E-05   5.521591E-05   5.521591E-05   2.000000E-04   1.170363E-04   2.000000E-05   8.951626E-05   1.091781E-04   6.921985E-05   1.576953E-04   2.000000E-04   1.385489E-04   2.000000E-04   6.420559E-05   3.420673E-05
   5.585682E-05   2.000000E-04   4.610918E-05   2.603168E-05   5.521591E-05   5.521591E-05   5.521591E-05   5.521591E-05   1.029175E-04   2.000000E-05   4.807053E-05   6.992937E-05   9.162601E-05   9.084959E-05   2.000000E-04   7.831345E-05   1.013305E-04   1.145625E-04   1.612269E-04   8.190243E-05
   2.000000E-04   5.054194E-05   5.364778E-05   1.831949E-04   5.521591E-05   5.521591E-05   5.521591E-05   5.521591E-05   7.145109E-05   4.975642E-05   8.100607E-05   2.000000E-04   6.404194E-05   8.106736E-05   3.294219E-05   8.676913E-05   3.996629E-05   5.706883E-05   6.445570E-05   1.213054E-04
   2.856351E-05   1.000980E-04   9.515996E-05   2.000000E-05   5.521591E-05   5.521591E-05   5.521591E-05   5.521591E-05   3.707649E-05   1.548117E-04   9.776673E-05   7.561330E-05   6.862117E-05   4.605076E-05   5.452812E-05   1.188494E-04   5.965604E-05   3.768173E-05   1.920892E-04   5.814381E-05
   2.000000E-05   1.057050E-04   8.638448E-05   3.458699E-05   5.521591E-05   5.521591E-05   5.521591E-05   5.521591E-05   3.028676E-05   2.000000E-04   7.391635E-05   2.422709E-05   1.098162E-04   8.669490E-05   2.335771E-05   8.481855E-05   5.016925E-05   1.772406E-04   1.904230E-04   1.338413E-04
   9.885974E-05   8.055129E-05   8.420862E-05   2.000000E-05   5.521591E-05   5.521591E-05   5.521591E-05   5.521591E-05   7.334791E-05   2.000000E-04   9.490034E-05   4.781487E-05   8.614840E-05   7.781256E-05   2.000000E-04   4.075303E-05   8.240627E-05   9.197675E-05   2.000000E-05   1.147335E-04
   1.079419E-04   3.512488E-05   2.000000E-05   2.607774E-05   5.521591E-05   5.521591E-05   5.521591E-05   5.521591E-05   1.234309E-04   2.000000E-05   4.736765E-05   8.216088E-05   4.718605E-05   1.077923E-04   4.235065E-05   1.065004E-04   5.499552E-05   2.348923E-05   1.247185E-04   3.711916E-05
   2.000000E-05   2.709497E-05   8.610805E-05   3.108318E-05   5.521591E-05   5.521591E-05   5.521591E-05   5.521591E-05   2.653061E-05   2.000000E-05   2.000000E-05   2.056175E-05   2.000000E-04   2.000000E-05   3.654650E-05   2.000000E-04   1.134018E-04   8.701047E-05   4.557828E-05   1.037082E-04
   2.791632E-05   2.000000E-05   2.000000E-05   3.039862E-05   5.521591E-05   5.521591E-05   5.521591E-05   5.521591E-05   2.598788E-05   3.743770E-05   4.664282E-05   1.404306E-04   3.284274E-05   2.000000E-04   8.284261E-05   2.000000E-04   2.000000E-04   2.000000E-04   7.407936E-05   4.799588E-05
   2.000000E-05   3.599630E-05   4.965568E-05   2.443059E-05   5.521591E-05   5.521591E-05   5.521591E-05   5.521591E-05   4.755863E-05   9.686511E-05   2.000000E-05   8.266672E-05   8.221838E-05   1.086817E-04   1.713711E-04   3.446225E-05   9.606909E-05   9.940991E-05   1.388606E-04   8.565076E-05
   2.000000E-05   4.072200E-05   8.271745E-05   2.000000E-05   5.521591E-05   5.521591E-05   5.521591E-05   5.521591E-05   3.904370E-05   5.838762E-05   1.027653E-04   4.034441E-05   2.000000E-04   5.814283E-05   1.135482E-04   3.827124E-05   2.000000E-04   4.093149E-05   2.000000E-04   2.000000E-04
   2.000000E-05   7.351894E-05   2.750967E-05   9.483291E-05   5.521591E-05   5.521591E-05   3.962393E-05   5.605517E-05   2.841348E-05   1.516145E-04   2.000000E-05   1.053878E-04   3.538014E-05   1.941638E-04   1.849323E-04   2.000000E-04   2.000000E-04   2.899178E-05   5.120822E-05   1.460505E-04
   2.069299E-05   1.015183E-04   1.325064E-04   2.000000E-05   4.049261E-05   5.521591E-05   1.573277E-04   2.000000E-05   2.271756E-05   1.373959E-04   2.000000E-05   1.197270E-04   1.715922E-04   6.955228E-05   2.000000E-04   2.000000E-04   9.909671E-05   2.000000E-04   2.000000E-04   6.372255E-05
   2.000000E-05   3.189411E-05   2.351664E-05   4.612926E-05   3.076399E-05   3.871615E-05   3.219633E-05   6.403280E-05   4.074582E-05   4.936053E-05   4.211491E-05   2.000000E-05   8.653573E-05   2.000000E-04   1.690895E-04   1.782863E-04   2.000000E-04   8.187419E-05   1.791071E-04   7.808402E-05
   8.660983E-05   4.583219E-05   3.895548E-05   2.000000E-05   6.878699E-05   1.373488E-04   1.474311E-04   4.264613E-05   3.925892E-05   4.634911E-05   6.266019E-05   9.792139E-05   1.093975E-04   8.202741E-05   2.000000E-04   3.218464E-05   9.382736E-05   2.000000E-04   9.616308E-05   1.387933E-04
   3.192966E-05   6.276299E-05   2.000000E-05   2.000000E-05   2.000000E-05   1.550082E-04   1.784305E-04   2.000000E-04   2.000000E-04   2.000000E-04   1.386858E-04   1.724263E-04   5.342717E-05   2.357603E-05   7.175155E-05   1.375246E-04   9.104086E-05   2.000000E-04   9.441547E-05   9.954438E-05
   2.593757E-05   2.000000E-05   3.714947E-05   3.208826E-05   5.628861E-05   1.228828E-04   1.123198E-04   5.045651E-05   2.406865E-05   1.684331E-04   1.186203E-04   2.000000E-04   1.554706E-04   4.588054E-05   2.072917E-05   1.864108E-04   5.633972E-05   1.036661E-04   4.830475E-05   9.500572E-05
   4.398516E-05   3.981094E-05   2.600655E-05   2.000000E-05   1.285055E-04   4.645680E-05   1.001747E-04   2.000000E-04   1.759928E-04   7.506461E-05   1.715111E-04   9.296888E-05   7.599407E-05   1.228359E-04   9.327380E-05   4.604430E-05   8.443751E-05   5.141339E-05   3.042894E-05   5.462449E-05
   2.725229E-05   2.674378E-05   4.378532E-05   2.000000E-04   8.645785E-05   2.000000E-04   1.589398E-04   2.000000E-04   2.000000E-04   6.248057E-05   2.000000E-04   2.000000E-04   1.484302E-04   8.141930E-05   2.000000E-04   1.515077E-04   2.000000E-04   3.526892E-05   1.042222E-04   5.911405E-05
   2.000000E-05   5.727436E-05   2.000000E-05   9.567753E-05   8.683228E-05   2.000000E-04   2.000000E-04   1.335518E-04   1.889428E-04   2.043203E-05   4.521540E-05   8.976095E-05   3.635339E-05   8.305884E-05   3.426119E-05   1.183260E-04   2.000000E-04   6.401395E-05   5.615696E-05   2.000000E-04
   6.928194E-05   2.335458E-05   5.000361E-05   9.097059E-05   2.000000E-04   1.683047E-04   1.629103E-04   1.427396E-04   1.754944E-04   1.527435E-04   2.000000E-05   1.184387E-04   3.344192E-05   2.000000E-04   5.275625E-05   3.191149E-05   1.229291E-04   2.000000E-04   3.915232E-05   3.774461E-05
   1.129716E-04   8.724952E-05   3.483433E-05   3.644529E-05   8.265715E-05   1.181093E-04   2.000000E-04   1.163716E-04   2.797261E-05   7.592682E-05   2.096258E-05   2.853855E-05   2.000000E-05   2.000000E-05   3.759716E-05   5.621061E-05   7.389330E-05   1.271193E-04   6.444438E-05   1.241109E-04
   5.521591E-05   4.373007E-05   3.610456E-05   6.431476E-05   1.006221E-04   1.079506E-04   7.686658E-05   5.701856E-05   5.182697E-05   5.795778E-05   5.265333E-05   3.896485E-05   1.183909E-04   1.785243E-04   1.338342E-04   3.908528E-05   9.298723E-05   7.063586E-05   1.201318E-04   1.134570E-04
   5.521591E-05   5.521591E-05   8.693542E-05   1.334510E-04   2.036240E-05   2.492699E-05   2.496513E-05   3.540203E-05   5.587228E-05   2.201087E-05   1.685464E-04   3.271051E-05   2.120611E-05   4.753316E-05   1.754967E-04   1.472850E-04   5.837713E-05   5.970197E-05   5.116064E-05   4.091854E-05
   5.521591E-05   5.521591E-05   5.521591E-05   4.149989E-05   4.113549E-05   1.320286E-04   4.107396E-05   1.723687E-04   3.638994E-05   3.865630E-05   2.831907E-05   2.000000E-05   1.916543E-04   1.621282E-04   1.616980E-04   7.554404E-05   4.933521E-05   1.639942E-04   1.030227E-04   1.045071E-04
   5.521591E-05   5.521591E-05   5.521591E-05   5.521591E-05   1.018233E-04   7.770351E-05   3.275310E-05   5.301357E-05   2.000000E-05   3.634998E-05   2.000000E-05   2.521685E-05   2.143563E-05   8.727072E-05   2.901148E-05   6.502679E-05   2.211099E-05   7.426805E-05   7.494134E-05   5.521591E-05
   5.521591E-05   5.521591E-05   5.521591E-05   5.521591E-05   2.000000E-05   4.115793E-05   2.000000E-05   9.394913E-05   3.523530E-05   2.858469E-05   2.000000E-05   2.000000E-05   2.000000E-05   1.421709E-04   1.020982E-04   8.913282E-05   5.507913E-05   3.571372E-05   7.714081E-05   5.521591E-05
   5.521591E-05   5.521591E-05   5.521591E-05   5.521591E-05   5.521591E-05   2.000000E-05   5.841064E-05   6.502160E-05   4.349690E-05   3.800041E-05   2.898155E-05   1.020810E-04   2.000000E-04   1.939706E-04   1.068440E-04   2.598262E-05   5.010171E-05   9.885658E-05   5.521591E-05   5.521591E-05
   5.521591E-05   5.521591E-05   5.521591E-05   5.521591E-05   5.521591E-05   4.555646E-05   1.865365E-04   4.399656E-05   6.810964E-05   5.037239E-05   2.811127E-05   5.856102E-05   4.941110E-05   3.948292E-05   3.901614E-05   1.487954E-04   4.534808E-05   5.521591E-05   5.521591E-05   5.521591E-05
   5.521591E-05   5.521591E-05   5.521591E-05   5.521591E-05   5.521591E-05   3.187821E-05   3.700960E-05   4.325920E-05   1.911670E-04   2.000000E-05   4.677899E-05   1.301866E-04   6.111296E-05   4.008732E-05   8.307701E-05   4.765604E-05   5.521591E-05   5.521591E-05   5.521591E-05   5.521591E-05
