   5.477167E-05   4.264926E-05   4.365939E-05   2.000000E-05   2.000000E-05   2.000000E-05   6.858673E-05   2.000000E-05   5.024087E-05   2.000000E-05   5.151889E-05   2.000000E-05   2.881376E-05   2.558585E-05   2.347456E-05   3.724698E-05   2.000000E-05   3.032068E-05   2.759774E-05   1.994258E-04
   9.309364E-05   5.762427E-05   2.997377E-05   4.248512E-05   7.401563E-05   1.518696E-04   4.457612E-05   9.263580E-05   2.000000E-05   2.000000E-05   2.372540E-05   2.149626E-05   2.000000E-05   2.000000E-05   3.295811E-05   2.756476E-05   2.000000E-05   2.000000E-05   4.680369E-05   2.000000E-05
   2.378996E-05   2.000000E-05   2.504801E-05   1.388048E-04   2.000000E-04   2.000000E-04   6.503516E-05   2.000000E-05   5.333371E-05   2.606777E-05   2.000000E-05   2.460955E-05   2.000000E-05   4.796017E-05   2.000000E-05   2.041685E-05   4.581666E-05   7.359487E-05   1.130972E-04   4.421041E-05
   3.601006E-05   3.620495E-05   5.467245E-05   5.621270E-05   3.657221E-05   9.104583E-05   4.940350E-05   2.000000E-04   2.162897E-05   2.667141E-05   2.000000E-05   6.592627E-05   2.764575E-05   2.263655E-05   2.817827E-05   3.996034E-05   2.934252E-05   5.967867E-05   2.778689E-05   7.572829E-05
   6.446584E-05   8.809965E-05   1.062844E-04   3.315940E-05   3.566950E-05   2.162525E-05   1.413573E-04   1.320073E-04   2.195850E-05   1.261032E-04   2.451682E-05   2.000000E-05   2.000000E-05   4.229045E-05   2.893895E-05   3.928930E-05   2.000000E-05   3.009420E-05   1.041260E-04   2.106250E-05
   3.451370E-05   8.819443E-05   1.369886E-04   1.768204E-04   1.054459E-04   1.174873E-04   5.716574E-05   1.073334E-04   5.567360E-05   2.675938E-05   2.322272E-05   2.000000E-05   5.861226E-05   2.925959E-05   2.000000E-05   1.488558E-04   5.050109E-05   4.601381E-05   1.013764E-04   7.856354E-05
   4.515536E-05   1.042294E-04   1.053323E-04   1.620256E-04   7.496506E-05   1.216822E-04   7.625458E-05   8.323302E-05   6.547862E-05   3.349229E-05   9.697022E-05   7.726866E-05   3.077422E-05   2.306531E-05   2.000000E-05   2.000000E-04   7.241163E-05   4.342497E-05   1.480079E-04   1.198535E-04
   7.323900E-05   5.475955E-05   1.420178E-04   9.532203E-05   5.258726E-05   5.844043E-05   5.681433E-05   4.776067E-05   5.304125E-05   1.071561E-04   2.274716E-05   3.054991E-05   4.715213E-05   5.761177E-05   6.329748E-05   2.000000E-05   3.587625E-05   5.064819E-05   4.723941E-05   5.363245E-05
   2.000000E-04   8.124806E-05   5.637388E-05   6.567895E-05   3.749804E-05   3.749804E-05   3.749804E-05   1.796843E-04   7.147359E-05   3.533515E-05   3.244829E-05   5.369974E-05   9.003319E-05   2.000000E-05   2.284761E-05   4.769938E-05   7.201548E-05   2.417291E-05   5.820795E-05   2.000000E-04
   6.930303E-05   8.723017E-05   2.000000E-04   4.511339E-05   3.749804E-05   3.749804E-05   3.749804E-05   3.749804E-05   2.000000E-05   2.000000E-05   2.000000E-05   2.319638E-05   5.132018E-05   7.710569E-05   1.550310E-04   6.085147E-05   4.791255E-05   9.650812E-05   2.128421E-05   6.651491E-05
   5.594811E-05   8.865952E-05   1.474926E-04   5.074344E-05   3.749804E-05   3.749804E-05   3.749804E-05   3.749804E-05   1.126020E-04   3.847429E-05   2.000000E-05   3.514883E-05   2.222802E-05   3.747984E-05   6.792343E-05   9.248250E-05   1.046239E-04   2.000000E-05   3.066966E-05   2.000000E-05
   1.328294E-04   1.400411E-04   2.000000E-05   5.611826E-05   3.749804E-05   3.749804E-05   3.749804E-05   3.749804E-05   2.433170E-05   2.229949E-05   2.000000E-05   2.000000E-05   2.000000E-05   2.000000E-05   2.333830E-05   7.025688E-05   3.656098E-05   1.000669E-04   2.462130E-05   5.422262E-05
   9.965786E-05   2.000000E-05   2.000000E-05   7.216711E-05   3.749804E-05   3.749804E-05   3.749804E-05   3.749804E-05   5.721213E-05   4.113347E-05   3.956229E-05   8.387111E-05   1.336257E-04   1.572532E-04   2.000000E-05   2.597861E-05   4.949377E-05   2.000000E-05   2.000000E-05   2.000000E-05
   2.309641E-05   3.136254E-05   5.781848E-05   2.743427E-05   3.749804E-05   3.749804E-05   3.749804E-05   3.749804E-05   8.629740E-05   4.967332E-05   1.211246E-04   1.350832E-04   2.000000E-05   2.000000E-05   2.463750E-05   1.046882E-04   6.207001E-05   2.000000E-05   8.892656E-05   1.390050E-04
   2.000000E-04   2.768032E-05   3.023254E-05   7.498244E-05   3.749804E-05   3.749804E-05   3.749804E-05   3.749804E-05   7.792925E-05   9.314147E-05   1.744059E-04   4.932301E-05   2.731895E-05   2.000000E-05   2.000000E-05   5.375463E-05   7.716623E-05   2.000000E-05   1.502709E-04   2.000000E-05
   6.543017E-05   6.693804E-05   2.781563E-05   1.157722E-04   3.749804E-05   3.749804E-05   3.749804E-05   3.749804E-05   2.000000E-04   1.623438E-04   1.535684E-04   2.000000E-04   2.351576E-05   8.509041E-05   2.113616E-05   3.799638E-05   2.787915E-05   2.000000E-05   2.000000E-05   1.452331E-04
   3.073092E-05   2.000000E-04   2.000000E-04   2.000000E-05   3.749804E-05   3.749804E-05   3.749804E-05   3.749804E-05   3.869936E-05   2.000000E-04   8.794123E-05   2.067951E-05   2.393535E-05   1.903633E-04   3.260499E-05   1.292616E-04   1.928905E-04   1.264567E-04   2.032615E-05   4.473714E-05
   1.311178E-04   2.000000E-04   1.104234E-04   2.000000E-04   3.749804E-05   3.749804E-05   3.749804E-05   3.749804E-05   2.346573E-05   1.639924E-04   5.789835E-05   2.000000E-04   1.020138E-04   7.298116E-05   2.000000E-05   7.963286E-05   1.317942E-04   3.256661E-05   2.060841E-05   6.998188E-05
   8.699383E-05   7.237297E-05   8.309680E-05   1.821820E-04   3.749804E-05   3.749804E-05   3.749804E-05   3.749804E-05   6.125885E-05   4.866404E-05   2.000000E-04   2.000000E-04   2.344794E-05   1.788383E-04   9.372854E-05   5.823854E-05   6.329136E-05   7.173450E-05   4.191113E-05   6.131254E-05
   2.000000E-04   9.182912E-05   1.973574E-04   2.174569E-05   3.749804E-05   3.749804E-05   3.749804E-05   3.749804E-05   3.349929E-05   1.496633E-04   5.306655E-05   2.000000E-04   2.000000E-04   2.715310E-05   1.003936E-04   6.688011E-05   3.210940E-05   8.938402E-05   6.649104E-05   7.847594E-05
   4.275015E-05   2.000000E-04   1.388749E-04   2.000000E-04   3.749804E-05   3.749804E-05   3.749804E-05   3.749804E-05   2.000000E-05   4.322120E-05   3.892997E-05   2.000000E-04   6.703775E-05   3.495755E-05   4.443028E-05   4.119677E-05   1.043289E-04   3.938375E-05   3.468491E-05   2.440319E-05
   8.881860E-05   1.592130E-04   5.602092E-05   2.901789E-05   3.749804E-05   3.749804E-05   2.000000E-05   4.796069E-05   2.504232E-05   2.923872E-05   1.636475E-04   1.763214E-04   2.000000E-04   8.629732E-05   2.000000E-04   2.000000E-05   7.327431E-05   2.950827E-05   9.695463E-05   2.000000E-05
   7.040651E-05   4.394661E-05   4.132525E-05   4.467465E-05   2.000000E-05   3.749804E-05   2.910263E-05   5.969677E-05   1.306606E-04   2.000000E-04   1.372548E-04   9.482841E-05   1.020626E-04   1.477235E-04   6.991718E-05   2.037765E-05   2.000000E-04   2.614223E-05   8.686585E-05   2.123314E-05
   2.703570E-05   9.594620E-05   1.561757E-04   4.635955E-05   3.342825E-05   4.635729E-05   2.000000E-05   6.375926E-05   7.394862E-05   6.597853E-05   2.000000E-04   2.000000E-05   2.403394E-05   1.210997E-04   4.281751E-05   4.299626E-05   5.819656E-05   6.479129E-05   4.221101E-05   2.176793E-05
   2.307086E-05   5.589531E-05   2.896260E-05   3.839621E-05   4.958187E-05   2.151653E-05   2.789756E-05   3.527492E-05   3.227777E-05   2.000000E-05   8.507074E-05   2.029914E-05   6.804792E-05   4.252682E-05   9.660197E-05   4.531479E-05   2.000000E-05   8.344420E-05   2.000000E-05   5.543757E-05
   2.000000E-04   1.805804E-04   7.778469E-05   6.873851E-05   5.748203E-05   5.644089E-05   3.126299E-05   2.998466E-05   8.807025E-05   2.000000E-04   2.000000E-05   3.404817E-05   2.000000E-05   5.830769E-05   2.000000E-05   3.411039E-05   1.083823E-04   1.070658E-04   8.616848E-05   2.000000E-05
   1.344692E-04   8.190237E-05   6.196673E-05   7.974903E-05   1.085406E-04   1.713736E-04   4.906378E-05   4.328153E-05   3.526426E-05   3.203466E-05   7.145033E-05   7.013345E-05   2.000000E-05   4.040039E-05   2.829198E-05   6.932249E-05   2.200178E-05   7.842707E-05   8.739819E-05   4.772002E-05
   8.537820E-05   2.000000E-04   7.336212E-05   1.825837E-04   8.496934E-05   9.358875E-05   3.650349E-05   4.135685E-05   4.610496E-05   2.000000E-05   1.221448E-04   8.540515E-05   2.000000E-05   2.628259E-05   3.574193E-05   2.688203E-05   1.863992E-04   2.081351E-05   2.000000E-05   4.309884E-05
   1.119923E-04   1.993339E-04   1.275946E-04   7.230482E-05   2.000000E-04   1.316927E-04   1.508933E-04   2.551958E-05   3.484263E-05   2.000000E-05   2.134661E-05   7.279935E-05   3.169451E-05   3.225843E-05   2.243899E-05   2.000000E-05   5.122341E-05   4.755189E-05   3.316062E-05   2.000000E-05
   4.648060E-05   2.000000E-04   2.000000E-04   1.396566E-04   2.000000E-05   9.260884E-05   2.000000E-05   2.000000E-05   2.000000E-05   2.000000E-05   2.000000E-05   6.315636E-05   2.000000E-05   2.000000E-05   1.833810E-04   9.329486E-05   4.029097E-05   2.000000E-04   1.173891E-04   8.393449E-05
   2.000000E-04   1.033135E-04   2.000000E-04   1.393880E-04   5.160549E-05   3.226527E-05   4.780119E-05   4.841746E-05   6.232512E-05   2.000000E-05   2.000000E-05   2.753600E-05   2.000000E-05   2.000000E-05   6.854464E-05   2.228236E-05   2.000000E-05   4.995455E-05   3.478068E-05   1.257457E-04
   1.046586E-04   1.130116E-04   1.243845E-04   1.721577E-04   4.583595E-05   2.000000E-04   6.293962E-05   2.723905E-05   2.000000E-05   2.000000E-05   2.000000E-05   7.942645E-05   4.730212E-05   2.000000E-05   3.273354E-05   4.771631E-05   7.698149E-05   2.000000E-05   3.862723E-05   1.662840E-04
   3.749804E-05   2.807683E-05   2.000000E-04   1.638038E-04   1.409342E-04   1.253913E-04   2.000000E-04   4.242981E-05   6.268639E-05   7.021137E-05   2.000000E-05   2.000000E-05   3.680457E-05   2.000000E-05   2.000000E-05   2.000000E-04   1.518300E-04   1.109794E-04   2.000000E-05   3.121265E-05
   3.749804E-05   3.749804E-05   1.245728E-04   1.388979E-04   2.000000E-04   2.000000E-04   1.394318E-04   2.343274E-05   1.543623E-04   3.208164E-05   9.109913E-05   5.465669E-05   2.743188E-05   2.848829E-05   2.000000E-05   3.974250E-05   2.000000E-05   1.853328E-04   3.476707E-05   1.131763E-04
   3.749804E-05   3.749804E-05   3.749804E-05   8.293456E-05   5.611043E-05   8.962551E-05   1.773481E-04   1.502487E-04   3.904084E-05   2.000000E-05   7.547577E-05   1.895238E-04   3.747099E-05   7.265189E-05   2.000000E-05   5.666759E-05   4.129480E-05   3.891924E-05   2.000000E-05   2.960022E-05
   3.749804E-05   3.749804E-05   3.749804E-05   3.749804E-05   5.254511E-05   1.081700E-04   7.902775E-05   2.000000E-04   1.259123E-04   1.143387E-04   9.343074E-05   5.581920E-05   7.083436E-05   8.128732E-05   9.194272E-05   1.133671E-04   4.463344E-05   5.113619E-05   1.046418E-04   3.749804E-05
   3.749804E-05   3.749804E-05   3.749804E-05   3.749804E-05   2.479853E-05   7.259217E-05   6.826053E-05   1.429709E-04   7.715155E-05   1.649084E-04   2.000000E-04   4.165818E-05   1.663467E-04   3.496478E-05   1.078783E-04   1.005598E-04   1.874575E-04   1.219501E-04   4.513256E-05   3.749804E-05
   3.749804E-05   3.749804E-05   3.749804E-05   3.749804E-05   3.749804E-05   7.108820E-05   2.000000E-04   3.020591E-05   9.089361E-05   2.101680E-05   2.000000E-04   9.952136E-05   1.159924E-04   6.025705E-05   1.004424E-04   2.000000E-05   3.459247E-05   4.580709E-05   3.749804E-05   3.749804E-05
   3.749804E-05   3.749804E-05   3.749804E-05   3.749804E-05   3.749804E-05   7.831317E-05   1.048600E-04   1.635042E-04   2.602821E-05   1.816217E-04   3.802324E-05   1.407597E-04   5.934406E-05   5.714551E-05   8.276408E-05   7.442953E-05   2.000000E-05   3.749804E-05   3.749804E-05   3.749804E-05
   3.749804E-05   3.749804E-05   3.749804E-05   3.749804E-05   3.749804E-05   1.145856E-04   5.909226E-05   1.003155E-04   1.209729E-04   4.904733E-05   1.758958E-04   8.209034E-05   2.000000E-04   1.419363E-04   4.558241E-05   2.000000E-04   3.749804E-05   3.749804E-05   3.749804E-05   3.749804E-05
