 pp_0000  625.0 9375.0 1.0  0.2545307318850746347571600836090510711073875427246093750000000000000000000000000000 
 pp_0001  1625.0 9375.0 1.0  1.0781550326759705704660063929622992873191833496093750000000000000000000000000000000 
 pp_0002  2625.0 9375.0 1.0  0.38712322781806890459321834896400105208158493041992187500000000000000000000000000000 
 pp_0003  3625.0 9375.0 1.0  0.79846506741241751736737342071137391030788421630859375000000000000000000000000000000 
 pp_0004  625.0 8375.0 1.0  5.0000000000000008881784197001252323389053344726562500000000000000000000000000000000 
 pp_0005  1625.0 8375.0 1.0  1.7641900957486853496192225065897218883037567138671875000000000000000000000000000000 
 pp_0006  2625.0 8375.0 1.0  3.51182025025133670581567457702476531267166137695312500000000000000000000000000000000 
 pp_0007  3625.0 8375.0 1.0  1.73161821277177030431460025283740833401679992675781250000000000000000000000000000000 
 pp_0008  625.0 7375.0 1.0  0.77673059298829771890382289711851626634597778320312500000000000000000000000000000000 
 pp_0009  2625.0 7375.0 1.0  0.350397923152045931427522873491398058831691741943359375000000000000000000000000000000 
 pp_0010  3625.0 7375.0 1.0  1.988149813632131390761514921905472874641418457031250000000000000000000000000000000000 
 pp_0011  625.0 6375.0 1.0  1.36810814524712176520893081033136695623397827148437500000000000000000000000000000000 
 pp_0012  2625.0 6375.0 1.0  1.468496215675349381157843708933796733617782592773437500000000000000000000000000000000 
 pp_0013  3625.0 6375.0 1.0  0.671503337488194240734173945384100079536437988281250000000000000000000000000000000000 
 pp_0014  625.0 5375.0 1.0  2.31418774432759466463949138415046036243438720703125000000000000000000000000000000000 
 pp_0015  2625.0 5375.0 1.0  0.842521060639350172216666123858885839581489562988281250000000000000000000000000000000 
 pp_0016  3625.0 5375.0 1.0  1.575349569731392174176676235219929367303848266601562500000000000000000000000000000000 
 pp_0017  625.0 4375.0 1.0  1.59155281041408525055658174096606671810150146484375000000000000000000000000000000000 
 pp_0018  1625.0 4375.0 1.0  2.08704444249956333479190107027534395456314086914062500000000000000000000000000000000 
 pp_0019  2625.0 4375.0 1.0  4.622790909578267992685596254887059330940246582031250000000000000000000000000000000000 
 pp_0020  3625.0 4375.0 1.0  1.127659073632017339150479529052972793579101562500000000000000000000000000000000000000 
 pp_0021  625.0 3375.0 1.0  0.70119456697100446262993500567972660064697265625000000000000000000000000000000000000 
 pp_0022  1625.0 3375.0 1.0  0.83512395833448860305026073547196574509143829345703125000000000000000000000000000000 
 pp_0023  2625.0 3375.0 1.0  0.483727746792634416550527021172456443309783935546875000000000000000000000000000000000 
 pp_0024  3625.0 3375.0 1.0  4.083929524056889803773628955241292715072631835937500000000000000000000000000000000000 
 pp_0025  625.0 2375.0 1.0  0.25562691330417930402063575456850230693817138671875000000000000000000000000000000000 
 pp_0026  1625.0 2375.0 1.0  0.74800933564743066206403909745858982205390930175781250000000000000000000000000000000 
 pp_0027  2625.0 2375.0 1.0  1.126199282739472229408761450031306594610214233398437500000000000000000000000000000000 
 pp_0028  3625.0 2375.0 1.0  0.501007281169018159339145768171874806284904479980468750000000000000000000000000000000 
 pp_0029  1625.0 1375.0 1.0  1.36562657093418038378729306714376434683799743652343750000000000000000000000000000000 
 pp_0030  2625.0 1375.0 1.0  0.200000000000000038857805861880478914827108383178710937500000000000000000000000000000 
 pp_0031  3625.0 1375.0 1.0  5.000000000000000888178419700125232338905334472656250000000000000000000000000000000000 
