 pp_0000  625.0 9375.0 1.0  1.1307875805230820365210320233018137514591217041015625000000000000000000000000000000 
 pp_0001  1625.0 9375.0 1.0  1.7538649598109865568318355144583620131015777587890625000000000000000000000000000000 
 pp_0002  2625.0 9375.0 1.0  1.20462061012175514207456217263825237751007080078125000000000000000000000000000000000 
 pp_0003  3625.0 9375.0 1.0  1.82167439844699874385014481958933174610137939453125000000000000000000000000000000000 
 pp_0004  625.0 8375.0 1.0  4.6800369400820223120263108285143971443176269531250000000000000000000000000000000000 
 pp_0005  1625.0 8375.0 1.0  0.4990840074171513651712928094639210030436515808105468750000000000000000000000000000 
 pp_0006  2625.0 8375.0 1.0  2.13200477696875534405762664391659200191497802734375000000000000000000000000000000000 
 pp_0007  3625.0 8375.0 1.0  0.46666603344542356701651897310512140393257141113281250000000000000000000000000000000 
 pp_0008  625.0 7375.0 1.0  0.52052552545282093632295072893612086772918701171875000000000000000000000000000000000 
 pp_0009  2625.0 7375.0 1.0  0.538157073491276505272651320410659536719322204589843750000000000000000000000000000000 
 pp_0010  3625.0 7375.0 1.0  0.537348849553321072924916279589524492621421813964843750000000000000000000000000000000 
 pp_0011  625.0 6375.0 1.0  0.20733912567704823604053387953172205016016960144042968750000000000000000000000000000 
 pp_0012  2625.0 6375.0 1.0  1.242882052505618561966116430994588881731033325195312500000000000000000000000000000000 
 pp_0013  3625.0 6375.0 1.0  1.270480366020528828485680605808738619089126586914062500000000000000000000000000000000 
 pp_0014  625.0 5375.0 1.0  0.22593475182603836581840539565746439620852470397949218750000000000000000000000000000 
 pp_0015  2625.0 5375.0 1.0  1.192900508140226634168357122689485549926757812500000000000000000000000000000000000000 
 pp_0016  3625.0 5375.0 1.0  1.615221500586439207225453174032736569643020629882812500000000000000000000000000000000 
 pp_0017  625.0 4375.0 1.0  1.06394756724084826871035147632937878370285034179687500000000000000000000000000000000 
 pp_0018  1625.0 4375.0 1.0  3.05988291446627869163421564735472202301025390625000000000000000000000000000000000000 
 pp_0019  2625.0 4375.0 1.0  0.384320728772735042966246510331984609365463256835937500000000000000000000000000000000 
 pp_0020  3625.0 4375.0 1.0  0.791062566791021604117872811912093311548233032226562500000000000000000000000000000000 
 pp_0021  625.0 3375.0 1.0  0.47024966142430518756256674350879620760679244995117187500000000000000000000000000000 
 pp_0022  1625.0 3375.0 1.0  1.55835452775234517552860324940411373972892761230468750000000000000000000000000000000 
 pp_0023  2625.0 3375.0 1.0  0.611022843765754775091636474826373159885406494140625000000000000000000000000000000000 
 pp_0024  3625.0 3375.0 1.0  2.936800532496514737346160472952760756015777587890625000000000000000000000000000000000 
 pp_0025  625.0 2375.0 1.0  0.29958033258736282977707787722465582191944122314453125000000000000000000000000000000 
 pp_0026  1625.0 2375.0 1.0  1.80858981262636930864573514554649591445922851562500000000000000000000000000000000000 
 pp_0027  2625.0 2375.0 1.0  0.464347596966592890410652216814924031496047973632812500000000000000000000000000000000 
 pp_0028  3625.0 2375.0 1.0  2.946996617510595051214750128565356135368347167968750000000000000000000000000000000000 
 pp_0029  1625.0 1375.0 1.0  0.61994727044537822902015022918931208550930023193359375000000000000000000000000000000 
 pp_0030  2625.0 1375.0 1.0  1.358607224566809934529487691179383546113967895507812500000000000000000000000000000000 
 pp_0031  3625.0 1375.0 1.0  1.757980640394607885212963083176873624324798583984375000000000000000000000000000000000 
