 pp_0000  625.0 9375.0 1.0  4.9570260607733445112899062223732471466064453125000000000000000000000000000000000000 
 pp_0001  1625.0 9375.0 1.0  3.1716624193930118558171216136543080210685729980468750000000000000000000000000000000 
 pp_0002  2625.0 9375.0 1.0  0.70276569784252951311742663165205158293247222900390625000000000000000000000000000000 
 pp_0003  3625.0 9375.0 1.0  1.70864141952900094878486925153993070125579833984375000000000000000000000000000000000 
 pp_0004  625.0 8375.0 1.0  0.4679261621438132179306990110490005463361740112304687500000000000000000000000000000 
 pp_0005  1625.0 8375.0 1.0  0.2626196539287319331457126736495411023497581481933593750000000000000000000000000000 
 pp_0006  2625.0 8375.0 1.0  0.40405227906575963414681496033153962343931198120117187500000000000000000000000000000 
 pp_0007  3625.0 8375.0 1.0  0.45680330258678558674745318057830445468425750732421875000000000000000000000000000000 
 pp_0008  625.0 7375.0 1.0  1.08973610136791698721481225220486521720886230468750000000000000000000000000000000000 
 pp_0009  2625.0 7375.0 1.0  0.881624337634630217408471253293100744485855102539062500000000000000000000000000000000 
 pp_0010  3625.0 7375.0 1.0  0.789902626919738670707715755270328372716903686523437500000000000000000000000000000000 
 pp_0011  625.0 6375.0 1.0  0.52636733144383796023646482353797182440757751464843750000000000000000000000000000000 
 pp_0012  2625.0 6375.0 1.0  1.777054533391122737029377276485320180654525756835937500000000000000000000000000000000 
 pp_0013  3625.0 6375.0 1.0  1.262317724014336617344156366016250103712081909179687500000000000000000000000000000000 
 pp_0014  625.0 5375.0 1.0  1.55246192459134202401571656082523986697196960449218750000000000000000000000000000000 
 pp_0015  2625.0 5375.0 1.0  0.987524108975742831439958990813465788960456848144531250000000000000000000000000000000 
 pp_0016  3625.0 5375.0 1.0  0.736223602086858552873138705763267353177070617675781250000000000000000000000000000000 
 pp_0017  625.0 4375.0 1.0  1.05266540430737309819164693180937319993972778320312500000000000000000000000000000000 
 pp_0018  1625.0 4375.0 1.0  1.25332936285368301554399295127950608730316162109375000000000000000000000000000000000 
 pp_0019  2625.0 4375.0 1.0  1.883704208091279808101603521208744496107101440429687500000000000000000000000000000000 
 pp_0020  3625.0 4375.0 1.0  1.776545747996229884790864161914214491844177246093750000000000000000000000000000000000 
 pp_0021  625.0 3375.0 1.0  0.56421967481844959024783747736364603042602539062500000000000000000000000000000000000 
 pp_0022  1625.0 3375.0 1.0  2.47672131201168976843973723589442670345306396484375000000000000000000000000000000000 
 pp_0023  2625.0 3375.0 1.0  1.122239385075737949648555513704195618629455566406250000000000000000000000000000000000 
 pp_0024  3625.0 3375.0 1.0  0.771906206176866893642340983205940574407577514648437500000000000000000000000000000000 
 pp_0025  625.0 2375.0 1.0  1.40980916370689035588270598964300006628036499023437500000000000000000000000000000000 
 pp_0026  1625.0 2375.0 1.0  0.43298132154720403441672260669292882084846496582031250000000000000000000000000000000 
 pp_0027  2625.0 2375.0 1.0  0.574985232076370422760192013811320066452026367187500000000000000000000000000000000000 
 pp_0028  3625.0 2375.0 1.0  1.112159075131462504515411637839861214160919189453125000000000000000000000000000000000 
 pp_0029  1625.0 1375.0 1.0  0.20726750822866704671021409467357443645596504211425781250000000000000000000000000000 
 pp_0030  2625.0 1375.0 1.0  1.655893251580365488351276326284278184175491333007812500000000000000000000000000000000 
 pp_0031  3625.0 1375.0 1.0  3.016159457579834946017172114807181060314178466796875000000000000000000000000000000000 
