 pp_0000  625.0 9375.0 1.0  0.6657470848789049933103001421841327100992202758789062500000000000000000000000000000 
 pp_0001  1625.0 9375.0 1.0  1.2181550677793158143913387903012335300445556640625000000000000000000000000000000000 
 pp_0002  2625.0 9375.0 1.0  1.71711583466050132784630477544851601123809814453125000000000000000000000000000000000 
 pp_0003  3625.0 9375.0 1.0  1.23298902809074650832599218119867146015167236328125000000000000000000000000000000000 
 pp_0004  625.0 8375.0 1.0  1.5348757624349413930531227379105985164642333984375000000000000000000000000000000000 
 pp_0005  1625.0 8375.0 1.0  0.8525901675923801548151459428481757640838623046875000000000000000000000000000000000 
 pp_0006  2625.0 8375.0 1.0  0.62729491393285918832134484546259045600891113281250000000000000000000000000000000000 
 pp_0007  3625.0 8375.0 1.0  0.72012721734482076918482107430463656783103942871093750000000000000000000000000000000 
 pp_0008  625.0 7375.0 1.0  0.40849154404546905716699711774708703160285949707031250000000000000000000000000000000 
 pp_0009  2625.0 7375.0 1.0  2.419508046767182563030473829712718725204467773437500000000000000000000000000000000000 
 pp_0010  3625.0 7375.0 1.0  1.121023023883701119629563436319585889577865600585937500000000000000000000000000000000 
 pp_0011  625.0 6375.0 1.0  0.34908144610550240205526506542810238897800445556640625000000000000000000000000000000 
 pp_0012  2625.0 6375.0 1.0  0.349755480832735887730677859508432447910308837890625000000000000000000000000000000000 
 pp_0013  3625.0 6375.0 1.0  0.827088893419632098513716300658416002988815307617187500000000000000000000000000000000 
 pp_0014  625.0 5375.0 1.0  1.21742698767234491796784823236521333456039428710937500000000000000000000000000000000 
 pp_0015  2625.0 5375.0 1.0  1.148601838595793678265977177943568676710128784179687500000000000000000000000000000000 
 pp_0016  3625.0 5375.0 1.0  0.491804544519115593992353296926012262701988220214843750000000000000000000000000000000 
 pp_0017  625.0 4375.0 1.0  2.14101997373818608849660449777729809284210205078125000000000000000000000000000000000 
 pp_0018  1625.0 4375.0 1.0  0.73089337282657307337530028235050849616527557373046875000000000000000000000000000000 
 pp_0019  2625.0 4375.0 1.0  1.030154035980931359617329690081533044576644897460937500000000000000000000000000000000 
 pp_0020  3625.0 4375.0 1.0  0.320088872438730298597420187434181571006774902343750000000000000000000000000000000000 
 pp_0021  625.0 3375.0 1.0  0.72555917119167223638953601039247587323188781738281250000000000000000000000000000000 
 pp_0022  1625.0 3375.0 1.0  0.88222804123565057299316549688228406012058258056640625000000000000000000000000000000 
 pp_0023  2625.0 3375.0 1.0  0.799047707422138930866140071884728968143463134765625000000000000000000000000000000000 
 pp_0024  3625.0 3375.0 1.0  0.541649997257032222996997461450519040226936340332031250000000000000000000000000000000 
 pp_0025  625.0 2375.0 1.0  1.44710587830438908163444011734100058674812316894531250000000000000000000000000000000 
 pp_0026  1625.0 2375.0 1.0  0.54436237135034337697447881510015577077865600585937500000000000000000000000000000000 
 pp_0027  2625.0 2375.0 1.0  3.150131352823500652249322229181416332721710205078125000000000000000000000000000000000 
 pp_0028  3625.0 2375.0 1.0  0.200000000000000038857805861880478914827108383178710937500000000000000000000000000000 
 pp_0029  1625.0 1375.0 1.0  0.20000000000000003885780586188047891482710838317871093750000000000000000000000000000 
 pp_0030  2625.0 1375.0 1.0  0.424267958194016137074555672370479442179203033447265625000000000000000000000000000000 
 pp_0031  3625.0 1375.0 1.0  0.246589429108412749869216895604040473699569702148437500000000000000000000000000000000 
