 pp_0000  625.0 9375.0 1.0  0.2000000000000000388578058618804789148271083831787109375000000000000000000000000000 
 pp_0001  1625.0 9375.0 1.0  1.5249769205496694901569298963295295834541320800781250000000000000000000000000000000 
 pp_0002  2625.0 9375.0 1.0  1.26429857324349814717834306065924465656280517578125000000000000000000000000000000000 
 pp_0003  3625.0 9375.0 1.0  0.80416319145830383874340441252570599317550659179687500000000000000000000000000000000 
 pp_0004  625.0 8375.0 1.0  3.1475998620820972995204556355020031332969665527343750000000000000000000000000000000 
 pp_0005  1625.0 8375.0 1.0  1.5888859126777552521758707371191121637821197509765625000000000000000000000000000000 
 pp_0006  2625.0 8375.0 1.0  0.55860011110779506093848567616078071296215057373046875000000000000000000000000000000 
 pp_0007  3625.0 8375.0 1.0  1.51573780932179213998267641727579757571220397949218750000000000000000000000000000000 
 pp_0008  625.0 7375.0 1.0  0.73473415802938446539371852850308641791343688964843750000000000000000000000000000000 
 pp_0009  2625.0 7375.0 1.0  2.373534702010895891532982204807922244071960449218750000000000000000000000000000000000 
 pp_0010  3625.0 7375.0 1.0  2.199971457966929389016286222613416612148284912109375000000000000000000000000000000000 
 pp_0011  625.0 6375.0 1.0  4.82298972438396500450608073151670396327972412109375000000000000000000000000000000000 
 pp_0012  2625.0 6375.0 1.0  0.838216245882209776141280599404126405715942382812500000000000000000000000000000000000 
 pp_0013  3625.0 6375.0 1.0  0.925629233620234415091942992148688063025474548339843750000000000000000000000000000000 
 pp_0014  625.0 5375.0 1.0  0.41347433700826591307375679207325447350740432739257812500000000000000000000000000000 
 pp_0015  2625.0 5375.0 1.0  1.358027382474579658477864541055168956518173217773437500000000000000000000000000000000 
 pp_0016  3625.0 5375.0 1.0  0.658269275322234226344164653710322454571723937988281250000000000000000000000000000000 
 pp_0017  625.0 4375.0 1.0  0.30399339026846566857997800070734228938817977905273437500000000000000000000000000000 
 pp_0018  1625.0 4375.0 1.0  1.08098688315733704179422147717559710144996643066406250000000000000000000000000000000 
 pp_0019  2625.0 4375.0 1.0  2.621222006125510706198156185564585030078887939453125000000000000000000000000000000000 
 pp_0020  3625.0 4375.0 1.0  0.818635889679634742854830165015300735831260681152343750000000000000000000000000000000 
 pp_0021  625.0 3375.0 1.0  0.35244681969212415806325111589103471487760543823242187500000000000000000000000000000 
 pp_0022  1625.0 3375.0 1.0  3.36163157263504119853791962668765336275100708007812500000000000000000000000000000000 
 pp_0023  2625.0 3375.0 1.0  0.968287328795112811619105741556268185377120971679687500000000000000000000000000000000 
 pp_0024  3625.0 3375.0 1.0  0.876642468701823274201956337492447346448898315429687500000000000000000000000000000000 
 pp_0025  625.0 2375.0 1.0  1.23396931828744316206325493112672120332717895507812500000000000000000000000000000000 
 pp_0026  1625.0 2375.0 1.0  1.57540209487033178170634073467226698994636535644531250000000000000000000000000000000 
 pp_0027  2625.0 2375.0 1.0  0.952053026012021796908868509490275755524635314941406250000000000000000000000000000000 
 pp_0028  3625.0 2375.0 1.0  1.490764953457332175901228765724226832389831542968750000000000000000000000000000000000 
 pp_0029  1625.0 1375.0 1.0  1.45722973044471748593764459656085819005966186523437500000000000000000000000000000000 
 pp_0030  2625.0 1375.0 1.0  0.466383896391289409777414221025537699460983276367187500000000000000000000000000000000 
 pp_0031  3625.0 1375.0 1.0  0.767854636568411685892954210430616512894630432128906250000000000000000000000000000000 
