 pp_0000  625.0 9375.0 1.0  1.0973716173188281519657039098092354834079742431640625000000000000000000000000000000 
 pp_0001  1625.0 9375.0 1.0  0.5783809104932263744913711889239493757486343383789062500000000000000000000000000000 
 pp_0002  2625.0 9375.0 1.0  0.64184777415209814943608535031671635806560516357421875000000000000000000000000000000 
 pp_0003  3625.0 9375.0 1.0  1.40032052600509659967542575031984597444534301757812500000000000000000000000000000000 
 pp_0004  625.0 8375.0 1.0  1.3009147821540536504869578493526205420494079589843750000000000000000000000000000000 
 pp_0005  1625.0 8375.0 1.0  1.2730969962782296978076601590146310627460479736328125000000000000000000000000000000 
 pp_0006  2625.0 8375.0 1.0  0.27662509926232886625641071987047325819730758666992187500000000000000000000000000000 
 pp_0007  3625.0 8375.0 1.0  0.65604485581306315467031708976719528436660766601562500000000000000000000000000000000 
 pp_0008  625.0 7375.0 1.0  0.67799808697434249538105177634861320257186889648437500000000000000000000000000000000 
 pp_0009  2625.0 7375.0 1.0  0.788234326205027868716967986983945593237876892089843750000000000000000000000000000000 
 pp_0010  3625.0 7375.0 1.0  0.211228827614872577411730958374391775578260421752929687500000000000000000000000000000 
 pp_0011  625.0 6375.0 1.0  1.64388374214601373779487403226085007190704345703125000000000000000000000000000000000 
 pp_0012  2625.0 6375.0 1.0  1.911041636072707383675606251927092671394348144531250000000000000000000000000000000000 
 pp_0013  3625.0 6375.0 1.0  0.468544800462006749697252416808623820543289184570312500000000000000000000000000000000 
 pp_0014  625.0 5375.0 1.0  0.20051852307016077014978350234741810709238052368164062500000000000000000000000000000 
 pp_0015  2625.0 5375.0 1.0  0.857892532557386289226997178047895431518554687500000000000000000000000000000000000000 
 pp_0016  3625.0 5375.0 1.0  1.507824740544980723910839515156112611293792724609375000000000000000000000000000000000 
 pp_0017  625.0 4375.0 1.0  2.23121269624284934707247884944081306457519531250000000000000000000000000000000000000 
 pp_0018  1625.0 4375.0 1.0  1.18068518432805436013666167127666994929313659667968750000000000000000000000000000000 
 pp_0019  2625.0 4375.0 1.0  0.209529731951157288660780864120170008391141891479492187500000000000000000000000000000 
 pp_0020  3625.0 4375.0 1.0  2.093339425216706572996372415218502283096313476562500000000000000000000000000000000000 
 pp_0021  625.0 3375.0 1.0  0.20000000000000003885780586188047891482710838317871093750000000000000000000000000000 
 pp_0022  1625.0 3375.0 1.0  2.15139748658979446105377064668573439121246337890625000000000000000000000000000000000 
 pp_0023  2625.0 3375.0 1.0  0.822718559745396649240944952907739207148551940917968750000000000000000000000000000000 
 pp_0024  3625.0 3375.0 1.0  0.670658557436199176393643028859514743089675903320312500000000000000000000000000000000 
 pp_0025  625.0 2375.0 1.0  0.49755341237332934012371765675197821110486984252929687500000000000000000000000000000 
 pp_0026  1625.0 2375.0 1.0  1.52036203776764278217115133884362876415252685546875000000000000000000000000000000000 
 pp_0027  2625.0 2375.0 1.0  2.331021729432837474860207294113934040069580078125000000000000000000000000000000000000 
 pp_0028  3625.0 2375.0 1.0  0.756979542312141484572407534869853407144546508789062500000000000000000000000000000000 
 pp_0029  1625.0 1375.0 1.0  1.61158133326910180116442461439874023199081420898437500000000000000000000000000000000 
 pp_0030  2625.0 1375.0 1.0  0.530855432622297396250132806017063558101654052734375000000000000000000000000000000000 
 pp_0031  3625.0 1375.0 1.0  1.244998860151138586616070824675261974334716796875000000000000000000000000000000000000 
