7.548773000000000104e-05 7.548773000000000104e-05 7.548773000000000104e-05 7.548773000000000104e-05 7.548773000000000104e-05 7.548773000000000104e-05 7.548773000000000104e-05 7.548773000000000104e-05 7.548773000000000104e-05 7.548773000000000104e-05 7.548773000000000104e-05 7.548773000000000104e-05 7.548773000000000104e-05 7.548773000000000104e-05 7.548773000000000104e-05 7.548773000000000104e-05 7.548773000000000104e-05 7.548773000000000104e-05 7.548773000000000104e-05 7.548773000000000104e-05
7.548773000000000104e-05 7.548773000000000104e-05 7.548773000000000104e-05 7.548773000000000104e-05 7.548773000000000104e-05 7.548773000000000104e-05 7.548773000000000104e-05 7.548773000000000104e-05 7.548773000000000104e-05 7.548773000000000104e-05 7.548773000000000104e-05 7.548773000000000104e-05 7.548773000000000104e-05 7.548773000000000104e-05 7.548773000000000104e-05 7.548773000000000104e-05 7.548773000000000104e-05 7.548773000000000104e-05 7.548773000000000104e-05 7.548773000000000104e-05
7.548773000000000104e-05 7.548773000000000104e-05 7.548773000000000104e-05 7.548773000000000104e-05 7.548773000000000104e-05 7.548773000000000104e-05 7.548773000000000104e-05 7.548773000000000104e-05 7.548773000000000104e-05 7.548773000000000104e-05 7.548773000000000104e-05 7.548773000000000104e-05 7.548773000000000104e-05 7.548773000000000104e-05 7.548773000000000104e-05 7.548773000000000104e-05 7.548773000000000104e-05 7.548773000000000104e-05 7.548773000000000104e-05 7.548773000000000104e-05
7.548773000000000104e-05 7.548773000000000104e-05 7.548773000000000104e-05 7.548773000000000104e-05 7.548773000000000104e-05 7.548773000000000104e-05 7.548773000000000104e-05 7.548773000000000104e-05 7.548773000000000104e-05 7.548773000000000104e-05 7.548773000000000104e-05 7.548773000000000104e-05 7.548773000000000104e-05 7.548773000000000104e-05 7.548773000000000104e-05 7.548773000000000104e-05 7.548773000000000104e-05 7.548773000000000104e-05 7.548773000000000104e-05 7.548773000000000104e-05
7.548773000000000104e-05 7.548773000000000104e-05 7.548773000000000104e-05 7.548773000000000104e-05 7.548773000000000104e-05 7.548773000000000104e-05 7.548773000000000104e-05 7.548773000000000104e-05 7.548773000000000104e-05 7.548773000000000104e-05 7.548773000000000104e-05 7.548773000000000104e-05 7.548773000000000104e-05 7.548773000000000104e-05 7.548773000000000104e-05 7.548773000000000104e-05 7.548773000000000104e-05 7.548773000000000104e-05 7.548773000000000104e-05 7.548773000000000104e-05
7.548773000000000104e-05 7.548773000000000104e-05 7.548773000000000104e-05 7.548773000000000104e-05 7.548773000000000104e-05 7.548773000000000104e-05 7.548773000000000104e-05 7.548773000000000104e-05 7.548773000000000104e-05 7.548773000000000104e-05 7.548773000000000104e-05 7.548773000000000104e-05 7.548773000000000104e-05 7.548773000000000104e-05 7.548773000000000104e-05 7.548773000000000104e-05 7.548773000000000104e-05 7.548773000000000104e-05 7.548773000000000104e-05 7.548773000000000104e-05
7.548773000000000104e-05 7.548773000000000104e-05 7.548773000000000104e-05 7.548773000000000104e-05 7.548773000000000104e-05 7.548773000000000104e-05 7.548773000000000104e-05 7.548773000000000104e-05 7.548773000000000104e-05 7.548773000000000104e-05 7.548773000000000104e-05 7.548773000000000104e-05 7.548773000000000104e-05 7.548773000000000104e-05 7.548773000000000104e-05 7.548773000000000104e-05 7.548773000000000104e-05 7.548773000000000104e-05 7.548773000000000104e-05 7.548773000000000104e-05
7.548773000000000104e-05 7.548773000000000104e-05 7.548773000000000104e-05 7.548773000000000104e-05 7.548773000000000104e-05 7.548773000000000104e-05 7.548773000000000104e-05 7.548773000000000104e-05 7.548773000000000104e-05 7.548773000000000104e-05 7.548773000000000104e-05 7.548773000000000104e-05 7.548773000000000104e-05 7.548773000000000104e-05 7.548773000000000104e-05 7.548773000000000104e-05 7.548773000000000104e-05 7.548773000000000104e-05 7.548773000000000104e-05 7.548773000000000104e-05
7.548773000000000104e-05 7.548773000000000104e-05 7.548773000000000104e-05 7.548773000000000104e-05 7.548773000000000104e-05 7.548773000000000104e-05 7.548773000000000104e-05 7.548773000000000104e-05 7.548773000000000104e-05 7.548773000000000104e-05 7.548773000000000104e-05 7.548773000000000104e-05 7.548773000000000104e-05 7.548773000000000104e-05 7.548773000000000104e-05 7.548773000000000104e-05 7.548773000000000104e-05 7.548773000000000104e-05 7.548773000000000104e-05 7.548773000000000104e-05
7.548773000000000104e-05 7.548773000000000104e-05 7.548773000000000104e-05 7.548773000000000104e-05 7.548773000000000104e-05 7.548773000000000104e-05 7.548773000000000104e-05 7.548773000000000104e-05 7.548773000000000104e-05 7.548773000000000104e-05 7.548773000000000104e-05 7.548773000000000104e-05 7.548773000000000104e-05 7.548773000000000104e-05 7.548773000000000104e-05 7.548773000000000104e-05 7.548773000000000104e-05 7.548773000000000104e-05 7.548773000000000104e-05 7.548773000000000104e-05
7.548773000000000104e-05 7.548773000000000104e-05 7.548773000000000104e-05 7.548773000000000104e-05 7.548773000000000104e-05 7.548773000000000104e-05 7.548773000000000104e-05 7.548773000000000104e-05 7.548773000000000104e-05 7.548773000000000104e-05 7.548773000000000104e-05 7.548773000000000104e-05 7.548773000000000104e-05 7.548773000000000104e-05 7.548773000000000104e-05 7.548773000000000104e-05 7.548773000000000104e-05 7.548773000000000104e-05 7.548773000000000104e-05 7.548773000000000104e-05
7.548773000000000104e-05 7.548773000000000104e-05 7.548773000000000104e-05 7.548773000000000104e-05 7.548773000000000104e-05 7.548773000000000104e-05 7.548773000000000104e-05 7.548773000000000104e-05 7.548773000000000104e-05 7.548773000000000104e-05 7.548773000000000104e-05 7.548773000000000104e-05 7.548773000000000104e-05 7.548773000000000104e-05 7.548773000000000104e-05 7.548773000000000104e-05 7.548773000000000104e-05 7.548773000000000104e-05 7.548773000000000104e-05 7.548773000000000104e-05
7.548773000000000104e-05 7.548773000000000104e-05 7.548773000000000104e-05 7.548773000000000104e-05 7.548773000000000104e-05 7.548773000000000104e-05 7.548773000000000104e-05 7.548773000000000104e-05 7.548773000000000104e-05 7.548773000000000104e-05 7.548773000000000104e-05 7.548773000000000104e-05 7.548773000000000104e-05 7.548773000000000104e-05 7.548773000000000104e-05 7.548773000000000104e-05 7.548773000000000104e-05 7.548773000000000104e-05 7.548773000000000104e-05 7.548773000000000104e-05
7.548773000000000104e-05 7.548773000000000104e-05 7.548773000000000104e-05 7.548773000000000104e-05 7.548773000000000104e-05 7.548773000000000104e-05 7.548773000000000104e-05 7.548773000000000104e-05 7.548773000000000104e-05 7.548773000000000104e-05 7.548773000000000104e-05 7.548773000000000104e-05 7.548773000000000104e-05 7.548773000000000104e-05 7.548773000000000104e-05 7.548773000000000104e-05 7.548773000000000104e-05 7.548773000000000104e-05 7.548773000000000104e-05 7.548773000000000104e-05
7.548773000000000104e-05 7.548773000000000104e-05 7.548773000000000104e-05 7.548773000000000104e-05 7.548773000000000104e-05 7.548773000000000104e-05 7.548773000000000104e-05 7.548773000000000104e-05 7.548773000000000104e-05 7.548773000000000104e-05 7.548773000000000104e-05 7.548773000000000104e-05 7.548773000000000104e-05 7.548773000000000104e-05 7.548773000000000104e-05 7.548773000000000104e-05 7.548773000000000104e-05 7.548773000000000104e-05 7.548773000000000104e-05 7.548773000000000104e-05
7.548773000000000104e-05 7.548773000000000104e-05 7.548773000000000104e-05 7.548773000000000104e-05 7.548773000000000104e-05 7.548773000000000104e-05 7.548773000000000104e-05 7.548773000000000104e-05 7.548773000000000104e-05 7.548773000000000104e-05 7.548773000000000104e-05 7.548773000000000104e-05 7.548773000000000104e-05 7.548773000000000104e-05 7.548773000000000104e-05 7.548773000000000104e-05 7.548773000000000104e-05 7.548773000000000104e-05 7.548773000000000104e-05 7.548773000000000104e-05
7.548773000000000104e-05 7.548773000000000104e-05 7.548773000000000104e-05 7.548773000000000104e-05 7.548773000000000104e-05 7.548773000000000104e-05 7.548773000000000104e-05 7.548773000000000104e-05 7.548773000000000104e-05 7.548773000000000104e-05 7.548773000000000104e-05 7.548773000000000104e-05 7.548773000000000104e-05 7.548773000000000104e-05 7.548773000000000104e-05 7.548773000000000104e-05 7.548773000000000104e-05 7.548773000000000104e-05 7.548773000000000104e-05 7.548773000000000104e-05
7.548773000000000104e-05 7.548773000000000104e-05 7.548773000000000104e-05 7.548773000000000104e-05 7.548773000000000104e-05 7.548773000000000104e-05 7.548773000000000104e-05 7.548773000000000104e-05 7.548773000000000104e-05 7.548773000000000104e-05 7.548773000000000104e-05 7.548773000000000104e-05 7.548773000000000104e-05 7.548773000000000104e-05 7.548773000000000104e-05 7.548773000000000104e-05 7.548773000000000104e-05 7.548773000000000104e-05 7.548773000000000104e-05 7.548773000000000104e-05
7.548773000000000104e-05 7.548773000000000104e-05 7.548773000000000104e-05 7.548773000000000104e-05 7.548773000000000104e-05 7.548773000000000104e-05 7.548773000000000104e-05 7.548773000000000104e-05 7.548773000000000104e-05 7.548773000000000104e-05 7.548773000000000104e-05 7.548773000000000104e-05 7.548773000000000104e-05 7.548773000000000104e-05 7.548773000000000104e-05 7.548773000000000104e-05 7.548773000000000104e-05 7.548773000000000104e-05 7.548773000000000104e-05 7.548773000000000104e-05
7.548773000000000104e-05 7.548773000000000104e-05 7.548773000000000104e-05 7.548773000000000104e-05 7.548773000000000104e-05 7.548773000000000104e-05 7.548773000000000104e-05 7.548773000000000104e-05 7.548773000000000104e-05 7.548773000000000104e-05 7.548773000000000104e-05 7.548773000000000104e-05 7.548773000000000104e-05 7.548773000000000104e-05 7.548773000000000104e-05 7.548773000000000104e-05 7.548773000000000104e-05 7.548773000000000104e-05 7.548773000000000104e-05 7.548773000000000104e-05
7.548773000000000104e-05 7.548773000000000104e-05 7.548773000000000104e-05 7.548773000000000104e-05 7.548773000000000104e-05 7.548773000000000104e-05 7.548773000000000104e-05 7.548773000000000104e-05 7.548773000000000104e-05 7.548773000000000104e-05 7.548773000000000104e-05 7.548773000000000104e-05 7.548773000000000104e-05 7.548773000000000104e-05 7.548773000000000104e-05 7.548773000000000104e-05 7.548773000000000104e-05 7.548773000000000104e-05 7.548773000000000104e-05 7.548773000000000104e-05
7.548773000000000104e-05 7.548773000000000104e-05 7.548773000000000104e-05 7.548773000000000104e-05 7.548773000000000104e-05 7.548773000000000104e-05 7.548773000000000104e-05 7.548773000000000104e-05 7.548773000000000104e-05 7.548773000000000104e-05 7.548773000000000104e-05 7.548773000000000104e-05 7.548773000000000104e-05 7.548773000000000104e-05 7.548773000000000104e-05 7.548773000000000104e-05 7.548773000000000104e-05 7.548773000000000104e-05 7.548773000000000104e-05 7.548773000000000104e-05
7.548773000000000104e-05 7.548773000000000104e-05 7.548773000000000104e-05 7.548773000000000104e-05 7.548773000000000104e-05 7.548773000000000104e-05 7.548773000000000104e-05 7.548773000000000104e-05 7.548773000000000104e-05 7.548773000000000104e-05 7.548773000000000104e-05 7.548773000000000104e-05 7.548773000000000104e-05 7.548773000000000104e-05 7.548773000000000104e-05 7.548773000000000104e-05 7.548773000000000104e-05 7.548773000000000104e-05 7.548773000000000104e-05 7.548773000000000104e-05
7.548773000000000104e-05 7.548773000000000104e-05 7.548773000000000104e-05 7.548773000000000104e-05 7.548773000000000104e-05 7.548773000000000104e-05 7.548773000000000104e-05 7.548773000000000104e-05 7.548773000000000104e-05 7.548773000000000104e-05 7.548773000000000104e-05 7.548773000000000104e-05 7.548773000000000104e-05 7.548773000000000104e-05 7.548773000000000104e-05 7.548773000000000104e-05 7.548773000000000104e-05 7.548773000000000104e-05 7.548773000000000104e-05 7.548773000000000104e-05
7.548773000000000104e-05 7.548773000000000104e-05 7.548773000000000104e-05 7.548773000000000104e-05 7.548773000000000104e-05 7.548773000000000104e-05 7.548773000000000104e-05 7.548773000000000104e-05 7.548773000000000104e-05 7.548773000000000104e-05 7.548773000000000104e-05 7.548773000000000104e-05 7.548773000000000104e-05 7.548773000000000104e-05 7.548773000000000104e-05 7.548773000000000104e-05 7.548773000000000104e-05 7.548773000000000104e-05 7.548773000000000104e-05 7.548773000000000104e-05
7.548773000000000104e-05 7.548773000000000104e-05 7.548773000000000104e-05 7.548773000000000104e-05 7.548773000000000104e-05 7.548773000000000104e-05 7.548773000000000104e-05 7.548773000000000104e-05 7.548773000000000104e-05 7.548773000000000104e-05 7.548773000000000104e-05 7.548773000000000104e-05 7.548773000000000104e-05 7.548773000000000104e-05 7.548773000000000104e-05 7.548773000000000104e-05 7.548773000000000104e-05 7.548773000000000104e-05 7.548773000000000104e-05 7.548773000000000104e-05
7.548773000000000104e-05 7.548773000000000104e-05 7.548773000000000104e-05 7.548773000000000104e-05 7.548773000000000104e-05 7.548773000000000104e-05 7.548773000000000104e-05 7.548773000000000104e-05 7.548773000000000104e-05 7.548773000000000104e-05 7.548773000000000104e-05 7.548773000000000104e-05 7.548773000000000104e-05 7.548773000000000104e-05 7.548773000000000104e-05 7.548773000000000104e-05 7.548773000000000104e-05 7.548773000000000104e-05 7.548773000000000104e-05 7.548773000000000104e-05
7.548773000000000104e-05 7.548773000000000104e-05 7.548773000000000104e-05 7.548773000000000104e-05 7.548773000000000104e-05 7.548773000000000104e-05 7.548773000000000104e-05 7.548773000000000104e-05 7.548773000000000104e-05 7.548773000000000104e-05 7.548773000000000104e-05 7.548773000000000104e-05 7.548773000000000104e-05 7.548773000000000104e-05 7.548773000000000104e-05 7.548773000000000104e-05 7.548773000000000104e-05 7.548773000000000104e-05 7.548773000000000104e-05 7.548773000000000104e-05
7.548773000000000104e-05 7.548773000000000104e-05 7.548773000000000104e-05 7.548773000000000104e-05 7.548773000000000104e-05 7.548773000000000104e-05 7.548773000000000104e-05 7.548773000000000104e-05 7.548773000000000104e-05 7.548773000000000104e-05 7.548773000000000104e-05 7.548773000000000104e-05 7.548773000000000104e-05 7.548773000000000104e-05 7.548773000000000104e-05 7.548773000000000104e-05 7.548773000000000104e-05 7.548773000000000104e-05 7.548773000000000104e-05 7.548773000000000104e-05
7.548773000000000104e-05 7.548773000000000104e-05 7.548773000000000104e-05 7.548773000000000104e-05 7.548773000000000104e-05 7.548773000000000104e-05 7.548773000000000104e-05 7.548773000000000104e-05 7.548773000000000104e-05 7.548773000000000104e-05 7.548773000000000104e-05 7.548773000000000104e-05 7.548773000000000104e-05 7.548773000000000104e-05 7.548773000000000104e-05 7.548773000000000104e-05 7.548773000000000104e-05 7.548773000000000104e-05 7.548773000000000104e-05 7.548773000000000104e-05
7.548773000000000104e-05 7.548773000000000104e-05 7.548773000000000104e-05 7.548773000000000104e-05 7.548773000000000104e-05 7.548773000000000104e-05 7.548773000000000104e-05 7.548773000000000104e-05 7.548773000000000104e-05 7.548773000000000104e-05 7.548773000000000104e-05 7.548773000000000104e-05 7.548773000000000104e-05 7.548773000000000104e-05 7.548773000000000104e-05 7.548773000000000104e-05 7.548773000000000104e-05 7.548773000000000104e-05 7.548773000000000104e-05 7.548773000000000104e-05
7.548773000000000104e-05 7.548773000000000104e-05 7.548773000000000104e-05 7.548773000000000104e-05 7.548773000000000104e-05 7.548773000000000104e-05 7.548773000000000104e-05 7.548773000000000104e-05 7.548773000000000104e-05 7.548773000000000104e-05 7.548773000000000104e-05 7.548773000000000104e-05 7.548773000000000104e-05 7.548773000000000104e-05 7.548773000000000104e-05 7.548773000000000104e-05 7.548773000000000104e-05 7.548773000000000104e-05 7.548773000000000104e-05 7.548773000000000104e-05
7.548773000000000104e-05 7.548773000000000104e-05 7.548773000000000104e-05 7.548773000000000104e-05 7.548773000000000104e-05 7.548773000000000104e-05 7.548773000000000104e-05 7.548773000000000104e-05 7.548773000000000104e-05 7.548773000000000104e-05 7.548773000000000104e-05 7.548773000000000104e-05 7.548773000000000104e-05 7.548773000000000104e-05 7.548773000000000104e-05 7.548773000000000104e-05 7.548773000000000104e-05 7.548773000000000104e-05 7.548773000000000104e-05 7.548773000000000104e-05
7.548773000000000104e-05 7.548773000000000104e-05 7.548773000000000104e-05 7.548773000000000104e-05 7.548773000000000104e-05 7.548773000000000104e-05 7.548773000000000104e-05 7.548773000000000104e-05 7.548773000000000104e-05 7.548773000000000104e-05 7.548773000000000104e-05 7.548773000000000104e-05 7.548773000000000104e-05 7.548773000000000104e-05 7.548773000000000104e-05 7.548773000000000104e-05 7.548773000000000104e-05 7.548773000000000104e-05 7.548773000000000104e-05 7.548773000000000104e-05
7.548773000000000104e-05 7.548773000000000104e-05 7.548773000000000104e-05 7.548773000000000104e-05 7.548773000000000104e-05 7.548773000000000104e-05 7.548773000000000104e-05 7.548773000000000104e-05 7.548773000000000104e-05 7.548773000000000104e-05 7.548773000000000104e-05 7.548773000000000104e-05 7.548773000000000104e-05 7.548773000000000104e-05 7.548773000000000104e-05 7.548773000000000104e-05 7.548773000000000104e-05 7.548773000000000104e-05 7.548773000000000104e-05 7.548773000000000104e-05
7.548773000000000104e-05 7.548773000000000104e-05 7.548773000000000104e-05 7.548773000000000104e-05 7.548773000000000104e-05 7.548773000000000104e-05 7.548773000000000104e-05 7.548773000000000104e-05 7.548773000000000104e-05 7.548773000000000104e-05 7.548773000000000104e-05 7.548773000000000104e-05 7.548773000000000104e-05 7.548773000000000104e-05 7.548773000000000104e-05 7.548773000000000104e-05 7.548773000000000104e-05 7.548773000000000104e-05 7.548773000000000104e-05 7.548773000000000104e-05
7.548773000000000104e-05 7.548773000000000104e-05 7.548773000000000104e-05 7.548773000000000104e-05 7.548773000000000104e-05 7.548773000000000104e-05 7.548773000000000104e-05 7.548773000000000104e-05 7.548773000000000104e-05 7.548773000000000104e-05 7.548773000000000104e-05 7.548773000000000104e-05 7.548773000000000104e-05 7.548773000000000104e-05 7.548773000000000104e-05 7.548773000000000104e-05 7.548773000000000104e-05 7.548773000000000104e-05 7.548773000000000104e-05 7.548773000000000104e-05
7.548773000000000104e-05 7.548773000000000104e-05 7.548773000000000104e-05 7.548773000000000104e-05 7.548773000000000104e-05 7.548773000000000104e-05 7.548773000000000104e-05 7.548773000000000104e-05 7.548773000000000104e-05 7.548773000000000104e-05 7.548773000000000104e-05 7.548773000000000104e-05 7.548773000000000104e-05 7.548773000000000104e-05 7.548773000000000104e-05 7.548773000000000104e-05 7.548773000000000104e-05 7.548773000000000104e-05 7.548773000000000104e-05 7.548773000000000104e-05
7.548773000000000104e-05 7.548773000000000104e-05 7.548773000000000104e-05 7.548773000000000104e-05 7.548773000000000104e-05 7.548773000000000104e-05 7.548773000000000104e-05 7.548773000000000104e-05 7.548773000000000104e-05 7.548773000000000104e-05 7.548773000000000104e-05 7.548773000000000104e-05 7.548773000000000104e-05 7.548773000000000104e-05 7.548773000000000104e-05 7.548773000000000104e-05 7.548773000000000104e-05 7.548773000000000104e-05 7.548773000000000104e-05 7.548773000000000104e-05
7.548773000000000104e-05 7.548773000000000104e-05 7.548773000000000104e-05 7.548773000000000104e-05 7.548773000000000104e-05 7.548773000000000104e-05 7.548773000000000104e-05 7.548773000000000104e-05 7.548773000000000104e-05 7.548773000000000104e-05 7.548773000000000104e-05 7.548773000000000104e-05 7.548773000000000104e-05 7.548773000000000104e-05 7.548773000000000104e-05 7.548773000000000104e-05 7.548773000000000104e-05 7.548773000000000104e-05 7.548773000000000104e-05 7.548773000000000104e-05
