2.410694000000000064e-05 2.410694000000000064e-05 2.410694000000000064e-05 2.410694000000000064e-05 2.410694000000000064e-05 2.410694000000000064e-05 2.410694000000000064e-05 2.410694000000000064e-05 2.410694000000000064e-05 2.410694000000000064e-05 2.410694000000000064e-05 2.410694000000000064e-05 2.410694000000000064e-05 2.410694000000000064e-05 2.410694000000000064e-05 2.410694000000000064e-05 2.410694000000000064e-05 2.410694000000000064e-05 2.410694000000000064e-05 2.410694000000000064e-05
2.410694000000000064e-05 2.410694000000000064e-05 2.410694000000000064e-05 2.410694000000000064e-05 2.410694000000000064e-05 2.410694000000000064e-05 2.410694000000000064e-05 2.410694000000000064e-05 2.410694000000000064e-05 2.410694000000000064e-05 2.410694000000000064e-05 2.410694000000000064e-05 2.410694000000000064e-05 2.410694000000000064e-05 2.410694000000000064e-05 2.410694000000000064e-05 2.410694000000000064e-05 2.410694000000000064e-05 2.410694000000000064e-05 2.410694000000000064e-05
2.410694000000000064e-05 2.410694000000000064e-05 2.410694000000000064e-05 2.410694000000000064e-05 2.410694000000000064e-05 2.410694000000000064e-05 2.410694000000000064e-05 2.410694000000000064e-05 2.410694000000000064e-05 2.410694000000000064e-05 2.410694000000000064e-05 2.410694000000000064e-05 2.410694000000000064e-05 2.410694000000000064e-05 2.410694000000000064e-05 2.410694000000000064e-05 2.410694000000000064e-05 2.410694000000000064e-05 2.410694000000000064e-05 2.410694000000000064e-05
2.410694000000000064e-05 2.410694000000000064e-05 2.410694000000000064e-05 2.410694000000000064e-05 2.410694000000000064e-05 2.410694000000000064e-05 2.410694000000000064e-05 2.410694000000000064e-05 2.410694000000000064e-05 2.410694000000000064e-05 2.410694000000000064e-05 2.410694000000000064e-05 2.410694000000000064e-05 2.410694000000000064e-05 2.410694000000000064e-05 2.410694000000000064e-05 2.410694000000000064e-05 2.410694000000000064e-05 2.410694000000000064e-05 2.410694000000000064e-05
2.410694000000000064e-05 2.410694000000000064e-05 2.410694000000000064e-05 2.410694000000000064e-05 2.410694000000000064e-05 2.410694000000000064e-05 2.410694000000000064e-05 2.410694000000000064e-05 2.410694000000000064e-05 2.410694000000000064e-05 2.410694000000000064e-05 2.410694000000000064e-05 2.410694000000000064e-05 2.410694000000000064e-05 2.410694000000000064e-05 2.410694000000000064e-05 2.410694000000000064e-05 2.410694000000000064e-05 2.410694000000000064e-05 2.410694000000000064e-05
2.410694000000000064e-05 2.410694000000000064e-05 2.410694000000000064e-05 2.410694000000000064e-05 2.410694000000000064e-05 2.410694000000000064e-05 2.410694000000000064e-05 2.410694000000000064e-05 2.410694000000000064e-05 2.410694000000000064e-05 2.410694000000000064e-05 2.410694000000000064e-05 2.410694000000000064e-05 2.410694000000000064e-05 2.410694000000000064e-05 2.410694000000000064e-05 2.410694000000000064e-05 2.410694000000000064e-05 2.410694000000000064e-05 2.410694000000000064e-05
2.410694000000000064e-05 2.410694000000000064e-05 2.410694000000000064e-05 2.410694000000000064e-05 2.410694000000000064e-05 2.410694000000000064e-05 2.410694000000000064e-05 2.410694000000000064e-05 2.410694000000000064e-05 2.410694000000000064e-05 2.410694000000000064e-05 2.410694000000000064e-05 2.410694000000000064e-05 2.410694000000000064e-05 2.410694000000000064e-05 2.410694000000000064e-05 2.410694000000000064e-05 2.410694000000000064e-05 2.410694000000000064e-05 2.410694000000000064e-05
2.410694000000000064e-05 2.410694000000000064e-05 2.410694000000000064e-05 2.410694000000000064e-05 2.410694000000000064e-05 2.410694000000000064e-05 2.410694000000000064e-05 2.410694000000000064e-05 2.410694000000000064e-05 2.410694000000000064e-05 2.410694000000000064e-05 2.410694000000000064e-05 2.410694000000000064e-05 2.410694000000000064e-05 2.410694000000000064e-05 2.410694000000000064e-05 2.410694000000000064e-05 2.410694000000000064e-05 2.410694000000000064e-05 2.410694000000000064e-05
2.410694000000000064e-05 2.410694000000000064e-05 2.410694000000000064e-05 2.410694000000000064e-05 2.410694000000000064e-05 2.410694000000000064e-05 2.410694000000000064e-05 2.410694000000000064e-05 2.410694000000000064e-05 2.410694000000000064e-05 2.410694000000000064e-05 2.410694000000000064e-05 2.410694000000000064e-05 2.410694000000000064e-05 2.410694000000000064e-05 2.410694000000000064e-05 2.410694000000000064e-05 2.410694000000000064e-05 2.410694000000000064e-05 2.410694000000000064e-05
2.410694000000000064e-05 2.410694000000000064e-05 2.410694000000000064e-05 2.410694000000000064e-05 2.410694000000000064e-05 2.410694000000000064e-05 2.410694000000000064e-05 2.410694000000000064e-05 2.410694000000000064e-05 2.410694000000000064e-05 2.410694000000000064e-05 2.410694000000000064e-05 2.410694000000000064e-05 2.410694000000000064e-05 2.410694000000000064e-05 2.410694000000000064e-05 2.410694000000000064e-05 2.410694000000000064e-05 2.410694000000000064e-05 2.410694000000000064e-05
2.410694000000000064e-05 2.410694000000000064e-05 2.410694000000000064e-05 2.410694000000000064e-05 2.410694000000000064e-05 2.410694000000000064e-05 2.410694000000000064e-05 2.410694000000000064e-05 2.410694000000000064e-05 2.410694000000000064e-05 2.410694000000000064e-05 2.410694000000000064e-05 2.410694000000000064e-05 2.410694000000000064e-05 2.410694000000000064e-05 2.410694000000000064e-05 2.410694000000000064e-05 2.410694000000000064e-05 2.410694000000000064e-05 2.410694000000000064e-05
2.410694000000000064e-05 2.410694000000000064e-05 2.410694000000000064e-05 2.410694000000000064e-05 2.410694000000000064e-05 2.410694000000000064e-05 2.410694000000000064e-05 2.410694000000000064e-05 2.410694000000000064e-05 2.410694000000000064e-05 2.410694000000000064e-05 2.410694000000000064e-05 2.410694000000000064e-05 2.410694000000000064e-05 2.410694000000000064e-05 2.410694000000000064e-05 2.410694000000000064e-05 2.410694000000000064e-05 2.410694000000000064e-05 2.410694000000000064e-05
2.410694000000000064e-05 2.410694000000000064e-05 2.410694000000000064e-05 2.410694000000000064e-05 2.410694000000000064e-05 2.410694000000000064e-05 2.410694000000000064e-05 2.410694000000000064e-05 2.410694000000000064e-05 2.410694000000000064e-05 2.410694000000000064e-05 2.410694000000000064e-05 2.410694000000000064e-05 2.410694000000000064e-05 2.410694000000000064e-05 2.410694000000000064e-05 2.410694000000000064e-05 2.410694000000000064e-05 2.410694000000000064e-05 2.410694000000000064e-05
2.410694000000000064e-05 2.410694000000000064e-05 2.410694000000000064e-05 2.410694000000000064e-05 2.410694000000000064e-05 2.410694000000000064e-05 2.410694000000000064e-05 2.410694000000000064e-05 2.410694000000000064e-05 2.410694000000000064e-05 2.410694000000000064e-05 2.410694000000000064e-05 2.410694000000000064e-05 2.410694000000000064e-05 2.410694000000000064e-05 2.410694000000000064e-05 2.410694000000000064e-05 2.410694000000000064e-05 2.410694000000000064e-05 2.410694000000000064e-05
2.410694000000000064e-05 2.410694000000000064e-05 2.410694000000000064e-05 2.410694000000000064e-05 2.410694000000000064e-05 2.410694000000000064e-05 2.410694000000000064e-05 2.410694000000000064e-05 2.410694000000000064e-05 2.410694000000000064e-05 2.410694000000000064e-05 2.410694000000000064e-05 2.410694000000000064e-05 2.410694000000000064e-05 2.410694000000000064e-05 2.410694000000000064e-05 2.410694000000000064e-05 2.410694000000000064e-05 2.410694000000000064e-05 2.410694000000000064e-05
2.410694000000000064e-05 2.410694000000000064e-05 2.410694000000000064e-05 2.410694000000000064e-05 2.410694000000000064e-05 2.410694000000000064e-05 2.410694000000000064e-05 2.410694000000000064e-05 2.410694000000000064e-05 2.410694000000000064e-05 2.410694000000000064e-05 2.410694000000000064e-05 2.410694000000000064e-05 2.410694000000000064e-05 2.410694000000000064e-05 2.410694000000000064e-05 2.410694000000000064e-05 2.410694000000000064e-05 2.410694000000000064e-05 2.410694000000000064e-05
2.410694000000000064e-05 2.410694000000000064e-05 2.410694000000000064e-05 2.410694000000000064e-05 2.410694000000000064e-05 2.410694000000000064e-05 2.410694000000000064e-05 2.410694000000000064e-05 2.410694000000000064e-05 2.410694000000000064e-05 2.410694000000000064e-05 2.410694000000000064e-05 2.410694000000000064e-05 2.410694000000000064e-05 2.410694000000000064e-05 2.410694000000000064e-05 2.410694000000000064e-05 2.410694000000000064e-05 2.410694000000000064e-05 2.410694000000000064e-05
2.410694000000000064e-05 2.410694000000000064e-05 2.410694000000000064e-05 2.410694000000000064e-05 2.410694000000000064e-05 2.410694000000000064e-05 2.410694000000000064e-05 2.410694000000000064e-05 2.410694000000000064e-05 2.410694000000000064e-05 2.410694000000000064e-05 2.410694000000000064e-05 2.410694000000000064e-05 2.410694000000000064e-05 2.410694000000000064e-05 2.410694000000000064e-05 2.410694000000000064e-05 2.410694000000000064e-05 2.410694000000000064e-05 2.410694000000000064e-05
2.410694000000000064e-05 2.410694000000000064e-05 2.410694000000000064e-05 2.410694000000000064e-05 2.410694000000000064e-05 2.410694000000000064e-05 2.410694000000000064e-05 2.410694000000000064e-05 2.410694000000000064e-05 2.410694000000000064e-05 2.410694000000000064e-05 2.410694000000000064e-05 2.410694000000000064e-05 2.410694000000000064e-05 2.410694000000000064e-05 2.410694000000000064e-05 2.410694000000000064e-05 2.410694000000000064e-05 2.410694000000000064e-05 2.410694000000000064e-05
2.410694000000000064e-05 2.410694000000000064e-05 2.410694000000000064e-05 2.410694000000000064e-05 2.410694000000000064e-05 2.410694000000000064e-05 2.410694000000000064e-05 2.410694000000000064e-05 2.410694000000000064e-05 2.410694000000000064e-05 2.410694000000000064e-05 2.410694000000000064e-05 2.410694000000000064e-05 2.410694000000000064e-05 2.410694000000000064e-05 2.410694000000000064e-05 2.410694000000000064e-05 2.410694000000000064e-05 2.410694000000000064e-05 2.410694000000000064e-05
2.410694000000000064e-05 2.410694000000000064e-05 2.410694000000000064e-05 2.410694000000000064e-05 2.410694000000000064e-05 2.410694000000000064e-05 2.410694000000000064e-05 2.410694000000000064e-05 2.410694000000000064e-05 2.410694000000000064e-05 2.410694000000000064e-05 2.410694000000000064e-05 2.410694000000000064e-05 2.410694000000000064e-05 2.410694000000000064e-05 2.410694000000000064e-05 2.410694000000000064e-05 2.410694000000000064e-05 2.410694000000000064e-05 2.410694000000000064e-05
2.410694000000000064e-05 2.410694000000000064e-05 2.410694000000000064e-05 2.410694000000000064e-05 2.410694000000000064e-05 2.410694000000000064e-05 2.410694000000000064e-05 2.410694000000000064e-05 2.410694000000000064e-05 2.410694000000000064e-05 2.410694000000000064e-05 2.410694000000000064e-05 2.410694000000000064e-05 2.410694000000000064e-05 2.410694000000000064e-05 2.410694000000000064e-05 2.410694000000000064e-05 2.410694000000000064e-05 2.410694000000000064e-05 2.410694000000000064e-05
2.410694000000000064e-05 2.410694000000000064e-05 2.410694000000000064e-05 2.410694000000000064e-05 2.410694000000000064e-05 2.410694000000000064e-05 2.410694000000000064e-05 2.410694000000000064e-05 2.410694000000000064e-05 2.410694000000000064e-05 2.410694000000000064e-05 2.410694000000000064e-05 2.410694000000000064e-05 2.410694000000000064e-05 2.410694000000000064e-05 2.410694000000000064e-05 2.410694000000000064e-05 2.410694000000000064e-05 2.410694000000000064e-05 2.410694000000000064e-05
2.410694000000000064e-05 2.410694000000000064e-05 2.410694000000000064e-05 2.410694000000000064e-05 2.410694000000000064e-05 2.410694000000000064e-05 2.410694000000000064e-05 2.410694000000000064e-05 2.410694000000000064e-05 2.410694000000000064e-05 2.410694000000000064e-05 2.410694000000000064e-05 2.410694000000000064e-05 2.410694000000000064e-05 2.410694000000000064e-05 2.410694000000000064e-05 2.410694000000000064e-05 2.410694000000000064e-05 2.410694000000000064e-05 2.410694000000000064e-05
2.410694000000000064e-05 2.410694000000000064e-05 2.410694000000000064e-05 2.410694000000000064e-05 2.410694000000000064e-05 2.410694000000000064e-05 2.410694000000000064e-05 2.410694000000000064e-05 2.410694000000000064e-05 2.410694000000000064e-05 2.410694000000000064e-05 2.410694000000000064e-05 2.410694000000000064e-05 2.410694000000000064e-05 2.410694000000000064e-05 2.410694000000000064e-05 2.410694000000000064e-05 2.410694000000000064e-05 2.410694000000000064e-05 2.410694000000000064e-05
2.410694000000000064e-05 2.410694000000000064e-05 2.410694000000000064e-05 2.410694000000000064e-05 2.410694000000000064e-05 2.410694000000000064e-05 2.410694000000000064e-05 2.410694000000000064e-05 2.410694000000000064e-05 2.410694000000000064e-05 2.410694000000000064e-05 2.410694000000000064e-05 2.410694000000000064e-05 2.410694000000000064e-05 2.410694000000000064e-05 2.410694000000000064e-05 2.410694000000000064e-05 2.410694000000000064e-05 2.410694000000000064e-05 2.410694000000000064e-05
2.410694000000000064e-05 2.410694000000000064e-05 2.410694000000000064e-05 2.410694000000000064e-05 2.410694000000000064e-05 2.410694000000000064e-05 2.410694000000000064e-05 2.410694000000000064e-05 2.410694000000000064e-05 2.410694000000000064e-05 2.410694000000000064e-05 2.410694000000000064e-05 2.410694000000000064e-05 2.410694000000000064e-05 2.410694000000000064e-05 2.410694000000000064e-05 2.410694000000000064e-05 2.410694000000000064e-05 2.410694000000000064e-05 2.410694000000000064e-05
2.410694000000000064e-05 2.410694000000000064e-05 2.410694000000000064e-05 2.410694000000000064e-05 2.410694000000000064e-05 2.410694000000000064e-05 2.410694000000000064e-05 2.410694000000000064e-05 2.410694000000000064e-05 2.410694000000000064e-05 2.410694000000000064e-05 2.410694000000000064e-05 2.410694000000000064e-05 2.410694000000000064e-05 2.410694000000000064e-05 2.410694000000000064e-05 2.410694000000000064e-05 2.410694000000000064e-05 2.410694000000000064e-05 2.410694000000000064e-05
2.410694000000000064e-05 2.410694000000000064e-05 2.410694000000000064e-05 2.410694000000000064e-05 2.410694000000000064e-05 2.410694000000000064e-05 2.410694000000000064e-05 2.410694000000000064e-05 2.410694000000000064e-05 2.410694000000000064e-05 2.410694000000000064e-05 2.410694000000000064e-05 2.410694000000000064e-05 2.410694000000000064e-05 2.410694000000000064e-05 2.410694000000000064e-05 2.410694000000000064e-05 2.410694000000000064e-05 2.410694000000000064e-05 2.410694000000000064e-05
2.410694000000000064e-05 2.410694000000000064e-05 2.410694000000000064e-05 2.410694000000000064e-05 2.410694000000000064e-05 2.410694000000000064e-05 2.410694000000000064e-05 2.410694000000000064e-05 2.410694000000000064e-05 2.410694000000000064e-05 2.410694000000000064e-05 2.410694000000000064e-05 2.410694000000000064e-05 2.410694000000000064e-05 2.410694000000000064e-05 2.410694000000000064e-05 2.410694000000000064e-05 2.410694000000000064e-05 2.410694000000000064e-05 2.410694000000000064e-05
2.410694000000000064e-05 2.410694000000000064e-05 2.410694000000000064e-05 2.410694000000000064e-05 2.410694000000000064e-05 2.410694000000000064e-05 2.410694000000000064e-05 2.410694000000000064e-05 2.410694000000000064e-05 2.410694000000000064e-05 2.410694000000000064e-05 2.410694000000000064e-05 2.410694000000000064e-05 2.410694000000000064e-05 2.410694000000000064e-05 2.410694000000000064e-05 2.410694000000000064e-05 2.410694000000000064e-05 2.410694000000000064e-05 2.410694000000000064e-05
2.410694000000000064e-05 2.410694000000000064e-05 2.410694000000000064e-05 2.410694000000000064e-05 2.410694000000000064e-05 2.410694000000000064e-05 2.410694000000000064e-05 2.410694000000000064e-05 2.410694000000000064e-05 2.410694000000000064e-05 2.410694000000000064e-05 2.410694000000000064e-05 2.410694000000000064e-05 2.410694000000000064e-05 2.410694000000000064e-05 2.410694000000000064e-05 2.410694000000000064e-05 2.410694000000000064e-05 2.410694000000000064e-05 2.410694000000000064e-05
2.410694000000000064e-05 2.410694000000000064e-05 2.410694000000000064e-05 2.410694000000000064e-05 2.410694000000000064e-05 2.410694000000000064e-05 2.410694000000000064e-05 2.410694000000000064e-05 2.410694000000000064e-05 2.410694000000000064e-05 2.410694000000000064e-05 2.410694000000000064e-05 2.410694000000000064e-05 2.410694000000000064e-05 2.410694000000000064e-05 2.410694000000000064e-05 2.410694000000000064e-05 2.410694000000000064e-05 2.410694000000000064e-05 2.410694000000000064e-05
2.410694000000000064e-05 2.410694000000000064e-05 2.410694000000000064e-05 2.410694000000000064e-05 2.410694000000000064e-05 2.410694000000000064e-05 2.410694000000000064e-05 2.410694000000000064e-05 2.410694000000000064e-05 2.410694000000000064e-05 2.410694000000000064e-05 2.410694000000000064e-05 2.410694000000000064e-05 2.410694000000000064e-05 2.410694000000000064e-05 2.410694000000000064e-05 2.410694000000000064e-05 2.410694000000000064e-05 2.410694000000000064e-05 2.410694000000000064e-05
2.410694000000000064e-05 2.410694000000000064e-05 2.410694000000000064e-05 2.410694000000000064e-05 2.410694000000000064e-05 2.410694000000000064e-05 2.410694000000000064e-05 2.410694000000000064e-05 2.410694000000000064e-05 2.410694000000000064e-05 2.410694000000000064e-05 2.410694000000000064e-05 2.410694000000000064e-05 2.410694000000000064e-05 2.410694000000000064e-05 2.410694000000000064e-05 2.410694000000000064e-05 2.410694000000000064e-05 2.410694000000000064e-05 2.410694000000000064e-05
2.410694000000000064e-05 2.410694000000000064e-05 2.410694000000000064e-05 2.410694000000000064e-05 2.410694000000000064e-05 2.410694000000000064e-05 2.410694000000000064e-05 2.410694000000000064e-05 2.410694000000000064e-05 2.410694000000000064e-05 2.410694000000000064e-05 2.410694000000000064e-05 2.410694000000000064e-05 2.410694000000000064e-05 2.410694000000000064e-05 2.410694000000000064e-05 2.410694000000000064e-05 2.410694000000000064e-05 2.410694000000000064e-05 2.410694000000000064e-05
2.410694000000000064e-05 2.410694000000000064e-05 2.410694000000000064e-05 2.410694000000000064e-05 2.410694000000000064e-05 2.410694000000000064e-05 2.410694000000000064e-05 2.410694000000000064e-05 2.410694000000000064e-05 2.410694000000000064e-05 2.410694000000000064e-05 2.410694000000000064e-05 2.410694000000000064e-05 2.410694000000000064e-05 2.410694000000000064e-05 2.410694000000000064e-05 2.410694000000000064e-05 2.410694000000000064e-05 2.410694000000000064e-05 2.410694000000000064e-05
2.410694000000000064e-05 2.410694000000000064e-05 2.410694000000000064e-05 2.410694000000000064e-05 2.410694000000000064e-05 2.410694000000000064e-05 2.410694000000000064e-05 2.410694000000000064e-05 2.410694000000000064e-05 2.410694000000000064e-05 2.410694000000000064e-05 2.410694000000000064e-05 2.410694000000000064e-05 2.410694000000000064e-05 2.410694000000000064e-05 2.410694000000000064e-05 2.410694000000000064e-05 2.410694000000000064e-05 2.410694000000000064e-05 2.410694000000000064e-05
2.410694000000000064e-05 2.410694000000000064e-05 2.410694000000000064e-05 2.410694000000000064e-05 2.410694000000000064e-05 2.410694000000000064e-05 2.410694000000000064e-05 2.410694000000000064e-05 2.410694000000000064e-05 2.410694000000000064e-05 2.410694000000000064e-05 2.410694000000000064e-05 2.410694000000000064e-05 2.410694000000000064e-05 2.410694000000000064e-05 2.410694000000000064e-05 2.410694000000000064e-05 2.410694000000000064e-05 2.410694000000000064e-05 2.410694000000000064e-05
2.410694000000000064e-05 2.410694000000000064e-05 2.410694000000000064e-05 2.410694000000000064e-05 2.410694000000000064e-05 2.410694000000000064e-05 2.410694000000000064e-05 2.410694000000000064e-05 2.410694000000000064e-05 2.410694000000000064e-05 2.410694000000000064e-05 2.410694000000000064e-05 2.410694000000000064e-05 2.410694000000000064e-05 2.410694000000000064e-05 2.410694000000000064e-05 2.410694000000000064e-05 2.410694000000000064e-05 2.410694000000000064e-05 2.410694000000000064e-05
