1.803998e-04 1.747430e-04 1.637317e-04 1.516461e-04 1.352299e-04 1.174579e-04 1.011008e-04 8.864734e-05 8.109791e-05 7.705963e-05 7.175345e-05 7.046390e-05 7.029737e-05 7.034076e-05 7.046128e-05 7.065275e-05 7.108201e-05 7.214930e-05 7.051416e-05 7.202747e-05
1.896340e-04 1.854368e-04 1.771970e-04 1.603297e-04 1.391325e-04 1.165306e-04 9.437020e-05 7.884246e-05 7.242662e-05 7.042146e-05 6.823356e-05 6.726246e-05 6.712307e-05 6.742021e-05 6.756358e-05 6.762655e-05 6.774144e-05 6.711829e-05 6.852810e-05 7.039775e-05
1.983691e-04 1.961638e-04 1.923749e-04 1.706434e-04 1.471428e-04 1.218691e-04 9.470720e-05 6.522579e-05 6.800725e-05 6.875225e-05 6.805127e-05 6.653260e-05 6.466345e-05 6.496205e-05 6.510051e-05 6.510510e-05 6.497136e-05 6.466345e-05 6.694568e-05 6.549858e-05
2.060972e-04 2.052296e-04 1.960792e-04 1.779292e-04 1.553927e-04 1.309104e-04 1.060029e-04 8.490180e-05 7.618020e-05 7.413120e-05 7.184327e-05 6.914458e-05 6.662672e-05 6.503948e-05 6.466345e-05 6.466345e-05 6.466345e-05 6.466345e-05 6.492779e-05 6.536209e-05
2.150780e-04 2.149894e-04 2.040566e-04 1.869248e-04 1.655507e-04 1.427946e-04 1.202096e-04 1.007354e-04 8.742828e-05 8.100861e-05 7.638864e-05 7.190759e-05 6.808534e-05 6.563345e-05 6.466345e-05 6.466345e-05 6.466345e-05 6.466345e-05 6.483336e-05 6.527572e-05
2.238337e-04 2.259844e-04 2.159693e-04 1.988530e-04 1.769473e-04 1.544503e-04 1.328234e-04 1.135029e-04 9.815846e-05 8.857131e-05 8.097398e-05 7.408486e-05 6.863552e-05 6.551742e-05 6.466345e-05 6.466345e-05 6.466345e-05 6.466345e-05 6.481053e-05 6.523695e-05
2.344464e-04 2.375533e-04 2.323147e-04 2.127596e-04 1.887395e-04 1.650886e-04 1.430846e-04 1.237330e-04 1.070892e-04 9.547055e-05 8.463652e-05 7.524961e-05 6.772331e-05 6.466345e-05 6.466345e-05 6.466345e-05 6.466345e-05 6.466345e-05 6.486279e-05 6.523312e-05
2.409586e-04 2.451814e-04 2.527194e-04 2.254976e-04 1.996793e-04 1.751510e-04 1.524711e-04 1.318405e-04 1.150681e-04 1.004961e-04 8.660497e-05 7.540585e-05 6.466345e-05 6.466345e-05 6.466345e-05 6.466345e-05 6.466345e-05 6.466345e-05 6.490803e-05 6.522756e-05
2.452762e-04 2.500953e-04 2.465677e-04 2.294835e-04 2.065239e-04 1.829427e-04 1.604583e-04 1.387039e-04 1.202671e-04 1.047829e-04 9.088783e-05 7.660599e-05 6.834596e-05 6.466701e-05 6.466345e-05 6.466345e-05 6.466345e-05 6.466345e-05 6.482154e-05 6.519286e-05
2.480200e-04 2.516532e-04 2.444571e-04 2.294045e-04 2.096349e-04 1.877576e-04 1.650540e-04 1.440464e-04 1.232774e-04 1.057468e-04 9.246369e-05 7.720753e-05 6.963321e-05 6.572339e-05 6.466345e-05 6.466345e-05 6.466345e-05 6.466345e-05 6.473470e-05 6.546065e-05
2.513045e-04 2.537164e-04 2.461153e-04 2.311095e-04 2.122607e-04 1.908112e-04 1.690259e-04 1.481908e-04 1.259258e-04 1.067831e-04 9.283763e-05 8.016367e-05 6.930609e-05 6.574076e-05 6.466345e-05 6.466345e-05 6.466345e-05 6.466345e-05 6.488046e-05 6.545740e-05
2.526718e-04 2.554796e-04 2.508549e-04 2.350161e-04 2.156761e-04 1.955896e-04 1.723531e-04 1.496161e-04 1.283669e-04 1.104110e-04 9.214868e-05 7.924314e-05 6.866277e-05 6.482557e-05 6.466345e-05 6.466345e-05 6.466345e-05 6.466345e-05 6.496685e-05 6.548646e-05
2.532615e-04 2.561745e-04 2.586538e-04 2.385618e-04 2.182759e-04 1.987641e-04 1.777323e-04 1.524586e-04 1.324222e-04 1.111168e-04 9.472901e-05 7.760019e-05 6.466345e-05 6.466345e-05 6.466345e-05 6.466345e-05 6.466345e-05 6.466345e-05 6.466345e-05 6.466345e-05
2.547098e-04 2.560964e-04 2.538609e-04 2.394378e-04 2.214930e-04 2.015061e-04 1.809942e-04 1.571515e-04 1.356956e-04 1.158311e-04 9.552814e-05 8.121171e-05 6.822042e-05 6.466345e-05 6.466345e-05 6.466345e-05 6.466345e-05 6.466345e-05 6.466345e-05 6.466345e-05
2.524389e-04 2.554511e-04 2.516044e-04 2.388610e-04 2.224944e-04 2.039181e-04 1.842180e-04 1.639767e-04 1.396602e-04 1.186253e-04 1.002605e-04 8.319884e-05 6.859274e-05 6.466345e-05 6.466345e-05 6.466345e-05 6.466345e-05 6.466345e-05 6.466345e-05 6.466345e-05
2.523867e-04 2.543807e-04 2.516637e-04 2.405079e-04 2.244058e-04 2.066815e-04 1.875527e-04 1.675120e-04 1.434922e-04 1.214147e-04 1.021759e-04 8.304803e-05 6.875168e-05 6.466345e-05 6.466345e-05 6.466345e-05 6.466345e-05 6.466345e-05 6.466345e-05 6.466345e-05
2.529945e-04 2.556758e-04 2.541012e-04 2.428987e-04 2.284684e-04 2.119823e-04 1.914528e-04 1.685665e-04 1.460049e-04 1.252257e-04 1.042572e-04 8.329238e-05 6.892609e-05 6.466345e-05 6.466345e-05 6.466345e-05 6.466345e-05 6.466345e-05 6.466345e-05 6.466345e-05
2.514990e-04 2.560891e-04 2.586538e-04 2.461620e-04 2.327077e-04 2.164071e-04 1.993975e-04 1.740924e-04 1.527236e-04 1.287841e-04 1.072347e-04 8.419408e-05 6.466345e-05 6.466345e-05 6.466345e-05 6.466345e-05 6.466345e-05 6.466345e-05 6.466345e-05 6.466345e-05
2.510233e-04 2.553994e-04 2.557817e-04 2.469661e-04 2.355229e-04 2.218960e-04 2.041229e-04 1.820318e-04 1.587141e-04 1.355949e-04 1.098570e-04 8.996149e-05 7.213208e-05 6.506659e-05 6.466345e-05 6.466345e-05 6.466345e-05 6.466345e-05 6.541788e-05 6.670994e-05
2.473294e-04 2.549337e-04 2.546427e-04 2.476589e-04 2.383883e-04 2.260141e-04 2.108938e-04 1.923961e-04 1.662016e-04 1.398145e-04 1.167575e-04 9.461740e-05 7.620785e-05 6.734229e-05 6.466345e-05 6.466345e-05 6.466345e-05 6.466345e-05 6.520307e-05 6.663770e-05
2.448413e-04 2.517202e-04 2.543342e-04 2.492874e-04 2.416099e-04 2.322096e-04 2.193418e-04 2.020953e-04 1.758790e-04 1.474399e-04 1.215505e-04 9.477215e-05 7.702124e-05 6.729909e-05 6.466345e-05 6.466345e-05 6.466345e-05 6.466345e-05 6.516898e-05 6.659279e-05
2.394397e-04 2.495955e-04 2.559209e-04 2.507296e-04 2.423653e-04 2.356403e-04 2.293018e-04 2.141519e-04 1.870086e-04 1.544700e-04 1.238903e-04 9.437760e-05 7.382036e-05 6.467228e-05 6.466345e-05 6.466345e-05 6.466345e-05 6.466345e-05 6.536444e-05 6.662714e-05
2.305525e-04 2.428829e-04 2.586538e-04 2.439007e-04 2.338172e-04 2.278708e-04 2.269549e-04 2.317058e-04 1.895720e-04 1.537099e-04 1.216409e-04 9.222780e-05 6.466345e-05 6.466345e-05 6.466345e-05 6.466345e-05 6.466345e-05 6.466345e-05 6.552325e-05 6.663054e-05
2.166540e-04 2.261229e-04 2.301254e-04 2.234426e-04 2.156092e-04 2.106623e-04 2.086265e-04 1.989305e-04 1.751479e-04 1.455746e-04 1.180837e-04 9.294667e-05 7.304610e-05 6.472815e-05 6.466345e-05 6.466345e-05 6.466345e-05 6.466345e-05 6.536444e-05 6.662714e-05
1.984353e-04 2.026595e-04 2.027948e-04 1.986426e-04 1.934045e-04 1.888456e-04 1.831945e-04 1.718308e-04 1.540511e-04 1.319675e-04 1.110732e-04 9.152444e-05 7.467349e-05 6.604798e-05 6.466345e-05 6.466345e-05 6.466345e-05 6.466345e-05 6.528262e-05 6.659279e-05
1.784948e-04 1.784851e-04 1.762356e-04 1.733684e-04 1.700104e-04 1.654555e-04 1.586070e-04 1.474006e-04 1.317104e-04 1.177248e-04 1.015762e-04 8.584012e-05 7.387652e-05 6.629597e-05 6.466345e-05 6.466345e-05 6.466345e-05 6.466345e-05 6.530789e-05 6.510703e-05
1.573782e-04 1.540609e-04 1.507028e-04 1.495548e-04 1.477592e-04 1.430291e-04 1.359671e-04 1.232845e-04 1.139446e-04 1.046443e-04 9.333762e-05 8.049648e-05 7.025611e-05 6.500023e-05 6.466345e-05 6.466345e-05 6.466345e-05 6.466345e-05 6.482462e-05 6.511493e-05
1.415883e-04 1.352042e-04 1.259266e-04 1.287209e-04 1.279250e-04 1.220846e-04 1.146004e-04 1.030690e-04 1.009125e-04 9.490265e-05 8.517202e-05 7.524053e-05 6.466345e-05 6.466345e-05 6.466345e-05 6.466345e-05 6.466345e-05 6.466345e-05 6.486113e-05 6.511572e-05
1.294098e-04 1.233371e-04 1.171804e-04 1.148403e-04 1.124351e-04 1.094530e-04 1.048246e-04 1.006154e-04 9.462777e-05 8.795209e-05 8.102976e-05 7.309903e-05 6.716785e-05 6.473541e-05 6.466345e-05 6.466345e-05 6.466345e-05 6.466345e-05 6.482462e-05 6.511493e-05
1.197290e-04 1.139845e-04 1.089933e-04 1.074520e-04 1.059869e-04 1.045686e-04 1.026139e-04 9.889505e-05 9.320521e-05 8.679516e-05 7.983253e-05 7.342949e-05 6.831276e-05 6.520488e-05 6.466345e-05 6.466345e-05 6.466345e-05 6.466345e-05 6.489104e-05 6.510703e-05
1.115265e-04 1.053882e-04 1.002424e-04 1.005830e-04 1.010725e-04 1.014130e-04 1.008333e-04 9.805519e-05 9.285444e-05 8.649355e-05 7.962713e-05 7.334405e-05 6.827662e-05 6.521011e-05 6.466345e-05 6.466345e-05 6.466345e-05 6.466345e-05 6.489158e-05 6.539303e-05
1.021624e-04 9.618264e-05 9.199783e-05 9.389027e-05 9.642333e-05 9.839281e-05 9.978420e-05 9.811114e-05 9.303450e-05 8.622676e-05 7.939425e-05 7.256234e-05 6.711392e-05 6.474088e-05 6.466345e-05 6.466345e-05 6.466345e-05 6.466345e-05 6.495515e-05 6.541785e-05
9.844771e-05 9.146739e-05 8.327160e-05 8.891305e-05 9.300883e-05 9.601957e-05 9.835277e-05 1.003525e-04 9.324771e-05 8.608205e-05 7.878040e-05 7.174980e-05 6.466345e-05 6.466345e-05 6.466345e-05 6.466345e-05 6.466345e-05 6.466345e-05 6.499868e-05 6.542171e-05
9.744725e-05 9.172225e-05 8.786911e-05 8.821398e-05 9.148529e-05 9.454618e-05 9.691375e-05 9.650985e-05 9.210750e-05 8.562171e-05 7.870919e-05 7.227681e-05 6.708943e-05 6.473660e-05 6.466345e-05 6.466345e-05 6.466345e-05 6.466345e-05 6.504998e-05 6.540134e-05
9.826219e-05 9.415044e-05 9.169749e-05 9.160925e-05 9.256622e-05 9.425607e-05 9.572231e-05 9.457358e-05 9.077114e-05 8.504462e-05 7.879985e-05 7.292069e-05 6.819388e-05 6.540105e-05 6.466345e-05 6.466345e-05 6.466345e-05 6.466345e-05 6.498475e-05 6.572372e-05
9.989947e-05 9.684175e-05 9.490377e-05 9.459584e-05 9.405256e-05 9.437177e-05 9.563588e-05 9.423033e-05 9.036561e-05 8.474691e-05 7.864424e-05 7.285754e-05 6.814982e-05 6.537956e-05 6.466345e-05 6.466345e-05 6.466345e-05 6.466345e-05 6.500914e-05 6.582468e-05
1.017842e-04 9.936218e-05 9.769699e-05 9.521004e-05 9.227419e-05 9.440822e-05 9.633446e-05 9.536016e-05 9.090318e-05 8.472791e-05 7.827946e-05 7.205334e-05 6.699722e-05 6.492998e-05 6.466345e-05 6.466345e-05 6.466345e-05 6.466345e-05 6.518387e-05 6.605554e-05
1.036545e-04 9.827070e-05 9.728298e-05 9.084586e-05 9.245420e-05 9.422401e-05 9.610115e-05 9.799888e-05 9.138887e-05 8.476600e-05 7.811067e-05 7.142421e-05 6.466345e-05 6.468192e-05 6.469475e-05 6.469680e-05 6.468661e-05 6.466345e-05 6.560981e-05 6.649640e-05
1.009646e-04 9.966711e-05 9.871644e-05 9.058245e-05 9.182608e-05 9.310513e-05 9.410530e-05 9.371171e-05 9.001213e-05 8.438620e-05 7.806639e-05 7.233675e-05 6.821376e-05 6.655360e-05 6.601971e-05 6.581380e-05 6.576266e-05 6.585076e-05 6.641922e-05 6.716329e-05
1.019939e-04 1.008240e-04 8.935043e-05 9.006680e-05 9.086227e-05 9.153969e-05 9.169425e-05 9.065093e-05 8.787978e-05 8.369460e-05 7.828976e-05 7.400537e-05 7.074088e-05 6.879512e-05 6.780083e-05 6.731024e-05 6.712384e-05 6.722684e-05 6.742257e-05 6.798309e-05
