8.155966e-06 7.900221e-06 7.402395e-06 6.855999e-06 6.113813e-06 5.310333e-06 4.570820e-06 4.007792e-06 3.666478e-06 3.483905e-06 3.244010e-06 3.185709e-06 3.178180e-06 3.180142e-06 3.185590e-06 3.194247e-06 3.213654e-06 3.261907e-06 3.187981e-06 3.256398e-06
8.573448e-06 8.383692e-06 8.011166e-06 7.248586e-06 6.290250e-06 5.268409e-06 4.266525e-06 3.564508e-06 3.274444e-06 3.183790e-06 3.084874e-06 3.040970e-06 3.034668e-06 3.048102e-06 3.054584e-06 3.057431e-06 3.062625e-06 3.034452e-06 3.098190e-06 3.182718e-06
8.968368e-06 8.868666e-06 8.697368e-06 7.714873e-06 6.652403e-06 5.509766e-06 4.281761e-06 2.948891e-06 3.074642e-06 3.108324e-06 3.076633e-06 3.007973e-06 2.923467e-06 2.936967e-06 2.943227e-06 2.943435e-06 2.937388e-06 2.923467e-06 3.026648e-06 2.961224e-06
9.317757e-06 9.278536e-06 8.864842e-06 8.044272e-06 7.025385e-06 5.918525e-06 4.792445e-06 3.838454e-06 3.444146e-06 3.351509e-06 3.248071e-06 3.126061e-06 3.012228e-06 2.940468e-06 2.923467e-06 2.923467e-06 2.923467e-06 2.923467e-06 2.935419e-06 2.955053e-06
9.723786e-06 9.719781e-06 9.225505e-06 8.450967e-06 7.484632e-06 6.455817e-06 5.434736e-06 4.554298e-06 3.952677e-06 3.662441e-06 3.453569e-06 3.250979e-06 3.078173e-06 2.967322e-06 2.923467e-06 2.923467e-06 2.923467e-06 2.923467e-06 2.931149e-06 2.951149e-06
1.011964e-05 1.021687e-05 9.764083e-06 8.990247e-06 7.999876e-06 6.982778e-06 6.005013e-06 5.131524e-06 4.437794e-06 4.004354e-06 3.660875e-06 3.349414e-06 3.103047e-06 2.962076e-06 2.923467e-06 2.923467e-06 2.923467e-06 2.923467e-06 2.930117e-06 2.949396e-06
1.059944e-05 1.073991e-05 1.050307e-05 9.618968e-06 8.533011e-06 7.463741e-06 6.468926e-06 5.594031e-06 4.841556e-06 4.316272e-06 3.826460e-06 3.402073e-06 3.061805e-06 2.923467e-06 2.923467e-06 2.923467e-06 2.923467e-06 2.923467e-06 2.932480e-06 2.949223e-06
1.089386e-05 1.108478e-05 1.142557e-05 1.019486e-05 9.027603e-06 7.918668e-06 6.893297e-06 5.960576e-06 5.202286e-06 4.543479e-06 3.915455e-06 3.409137e-06 2.923467e-06 2.923467e-06 2.923467e-06 2.923467e-06 2.923467e-06 2.923467e-06 2.934525e-06 2.948971e-06
1.108906e-05 1.130694e-05 1.114745e-05 1.037506e-05 9.337052e-06 8.270934e-06 7.254403e-06 6.270873e-06 5.437335e-06 4.737288e-06 4.109085e-06 3.463396e-06 3.089955e-06 2.923628e-06 2.923467e-06 2.923467e-06 2.923467e-06 2.923467e-06 2.930615e-06 2.947403e-06
1.121311e-05 1.137737e-05 1.105203e-05 1.037149e-05 9.477700e-06 8.488615e-06 7.462174e-06 6.512410e-06 5.573432e-06 4.780868e-06 4.180330e-06 3.490592e-06 3.148153e-06 2.971388e-06 2.923467e-06 2.923467e-06 2.923467e-06 2.923467e-06 2.926689e-06 2.959509e-06
1.136161e-05 1.147065e-05 1.112700e-05 1.044858e-05 9.596417e-06 8.626673e-06 7.641745e-06 6.699781e-06 5.693169e-06 4.827717e-06 4.197236e-06 3.624240e-06 3.133364e-06 2.972173e-06 2.923467e-06 2.923467e-06 2.923467e-06 2.923467e-06 2.933279e-06 2.959362e-06
1.142342e-05 1.155036e-05 1.134128e-05 1.062520e-05 9.750828e-06 8.842706e-06 7.792169e-06 6.764220e-06 5.803532e-06 4.991739e-06 4.166089e-06 3.582623e-06 3.104279e-06 2.930797e-06 2.923467e-06 2.923467e-06 2.923467e-06 2.923467e-06 2.937184e-06 2.960676e-06
1.145008e-05 1.158178e-05 1.169387e-05 1.078550e-05 9.868363e-06 8.986225e-06 8.035367e-06 6.892729e-06 5.986876e-06 5.023646e-06 4.282747e-06 3.508344e-06 2.923467e-06 2.923467e-06 2.923467e-06 2.923467e-06 2.923467e-06 2.923467e-06 2.923467e-06 2.923467e-06
1.151556e-05 1.157825e-05 1.147718e-05 1.082510e-05 1.001381e-05 9.110191e-06 8.182838e-06 7.104897e-06 6.134867e-06 5.236781e-06 4.318876e-06 3.671623e-06 3.084280e-06 2.923467e-06 2.923467e-06 2.923467e-06 2.923467e-06 2.923467e-06 2.923467e-06 2.923467e-06
1.141289e-05 1.154908e-05 1.137517e-05 1.079903e-05 1.005908e-05 9.219242e-06 8.328591e-06 7.413469e-06 6.314111e-06 5.363108e-06 4.532829e-06 3.761462e-06 3.101113e-06 2.923467e-06 2.923467e-06 2.923467e-06 2.923467e-06 2.923467e-06 2.923467e-06 2.923467e-06
1.141053e-05 1.150068e-05 1.137784e-05 1.087349e-05 1.014550e-05 9.344174e-06 8.479354e-06 7.573301e-06 6.487356e-06 5.489221e-06 4.619423e-06 3.754644e-06 3.108298e-06 2.923467e-06 2.923467e-06 2.923467e-06 2.923467e-06 2.923467e-06 2.923467e-06 2.923467e-06
1.143801e-05 1.155923e-05 1.148805e-05 1.098157e-05 1.032917e-05 9.583828e-06 8.655680e-06 7.620977e-06 6.600956e-06 5.661516e-06 4.713523e-06 3.765691e-06 3.116184e-06 2.923467e-06 2.923467e-06 2.923467e-06 2.923467e-06 2.923467e-06 2.923467e-06 2.923467e-06
1.137040e-05 1.157792e-05 1.169387e-05 1.112911e-05 1.052083e-05 9.783875e-06 9.014863e-06 7.870805e-06 6.904710e-06 5.822394e-06 4.848136e-06 3.806457e-06 2.923467e-06 2.923467e-06 2.923467e-06 2.923467e-06 2.923467e-06 2.923467e-06 2.923467e-06 2.923467e-06
1.134889e-05 1.154674e-05 1.156402e-05 1.116546e-05 1.064811e-05 1.003203e-05 9.228498e-06 8.229748e-06 7.175546e-06 6.130313e-06 4.966689e-06 4.067205e-06 3.261128e-06 2.941694e-06 2.923467e-06 2.923467e-06 2.923467e-06 2.923467e-06 2.957576e-06 3.015991e-06
1.118189e-05 1.152568e-05 1.151253e-05 1.119679e-05 1.077766e-05 1.021821e-05 9.534614e-06 8.698327e-06 7.514060e-06 6.321086e-06 5.278664e-06 4.277701e-06 3.445396e-06 3.044579e-06 2.923467e-06 2.923467e-06 2.923467e-06 2.923467e-06 2.947864e-06 3.012724e-06
1.106940e-05 1.138040e-05 1.149858e-05 1.127041e-05 1.092331e-05 1.049831e-05 9.916554e-06 9.136830e-06 7.951580e-06 6.665833e-06 5.495358e-06 4.284697e-06 3.482170e-06 3.042626e-06 2.923467e-06 2.923467e-06 2.923467e-06 2.923467e-06 2.946323e-06 3.010694e-06
1.082519e-05 1.128434e-05 1.157031e-05 1.133561e-05 1.095746e-05 1.065342e-05 1.036685e-05 9.681916e-06 8.454756e-06 6.983667e-06 5.601145e-06 4.266859e-06 3.337456e-06 2.923867e-06 2.923467e-06 2.923467e-06 2.923467e-06 2.923467e-06 2.955160e-06 3.012247e-06
1.042340e-05 1.098086e-05 1.169387e-05 1.102688e-05 1.057100e-05 1.030215e-05 1.026075e-05 1.047554e-05 8.570648e-06 6.949304e-06 5.499445e-06 4.169666e-06 2.923467e-06 2.923467e-06 2.923467e-06 2.923467e-06 2.923467e-06 2.923467e-06 2.962340e-06 3.012401e-06
9.795037e-06 1.022313e-05 1.040409e-05 1.010195e-05 9.747800e-06 9.524148e-06 9.432112e-06 8.993750e-06 7.918527e-06 6.581503e-06 5.338626e-06 4.202166e-06 3.302451e-06 2.926393e-06 2.923467e-06 2.923467e-06 2.923467e-06 2.923467e-06 2.955160e-06 3.012247e-06
8.971362e-06 9.162340e-06 9.168456e-06 8.980734e-06 8.743916e-06 8.537806e-06 8.282318e-06 7.768559e-06 6.964729e-06 5.966318e-06 5.021676e-06 4.137867e-06 3.376027e-06 2.986063e-06 2.923467e-06 2.923467e-06 2.923467e-06 2.923467e-06 2.951460e-06 3.010694e-06
8.069840e-06 8.069402e-06 7.967700e-06 7.838074e-06 7.686258e-06 7.480329e-06 7.170704e-06 6.664056e-06 5.954694e-06 5.322397e-06 4.592314e-06 3.880876e-06 3.339995e-06 2.997275e-06 2.923467e-06 2.923467e-06 2.923467e-06 2.923467e-06 2.952603e-06 2.943522e-06
7.115147e-06 6.965173e-06 6.813351e-06 6.761448e-06 6.680269e-06 6.466418e-06 6.147140e-06 5.573753e-06 5.151492e-06 4.731024e-06 4.219841e-06 3.639287e-06 3.176315e-06 2.938694e-06 2.923467e-06 2.923467e-06 2.923467e-06 2.923467e-06 2.930754e-06 2.943879e-06
6.401277e-06 6.112649e-06 5.693204e-06 5.819537e-06 5.783557e-06 5.519506e-06 5.181143e-06 4.659801e-06 4.562305e-06 4.290597e-06 3.850670e-06 3.401663e-06 2.923467e-06 2.923467e-06 2.923467e-06 2.923467e-06 2.923467e-06 2.923467e-06 2.932405e-06 2.943915e-06
5.850683e-06 5.576134e-06 5.297784e-06 5.191986e-06 5.083246e-06 4.948427e-06 4.739174e-06 4.548873e-06 4.278170e-06 3.976359e-06 3.663397e-06 3.304844e-06 3.036693e-06 2.926721e-06 2.923467e-06 2.923467e-06 2.923467e-06 2.923467e-06 2.930754e-06 2.943879e-06
5.413011e-06 5.153298e-06 4.927645e-06 4.857960e-06 4.791722e-06 4.727601e-06 4.639227e-06 4.471096e-06 4.213855e-06 3.924053e-06 3.609269e-06 3.319784e-06 3.088455e-06 2.947946e-06 2.923467e-06 2.923467e-06 2.923467e-06 2.923467e-06 2.933757e-06 2.943522e-06
5.042172e-06 4.764654e-06 4.532008e-06 4.547410e-06 4.569539e-06 4.584933e-06 4.558724e-06 4.433125e-06 4.197996e-06 3.910417e-06 3.599983e-06 3.315922e-06 3.086821e-06 2.948182e-06 2.923467e-06 2.923467e-06 2.923467e-06 2.923467e-06 2.933781e-06 2.956452e-06
4.618812e-06 4.348466e-06 4.159269e-06 4.244827e-06 4.359348e-06 4.448389e-06 4.511294e-06 4.435654e-06 4.206137e-06 3.898356e-06 3.589454e-06 3.280580e-06 3.034255e-06 2.926968e-06 2.923467e-06 2.923467e-06 2.923467e-06 2.923467e-06 2.936655e-06 2.957574e-06
4.450871e-06 4.135287e-06 3.764751e-06 4.019804e-06 4.204976e-06 4.341094e-06 4.446579e-06 4.536987e-06 4.215776e-06 3.891813e-06 3.561702e-06 3.243845e-06 2.923467e-06 2.923467e-06 2.923467e-06 2.923467e-06 2.923467e-06 2.923467e-06 2.938623e-06 2.957749e-06
4.405640e-06 4.146809e-06 3.972607e-06 3.988199e-06 4.136097e-06 4.274481e-06 4.381520e-06 4.363259e-06 4.164227e-06 3.871001e-06 3.558483e-06 3.267671e-06 3.033147e-06 2.926775e-06 2.923467e-06 2.923467e-06 2.923467e-06 2.923467e-06 2.940943e-06 2.956828e-06
4.442484e-06 4.256589e-06 4.145690e-06 4.141701e-06 4.184966e-06 4.261365e-06 4.327655e-06 4.275720e-06 4.103809e-06 3.844911e-06 3.562581e-06 3.296781e-06 3.083080e-06 2.956815e-06 2.923467e-06 2.923467e-06 2.923467e-06 2.923467e-06 2.937994e-06 2.971403e-06
4.516506e-06 4.378265e-06 4.290648e-06 4.276726e-06 4.252164e-06 4.266596e-06 4.323747e-06 4.260201e-06 4.085475e-06 3.831451e-06 3.555546e-06 3.293926e-06 3.081088e-06 2.955843e-06 2.923467e-06 2.923467e-06 2.923467e-06 2.923467e-06 2.939096e-06 2.975967e-06
4.601715e-06 4.492215e-06 4.416931e-06 4.304494e-06 4.171763e-06 4.268244e-06 4.355330e-06 4.311281e-06 4.109779e-06 3.830592e-06 3.539054e-06 3.257568e-06 3.028978e-06 2.935517e-06 2.923467e-06 2.923467e-06 2.923467e-06 2.923467e-06 2.946996e-06 2.986404e-06
4.686273e-06 4.442868e-06 4.398213e-06 4.107188e-06 4.179901e-06 4.259915e-06 4.344782e-06 4.430579e-06 4.131737e-06 3.832314e-06 3.531423e-06 3.229125e-06 2.923467e-06 2.924302e-06 2.924882e-06 2.924975e-06 2.924515e-06 2.923467e-06 2.966253e-06 3.006336e-06
4.564661e-06 4.506001e-06 4.463020e-06 4.095279e-06 4.151504e-06 4.209330e-06 4.254549e-06 4.236754e-06 4.069494e-06 3.815143e-06 3.529421e-06 3.270381e-06 3.083979e-06 3.008922e-06 2.984785e-06 2.975475e-06 2.973164e-06 2.977146e-06 3.002847e-06 3.036486e-06
4.611197e-06 4.558304e-06 4.039578e-06 4.071966e-06 4.107930e-06 4.138556e-06 4.145544e-06 4.098375e-06 3.973089e-06 3.783876e-06 3.539520e-06 3.345820e-06 3.198231e-06 3.110262e-06 3.065310e-06 3.043130e-06 3.034703e-06 3.039360e-06 3.048209e-06 3.073550e-06
