single point
           ne1                      0.01000000000000000    1.000000000000000   0.0000000000000000
        strinf                      1112.620497200000    1.000000000000000   0.0000000000000000
          wel5                      379.4696600000000   -1.000000000000000   0.0000000000000000
          wel2                      140.3247900000000   -1.000000000000000   0.0000000000000000
          wel3                      231.1744900000000   -1.000000000000000   0.0000000000000000
          wel1                      251.6591700000000   -1.000000000000000   0.0000000000000000
          wel4                      147.9150600000000   -1.000000000000000   0.0000000000000000
          wel0                      193.7205200000000   -1.000000000000000   0.0000000000000000
hk_i:27_j:12_zone:1.0                      4.368859056397997    1.000000000000000   0.0000000000000000
hk_i:17_j:2_zone:1.0                      6.237514002983234    1.000000000000000   0.0000000000000000
hk_i:27_j:2_zone:1.0                      6.002874252789864    1.000000000000000   0.0000000000000000
hk_i:7_j:17_zone:1.0                      1.752418045515922    1.000000000000000   0.0000000000000000
hk_i:27_j:17_zone:1.0                      1.560641250231538    1.000000000000000   0.0000000000000000
hk_i:37_j:7_zone:1.0                      3.319849215601372    1.000000000000000   0.0000000000000000
hk_i:7_j:7_zone:1.0                      7.168839298274153    1.000000000000000   0.0000000000000000
hk_i:32_j:12_zone:1.0                      3.052252256975055    1.000000000000000   0.0000000000000000
hk_i:2_j:2_zone:1.0                      4.790527405166312    1.000000000000000   0.0000000000000000
hk_i:22_j:7_zone:1.0                      7.521006749197147    1.000000000000000   0.0000000000000000
hk_i:37_j:12_zone:1.0                      2.584247521913958    1.000000000000000   0.0000000000000000
hk_i:2_j:7_zone:1.0                      6.596938808375770    1.000000000000000   0.0000000000000000
hk_i:12_j:2_zone:1.0                      4.928358094741625    1.000000000000000   0.0000000000000000
hk_i:22_j:12_zone:1.0                      2.845373852881012    1.000000000000000   0.0000000000000000
hk_i:17_j:17_zone:1.0                      1.491010400990725    1.000000000000000   0.0000000000000000
hk_i:12_j:12_zone:1.0                      2.559122552175205    1.000000000000000   0.0000000000000000
hk_i:22_j:2_zone:1.0                      8.171461036267971    1.000000000000000   0.0000000000000000
hk_i:27_j:7_zone:1.0                      6.476221126876801    1.000000000000000   0.0000000000000000
hk_i:17_j:12_zone:1.0                      2.220446164271776    1.000000000000000   0.0000000000000000
hk_i:2_j:12_zone:1.0                      3.884363173748341    1.000000000000000   0.0000000000000000
hk_i:32_j:2_zone:1.0                      4.200914225075481    1.000000000000000   0.0000000000000000
hk_i:32_j:17_zone:1.0                      1.650907222539991    1.000000000000000   0.0000000000000000
hk_i:2_j:17_zone:1.0                      1.780604528866003    1.000000000000000   0.0000000000000000
hk_i:7_j:2_zone:1.0                      4.350091653172099    1.000000000000000   0.0000000000000000
hk_i:7_j:12_zone:1.0                      3.476613245249325    1.000000000000000   0.0000000000000000
hk_i:22_j:17_zone:1.0                      1.533758566154057    1.000000000000000   0.0000000000000000
hk_i:12_j:17_zone:1.0                      1.676303985147564    1.000000000000000   0.0000000000000000
hk_i:37_j:17_zone:1.0                      2.498947536089361    1.000000000000000   0.0000000000000000
hk_i:32_j:7_zone:1.0                      4.637882576217012    1.000000000000000   0.0000000000000000
rch_i:17_j:2_zone:1.0                      1.448816473608946    1.000000000000000   0.0000000000000000
rch_i:27_j:17_zone:1.0                      0.5000000000000000    1.000000000000000   0.0000000000000000
rch_i:27_j:12_zone:1.0                      0.5000000000000000    1.000000000000000   0.0000000000000000
rch_i:7_j:12_zone:1.0                      0.5000000000000000    1.000000000000000   0.0000000000000000
rch_i:27_j:2_zone:1.0                      1.321185790440450    1.000000000000000   0.0000000000000000
rch_i:37_j:17_zone:1.0                      0.5000000000000000    1.000000000000000   0.0000000000000000
rch_i:22_j:7_zone:1.0                      1.068015077098728    1.000000000000000   0.0000000000000000
rch_i:12_j:17_zone:1.0                      0.5000000000000000    1.000000000000000   0.0000000000000000
rch_i:32_j:7_zone:1.0                      0.8741845374999129    1.000000000000000   0.0000000000000000
rch_i:7_j:2_zone:1.0                      1.645729494937952    1.000000000000000   0.0000000000000000
rch_i:32_j:12_zone:1.0                      0.5000000000000000    1.000000000000000   0.0000000000000000
rch_i:17_j:17_zone:1.0                      0.5000000000000000    1.000000000000000   0.0000000000000000
rch_i:7_j:7_zone:1.0                      0.9098830061107945    1.000000000000000   0.0000000000000000
rch_i:37_j:7_zone:1.0                      0.8326050005756818    1.000000000000000   0.0000000000000000
rch_i:17_j:12_zone:1.0                      0.5000000000000000    1.000000000000000   0.0000000000000000
rch_i:22_j:2_zone:1.0                      1.368718960047703    1.000000000000000   0.0000000000000000
rch_i:2_j:2_zone:1.0                      1.508688906747703    1.000000000000000   0.0000000000000000
rch_i:2_j:7_zone:1.0                      0.5850203505293313    1.000000000000000   0.0000000000000000
rch_i:22_j:17_zone:1.0                      0.5000000000000000    1.000000000000000   0.0000000000000000
rch_i:32_j:17_zone:1.0                      0.5000000000000000    1.000000000000000   0.0000000000000000
rch_i:2_j:17_zone:1.0                      0.5000000000000000    1.000000000000000   0.0000000000000000
rch_i:22_j:12_zone:1.0                      0.5000000000000000    1.000000000000000   0.0000000000000000
rch_i:7_j:17_zone:1.0                      0.5000000000000000    1.000000000000000   0.0000000000000000
rch_i:12_j:12_zone:1.0                      0.5000000000000000    1.000000000000000   0.0000000000000000
rch_i:32_j:2_zone:1.0                      1.136223668807725    1.000000000000000   0.0000000000000000
rch_i:12_j:2_zone:1.0                      1.481972577149646    1.000000000000000   0.0000000000000000
rch_i:37_j:12_zone:1.0                      0.5000000000000000    1.000000000000000   0.0000000000000000
rch_i:27_j:7_zone:1.0                      0.9282151548469751    1.000000000000000   0.0000000000000000
rch_i:2_j:12_zone:1.0                      0.5000000000000000    1.000000000000000   0.0000000000000000
