single point
           ne1                      0.01000000000000000    1.000000000000000   0.0000000000000000
        strinf                      930.0468618000000    1.000000000000000   0.0000000000000000
          wel5                      533.1177900000000   -1.000000000000000   0.0000000000000000
          wel2                      76.24927837260000   -1.000000000000000   0.0000000000000000
          wel3                      242.2542900000000   -1.000000000000000   0.0000000000000000
          wel1                      332.9920700000000   -1.000000000000000   0.0000000000000000
          wel4                      143.0252000000000   -1.000000000000000   0.0000000000000000
          wel0                      131.9714400000000   -1.000000000000000   0.0000000000000000
hk_i:27_j:12_zone:1.0                      5.362257290023019    1.000000000000000   0.0000000000000000
hk_i:17_j:2_zone:1.0                      6.648316065110231    1.000000000000000   0.0000000000000000
hk_i:27_j:2_zone:1.0                      6.386859136305618    1.000000000000000   0.0000000000000000
hk_i:7_j:17_zone:1.0                      1.197090879698965    1.000000000000000   0.0000000000000000
hk_i:27_j:17_zone:1.0                      1.020066574081005    1.000000000000000   0.0000000000000000
hk_i:37_j:7_zone:1.0                      3.812478595794755    1.000000000000000   0.0000000000000000
hk_i:7_j:7_zone:1.0                      9.399832910682841    1.000000000000000   0.0000000000000000
hk_i:32_j:12_zone:1.0                      3.147539985823014    1.000000000000000   0.0000000000000000
hk_i:2_j:2_zone:1.0                      4.670381260092825    1.000000000000000   0.0000000000000000
hk_i:22_j:7_zone:1.0                      12.21852053765496    1.000000000000000   0.0000000000000000
hk_i:37_j:12_zone:1.0                      2.024158991778377    1.000000000000000   0.0000000000000000
hk_i:2_j:7_zone:1.0                      8.343406207277589    1.000000000000000   0.0000000000000000
hk_i:12_j:2_zone:1.0                      4.932849865722137    1.000000000000000   0.0000000000000000
hk_i:22_j:12_zone:1.0                      2.855941311298153    1.000000000000000   0.0000000000000000
hk_i:17_j:17_zone:1.0                      0.9479778602819210    1.000000000000000   0.0000000000000000
hk_i:12_j:12_zone:1.0                      2.271788066387270    1.000000000000000   0.0000000000000000
hk_i:22_j:2_zone:1.0                      9.303018385869306    1.000000000000000   0.0000000000000000
hk_i:27_j:7_zone:1.0                      8.877377334119100    1.000000000000000   0.0000000000000000
hk_i:17_j:12_zone:1.0                      1.896317834801021    1.000000000000000   0.0000000000000000
hk_i:2_j:12_zone:1.0                      5.027513142984068    1.000000000000000   0.0000000000000000
hk_i:32_j:2_zone:1.0                      4.231632198925616    1.000000000000000   0.0000000000000000
hk_i:32_j:17_zone:1.0                      1.049130482857034    1.000000000000000   0.0000000000000000
hk_i:2_j:17_zone:1.0                      1.236826538270723    1.000000000000000   0.0000000000000000
hk_i:7_j:2_zone:1.0                      4.246417380538903    1.000000000000000   0.0000000000000000
hk_i:7_j:12_zone:1.0                      3.822777967991490    1.000000000000000   0.0000000000000000
hk_i:22_j:17_zone:1.0                      1.011894079771593    1.000000000000000   0.0000000000000000
hk_i:12_j:17_zone:1.0                      1.117953453218052    1.000000000000000   0.0000000000000000
hk_i:37_j:17_zone:1.0                      1.698942370638691    1.000000000000000   0.0000000000000000
hk_i:32_j:7_zone:1.0                      5.729301779242078    1.000000000000000   0.0000000000000000
rch_i:17_j:2_zone:1.0                      2.000000000000000    1.000000000000000   0.0000000000000000
rch_i:27_j:17_zone:1.0                      0.5000000000000000    1.000000000000000   0.0000000000000000
rch_i:27_j:12_zone:1.0                      0.5000000000000000    1.000000000000000   0.0000000000000000
rch_i:7_j:12_zone:1.0                      0.5000000000000000    1.000000000000000   0.0000000000000000
rch_i:27_j:2_zone:1.0                      0.9971994952087889    1.000000000000000   0.0000000000000000
rch_i:37_j:17_zone:1.0                      0.5000000000000000    1.000000000000000   0.0000000000000000
rch_i:22_j:7_zone:1.0                      1.843070110521413    1.000000000000000   0.0000000000000000
rch_i:12_j:17_zone:1.0                      0.5000000000000000    1.000000000000000   0.0000000000000000
rch_i:32_j:7_zone:1.0                      0.7731938493448406    1.000000000000000   0.0000000000000000
rch_i:7_j:2_zone:1.0                      1.893315930166119    1.000000000000000   0.0000000000000000
rch_i:32_j:12_zone:1.0                      0.5000000000000000    1.000000000000000   0.0000000000000000
rch_i:17_j:17_zone:1.0                      0.5000000000000000    1.000000000000000   0.0000000000000000
rch_i:7_j:7_zone:1.0                      1.100286844435490    1.000000000000000   0.0000000000000000
rch_i:37_j:7_zone:1.0                      0.7558761966495022    1.000000000000000   0.0000000000000000
rch_i:17_j:12_zone:1.0                      0.5000000000000000    1.000000000000000   0.0000000000000000
rch_i:22_j:2_zone:1.0                      2.000000000000000    1.000000000000000   0.0000000000000000
rch_i:2_j:2_zone:1.0                      1.413475022244301    1.000000000000000   0.0000000000000000
rch_i:2_j:7_zone:1.0                      0.5043482181109881    1.000000000000000   0.0000000000000000
rch_i:22_j:17_zone:1.0                      0.5000000000000000    1.000000000000000   0.0000000000000000
rch_i:32_j:17_zone:1.0                      0.5000000000000000    1.000000000000000   0.0000000000000000
rch_i:2_j:17_zone:1.0                      0.5000000000000000    1.000000000000000   0.0000000000000000
rch_i:22_j:12_zone:1.0                      0.5000000000000000    1.000000000000000   0.0000000000000000
rch_i:7_j:17_zone:1.0                      0.5000000000000000    1.000000000000000   0.0000000000000000
rch_i:12_j:12_zone:1.0                      0.5000000000000000    1.000000000000000   0.0000000000000000
rch_i:32_j:2_zone:1.0                      0.6283120094967988    1.000000000000000   0.0000000000000000
rch_i:12_j:2_zone:1.0                      2.000000000000000    1.000000000000000   0.0000000000000000
rch_i:37_j:12_zone:1.0                      0.5000000000000000    1.000000000000000   0.0000000000000000
rch_i:27_j:7_zone:1.0                      0.7970052747827225    1.000000000000000   0.0000000000000000
rch_i:2_j:12_zone:1.0                      0.5000000000000000    1.000000000000000   0.0000000000000000
