single point
           ne1                      0.01000000000000000    1.000000000000000   0.0000000000000000
        strinf                      1171.293901400000    1.000000000000000   0.0000000000000000
          wel5                      289.6454700000000   -1.000000000000000   0.0000000000000000
          wel2                      173.7661600000000   -1.000000000000000   0.0000000000000000
          wel3                      216.0654300000000   -1.000000000000000   0.0000000000000000
          wel1                      215.0562700000000   -1.000000000000000   0.0000000000000000
          wel4                      149.7495900000000   -1.000000000000000   0.0000000000000000
          wel0                      216.1505400000000   -1.000000000000000   0.0000000000000000
hk_i:27_j:12_zone:1.0                      4.075724301067805    1.000000000000000   0.0000000000000000
hk_i:17_j:2_zone:1.0                      5.732738230538915    1.000000000000000   0.0000000000000000
hk_i:27_j:2_zone:1.0                      5.451160594564339    1.000000000000000   0.0000000000000000
hk_i:7_j:17_zone:1.0                      2.326651541948629    1.000000000000000   0.0000000000000000
hk_i:27_j:17_zone:1.0                      2.203731264436697    1.000000000000000   0.0000000000000000
hk_i:37_j:7_zone:1.0                      3.498188275913005    1.000000000000000   0.0000000000000000
hk_i:7_j:7_zone:1.0                      5.851439081070618    1.000000000000000   0.0000000000000000
hk_i:32_j:12_zone:1.0                      3.220478990567976    1.000000000000000   0.0000000000000000
hk_i:2_j:2_zone:1.0                      4.788865793241888    1.000000000000000   0.0000000000000000
hk_i:22_j:7_zone:1.0                      5.645223621419405    1.000000000000000   0.0000000000000000
hk_i:37_j:12_zone:1.0                      3.177218946135664    1.000000000000000   0.0000000000000000
hk_i:2_j:7_zone:1.0                      5.747377570541007    1.000000000000000   0.0000000000000000
hk_i:12_j:2_zone:1.0                      5.016858556495023    1.000000000000000   0.0000000000000000
hk_i:22_j:12_zone:1.0                      3.147022452012070    1.000000000000000   0.0000000000000000
hk_i:17_j:17_zone:1.0                      2.138786666607193    1.000000000000000   0.0000000000000000
hk_i:12_j:12_zone:1.0                      2.895621812060392    1.000000000000000   0.0000000000000000
hk_i:22_j:2_zone:1.0                      6.680329750156383    1.000000000000000   0.0000000000000000
hk_i:27_j:7_zone:1.0                      5.351424380694345    1.000000000000000   0.0000000000000000
hk_i:17_j:12_zone:1.0                      2.678632215965548    1.000000000000000   0.0000000000000000
hk_i:2_j:12_zone:1.0                      3.563621267588041    1.000000000000000   0.0000000000000000
hk_i:32_j:2_zone:1.0                      4.540751032963839    1.000000000000000   0.0000000000000000
hk_i:32_j:17_zone:1.0                      2.317486735722765    1.000000000000000   0.0000000000000000
hk_i:2_j:17_zone:1.0                      2.383694728710011    1.000000000000000   0.0000000000000000
hk_i:7_j:2_zone:1.0                      4.537414830086377    1.000000000000000   0.0000000000000000
hk_i:7_j:12_zone:1.0                      3.340009931363608    1.000000000000000   0.0000000000000000
hk_i:22_j:17_zone:1.0                      2.151722693378540    1.000000000000000   0.0000000000000000
hk_i:12_j:17_zone:1.0                      2.266402918107423    1.000000000000000   0.0000000000000000
hk_i:37_j:17_zone:1.0                      3.273468802286843    1.000000000000000   0.0000000000000000
hk_i:32_j:7_zone:1.0                      4.634045085485829    1.000000000000000   0.0000000000000000
rch_i:17_j:2_zone:1.0                      1.240900141647199    1.000000000000000   0.0000000000000000
rch_i:27_j:17_zone:1.0                      0.5000000000000000    1.000000000000000   0.0000000000000000
rch_i:27_j:12_zone:1.0                      0.5000000000000000    1.000000000000000   0.0000000000000000
rch_i:7_j:12_zone:1.0                      0.5000000000000000    1.000000000000000   0.0000000000000000
rch_i:27_j:2_zone:1.0                      1.383021597248001    1.000000000000000   0.0000000000000000
rch_i:37_j:17_zone:1.0                      0.5000000000000000    1.000000000000000   0.0000000000000000
rch_i:22_j:7_zone:1.0                      0.9315600763413411    1.000000000000000   0.0000000000000000
rch_i:12_j:17_zone:1.0                      0.5000000000000000    1.000000000000000   0.0000000000000000
rch_i:32_j:7_zone:1.0                      0.9453251240172194    1.000000000000000   0.0000000000000000
rch_i:7_j:2_zone:1.0                      1.475753538311362    1.000000000000000   0.0000000000000000
rch_i:32_j:12_zone:1.0                      0.5000000000000000    1.000000000000000   0.0000000000000000
rch_i:17_j:17_zone:1.0                      0.5000000000000000    1.000000000000000   0.0000000000000000
rch_i:7_j:7_zone:1.0                      0.8725696959545562    1.000000000000000   0.0000000000000000
rch_i:37_j:7_zone:1.0                      0.9004434490478802    1.000000000000000   0.0000000000000000
rch_i:17_j:12_zone:1.0                      0.5000000000000000    1.000000000000000   0.0000000000000000
rch_i:22_j:2_zone:1.0                      1.307376955553511    1.000000000000000   0.0000000000000000
rch_i:2_j:2_zone:1.0                      1.466673763923723    1.000000000000000   0.0000000000000000
rch_i:2_j:7_zone:1.0                      0.6881243773131388    1.000000000000000   0.0000000000000000
rch_i:22_j:17_zone:1.0                      0.5000000000000000    1.000000000000000   0.0000000000000000
rch_i:32_j:17_zone:1.0                      0.5000000000000000    1.000000000000000   0.0000000000000000
rch_i:2_j:17_zone:1.0                      0.5000000000000000    1.000000000000000   0.0000000000000000
rch_i:22_j:12_zone:1.0                      0.5000000000000000    1.000000000000000   0.0000000000000000
rch_i:7_j:17_zone:1.0                      0.5000000000000000    1.000000000000000   0.0000000000000000
rch_i:12_j:12_zone:1.0                      0.5000000000000000    1.000000000000000   0.0000000000000000
rch_i:32_j:2_zone:1.0                      1.264062638743579    1.000000000000000   0.0000000000000000
rch_i:12_j:2_zone:1.0                      1.301050837298060    1.000000000000000   0.0000000000000000
rch_i:37_j:12_zone:1.0                      0.5000000000000000    1.000000000000000   0.0000000000000000
rch_i:27_j:7_zone:1.0                      1.047778062681315    1.000000000000000   0.0000000000000000
rch_i:2_j:12_zone:1.0                      0.5000000000000000    1.000000000000000   0.0000000000000000
