4.054018e-05 3.926897e-05 3.679447e-05 3.407854e-05 3.038942e-05 2.639563e-05 2.271979e-05 1.992119e-05 1.822465e-05 1.731715e-05 1.612473e-05 1.583494e-05 1.579751e-05 1.580726e-05 1.583435e-05 1.587737e-05 1.597384e-05 1.621369e-05 1.584623e-05 1.618631e-05
4.261532e-05 4.167212e-05 3.982043e-05 3.602994e-05 3.126642e-05 2.618724e-05 2.120726e-05 1.771780e-05 1.627601e-05 1.582540e-05 1.533372e-05 1.511549e-05 1.508417e-05 1.515094e-05 1.518316e-05 1.519731e-05 1.522313e-05 1.508310e-05 1.539991e-05 1.582007e-05
4.457832e-05 4.408274e-05 4.323128e-05 3.834767e-05 3.306654e-05 2.738693e-05 2.128299e-05 1.465781e-05 1.528287e-05 1.545029e-05 1.529276e-05 1.495148e-05 1.453144e-05 1.459854e-05 1.462965e-05 1.463068e-05 1.460063e-05 1.453144e-05 1.504431e-05 1.471911e-05
4.631500e-05 4.612004e-05 4.406373e-05 3.998499e-05 3.492049e-05 2.941872e-05 2.382140e-05 1.907948e-05 1.711953e-05 1.665907e-05 1.614491e-05 1.553845e-05 1.497263e-05 1.461594e-05 1.453144e-05 1.453144e-05 1.453144e-05 1.453144e-05 1.459084e-05 1.468844e-05
4.833321e-05 4.831330e-05 4.585644e-05 4.200651e-05 3.720323e-05 3.208939e-05 2.701399e-05 2.263767e-05 1.964724e-05 1.820459e-05 1.716637e-05 1.615937e-05 1.530042e-05 1.474942e-05 1.453144e-05 1.453144e-05 1.453144e-05 1.453144e-05 1.456962e-05 1.466903e-05
5.030082e-05 5.078414e-05 4.853351e-05 4.468707e-05 3.976431e-05 3.470871e-05 2.984861e-05 2.550684e-05 2.205857e-05 1.990411e-05 1.819680e-05 1.664865e-05 1.542405e-05 1.472334e-05 1.453144e-05 1.453144e-05 1.453144e-05 1.453144e-05 1.456449e-05 1.466031e-05
5.268575e-05 5.338396e-05 5.220671e-05 4.781220e-05 4.241432e-05 3.709939e-05 3.215455e-05 2.780578e-05 2.406552e-05 2.145453e-05 1.901986e-05 1.691040e-05 1.521906e-05 1.453144e-05 1.453144e-05 1.453144e-05 1.453144e-05 1.453144e-05 1.457623e-05 1.465945e-05
5.414921e-05 5.509817e-05 5.679213e-05 5.067475e-05 4.487275e-05 3.936066e-05 3.426393e-05 2.962774e-05 2.585857e-05 2.258389e-05 1.946222e-05 1.694551e-05 1.453144e-05 1.453144e-05 1.453144e-05 1.453144e-05 1.453144e-05 1.453144e-05 1.458640e-05 1.465820e-05
5.511948e-05 5.620245e-05 5.540970e-05 5.157046e-05 4.641090e-05 4.111164e-05 3.605886e-05 3.117010e-05 2.702691e-05 2.354724e-05 2.042468e-05 1.721521e-05 1.535898e-05 1.453223e-05 1.453144e-05 1.453144e-05 1.453144e-05 1.453144e-05 1.456696e-05 1.465041e-05
5.573607e-05 5.655254e-05 5.493539e-05 5.155271e-05 4.711001e-05 4.219365e-05 3.709160e-05 3.237069e-05 2.770339e-05 2.376386e-05 2.077882e-05 1.735039e-05 1.564826e-05 1.476963e-05 1.453144e-05 1.453144e-05 1.453144e-05 1.453144e-05 1.454745e-05 1.471058e-05
5.647418e-05 5.701618e-05 5.530804e-05 5.193587e-05 4.770010e-05 4.287988e-05 3.798418e-05 3.330204e-05 2.829856e-05 2.399673e-05 2.086285e-05 1.801471e-05 1.557475e-05 1.477353e-05 1.453144e-05 1.453144e-05 1.453144e-05 1.453144e-05 1.458020e-05 1.470985e-05
5.678144e-05 5.741242e-05 5.637313e-05 5.281377e-05 4.846763e-05 4.395370e-05 3.873188e-05 3.362234e-05 2.884713e-05 2.481202e-05 2.070803e-05 1.780784e-05 1.543018e-05 1.456787e-05 1.453144e-05 1.453144e-05 1.453144e-05 1.453144e-05 1.459962e-05 1.471639e-05
5.691396e-05 5.756858e-05 5.812574e-05 5.361059e-05 4.905185e-05 4.466707e-05 3.994072e-05 3.426111e-05 2.975846e-05 2.497061e-05 2.128789e-05 1.743863e-05 1.453144e-05 1.453144e-05 1.453144e-05 1.453144e-05 1.453144e-05 1.453144e-05 1.453144e-05 1.453144e-05
5.723944e-05 5.755102e-05 5.704867e-05 5.380743e-05 4.977481e-05 4.528326e-05 4.067375e-05 3.531572e-05 3.049407e-05 2.603003e-05 2.146747e-05 1.825023e-05 1.533077e-05 1.453144e-05 1.453144e-05 1.453144e-05 1.453144e-05 1.453144e-05 1.453144e-05 1.453144e-05
5.672909e-05 5.740603e-05 5.654158e-05 5.367781e-05 4.999985e-05 4.582532e-05 4.139823e-05 3.684951e-05 3.138502e-05 2.665795e-05 2.253096e-05 1.869678e-05 1.541444e-05 1.453144e-05 1.453144e-05 1.453144e-05 1.453144e-05 1.453144e-05 1.453144e-05 1.453144e-05
5.671738e-05 5.716547e-05 5.655489e-05 5.404793e-05 5.042940e-05 4.644630e-05 4.214761e-05 3.764397e-05 3.224616e-05 2.728481e-05 2.296138e-05 1.866289e-05 1.545016e-05 1.453144e-05 1.453144e-05 1.453144e-05 1.453144e-05 1.453144e-05 1.453144e-05 1.453144e-05
5.685395e-05 5.745651e-05 5.710267e-05 5.458518e-05 5.134235e-05 4.763753e-05 4.302406e-05 3.788095e-05 3.281082e-05 2.814122e-05 2.342911e-05 1.871780e-05 1.548935e-05 1.453144e-05 1.453144e-05 1.453144e-05 1.453144e-05 1.453144e-05 1.453144e-05 1.453144e-05
5.651789e-05 5.754939e-05 5.812574e-05 5.531853e-05 5.229503e-05 4.863189e-05 4.480942e-05 3.912275e-05 3.432066e-05 2.894088e-05 2.409823e-05 1.892044e-05 1.453144e-05 1.453144e-05 1.453144e-05 1.453144e-05 1.453144e-05 1.453144e-05 1.453144e-05 1.453144e-05
5.641097e-05 5.739440e-05 5.748031e-05 5.549924e-05 5.292767e-05 4.986537e-05 4.587132e-05 4.090692e-05 3.566688e-05 3.047143e-05 2.468751e-05 2.021651e-05 1.620982e-05 1.462203e-05 1.453144e-05 1.453144e-05 1.453144e-05 1.453144e-05 1.470097e-05 1.499133e-05
5.558088e-05 5.728975e-05 5.722436e-05 5.565493e-05 5.357159e-05 5.079082e-05 4.739291e-05 4.323605e-05 3.734951e-05 3.141969e-05 2.623821e-05 2.126281e-05 1.712574e-05 1.513343e-05 1.453144e-05 1.453144e-05 1.453144e-05 1.453144e-05 1.465270e-05 1.497510e-05
5.502174e-05 5.656759e-05 5.715501e-05 5.602089e-05 5.429557e-05 5.218308e-05 4.929138e-05 4.541568e-05 3.952425e-05 3.313330e-05 2.731532e-05 2.129759e-05 1.730853e-05 1.512373e-05 1.453144e-05 1.453144e-05 1.453144e-05 1.453144e-05 1.464504e-05 1.496500e-05
5.380787e-05 5.609012e-05 5.751158e-05 5.634497e-05 5.446533e-05 5.295406e-05 5.152963e-05 4.812509e-05 4.202535e-05 3.471313e-05 2.784114e-05 2.120892e-05 1.658921e-05 1.453342e-05 1.453144e-05 1.453144e-05 1.453144e-05 1.453144e-05 1.468896e-05 1.497272e-05
5.181070e-05 5.458164e-05 5.812574e-05 5.481036e-05 5.254436e-05 5.120805e-05 5.100223e-05 5.206988e-05 4.260140e-05 3.454233e-05 2.733563e-05 2.072581e-05 1.453144e-05 1.453144e-05 1.453144e-05 1.453144e-05 1.453144e-05 1.453144e-05 1.472465e-05 1.497349e-05
4.868737e-05 5.081527e-05 5.171473e-05 5.021294e-05 4.845257e-05 4.734089e-05 4.688341e-05 4.470448e-05 3.935996e-05 3.271413e-05 2.653626e-05 2.088736e-05 1.641522e-05 1.454598e-05 1.453144e-05 1.453144e-05 1.453144e-05 1.453144e-05 1.468896e-05 1.497272e-05
4.459320e-05 4.554248e-05 4.557288e-05 4.463978e-05 4.346265e-05 4.243815e-05 4.116822e-05 3.861453e-05 3.461899e-05 2.965628e-05 2.496082e-05 2.056775e-05 1.678093e-05 1.484257e-05 1.453144e-05 1.453144e-05 1.453144e-05 1.453144e-05 1.467058e-05 1.496500e-05
4.011208e-05 4.010990e-05 3.960438e-05 3.896006e-05 3.820544e-05 3.718184e-05 3.564282e-05 3.312446e-05 2.959850e-05 2.645559e-05 2.282663e-05 1.929034e-05 1.660183e-05 1.489830e-05 1.453144e-05 1.453144e-05 1.453144e-05 1.453144e-05 1.467626e-05 1.463112e-05
3.536666e-05 3.462120e-05 3.386656e-05 3.360856e-05 3.320506e-05 3.214208e-05 3.055507e-05 2.770499e-05 2.560609e-05 2.351611e-05 2.097521e-05 1.808950e-05 1.578824e-05 1.460712e-05 1.453144e-05 1.453144e-05 1.453144e-05 1.453144e-05 1.456765e-05 1.463289e-05
3.181829e-05 3.038363e-05 2.829873e-05 2.892668e-05 2.874784e-05 2.743535e-05 2.575347e-05 2.316208e-05 2.267747e-05 2.132691e-05 1.914020e-05 1.690836e-05 1.453144e-05 1.453144e-05 1.453144e-05 1.453144e-05 1.453144e-05 1.453144e-05 1.457586e-05 1.463307e-05
2.908150e-05 2.771682e-05 2.633325e-05 2.580737e-05 2.526687e-05 2.459673e-05 2.355661e-05 2.261070e-05 2.126514e-05 1.976495e-05 1.820934e-05 1.642711e-05 1.509423e-05 1.454761e-05 1.453144e-05 1.453144e-05 1.453144e-05 1.453144e-05 1.456765e-05 1.463289e-05
2.690600e-05 2.561507e-05 2.449343e-05 2.414706e-05 2.381781e-05 2.349909e-05 2.305982e-05 2.222410e-05 2.094546e-05 1.950496e-05 1.794029e-05 1.650137e-05 1.535152e-05 1.465311e-05 1.453144e-05 1.453144e-05 1.453144e-05 1.453144e-05 1.458258e-05 1.463112e-05
2.506270e-05 2.368327e-05 2.252687e-05 2.260343e-05 2.271342e-05 2.278994e-05 2.265967e-05 2.203536e-05 2.086663e-05 1.943718e-05 1.789413e-05 1.648218e-05 1.534340e-05 1.465428e-05 1.453144e-05 1.453144e-05 1.453144e-05 1.453144e-05 1.458270e-05 1.469539e-05
2.295834e-05 2.161456e-05 2.067413e-05 2.109941e-05 2.166865e-05 2.211123e-05 2.242391e-05 2.204794e-05 2.090709e-05 1.937723e-05 1.784180e-05 1.630651e-05 1.508212e-05 1.454883e-05 1.453144e-05 1.453144e-05 1.453144e-05 1.453144e-05 1.459699e-05 1.470097e-05
2.212357e-05 2.055493e-05 1.871313e-05 1.998090e-05 2.090132e-05 2.157791e-05 2.210224e-05 2.255162e-05 2.095501e-05 1.934471e-05 1.770385e-05 1.612391e-05 1.453144e-05 1.453144e-05 1.453144e-05 1.453144e-05 1.453144e-05 1.453144e-05 1.460677e-05 1.470183e-05
2.189874e-05 2.061220e-05 1.974630e-05 1.982381e-05 2.055895e-05 2.124680e-05 2.177885e-05 2.168809e-05 2.069877e-05 1.924126e-05 1.768785e-05 1.624234e-05 1.507661e-05 1.454787e-05 1.453144e-05 1.453144e-05 1.453144e-05 1.453144e-05 1.461830e-05 1.469726e-05
2.208188e-05 2.115787e-05 2.060664e-05 2.058681e-05 2.080186e-05 2.118161e-05 2.151111e-05 2.125296e-05 2.039846e-05 1.911157e-05 1.770822e-05 1.638704e-05 1.532481e-05 1.469719e-05 1.453144e-05 1.453144e-05 1.453144e-05 1.453144e-05 1.460364e-05 1.476970e-05
2.244982e-05 2.176268e-05 2.132716e-05 2.125796e-05 2.113588e-05 2.120761e-05 2.149169e-05 2.117583e-05 2.030733e-05 1.904467e-05 1.767326e-05 1.637284e-05 1.531491e-05 1.469236e-05 1.453144e-05 1.453144e-05 1.453144e-05 1.453144e-05 1.460912e-05 1.479239e-05
2.287336e-05 2.232908e-05 2.195487e-05 2.139599e-05 2.073623e-05 2.121580e-05 2.164867e-05 2.142973e-05 2.042813e-05 1.904040e-05 1.759128e-05 1.619212e-05 1.505589e-05 1.459133e-05 1.453144e-05 1.453144e-05 1.453144e-05 1.453144e-05 1.464839e-05 1.484427e-05
2.329367e-05 2.208379e-05 2.186183e-05 2.041525e-05 2.077669e-05 2.117440e-05 2.159624e-05 2.202271e-05 2.053728e-05 1.904896e-05 1.755335e-05 1.605074e-05 1.453144e-05 1.453559e-05 1.453847e-05 1.453893e-05 1.453664e-05 1.453144e-05 1.474411e-05 1.494334e-05
2.268918e-05 2.239760e-05 2.218396e-05 2.035606e-05 2.063553e-05 2.092296e-05 2.114773e-05 2.105928e-05 2.022789e-05 1.896361e-05 1.754340e-05 1.625581e-05 1.532927e-05 1.495620e-05 1.483622e-05 1.478995e-05 1.477845e-05 1.479825e-05 1.492600e-05 1.509321e-05
2.292049e-05 2.265758e-05 2.007919e-05 2.024018e-05 2.041894e-05 2.057117e-05 2.060591e-05 2.037145e-05 1.974870e-05 1.880819e-05 1.759359e-05 1.663079e-05 1.589718e-05 1.545992e-05 1.523648e-05 1.512623e-05 1.508434e-05 1.510749e-05 1.515148e-05 1.527744e-05
