single point
           ne1                      0.01000000000000000    1.000000000000000   0.0000000000000000
        strinf                      995.1546543400000    1.000000000000000   0.0000000000000000
          wel5                      443.6314400000000   -1.000000000000000   0.0000000000000000
          wel2                      98.27576935790000   -1.000000000000000   0.0000000000000000
          wel3                      278.3491200000000   -1.000000000000000   0.0000000000000000
          wel1                      258.7681000000000   -1.000000000000000   0.0000000000000000
          wel4                      157.7951700000000   -1.000000000000000   0.0000000000000000
          wel0                      148.5601100000000   -1.000000000000000   0.0000000000000000
hk_i:27_j:12_zone:1.0                      4.613299206560145    1.000000000000000   0.0000000000000000
hk_i:17_j:2_zone:1.0                      6.858967941646593    1.000000000000000   0.0000000000000000
hk_i:27_j:2_zone:1.0                      6.626799339227431    1.000000000000000   0.0000000000000000
hk_i:7_j:17_zone:1.0                      1.426320626728219    1.000000000000000   0.0000000000000000
hk_i:27_j:17_zone:1.0                      1.224031046007213    1.000000000000000   0.0000000000000000
hk_i:37_j:7_zone:1.0                      2.936675244876718    1.000000000000000   0.0000000000000000
hk_i:7_j:7_zone:1.0                      8.334501965085042    1.000000000000000   0.0000000000000000
hk_i:32_j:12_zone:1.0                      2.765625192626128    1.000000000000000   0.0000000000000000
hk_i:2_j:2_zone:1.0                      4.593447672267913    1.000000000000000   0.0000000000000000
hk_i:22_j:7_zone:1.0                      9.915388230991329    1.000000000000000   0.0000000000000000
hk_i:37_j:12_zone:1.0                      2.123277229920930    1.000000000000000   0.0000000000000000
hk_i:2_j:7_zone:1.0                      7.436413402815223    1.000000000000000   0.0000000000000000
hk_i:12_j:2_zone:1.0                      4.993678231431613    1.000000000000000   0.0000000000000000
hk_i:22_j:12_zone:1.0                      2.675100224510945    1.000000000000000   0.0000000000000000
hk_i:17_j:17_zone:1.0                      1.154522869229704    1.000000000000000   0.0000000000000000
hk_i:12_j:12_zone:1.0                      2.352059208936778    1.000000000000000   0.0000000000000000
hk_i:22_j:2_zone:1.0                      10.30551116143650    1.000000000000000   0.0000000000000000
hk_i:27_j:7_zone:1.0                      8.158383691094301    1.000000000000000   0.0000000000000000
hk_i:17_j:12_zone:1.0                      1.948221090628112    1.000000000000000   0.0000000000000000
hk_i:2_j:12_zone:1.0                      4.684558764032148    1.000000000000000   0.0000000000000000
hk_i:32_j:2_zone:1.0                      4.061083034054801    1.000000000000000   0.0000000000000000
hk_i:32_j:17_zone:1.0                      1.277820833557527    1.000000000000000   0.0000000000000000
hk_i:2_j:17_zone:1.0                      1.480585041698403    1.000000000000000   0.0000000000000000
hk_i:7_j:2_zone:1.0                      4.115269559367285    1.000000000000000   0.0000000000000000
hk_i:7_j:12_zone:1.0                      3.693066031768132    1.000000000000000   0.0000000000000000
hk_i:22_j:17_zone:1.0                      1.207020652818787    1.000000000000000   0.0000000000000000
hk_i:12_j:17_zone:1.0                      1.337269067447916    1.000000000000000   0.0000000000000000
hk_i:37_j:17_zone:1.0                      2.028108487573616    1.000000000000000   0.0000000000000000
hk_i:32_j:7_zone:1.0                      4.645619685826277    1.000000000000000   0.0000000000000000
rch_i:17_j:2_zone:1.0                      1.837788631382163    1.000000000000000   0.0000000000000000
rch_i:27_j:17_zone:1.0                      0.5000000000000000    1.000000000000000   0.0000000000000000
rch_i:27_j:12_zone:1.0                      0.5000000000000000    1.000000000000000   0.0000000000000000
rch_i:7_j:12_zone:1.0                      0.5000000000000000    1.000000000000000   0.0000000000000000
rch_i:27_j:2_zone:1.0                      1.178667400512187    1.000000000000000   0.0000000000000000
rch_i:37_j:17_zone:1.0                      0.5000000000000000    1.000000000000000   0.0000000000000000
rch_i:22_j:7_zone:1.0                      1.175626185193372    1.000000000000000   0.0000000000000000
rch_i:12_j:17_zone:1.0                      0.5000000000000000    1.000000000000000   0.0000000000000000
rch_i:32_j:7_zone:1.0                      0.8932497655655857    1.000000000000000   0.0000000000000000
rch_i:7_j:2_zone:1.0                      1.818509404041355    1.000000000000000   0.0000000000000000
rch_i:32_j:12_zone:1.0                      0.5000000000000000    1.000000000000000   0.0000000000000000
rch_i:17_j:17_zone:1.0                      0.5000000000000000    1.000000000000000   0.0000000000000000
rch_i:7_j:7_zone:1.0                      0.9777940632816907    1.000000000000000   0.0000000000000000
rch_i:37_j:7_zone:1.0                      0.8744996977735706    1.000000000000000   0.0000000000000000
rch_i:17_j:12_zone:1.0                      0.5000000000000000    1.000000000000000   0.0000000000000000
rch_i:22_j:2_zone:1.0                      1.479101526314334    1.000000000000000   0.0000000000000000
rch_i:2_j:2_zone:1.0                      1.471880546692636    1.000000000000000   0.0000000000000000
rch_i:2_j:7_zone:1.0                      0.5378404594920241    1.000000000000000   0.0000000000000000
rch_i:22_j:17_zone:1.0                      0.5000000000000000    1.000000000000000   0.0000000000000000
rch_i:32_j:17_zone:1.0                      0.5000000000000000    1.000000000000000   0.0000000000000000
rch_i:2_j:17_zone:1.0                      0.5000000000000000    1.000000000000000   0.0000000000000000
rch_i:22_j:12_zone:1.0                      0.5000000000000000    1.000000000000000   0.0000000000000000
rch_i:7_j:17_zone:1.0                      0.5000000000000000    1.000000000000000   0.0000000000000000
rch_i:12_j:12_zone:1.0                      0.5000000000000000    1.000000000000000   0.0000000000000000
rch_i:32_j:2_zone:1.0                      1.065826549655766    1.000000000000000   0.0000000000000000
rch_i:12_j:2_zone:1.0                      1.827777859555283    1.000000000000000   0.0000000000000000
rch_i:37_j:12_zone:1.0                      0.5000000000000000    1.000000000000000   0.0000000000000000
rch_i:27_j:7_zone:1.0                      0.7280056928287074    1.000000000000000   0.0000000000000000
rch_i:2_j:12_zone:1.0                      0.5000000000000000    1.000000000000000   0.0000000000000000
