8.669266e-05 8.397425e-05 7.868269e-05 7.287485e-05 6.498589e-05 5.644542e-05 4.858487e-05 4.260024e-05 3.897230e-05 3.703166e-05 3.448173e-05 3.386203e-05 3.378200e-05 3.380285e-05 3.386077e-05 3.395278e-05 3.415907e-05 3.467197e-05 3.388618e-05 3.461342e-05
9.113023e-05 8.911324e-05 8.515353e-05 7.704779e-05 6.686130e-05 5.599980e-05 4.535041e-05 3.788842e-05 3.480523e-05 3.384164e-05 3.279022e-05 3.232355e-05 3.225656e-05 3.239936e-05 3.246826e-05 3.249852e-05 3.255373e-05 3.225427e-05 3.293177e-05 3.383024e-05
9.532797e-05 9.426820e-05 9.244742e-05 8.200413e-05 7.071075e-05 5.856526e-05 4.551236e-05 3.134481e-05 3.268147e-05 3.303948e-05 3.270262e-05 3.197281e-05 3.107458e-05 3.121807e-05 3.128461e-05 3.128681e-05 3.122255e-05 3.107458e-05 3.217132e-05 3.147590e-05
9.904176e-05 9.862486e-05 9.422756e-05 8.550542e-05 7.467531e-05 6.291010e-05 5.094060e-05 4.080029e-05 3.660905e-05 3.562438e-05 3.452490e-05 3.322802e-05 3.201804e-05 3.125528e-05 3.107458e-05 3.107458e-05 3.107458e-05 3.107458e-05 3.120161e-05 3.141031e-05
1.033576e-04 1.033150e-04 9.806117e-05 8.982833e-05 7.955682e-05 6.862118e-05 5.776774e-05 4.840925e-05 4.201441e-05 3.892938e-05 3.670922e-05 3.455581e-05 3.271899e-05 3.154072e-05 3.107458e-05 3.107458e-05 3.107458e-05 3.107458e-05 3.115623e-05 3.136881e-05
1.075652e-04 1.085987e-04 1.037859e-04 9.556053e-05 8.503352e-05 7.422243e-05 6.382941e-05 5.454479e-05 4.717089e-05 4.256370e-05 3.891274e-05 3.560212e-05 3.298339e-05 3.148496e-05 3.107458e-05 3.107458e-05 3.107458e-05 3.107458e-05 3.114526e-05 3.135018e-05
1.126652e-04 1.141583e-04 1.116408e-04 1.022434e-04 9.070041e-05 7.933476e-05 6.876051e-05 5.946094e-05 5.146262e-05 4.587919e-05 4.067280e-05 3.616184e-05 3.254502e-05 3.107458e-05 3.107458e-05 3.107458e-05 3.107458e-05 3.107458e-05 3.117037e-05 3.134834e-05
1.157947e-04 1.178240e-04 1.214465e-04 1.083648e-04 9.595760e-05 8.417033e-05 7.327130e-05 6.335708e-05 5.529695e-05 4.829425e-05 4.161876e-05 3.623693e-05 3.107458e-05 3.107458e-05 3.107458e-05 3.107458e-05 3.107458e-05 3.107458e-05 3.119211e-05 3.134566e-05
1.178696e-04 1.201855e-04 1.184902e-04 1.102802e-04 9.924685e-05 8.791470e-05 7.710963e-05 6.665534e-05 5.779537e-05 5.035432e-05 4.367692e-05 3.681366e-05 3.284423e-05 3.107628e-05 3.107458e-05 3.107458e-05 3.107458e-05 3.107458e-05 3.115055e-05 3.132899e-05
1.191881e-04 1.209341e-04 1.174759e-04 1.102423e-04 1.007418e-04 9.022851e-05 7.931810e-05 6.922272e-05 5.924199e-05 5.081755e-05 4.443422e-05 3.710274e-05 3.346284e-05 3.158394e-05 3.107458e-05 3.107458e-05 3.107458e-05 3.107458e-05 3.110881e-05 3.145767e-05
1.207666e-04 1.219256e-04 1.182728e-04 1.110616e-04 1.020037e-04 9.169597e-05 8.122683e-05 7.121435e-05 6.051472e-05 5.131552e-05 4.461392e-05 3.852334e-05 3.330564e-05 3.159228e-05 3.107458e-05 3.107458e-05 3.107458e-05 3.107458e-05 3.117886e-05 3.145611e-05
1.214236e-04 1.227729e-04 1.205505e-04 1.129390e-04 1.036450e-04 9.399226e-05 8.282574e-05 7.189930e-05 6.168780e-05 5.305897e-05 4.428284e-05 3.808097e-05 3.299648e-05 3.115249e-05 3.107458e-05 3.107458e-05 3.107458e-05 3.107458e-05 3.122038e-05 3.147008e-05
1.217070e-04 1.231068e-04 1.242983e-04 1.146429e-04 1.048943e-04 9.551777e-05 8.541077e-05 7.326527e-05 6.363663e-05 5.339811e-05 4.552284e-05 3.729144e-05 3.107458e-05 3.107458e-05 3.107458e-05 3.107458e-05 3.107458e-05 3.107458e-05 3.107458e-05 3.107458e-05
1.224030e-04 1.230693e-04 1.219951e-04 1.150639e-04 1.064404e-04 9.683546e-05 8.697829e-05 7.552048e-05 6.520968e-05 5.566361e-05 4.590687e-05 3.902698e-05 3.278391e-05 3.107458e-05 3.107458e-05 3.107458e-05 3.107458e-05 3.107458e-05 3.107458e-05 3.107458e-05
1.213117e-04 1.227592e-04 1.209107e-04 1.147867e-04 1.069216e-04 9.799460e-05 8.852755e-05 7.880040e-05 6.711493e-05 5.700638e-05 4.818105e-05 3.998192e-05 3.296283e-05 3.107458e-05 3.107458e-05 3.107458e-05 3.107458e-05 3.107458e-05 3.107458e-05 3.107458e-05
1.212866e-04 1.222448e-04 1.209391e-04 1.155782e-04 1.078401e-04 9.932255e-05 9.013006e-05 8.049931e-05 6.895641e-05 5.834688e-05 4.910149e-05 3.990944e-05 3.303921e-05 3.107458e-05 3.107458e-05 3.107458e-05 3.107458e-05 3.107458e-05 3.107458e-05 3.107458e-05
1.215787e-04 1.228672e-04 1.221105e-04 1.167270e-04 1.097924e-04 1.018699e-04 9.200430e-05 8.100607e-05 7.016390e-05 6.017826e-05 5.010171e-05 4.002687e-05 3.312302e-05 3.107458e-05 3.107458e-05 3.107458e-05 3.107458e-05 3.107458e-05 3.107458e-05 3.107458e-05
1.208600e-04 1.230658e-04 1.242983e-04 1.182953e-04 1.118297e-04 1.039963e-04 9.582218e-05 8.366158e-05 7.339261e-05 6.188829e-05 5.153256e-05 4.046018e-05 3.107458e-05 3.107458e-05 3.107458e-05 3.107458e-05 3.107458e-05 3.107458e-05 3.107458e-05 3.107458e-05
1.206314e-04 1.227344e-04 1.229181e-04 1.186817e-04 1.131826e-04 1.066340e-04 9.809299e-05 8.747692e-05 7.627143e-05 6.516127e-05 5.279271e-05 4.323176e-05 3.466369e-05 3.126831e-05 3.107458e-05 3.107458e-05 3.107458e-05 3.107458e-05 3.143712e-05 3.205804e-05
1.188563e-04 1.225106e-04 1.223707e-04 1.190146e-04 1.145595e-04 1.086130e-04 1.013468e-04 9.245761e-05 7.986961e-05 6.718907e-05 5.610880e-05 4.546920e-05 3.662234e-05 3.236191e-05 3.107458e-05 3.107458e-05 3.107458e-05 3.107458e-05 3.133389e-05 3.202332e-05
1.176606e-04 1.209663e-04 1.222225e-04 1.197972e-04 1.161077e-04 1.115903e-04 1.054066e-04 9.711861e-05 8.452017e-05 7.085351e-05 5.841212e-05 4.554357e-05 3.701322e-05 3.234116e-05 3.107458e-05 3.107458e-05 3.107458e-05 3.107458e-05 3.131751e-05 3.200173e-05
1.150648e-04 1.199452e-04 1.229850e-04 1.204902e-04 1.164707e-04 1.132390e-04 1.101929e-04 1.029125e-04 8.986860e-05 7.423188e-05 5.953656e-05 4.535396e-05 3.547501e-05 3.107882e-05 3.107458e-05 3.107458e-05 3.107458e-05 3.107458e-05 3.141144e-05 3.201824e-05
1.107940e-04 1.167195e-04 1.242983e-04 1.172086e-04 1.123629e-04 1.095052e-04 1.090651e-04 1.113482e-04 9.110046e-05 7.386663e-05 5.845556e-05 4.432086e-05 3.107458e-05 3.107458e-05 3.107458e-05 3.107458e-05 3.107458e-05 3.107458e-05 3.148776e-05 3.201988e-05
1.041149e-04 1.086653e-04 1.105888e-04 1.073773e-04 1.036128e-04 1.012356e-04 1.002573e-04 9.559776e-05 8.416884e-05 6.995713e-05 5.674615e-05 4.466632e-05 3.510293e-05 3.110567e-05 3.107458e-05 3.107458e-05 3.107458e-05 3.107458e-05 3.141144e-05 3.201824e-05
9.535979e-05 9.738977e-05 9.745478e-05 9.545942e-05 9.294219e-05 9.075137e-05 8.803570e-05 8.257478e-05 7.403058e-05 6.341811e-05 5.337718e-05 4.398285e-05 3.588499e-05 3.173993e-05 3.107458e-05 3.107458e-05 3.107458e-05 3.107458e-05 3.137212e-05 3.200173e-05
8.577720e-05 8.577254e-05 8.469152e-05 8.331367e-05 8.169997e-05 7.951107e-05 7.621997e-05 7.083462e-05 6.329456e-05 5.657364e-05 4.881333e-05 4.125121e-05 3.550199e-05 3.185910e-05 3.107458e-05 3.107458e-05 3.107458e-05 3.107458e-05 3.138426e-05 3.128774e-05
7.562942e-05 7.403530e-05 7.242153e-05 7.186984e-05 7.100696e-05 6.873385e-05 6.534014e-05 5.924540e-05 5.475704e-05 5.028774e-05 4.485419e-05 3.868327e-05 3.376218e-05 3.123642e-05 3.107458e-05 3.107458e-05 3.107458e-05 3.107458e-05 3.115203e-05 3.129154e-05
6.804145e-05 6.497352e-05 6.051509e-05 6.185793e-05 6.147548e-05 5.866879e-05 5.507221e-05 4.953068e-05 4.849436e-05 4.560628e-05 4.093014e-05 3.615748e-05 3.107458e-05 3.107458e-05 3.107458e-05 3.107458e-05 3.107458e-05 3.107458e-05 3.116957e-05 3.129192e-05
6.218899e-05 5.927071e-05 5.631203e-05 5.518747e-05 5.403163e-05 5.259858e-05 5.037436e-05 4.835159e-05 4.547419e-05 4.226613e-05 3.893954e-05 3.512837e-05 3.227809e-05 3.110915e-05 3.107458e-05 3.107458e-05 3.107458e-05 3.107458e-05 3.115203e-05 3.129154e-05
5.753682e-05 5.477623e-05 5.237769e-05 5.163699e-05 5.093292e-05 5.025135e-05 4.931199e-05 4.752486e-05 4.479056e-05 4.171016e-05 3.836420e-05 3.528717e-05 3.282828e-05 3.133476e-05 3.107458e-05 3.107458e-05 3.107458e-05 3.107458e-05 3.118395e-05 3.128774e-05
5.359503e-05 5.064520e-05 4.817233e-05 4.833604e-05 4.857125e-05 4.873488e-05 4.845629e-05 4.712126e-05 4.462200e-05 4.156521e-05 3.826550e-05 3.524611e-05 3.281092e-05 3.133728e-05 3.107458e-05 3.107458e-05 3.107458e-05 3.107458e-05 3.118421e-05 3.142518e-05
4.909499e-05 4.622139e-05 4.421034e-05 4.511977e-05 4.633706e-05 4.728351e-05 4.795215e-05 4.714815e-05 4.470853e-05 4.143701e-05 3.815359e-05 3.487045e-05 3.225217e-05 3.111178e-05 3.107458e-05 3.107458e-05 3.107458e-05 3.107458e-05 3.121475e-05 3.143711e-05
4.730989e-05 4.395544e-05 4.001688e-05 4.272793e-05 4.469619e-05 4.614303e-05 4.726427e-05 4.822525e-05 4.481099e-05 4.136747e-05 3.785860e-05 3.447998e-05 3.107458e-05 3.107458e-05 3.107458e-05 3.107458e-05 3.107458e-05 3.107458e-05 3.123567e-05 3.143896e-05
4.682911e-05 4.407791e-05 4.222625e-05 4.239198e-05 4.396404e-05 4.543498e-05 4.657273e-05 4.637864e-05 4.426305e-05 4.114625e-05 3.782438e-05 3.473324e-05 3.224040e-05 3.110973e-05 3.107458e-05 3.107458e-05 3.107458e-05 3.107458e-05 3.126033e-05 3.142917e-05
4.722074e-05 4.524480e-05 4.406602e-05 4.402361e-05 4.448349e-05 4.529556e-05 4.600018e-05 4.544814e-05 4.362085e-05 4.086892e-05 3.786794e-05 3.504266e-05 3.277115e-05 3.142904e-05 3.107458e-05 3.107458e-05 3.107458e-05 3.107458e-05 3.122898e-05 3.158410e-05
4.800755e-05 4.653813e-05 4.560682e-05 4.545884e-05 4.519776e-05 4.535116e-05 4.595864e-05 4.528319e-05 4.342597e-05 4.072585e-05 3.779317e-05 3.501231e-05 3.274998e-05 3.141871e-05 3.107458e-05 3.107458e-05 3.107458e-05 3.107458e-05 3.124070e-05 3.163261e-05
4.891326e-05 4.774935e-05 4.694913e-05 4.575400e-05 4.434315e-05 4.536868e-05 4.629435e-05 4.582614e-05 4.368430e-05 4.071672e-05 3.761787e-05 3.462585e-05 3.219609e-05 3.120266e-05 3.107458e-05 3.107458e-05 3.107458e-05 3.107458e-05 3.132467e-05 3.174355e-05
4.981207e-05 4.722483e-05 4.675017e-05 4.365676e-05 4.442966e-05 4.528016e-05 4.618223e-05 4.709420e-05 4.391770e-05 4.073503e-05 3.753675e-05 3.432352e-05 3.107458e-05 3.108345e-05 3.108962e-05 3.109060e-05 3.108571e-05 3.107458e-05 3.152936e-05 3.195541e-05
4.851940e-05 4.789588e-05 4.743903e-05 4.353017e-05 4.412781e-05 4.474247e-05 4.522311e-05 4.503396e-05 4.325610e-05 4.055251e-05 3.751547e-05 3.476205e-05 3.278071e-05 3.198290e-05 3.172634e-05 3.162739e-05 3.160281e-05 3.164515e-05 3.191832e-05 3.227589e-05
4.901405e-05 4.845184e-05 4.293811e-05 4.328237e-05 4.366464e-05 4.399018e-05 4.406446e-05 4.356308e-05 4.223138e-05 4.022016e-05 3.762281e-05 3.556391e-05 3.399514e-05 3.306008e-05 3.258227e-05 3.234651e-05 3.225694e-05 3.230643e-05 3.240050e-05 3.266986e-05
