     1.000E-02     1.000E-02     1.000E-02     1.000E-02     1.000E-02     1.000E-02     1.000E-02     1.000E-02     1.000E-02     1.000E-02     1.000E-02     1.000E-02     1.000E-02     1.000E-02     1.000E-02     1.000E-02     1.000E-02     1.000E-02     1.000E-02     1.000E-02
     1.000E-02     1.000E-02     1.000E-02     1.000E-02     1.000E-02     1.000E-02     1.000E-02     1.000E-02     1.000E-02     1.000E-02     1.000E-02     1.000E-02     1.000E-02     1.000E-02     1.000E-02     1.000E-02     1.000E-02     1.000E-02     1.000E-02     1.000E-02
     1.000E-02     1.000E-02     1.000E-02     1.000E-02     1.000E-02     1.000E-02     1.000E-02     1.000E-02     1.000E-02     1.000E-02     1.000E-02     1.000E-02     1.000E-02     1.000E-02     1.000E-02     1.000E-02     1.000E-02     1.000E-02     1.000E-02     1.000E-02
     1.000E-02     1.000E-02     1.000E-02     1.000E-02     1.000E-02     1.000E-02     1.000E-02     1.000E-02     1.000E-02     1.000E-02     1.000E-02     1.000E-02     1.000E-02     1.000E-02     1.000E-02     1.000E-02     1.000E-02     1.000E-02     1.000E-02     1.000E-02
     1.000E-02     1.000E-02     1.000E-02     1.000E-02     1.000E-02     1.000E-02     1.000E-02     1.000E-02     1.000E-02     1.000E-02     1.000E-02     1.000E-02     1.000E-02     1.000E-02     1.000E-02     1.000E-02     1.000E-02     1.000E-02     1.000E-02     1.000E-02
     1.000E-02     1.000E-02     1.000E-02     1.000E-02     1.000E-02     1.000E-02     1.000E-02     1.000E-02     1.000E-02     1.000E-02     1.000E-02     1.000E-02     1.000E-02     1.000E-02     1.000E-02     1.000E-02     1.000E-02     1.000E-02     1.000E-02     1.000E-02
     1.000E-02     1.000E-02     1.000E-02     1.000E-02     1.000E-02     1.000E-02     1.000E-02     1.000E-02     1.000E-02     1.000E-02     1.000E-02     1.000E-02     1.000E-02     1.000E-02     1.000E-02     1.000E-02     1.000E-02     1.000E-02     1.000E-02     1.000E-02
     1.000E-02     1.000E-02     1.000E-02     1.000E-02     1.000E-02     1.000E-02     1.000E-02     1.000E-02     1.000E-02     1.000E-02     1.000E-02     1.000E-02     1.000E-02     1.000E-02     1.000E-02     1.000E-02     1.000E-02     1.000E-02     1.000E-02     1.000E-02
     1.000E-02     1.000E-02     1.000E-02     1.000E-02     1.000E-02     1.000E-02     1.000E-02     1.000E-02     1.000E-02     1.000E-02     1.000E-02     1.000E-02     1.000E-02     1.000E-02     1.000E-02     1.000E-02     1.000E-02     1.000E-02     1.000E-02     1.000E-02
     1.000E-02     1.000E-02     1.000E-02     1.000E-02     1.000E-02     1.000E-02     1.000E-02     1.000E-02     1.000E-02     1.000E-02     1.000E-02     1.000E-02     1.000E-02     1.000E-02     1.000E-02     1.000E-02     1.000E-02     1.000E-02     1.000E-02     1.000E-02
     1.000E-02     1.000E-02     1.000E-02     1.000E-02     1.000E-02     1.000E-02     1.000E-02     1.000E-02     1.000E-02     1.000E-02     1.000E-02     1.000E-02     1.000E-02     1.000E-02     1.000E-02     1.000E-02     1.000E-02     1.000E-02     1.000E-02     1.000E-02
     1.000E-02     1.000E-02     1.000E-02     1.000E-02     1.000E-02     1.000E-02     1.000E-02     1.000E-02     1.000E-02     1.000E-02     1.000E-02     1.000E-02     1.000E-02     1.000E-02     1.000E-02     1.000E-02     1.000E-02     1.000E-02     1.000E-02     1.000E-02
     1.000E-02     1.000E-02     1.000E-02     1.000E-02     1.000E-02     1.000E-02     1.000E-02     1.000E-02     1.000E-02     1.000E-02     1.000E-02     1.000E-02     1.000E-02     1.000E-02     1.000E-02     1.000E-02     1.000E-02     1.000E-02     1.000E-02     1.000E-02
     1.000E-02     1.000E-02     1.000E-02     1.000E-02     1.000E-02     1.000E-02     1.000E-02     1.000E-02     1.000E-02     1.000E-02     1.000E-02     1.000E-02     1.000E-02     1.000E-02     1.000E-02     1.000E-02     1.000E-02     1.000E-02     1.000E-02     1.000E-02
     1.000E-02     1.000E-02     1.000E-02     1.000E-02     1.000E-02     1.000E-02     1.000E-02     1.000E-02     1.000E-02     1.000E-02     1.000E-02     1.000E-02     1.000E-02     1.000E-02     1.000E-02     1.000E-02     1.000E-02     1.000E-02     1.000E-02     1.000E-02
     1.000E-02     1.000E-02     1.000E-02     1.000E-02     1.000E-02     1.000E-02     1.000E-02     1.000E-02     1.000E-02     1.000E-02     1.000E-02     1.000E-02     1.000E-02     1.000E-02     1.000E-02     1.000E-02     1.000E-02     1.000E-02     1.000E-02     1.000E-02
     1.000E-02     1.000E-02     1.000E-02     1.000E-02     1.000E-02     1.000E-02     1.000E-02     1.000E-02     1.000E-02     1.000E-02     1.000E-02     1.000E-02     1.000E-02     1.000E-02     1.000E-02     1.000E-02     1.000E-02     1.000E-02     1.000E-02     1.000E-02
     1.000E-02     1.000E-02     1.000E-02     1.000E-02     1.000E-02     1.000E-02     1.000E-02     1.000E-02     1.000E-02     1.000E-02     1.000E-02     1.000E-02     1.000E-02     1.000E-02     1.000E-02     1.000E-02     1.000E-02     1.000E-02     1.000E-02     1.000E-02
     1.000E-02     1.000E-02     1.000E-02     1.000E-02     1.000E-02     1.000E-02     1.000E-02     1.000E-02     1.000E-02     1.000E-02     1.000E-02     1.000E-02     1.000E-02     1.000E-02     1.000E-02     1.000E-02     1.000E-02     1.000E-02     1.000E-02     1.000E-02
     1.000E-02     1.000E-02     1.000E-02     1.000E-02     1.000E-02     1.000E-02     1.000E-02     1.000E-02     1.000E-02     1.000E-02     1.000E-02     1.000E-02     1.000E-02     1.000E-02     1.000E-02     1.000E-02     1.000E-02     1.000E-02     1.000E-02     1.000E-02
     1.000E-02     1.000E-02     1.000E-02     1.000E-02     1.000E-02     1.000E-02     1.000E-02     1.000E-02     1.000E-02     1.000E-02     1.000E-02     1.000E-02     1.000E-02     1.000E-02     1.000E-02     1.000E-02     1.000E-02     1.000E-02     1.000E-02     1.000E-02
     1.000E-02     1.000E-02     1.000E-02     1.000E-02     1.000E-02     1.000E-02     1.000E-02     1.000E-02     1.000E-02     1.000E-02     1.000E-02     1.000E-02     1.000E-02     1.000E-02     1.000E-02     1.000E-02     1.000E-02     1.000E-02     1.000E-02     1.000E-02
     1.000E-02     1.000E-02     1.000E-02     1.000E-02     1.000E-02     1.000E-02     1.000E-02     1.000E-02     1.000E-02     1.000E-02     1.000E-02     1.000E-02     1.000E-02     1.000E-02     1.000E-02     1.000E-02     1.000E-02     1.000E-02     1.000E-02     1.000E-02
     1.000E-02     1.000E-02     1.000E-02     1.000E-02     1.000E-02     1.000E-02     1.000E-02     1.000E-02     1.000E-02     1.000E-02     1.000E-02     1.000E-02     1.000E-02     1.000E-02     1.000E-02     1.000E-02     1.000E-02     1.000E-02     1.000E-02     1.000E-02
     1.000E-02     1.000E-02     1.000E-02     1.000E-02     1.000E-02     1.000E-02     1.000E-02     1.000E-02     1.000E-02     1.000E-02     1.000E-02     1.000E-02     1.000E-02     1.000E-02     1.000E-02     1.000E-02     1.000E-02     1.000E-02     1.000E-02     1.000E-02
     1.000E-02     1.000E-02     1.000E-02     1.000E-02     1.000E-02     1.000E-02     1.000E-02     1.000E-02     1.000E-02     1.000E-02     1.000E-02     1.000E-02     1.000E-02     1.000E-02     1.000E-02     1.000E-02     1.000E-02     1.000E-02     1.000E-02     1.000E-02
     1.000E-02     1.000E-02     1.000E-02     1.000E-02     1.000E-02     1.000E-02     1.000E-02     1.000E-02     1.000E-02     1.000E-02     1.000E-02     1.000E-02     1.000E-02     1.000E-02     1.000E-02     1.000E-02     1.000E-02     1.000E-02     1.000E-02     1.000E-02
     1.000E-02     1.000E-02     1.000E-02     1.000E-02     1.000E-02     1.000E-02     1.000E-02     1.000E-02     1.000E-02     1.000E-02     1.000E-02     1.000E-02     1.000E-02     1.000E-02     1.000E-02     1.000E-02     1.000E-02     1.000E-02     1.000E-02     1.000E-02
     1.000E-02     1.000E-02     1.000E-02     1.000E-02     1.000E-02     1.000E-02     1.000E-02     1.000E-02     1.000E-02     1.000E-02     1.000E-02     1.000E-02     1.000E-02     1.000E-02     1.000E-02     1.000E-02     1.000E-02     1.000E-02     1.000E-02     1.000E-02
     1.000E-02     1.000E-02     1.000E-02     1.000E-02     1.000E-02     1.000E-02     1.000E-02     1.000E-02     1.000E-02     1.000E-02     1.000E-02     1.000E-02     1.000E-02     1.000E-02     1.000E-02     1.000E-02     1.000E-02     1.000E-02     1.000E-02     1.000E-02
     1.000E-02     1.000E-02     1.000E-02     1.000E-02     1.000E-02     1.000E-02     1.000E-02     1.000E-02     1.000E-02     1.000E-02     1.000E-02     1.000E-02     1.000E-02     1.000E-02     1.000E-02     1.000E-02     1.000E-02     1.000E-02     1.000E-02     1.000E-02
     1.000E-02     1.000E-02     1.000E-02     1.000E-02     1.000E-02     1.000E-02     1.000E-02     1.000E-02     1.000E-02     1.000E-02     1.000E-02     1.000E-02     1.000E-02     1.000E-02     1.000E-02     1.000E-02     1.000E-02     1.000E-02     1.000E-02     1.000E-02
     1.000E-02     1.000E-02     1.000E-02     1.000E-02     1.000E-02     1.000E-02     1.000E-02     1.000E-02     1.000E-02     1.000E-02     1.000E-02     1.000E-02     1.000E-02     1.000E-02     1.000E-02     1.000E-02     1.000E-02     1.000E-02     1.000E-02     1.000E-02
     1.000E-02     1.000E-02     1.000E-02     1.000E-02     1.000E-02     1.000E-02     1.000E-02     1.000E-02     1.000E-02     1.000E-02     1.000E-02     1.000E-02     1.000E-02     1.000E-02     1.000E-02     1.000E-02     1.000E-02     1.000E-02     1.000E-02     1.000E-02
     1.000E-02     1.000E-02     1.000E-02     1.000E-02     1.000E-02     1.000E-02     1.000E-02     1.000E-02     1.000E-02     1.000E-02     1.000E-02     1.000E-02     1.000E-02     1.000E-02     1.000E-02     1.000E-02     1.000E-02     1.000E-02     1.000E-02     1.000E-02
     1.000E-02     1.000E-02     1.000E-02     1.000E-02     1.000E-02     1.000E-02     1.000E-02     1.000E-02     1.000E-02     1.000E-02     1.000E-02     1.000E-02     1.000E-02     1.000E-02     1.000E-02     1.000E-02     1.000E-02     1.000E-02     1.000E-02     1.000E-02
     1.000E-02     1.000E-02     1.000E-02     1.000E-02     1.000E-02     1.000E-02     1.000E-02     1.000E-02     1.000E-02     1.000E-02     1.000E-02     1.000E-02     1.000E-02     1.000E-02     1.000E-02     1.000E-02     1.000E-02     1.000E-02     1.000E-02     1.000E-02
     1.000E-02     1.000E-02     1.000E-02     1.000E-02     1.000E-02     1.000E-02     1.000E-02     1.000E-02     1.000E-02     1.000E-02     1.000E-02     1.000E-02     1.000E-02     1.000E-02     1.000E-02     1.000E-02     1.000E-02     1.000E-02     1.000E-02     1.000E-02
     1.000E-02     1.000E-02     1.000E-02     1.000E-02     1.000E-02     1.000E-02     1.000E-02     1.000E-02     1.000E-02     1.000E-02     1.000E-02     1.000E-02     1.000E-02     1.000E-02     1.000E-02     1.000E-02     1.000E-02     1.000E-02     1.000E-02     1.000E-02
     1.000E-02     1.000E-02     1.000E-02     1.000E-02     1.000E-02     1.000E-02     1.000E-02     1.000E-02     1.000E-02     1.000E-02     1.000E-02     1.000E-02     1.000E-02     1.000E-02     1.000E-02     1.000E-02     1.000E-02     1.000E-02     1.000E-02     1.000E-02
