1.185202e-05 1.148038e-05 1.075695e-05 9.962943e-06 8.884419e-06 7.716825e-06 6.642186e-06 5.824009e-06 5.328022e-06 5.062712e-06 4.714103e-06 4.629382e-06 4.618441e-06 4.621291e-06 4.629209e-06 4.641789e-06 4.669991e-06 4.740110e-06 4.632684e-06 4.732106e-06
1.245869e-05 1.218294e-05 1.164160e-05 1.053344e-05 9.140812e-06 7.655903e-06 6.199993e-06 5.179842e-06 4.758330e-06 4.626593e-06 4.482851e-06 4.419051e-06 4.409893e-06 4.429415e-06 4.438835e-06 4.442972e-06 4.450520e-06 4.409580e-06 4.502202e-06 4.625036e-06
1.303258e-05 1.288769e-05 1.263877e-05 1.121103e-05 9.667083e-06 8.006635e-06 6.222133e-06 4.285245e-06 4.467983e-06 4.516929e-06 4.470875e-06 4.371101e-06 4.248300e-06 4.267918e-06 4.277014e-06 4.277316e-06 4.268530e-06 4.248300e-06 4.398240e-06 4.303167e-06
1.354030e-05 1.348331e-05 1.288214e-05 1.168971e-05 1.020909e-05 8.600632e-06 6.964245e-06 5.577932e-06 5.004935e-06 4.870318e-06 4.720004e-06 4.542704e-06 4.377284e-06 4.273005e-06 4.248300e-06 4.248300e-06 4.248300e-06 4.248300e-06 4.265667e-06 4.294199e-06
1.413033e-05 1.412451e-05 1.340624e-05 1.228071e-05 1.087646e-05 9.381410e-06 7.897604e-06 6.618176e-06 5.743918e-06 5.322155e-06 5.018629e-06 4.724230e-06 4.473113e-06 4.312028e-06 4.248300e-06 4.248300e-06 4.248300e-06 4.248300e-06 4.259463e-06 4.288525e-06
1.470557e-05 1.484687e-05 1.418889e-05 1.306437e-05 1.162519e-05 1.014718e-05 8.726314e-06 7.456985e-06 6.448876e-06 5.819014e-06 5.319879e-06 4.867274e-06 4.509259e-06 4.304405e-06 4.248300e-06 4.248300e-06 4.248300e-06 4.248300e-06 4.257963e-06 4.285978e-06
1.540281e-05 1.560693e-05 1.526276e-05 1.397801e-05 1.239993e-05 1.084610e-05 9.400460e-06 8.129086e-06 7.035611e-06 6.272284e-06 5.560503e-06 4.943796e-06 4.449329e-06 4.248300e-06 4.248300e-06 4.248300e-06 4.248300e-06 4.248300e-06 4.261397e-06 4.285727e-06
1.583065e-05 1.610808e-05 1.660332e-05 1.481488e-05 1.311866e-05 1.150718e-05 1.001714e-05 8.661740e-06 7.559815e-06 6.602455e-06 5.689828e-06 4.954061e-06 4.248300e-06 4.248300e-06 4.248300e-06 4.248300e-06 4.248300e-06 4.248300e-06 4.264369e-06 4.285361e-06
1.611431e-05 1.643092e-05 1.619916e-05 1.507675e-05 1.356834e-05 1.201909e-05 1.054189e-05 9.112654e-06 7.901381e-06 6.884093e-06 5.971206e-06 5.032908e-06 4.490236e-06 4.248534e-06 4.248300e-06 4.248300e-06 4.248300e-06 4.248300e-06 4.258686e-06 4.283082e-06
1.629458e-05 1.653327e-05 1.606049e-05 1.507156e-05 1.377273e-05 1.233541e-05 1.084382e-05 9.463649e-06 8.099154e-06 6.947422e-06 6.074738e-06 5.072429e-06 4.574806e-06 4.317936e-06 4.248300e-06 4.248300e-06 4.248300e-06 4.248300e-06 4.252981e-06 4.300675e-06
1.651036e-05 1.666882e-05 1.616944e-05 1.518358e-05 1.394524e-05 1.253604e-05 1.110477e-05 9.735931e-06 8.273152e-06 7.015502e-06 6.099305e-06 5.266643e-06 4.553315e-06 4.319078e-06 4.248300e-06 4.248300e-06 4.248300e-06 4.248300e-06 4.262557e-06 4.300461e-06
1.660019e-05 1.678466e-05 1.648082e-05 1.544023e-05 1.416963e-05 1.284997e-05 1.132336e-05 9.829572e-06 8.433528e-06 7.253853e-06 6.054042e-06 5.206166e-06 4.511050e-06 4.258951e-06 4.248300e-06 4.248300e-06 4.248300e-06 4.248300e-06 4.268233e-06 4.302371e-06
1.663893e-05 1.683031e-05 1.699320e-05 1.567319e-05 1.434043e-05 1.305853e-05 1.167677e-05 1.001632e-05 8.699958e-06 7.300219e-06 6.223566e-06 5.098226e-06 4.248300e-06 4.248300e-06 4.248300e-06 4.248300e-06 4.248300e-06 4.248300e-06 4.248300e-06 4.248300e-06
1.673409e-05 1.682518e-05 1.667832e-05 1.573073e-05 1.455179e-05 1.323867e-05 1.189107e-05 1.032463e-05 8.915015e-06 7.609942e-06 6.276068e-06 5.335498e-06 4.481988e-06 4.248300e-06 4.248300e-06 4.248300e-06 4.248300e-06 4.248300e-06 4.248300e-06 4.248300e-06
1.658489e-05 1.678279e-05 1.653007e-05 1.569284e-05 1.461758e-05 1.339714e-05 1.210287e-05 1.077304e-05 9.175487e-06 7.793517e-06 6.586979e-06 5.466050e-06 4.506449e-06 4.248300e-06 4.248300e-06 4.248300e-06 4.248300e-06 4.248300e-06 4.248300e-06 4.248300e-06
1.658146e-05 1.671246e-05 1.653396e-05 1.580104e-05 1.474316e-05 1.357869e-05 1.232196e-05 1.100531e-05 9.427241e-06 7.976780e-06 6.712814e-06 5.456142e-06 4.516891e-06 4.248300e-06 4.248300e-06 4.248300e-06 4.248300e-06 4.248300e-06 4.248300e-06 4.248300e-06
1.662139e-05 1.679755e-05 1.669410e-05 1.595811e-05 1.501006e-05 1.392695e-05 1.257819e-05 1.107459e-05 9.592322e-06 8.227154e-06 6.849558e-06 5.472195e-06 4.528350e-06 4.248300e-06 4.248300e-06 4.248300e-06 4.248300e-06 4.248300e-06 4.248300e-06 4.248300e-06
1.652314e-05 1.682470e-05 1.699320e-05 1.617250e-05 1.528858e-05 1.421765e-05 1.310014e-05 1.143763e-05 1.003373e-05 8.460937e-06 7.045174e-06 5.531435e-06 4.248300e-06 4.248300e-06 4.248300e-06 4.248300e-06 4.248300e-06 4.248300e-06 4.248300e-06 4.248300e-06
1.649188e-05 1.677939e-05 1.680451e-05 1.622534e-05 1.547353e-05 1.457826e-05 1.341059e-05 1.195924e-05 1.042730e-05 8.908396e-06 7.217452e-06 5.910346e-06 4.738979e-06 4.274786e-06 4.248300e-06 4.248300e-06 4.248300e-06 4.248300e-06 4.297865e-06 4.382752e-06
1.624920e-05 1.674880e-05 1.672968e-05 1.627085e-05 1.566178e-05 1.484882e-05 1.385543e-05 1.264016e-05 1.091922e-05 9.185623e-06 7.670805e-06 6.216233e-06 5.006752e-06 4.424296e-06 4.248300e-06 4.248300e-06 4.248300e-06 4.248300e-06 4.283752e-06 4.378006e-06
1.608574e-05 1.653767e-05 1.670941e-05 1.637784e-05 1.587344e-05 1.525585e-05 1.441045e-05 1.327738e-05 1.155501e-05 9.686600e-06 7.985699e-06 6.226400e-06 5.060190e-06 4.421458e-06 4.248300e-06 4.248300e-06 4.248300e-06 4.248300e-06 4.281512e-06 4.375055e-06
1.573086e-05 1.639808e-05 1.681365e-05 1.647259e-05 1.592307e-05 1.548125e-05 1.506481e-05 1.406949e-05 1.228621e-05 1.014847e-05 8.139425e-06 6.200479e-06 4.849897e-06 4.248880e-06 4.248300e-06 4.248300e-06 4.248300e-06 4.248300e-06 4.294354e-06 4.377312e-06
1.514698e-05 1.595707e-05 1.699320e-05 1.602394e-05 1.536147e-05 1.497080e-05 1.491062e-05 1.522275e-05 1.245462e-05 1.009853e-05 7.991638e-06 6.059240e-06 4.248300e-06 4.248300e-06 4.248300e-06 4.248300e-06 4.248300e-06 4.248300e-06 4.304788e-06 4.377535e-06
1.423387e-05 1.485597e-05 1.511893e-05 1.467987e-05 1.416523e-05 1.384022e-05 1.370648e-05 1.306946e-05 1.150698e-05 9.564053e-06 7.757940e-06 6.106469e-06 4.799028e-06 4.252551e-06 4.248300e-06 4.248300e-06 4.248300e-06 4.248300e-06 4.294354e-06 4.377312e-06
1.303693e-05 1.331445e-05 1.332334e-05 1.305055e-05 1.270641e-05 1.240690e-05 1.203563e-05 1.128905e-05 1.012095e-05 8.670084e-06 7.297357e-06 6.013030e-06 4.905946e-06 4.339262e-06 4.248300e-06 4.248300e-06 4.248300e-06 4.248300e-06 4.288978e-06 4.375055e-06
1.172686e-05 1.172623e-05 1.157844e-05 1.139007e-05 1.116945e-05 1.087020e-05 1.042026e-05 9.684017e-06 8.653192e-06 7.734356e-06 6.673420e-06 5.639578e-06 4.853586e-06 4.355554e-06 4.248300e-06 4.248300e-06 4.248300e-06 4.248300e-06 4.290639e-06 4.277442e-06
1.033953e-05 1.012159e-05 9.900969e-06 9.825545e-06 9.707578e-06 9.396815e-06 8.932849e-06 8.099620e-06 7.486003e-06 6.874990e-06 6.132153e-06 5.288508e-06 4.615730e-06 4.270426e-06 4.248300e-06 4.248300e-06 4.248300e-06 4.248300e-06 4.258888e-06 4.277962e-06
9.302154e-06 8.882728e-06 8.273203e-06 8.456786e-06 8.404500e-06 8.020790e-06 7.529090e-06 6.771490e-06 6.629812e-06 6.234974e-06 5.595685e-06 4.943200e-06 4.248300e-06 4.248300e-06 4.248300e-06 4.248300e-06 4.248300e-06 4.248300e-06 4.261287e-06 4.278013e-06
8.502046e-06 8.103079e-06 7.698590e-06 7.544847e-06 7.386829e-06 7.190913e-06 6.886832e-06 6.610293e-06 6.216915e-06 5.778332e-06 5.323544e-06 4.802506e-06 4.412836e-06 4.253028e-06 4.248300e-06 4.248300e-06 4.248300e-06 4.248300e-06 4.258888e-06 4.277962e-06
7.866034e-06 7.488626e-06 7.160714e-06 7.059450e-06 6.963195e-06 6.870015e-06 6.741592e-06 6.497269e-06 6.123455e-06 5.702323e-06 5.244887e-06 4.824217e-06 4.488055e-06 4.283871e-06 4.248300e-06 4.248300e-06 4.248300e-06 4.248300e-06 4.263252e-06 4.277442e-06
7.327141e-06 6.923860e-06 6.585786e-06 6.608167e-06 6.640324e-06 6.662695e-06 6.624608e-06 6.442092e-06 6.100409e-06 5.682507e-06 5.231393e-06 4.818604e-06 4.485681e-06 4.284215e-06 4.248300e-06 4.248300e-06 4.248300e-06 4.248300e-06 4.263288e-06 4.296233e-06
6.711927e-06 6.319068e-06 6.044131e-06 6.168462e-06 6.334881e-06 6.464273e-06 6.555685e-06 6.445767e-06 6.112239e-06 5.664980e-06 5.216093e-06 4.767246e-06 4.409293e-06 4.253387e-06 4.248300e-06 4.248300e-06 4.248300e-06 4.248300e-06 4.267464e-06 4.297863e-06
6.467880e-06 6.009282e-06 5.470830e-06 5.841465e-06 6.110553e-06 6.308354e-06 6.461642e-06 6.593021e-06 6.126247e-06 5.655473e-06 5.175764e-06 4.713864e-06 4.248300e-06 4.248300e-06 4.248300e-06 4.248300e-06 4.248300e-06 4.248300e-06 4.270324e-06 4.298116e-06
6.402151e-06 6.026026e-06 5.772880e-06 5.795538e-06 6.010458e-06 6.211554e-06 6.367101e-06 6.340565e-06 6.051336e-06 5.625229e-06 5.171086e-06 4.748487e-06 4.407683e-06 4.253106e-06 4.248300e-06 4.248300e-06 4.248300e-06 4.248300e-06 4.273695e-06 4.296778e-06
6.455691e-06 6.185555e-06 6.024400e-06 6.018602e-06 6.081474e-06 6.192495e-06 6.288825e-06 6.213355e-06 5.963539e-06 5.587315e-06 5.177042e-06 4.790789e-06 4.480244e-06 4.296760e-06 4.248300e-06 4.248300e-06 4.248300e-06 4.248300e-06 4.269409e-06 4.317959e-06
6.563258e-06 6.362370e-06 6.235047e-06 6.214817e-06 6.179124e-06 6.200096e-06 6.283146e-06 6.190804e-06 5.936896e-06 5.567756e-06 5.166819e-06 4.786640e-06 4.477350e-06 4.295347e-06 4.248300e-06 4.248300e-06 4.248300e-06 4.248300e-06 4.271011e-06 4.324591e-06
6.687082e-06 6.527959e-06 6.418558e-06 6.255169e-06 6.062288e-06 6.202491e-06 6.329042e-06 6.265032e-06 5.972214e-06 5.566508e-06 5.142853e-06 4.733806e-06 4.401625e-06 4.265811e-06 4.248300e-06 4.248300e-06 4.248300e-06 4.248300e-06 4.282491e-06 4.339758e-06
6.809959e-06 6.456250e-06 6.391358e-06 5.968449e-06 6.074114e-06 6.190388e-06 6.313714e-06 6.438392e-06 6.004123e-06 5.569010e-06 5.131764e-06 4.692473e-06 4.248300e-06 4.249513e-06 4.250356e-06 4.250491e-06 4.249822e-06 4.248300e-06 4.310475e-06 4.368722e-06
6.633235e-06 6.547992e-06 6.485535e-06 5.951143e-06 6.032848e-06 6.116879e-06 6.182589e-06 6.156731e-06 5.913674e-06 5.544058e-06 5.128854e-06 4.752425e-06 4.481550e-06 4.372480e-06 4.337405e-06 4.323876e-06 4.320517e-06 4.326305e-06 4.363652e-06 4.412536e-06
6.700861e-06 6.623999e-06 5.870201e-06 5.917265e-06 5.969527e-06 6.014032e-06 6.024186e-06 5.955642e-06 5.773581e-06 5.498621e-06 5.143530e-06 4.862051e-06 4.647579e-06 4.519745e-06 4.454422e-06 4.422191e-06 4.409944e-06 4.416711e-06 4.429571e-06 4.466396e-06
