1.972233e-04 1.910390e-04 1.790008e-04 1.657882e-04 1.478410e-04 1.284117e-04 1.105292e-04 9.691430e-05 8.866084e-05 8.424595e-05 7.844494e-05 7.703513e-05 7.685307e-05 7.690051e-05 7.703226e-05 7.724159e-05 7.771088e-05 7.887771e-05 7.709008e-05 7.874451e-05
2.073186e-04 2.027300e-04 1.937218e-04 1.752815e-04 1.521075e-04 1.273979e-04 1.031709e-04 8.619505e-05 7.918089e-05 7.698873e-05 7.459679e-05 7.353513e-05 7.338274e-05 7.370759e-05 7.386434e-05 7.393318e-05 7.405879e-05 7.337753e-05 7.491880e-05 7.696282e-05
2.168683e-04 2.144574e-04 2.103152e-04 1.865570e-04 1.608649e-04 1.332342e-04 1.035393e-04 7.130853e-05 7.434938e-05 7.516386e-05 7.439751e-05 7.273721e-05 7.069375e-05 7.102020e-05 7.117157e-05 7.117659e-05 7.103038e-05 7.069375e-05 7.318882e-05 7.160676e-05
2.253171e-04 2.243687e-04 2.143649e-04 1.945223e-04 1.698842e-04 1.431186e-04 1.158884e-04 9.281947e-05 8.328452e-05 8.104443e-05 7.854313e-05 7.559277e-05 7.284011e-05 7.110485e-05 7.069375e-05 7.069375e-05 7.069375e-05 7.069375e-05 7.098275e-05 7.145754e-05
2.351355e-04 2.350386e-04 2.230863e-04 2.043568e-04 1.809894e-04 1.561112e-04 1.314199e-04 1.101296e-04 9.558156e-05 8.856321e-05 8.351239e-05 7.861346e-05 7.443475e-05 7.175421e-05 7.069375e-05 7.069375e-05 7.069375e-05 7.069375e-05 7.087950e-05 7.136312e-05
2.447077e-04 2.470590e-04 2.361099e-04 2.173974e-04 1.934488e-04 1.688539e-04 1.452101e-04 1.240878e-04 1.073124e-04 9.683118e-05 8.852534e-05 8.099377e-05 7.503624e-05 7.162736e-05 7.069375e-05 7.069375e-05 7.069375e-05 7.069375e-05 7.085455e-05 7.132073e-05
2.563101e-04 2.597068e-04 2.539796e-04 2.326008e-04 2.063408e-04 1.804843e-04 1.564282e-04 1.352719e-04 1.170759e-04 1.043738e-04 9.252944e-05 8.226714e-05 7.403896e-05 7.069375e-05 7.069375e-05 7.069375e-05 7.069375e-05 7.069375e-05 7.091168e-05 7.131655e-05
2.634297e-04 2.680462e-04 2.762872e-04 2.465268e-04 2.183007e-04 1.914851e-04 1.666901e-04 1.441355e-04 1.257989e-04 1.098680e-04 9.468147e-05 8.243795e-05 7.069375e-05 7.069375e-05 7.069375e-05 7.069375e-05 7.069375e-05 7.069375e-05 7.096114e-05 7.131047e-05
2.681499e-04 2.734184e-04 2.695618e-04 2.508843e-04 2.257837e-04 2.000034e-04 1.754222e-04 1.516389e-04 1.314828e-04 1.145546e-04 9.936373e-05 8.375001e-05 7.471967e-05 7.069764e-05 7.069375e-05 7.069375e-05 7.069375e-05 7.069375e-05 7.086658e-05 7.127253e-05
2.711496e-04 2.751216e-04 2.672543e-04 2.507980e-04 2.291848e-04 2.052672e-04 1.804464e-04 1.574797e-04 1.347738e-04 1.156084e-04 1.010865e-04 8.440764e-05 7.612697e-05 7.185253e-05 7.069375e-05 7.069375e-05 7.069375e-05 7.069375e-05 7.077164e-05 7.156529e-05
2.747404e-04 2.773771e-04 2.690672e-04 2.526620e-04 2.320555e-04 2.086057e-04 1.847887e-04 1.620106e-04 1.376692e-04 1.167413e-04 1.014954e-04 8.763947e-05 7.576935e-05 7.187152e-05 7.069375e-05 7.069375e-05 7.069375e-05 7.069375e-05 7.093100e-05 7.156174e-05
2.762351e-04 2.793048e-04 2.742488e-04 2.569329e-04 2.357894e-04 2.138296e-04 1.884261e-04 1.635688e-04 1.403380e-04 1.207076e-04 1.007422e-04 8.663310e-05 7.506603e-05 7.087099e-05 7.069375e-05 7.069375e-05 7.069375e-05 7.069375e-05 7.102545e-05 7.159351e-05
2.768798e-04 2.800645e-04 2.827750e-04 2.608093e-04 2.386316e-04 2.173001e-04 1.943070e-04 1.666764e-04 1.447715e-04 1.214792e-04 1.035631e-04 8.483693e-05 7.069375e-05 7.069375e-05 7.069375e-05 7.069375e-05 7.069375e-05 7.069375e-05 7.069375e-05 7.069375e-05
2.784632e-04 2.799791e-04 2.775352e-04 2.617669e-04 2.421487e-04 2.202978e-04 1.978731e-04 1.718069e-04 1.483501e-04 1.266331e-04 1.044368e-04 8.878524e-05 7.458243e-05 7.069375e-05 7.069375e-05 7.069375e-05 7.069375e-05 7.069375e-05 7.069375e-05 7.069375e-05
2.759805e-04 2.792737e-04 2.750683e-04 2.611364e-04 2.432435e-04 2.229349e-04 2.013976e-04 1.792686e-04 1.526845e-04 1.296879e-04 1.096105e-04 9.095769e-05 7.498947e-05 7.069375e-05 7.069375e-05 7.069375e-05 7.069375e-05 7.069375e-05 7.069375e-05 7.069375e-05
2.759235e-04 2.781034e-04 2.751330e-04 2.629369e-04 2.453332e-04 2.259559e-04 2.050433e-04 1.831336e-04 1.568738e-04 1.327374e-04 1.117045e-04 9.079282e-05 7.516324e-05 7.069375e-05 7.069375e-05 7.069375e-05 7.069375e-05 7.069375e-05 7.069375e-05 7.069375e-05
2.765879e-04 2.795193e-04 2.777979e-04 2.655506e-04 2.497746e-04 2.317511e-04 2.093071e-04 1.842864e-04 1.596208e-04 1.369038e-04 1.139799e-04 9.105995e-05 7.535391e-05 7.069375e-05 7.069375e-05 7.069375e-05 7.069375e-05 7.069375e-05 7.069375e-05 7.069375e-05
2.749530e-04 2.799711e-04 2.827750e-04 2.691182e-04 2.544093e-04 2.365885e-04 2.179927e-04 1.903277e-04 1.669661e-04 1.407941e-04 1.172351e-04 9.204574e-05 7.069375e-05 7.069375e-05 7.069375e-05 7.069375e-05 7.069375e-05 7.069375e-05 7.069375e-05 7.069375e-05
2.744329e-04 2.792171e-04 2.796351e-04 2.699974e-04 2.574870e-04 2.425893e-04 2.231587e-04 1.990074e-04 1.735153e-04 1.482400e-04 1.201019e-04 9.835100e-05 7.885888e-05 7.113448e-05 7.069375e-05 7.069375e-05 7.069375e-05 7.069375e-05 7.151853e-05 7.293109e-05
2.703945e-04 2.787080e-04 2.783899e-04 2.707548e-04 2.606196e-04 2.470915e-04 2.305610e-04 2.103384e-04 1.817010e-04 1.528532e-04 1.276459e-04 1.034411e-04 8.331475e-05 7.362241e-05 7.069375e-05 7.069375e-05 7.069375e-05 7.069375e-05 7.128369e-05 7.285212e-05
2.676744e-04 2.751948e-04 2.780525e-04 2.725352e-04 2.641417e-04 2.538646e-04 2.397969e-04 2.209420e-04 1.922809e-04 1.611897e-04 1.328859e-04 1.036103e-04 8.420399e-05 7.357518e-05 7.069375e-05 7.069375e-05 7.069375e-05 7.069375e-05 7.124642e-05 7.280301e-05
2.617691e-04 2.728719e-04 2.797872e-04 2.741118e-04 2.649675e-04 2.576154e-04 2.506857e-04 2.341230e-04 2.044484e-04 1.688754e-04 1.354439e-04 1.031789e-04 8.070461e-05 7.070341e-05 7.069375e-05 7.069375e-05 7.069375e-05 7.069375e-05 7.146011e-05 7.284056e-05
2.520531e-04 2.655334e-04 2.827750e-04 2.666461e-04 2.556222e-04 2.491212e-04 2.481199e-04 2.533139e-04 2.072509e-04 1.680444e-04 1.329847e-04 1.008287e-04 7.069375e-05 7.069375e-05 7.069375e-05 7.069375e-05 7.069375e-05 7.069375e-05 7.163374e-05 7.284428e-05
2.368584e-04 2.472104e-04 2.515862e-04 2.442801e-04 2.357162e-04 2.303079e-04 2.280824e-04 2.174821e-04 1.914817e-04 1.591504e-04 1.290958e-04 1.016146e-04 7.985813e-05 7.076449e-05 7.069375e-05 7.069375e-05 7.069375e-05 7.069375e-05 7.146011e-05 7.284056e-05
2.169407e-04 2.215589e-04 2.217068e-04 2.171674e-04 2.114408e-04 2.064567e-04 2.002786e-04 1.878552e-04 1.684174e-04 1.442743e-04 1.214315e-04 1.000597e-04 8.163730e-05 7.220740e-05 7.069375e-05 7.069375e-05 7.069375e-05 7.069375e-05 7.137066e-05 7.280301e-05
1.951406e-04 1.951300e-04 1.926707e-04 1.895362e-04 1.858650e-04 1.808854e-04 1.733982e-04 1.611467e-04 1.439933e-04 1.287034e-04 1.110489e-04 9.384529e-05 8.076600e-05 7.247851e-05 7.069375e-05 7.069375e-05 7.069375e-05 7.069375e-05 7.139828e-05 7.117869e-05
1.720547e-04 1.684281e-04 1.647569e-04 1.635018e-04 1.615388e-04 1.563675e-04 1.486469e-04 1.347816e-04 1.245707e-04 1.144031e-04 1.020420e-04 8.800331e-05 7.680797e-05 7.106194e-05 7.069375e-05 7.069375e-05 7.069375e-05 7.069375e-05 7.086995e-05 7.118733e-05
1.547923e-04 1.478129e-04 1.376701e-04 1.407250e-04 1.398549e-04 1.334698e-04 1.252877e-04 1.126808e-04 1.103233e-04 1.037530e-04 9.311488e-05 8.225721e-05 7.069375e-05 7.069375e-05 7.069375e-05 7.069375e-05 7.069375e-05 7.069375e-05 7.090986e-05 7.118820e-05
1.414781e-04 1.348391e-04 1.281082e-04 1.255499e-04 1.229204e-04 1.196602e-04 1.146002e-04 1.099984e-04 1.034524e-04 9.615422e-05 8.858632e-05 7.991600e-05 7.343170e-05 7.077242e-05 7.069375e-05 7.069375e-05 7.069375e-05 7.069375e-05 7.086995e-05 7.118733e-05
1.308946e-04 1.246143e-04 1.191577e-04 1.174726e-04 1.158709e-04 1.143203e-04 1.121833e-04 1.081177e-04 1.018972e-04 9.488939e-05 8.727744e-05 8.027728e-05 7.468338e-05 7.128567e-05 7.069375e-05 7.069375e-05 7.069375e-05 7.069375e-05 7.094256e-05 7.117869e-05
1.219271e-04 1.152163e-04 1.095906e-04 1.099631e-04 1.104982e-04 1.108704e-04 1.102367e-04 1.071995e-04 1.015137e-04 9.455965e-05 8.705289e-05 8.018388e-05 7.464388e-05 7.129139e-05 7.069375e-05 7.069375e-05 7.069375e-05 7.069375e-05 7.094316e-05 7.149137e-05
1.116897e-04 1.051523e-04 1.005772e-04 1.026462e-04 1.054155e-04 1.075686e-04 1.090897e-04 1.072607e-04 1.017106e-04 9.426798e-05 8.679830e-05 7.932926e-05 7.337275e-05 7.077840e-05 7.069375e-05 7.069375e-05 7.069375e-05 7.069375e-05 7.101265e-05 7.151851e-05
1.076286e-04 9.999734e-05 9.103723e-05 9.720478e-05 1.016825e-04 1.049740e-04 1.075248e-04 1.097110e-04 1.019437e-04 9.410978e-05 8.612720e-05 7.844095e-05 7.069375e-05 7.069375e-05 7.069375e-05 7.069375e-05 7.069375e-05 7.069375e-05 7.106024e-05 7.152272e-05
1.065349e-04 1.002760e-04 9.606349e-05 9.644053e-05 1.000169e-04 1.033632e-04 1.059516e-04 1.055100e-04 1.006971e-04 9.360651e-05 8.604935e-05 7.901710e-05 7.334597e-05 7.077372e-05 7.069375e-05 7.069375e-05 7.069375e-05 7.069375e-05 7.111633e-05 7.150045e-05
1.074258e-04 1.029306e-04 1.002489e-04 1.001524e-04 1.011986e-04 1.030461e-04 1.046491e-04 1.033932e-04 9.923615e-05 9.297560e-05 8.614846e-05 7.972103e-05 7.455342e-05 7.150014e-05 7.069375e-05 7.069375e-05 7.069375e-05 7.069375e-05 7.104501e-05 7.185290e-05
1.092158e-04 1.058729e-04 1.037542e-04 1.034175e-04 1.028236e-04 1.031726e-04 1.045546e-04 1.030179e-04 9.879280e-05 9.265013e-05 8.597835e-05 7.965199e-05 7.450525e-05 7.147664e-05 7.069375e-05 7.069375e-05 7.069375e-05 7.069375e-05 7.107168e-05 7.196327e-05
1.112762e-04 1.086284e-04 1.068079e-04 1.040890e-04 1.008794e-04 1.032124e-04 1.053183e-04 1.042531e-04 9.938051e-05 9.262936e-05 8.557955e-05 7.877280e-05 7.324516e-05 7.098514e-05 7.069375e-05 7.069375e-05 7.069375e-05 7.069375e-05 7.126271e-05 7.221566e-05
1.133210e-04 1.074351e-04 1.063553e-04 9.931785e-05 1.010762e-04 1.030110e-04 1.050632e-04 1.071379e-04 9.991149e-05 9.267099e-05 8.539501e-05 7.808499e-05 7.069375e-05 7.071394e-05 7.072797e-05 7.073021e-05 7.071907e-05 7.069375e-05 7.172837e-05 7.269764e-05
1.103802e-04 1.089617e-04 1.079224e-04 9.902987e-05 1.003895e-04 1.017878e-04 1.028813e-04 1.024510e-04 9.840636e-05 9.225578e-05 8.534660e-05 7.908264e-05 7.457515e-05 7.276017e-05 7.217649e-05 7.195138e-05 7.189547e-05 7.199179e-05 7.261325e-05 7.342671e-05
1.115055e-04 1.102265e-04 9.768296e-05 9.846613e-05 9.933579e-05 1.000764e-04 1.002453e-04 9.910473e-05 9.607515e-05 9.149968e-05 8.559080e-05 8.090686e-05 7.733794e-05 7.521073e-05 7.412371e-05 7.358737e-05 7.338359e-05 7.349619e-05 7.371018e-05 7.432297e-05
