   4.849201E+00   5.007962E+00   5.151234E+00   5.518362E+00   5.959565E+00   6.400725E+00   6.746397E+00   6.876714E+00   6.707160E+00   6.300581E+00   5.732838E+00   5.168978E+00   4.602152E+00   4.036638E+00   3.464255E+00   2.906714E+00   2.417125E+00   2.068707E+00   1.832745E+00   1.784470E+00
   4.751708E+00   4.875315E+00   5.111023E+00   5.523952E+00   6.126012E+00   6.728076E+00   7.271982E+00   7.530483E+00   7.244509E+00   6.665139E+00   6.000689E+00   5.311936E+00   4.674050E+00   4.048315E+00   3.377228E+00   2.717660E+00   2.102386E+00   1.644676E+00   1.517183E+00   1.545018E+00
   4.680287E+00   4.754731E+00   4.853724E+00   5.574872E+00   6.303459E+00   7.024317E+00   7.719958E+00   8.379493E+00   7.689598E+00   6.963390E+00   6.215160E+00   5.465760E+00   4.727498E+00   3.991230E+00   3.279149E+00   2.576188E+00   1.873855E+00   1.164462E+00   1.274137E+00   1.463729E+00
   4.647994E+00   4.701012E+00   5.028733E+00   5.647041E+00   6.388808E+00   7.140077E+00   7.803480E+00   8.087729E+00   7.727488E+00   7.022762E+00   6.251148E+00   5.489211E+00   4.684223E+00   3.886897E+00   3.213680E+00   2.549378E+00   1.907348E+00   1.389034E+00   1.239853E+00   1.385916E+00
   4.589749E+00   4.637018E+00   5.070400E+00   5.695249E+00   6.453451E+00   7.240446E+00   7.861827E+00   8.068756E+00   7.785881E+00   7.100132E+00   6.297630E+00   5.484307E+00   4.604580E+00   3.783936E+00   3.113866E+00   2.518579E+00   1.952151E+00   1.493010E+00   1.237241E+00   1.344609E+00
   4.563789E+00   4.536268E+00   4.966858E+00   5.649893E+00   6.495071E+00   7.381011E+00   8.090502E+00   8.330171E+00   8.004942E+00   7.222614E+00   6.315327E+00   5.406385E+00   4.473885E+00   3.658473E+00   3.029262E+00   2.466595E+00   1.925601E+00   1.487656E+00   1.233486E+00   1.327658E+00
   4.622219E+00   4.434482E+00   4.709941E+00   5.503269E+00   6.493176E+00   7.521480E+00   8.515838E+00   8.912209E+00   8.400983E+00   7.315872E+00   6.240138E+00   5.280052E+00   4.268725E+00   3.495914E+00   2.952995E+00   2.388537E+00   1.834347E+00   1.379225E+00   1.218779E+00   1.324311E+00
   4.601692E+00   4.390847E+00   4.259543E+00   5.337669E+00   6.406387E+00   7.488741E+00   8.635110E+00   9.891956E+00   8.442910E+00   7.177405E+00   6.018519E+00   4.947501E+00   3.953982E+00   3.378808E+00   2.824904E+00   2.275536E+00   1.724528E+00   1.167170E+00   1.232874E+00   1.321730E+00
   4.632962E+00   4.485984E+00   4.636926E+00   5.331038E+00   6.237270E+00   7.177557E+00   8.046628E+00   8.397105E+00   7.768164E+00   6.717807E+00   5.656703E+00   4.717272E+00   3.829421E+00   3.100634E+00   2.638355E+00   2.156335E+00   1.679771E+00   1.307906E+00   1.217303E+00   1.310836E+00
   4.706078E+00   4.599341E+00   4.834722E+00   5.351437E+00   6.002077E+00   6.677189E+00   7.182139E+00   7.310870E+00   6.821989E+00   6.053539E+00   5.222455E+00   4.400181E+00   3.567001E+00   2.898945E+00   2.420490E+00   2.023479E+00   1.652033E+00   1.355621E+00   1.209887E+00   1.228296E+00
   4.810661E+00   4.710628E+00   4.912059E+00   5.287289E+00   5.758898E+00   6.190552E+00   6.460954E+00   6.456326E+00   6.029959E+00   5.365766E+00   4.688964E+00   3.958185E+00   3.229906E+00   2.636612E+00   2.231727E+00   1.905222E+00   1.587711E+00   1.326067E+00   1.165767E+00   1.214133E+00
   4.948165E+00   4.808548E+00   4.880972E+00   5.181088E+00   5.527332E+00   5.869456E+00   5.899552E+00   5.702621E+00   5.367080E+00   4.834985E+00   4.073815E+00   3.469571E+00   2.808154E+00   2.329980E+00   2.063022E+00   1.776098E+00   1.484440E+00   1.236636E+00   1.141930E+00   1.202136E+00
   5.138507E+00   4.979193E+00   4.794121E+00   5.127201E+00   5.371738E+00   5.643588E+00   5.672032E+00   5.402870E+00   5.032967E+00   4.258523E+00   3.670568E+00   2.971427E+00   2.305379E+00   2.125213E+00   1.905598E+00   1.644461E+00   1.375138E+00   1.095054E+00   1.088503E+00   1.095687E+00
   5.416113E+00   5.255000E+00   5.150691E+00   5.349769E+00   5.530485E+00   5.649990E+00   5.560235E+00   5.192386E+00   4.743221E+00   4.153104E+00   3.345492E+00   2.916297E+00   2.235006E+00   1.968340E+00   1.773884E+00   1.546152E+00   1.314576E+00   1.133034E+00   1.065542E+00   1.074626E+00
   5.664969E+00   5.588081E+00   5.511387E+00   5.616081E+00   5.697405E+00   5.694267E+00   5.562196E+00   5.275869E+00   4.679737E+00   4.062094E+00   3.447499E+00   2.855864E+00   2.319808E+00   1.868884E+00   1.677778E+00   1.472420E+00   1.279982E+00   1.129724E+00   1.031940E+00   1.021742E+00
   5.993760E+00   5.933362E+00   5.891823E+00   5.967393E+00   5.968267E+00   5.906177E+00   5.728197E+00   5.403109E+00   4.784785E+00   4.111682E+00   3.449449E+00   2.883268E+00   2.240156E+00   1.792868E+00   1.616364E+00   1.421803E+00   1.236845E+00   1.087768E+00   9.974803E-01   9.933349E-01
   6.360607E+00   6.341690E+00   6.293253E+00   6.356319E+00   6.398568E+00   6.361033E+00   6.065432E+00   5.558648E+00   4.970082E+00   4.309139E+00   3.380386E+00   2.835191E+00   2.066313E+00   1.745150E+00   1.581486E+00   1.384547E+00   1.177876E+00   1.011638E+00   9.643245E-01   9.971887E-01
   6.673181E+00   6.724519E+00   6.712060E+00   6.827795E+00   6.871799E+00   6.913650E+00   6.735208E+00   6.136339E+00   5.529793E+00   4.512717E+00   3.706671E+00   2.834844E+00   1.868769E+00   1.750540E+00   1.585061E+00   1.376954E+00   1.148826E+00   8.999313E-01   9.362377E-01   9.789110E-01
   7.037789E+00   7.123468E+00   7.304544E+00   7.442644E+00   7.539845E+00   7.616054E+00   7.323023E+00   6.776672E+00   6.060803E+00   5.204319E+00   4.214316E+00   3.299260E+00   2.361617E+00   1.844079E+00   1.635421E+00   1.416842E+00   1.190320E+00   1.005950E+00   9.764007E-01   1.078457E+00
   7.358454E+00   7.597296E+00   7.870631E+00   8.073669E+00   8.264291E+00   8.331532E+00   8.214568E+00   7.811040E+00   6.898226E+00   5.901492E+00   4.836322E+00   3.751790E+00   2.774851E+00   2.096203E+00   1.726136E+00   1.488743E+00   1.258564E+00   1.071747E+00   9.838880E-01   1.075771E+00
   7.691667E+00   8.008678E+00   8.384742E+00   8.652211E+00   8.947760E+00   9.194448E+00   9.239311E+00   8.903697E+00   7.950857E+00   6.648032E+00   5.362189E+00   4.104966E+00   3.001104E+00   2.250281E+00   1.839099E+00   1.561054E+00   1.300432E+00   1.092154E+00   9.895155E-01   1.075826E+00
   7.958597E+00   8.371710E+00   8.829174E+00   9.139128E+00   9.491774E+00   9.949867E+00   1.037013E+01   1.018735E+01   9.038999E+00   7.396140E+00   5.782141E+00   4.285072E+00   3.057939E+00   2.287630E+00   2.003428E+00   1.676290E+00   1.328860E+00   1.059892E+00   9.995915E-01   1.084707E+00
   8.040327E+00   8.546565E+00   9.184235E+00   9.351114E+00   9.701327E+00   1.024623E+01   1.096320E+01   1.192406E+01   9.783922E+00   7.905123E+00   6.142052E+00   4.493163E+00   2.841628E+00   2.576194E+00   2.242254E+00   1.835543E+00   1.412708E+00   9.639769E-01   1.018837E+00   1.096741E+00
   7.883654E+00   8.307233E+00   8.767052E+00   9.115189E+00   9.524706E+00   1.003351E+01   1.060981E+01   1.057312E+01   9.570946E+00   8.021304E+00   6.471405E+00   5.035838E+00   3.694989E+00   2.903107E+00   2.509859E+00   2.055843E+00   1.579669E+00   1.175759E+00   1.010850E+00   1.094056E+00
   7.551668E+00   7.842095E+00   8.262742E+00   8.616708E+00   9.033741E+00   9.490723E+00   9.808087E+00   9.665902E+00   8.989771E+00   7.845192E+00   6.660130E+00   5.484496E+00   4.233848E+00   3.351290E+00   2.785991E+00   2.254041E+00   1.733856E+00   1.302919E+00   1.047428E+00   1.094104E+00
   7.134813E+00   7.319912E+00   7.684778E+00   8.037846E+00   8.473173E+00   8.903265E+00   9.191387E+00   9.068854E+00   8.480780E+00   7.665144E+00   6.714053E+00   5.733087E+00   4.771886E+00   3.815269E+00   3.104448E+00   2.444092E+00   1.824746E+00   1.328247E+00   1.044442E+00   1.072189E+00
   6.695043E+00   6.771968E+00   7.019755E+00   7.425828E+00   7.908208E+00   8.342866E+00   8.718283E+00   8.641404E+00   8.218403E+00   7.484017E+00   6.761990E+00   6.077566E+00   5.225071E+00   4.287984E+00   3.444453E+00   2.605213E+00   1.830954E+00   1.225613E+00   1.008281E+00   1.077287E+00
   6.296510E+00   6.302797E+00   6.270680E+00   6.804914E+00   7.286723E+00   7.680142E+00   8.089534E+00   8.475609E+00   7.830067E+00   7.194623E+00   6.537141E+00   6.046067E+00   5.710517E+00   4.579938E+00   3.595850E+00   2.683409E+00   1.812488E+00   9.647922E-01   1.018183E+00   1.084849E+00
   5.920020E+00   5.898834E+00   5.986622E+00   6.284496E+00   6.670294E+00   7.071983E+00   7.437294E+00   7.606436E+00   7.307893E+00   6.730710E+00   6.235946E+00   5.798383E+00   5.154741E+00   4.357502E+00   3.514515E+00   2.663168E+00   1.871687E+00   1.247686E+00   1.017927E+00   1.090754E+00
   5.558092E+00   5.509454E+00   5.630138E+00   5.891283E+00   6.210024E+00   6.558961E+00   6.849187E+00   6.913394E+00   6.691353E+00   6.272084E+00   5.793150E+00   5.303952E+00   4.664361E+00   3.917484E+00   3.235990E+00   2.544617E+00   1.893390E+00   1.369782E+00   1.061165E+00   1.102300E+00
   5.212025E+00   5.114474E+00   5.198442E+00   5.464149E+00   5.782639E+00   6.094779E+00   6.315441E+00   6.344237E+00   6.166329E+00   5.776704E+00   5.315174E+00   4.837629E+00   4.194450E+00   3.547972E+00   2.976957E+00   2.393399E+00   1.826127E+00   1.358030E+00   1.078580E+00   1.157111E+00
   4.893472E+00   4.713798E+00   4.710489E+00   5.007079E+00   5.343448E+00   5.646352E+00   5.892914E+00   5.906620E+00   5.710765E+00   5.298961E+00   4.852967E+00   4.357474E+00   3.767712E+00   3.240962E+00   2.764768E+00   2.230232E+00   1.688042E+00   1.234407E+00   1.078984E+00   1.188162E+00
   4.698474E+00   4.456866E+00   4.160910E+00   4.587345E+00   4.937125E+00   5.221700E+00   5.448378E+00   5.622399E+00   5.255811E+00   4.812785E+00   4.345686E+00   3.866887E+00   3.348587E+00   2.974217E+00   2.551400E+00   2.067376E+00   1.559172E+00   1.011948E+00   1.105065E+00   1.191432E+00
   4.600939E+00   4.387909E+00   4.276970E+00   4.368809E+00   4.622651E+00   4.854426E+00   5.036248E+00   5.060365E+00   4.764646E+00   4.380946E+00   3.951544E+00   3.537948E+00   3.131893E+00   2.703046E+00   2.363327E+00   1.969877E+00   1.565455E+00   1.250932E+00   1.208788E+00   1.261227E+00
   4.569806E+00   4.411512E+00   4.343652E+00   4.377680E+00   4.462005E+00   4.583130E+00   4.684490E+00   4.621635E+00   4.382286E+00   4.027877E+00   3.655067E+00   3.289785E+00   2.900147E+00   2.525407E+00   2.198168E+00   1.906123E+00   1.631407E+00   1.415188E+00   1.323800E+00   1.407076E+00
   4.572470E+00   4.445846E+00   4.375268E+00   4.373746E+00   4.312933E+00   4.343764E+00   4.381730E+00   4.270967E+00   4.041535E+00   3.725715E+00   3.376623E+00   3.013100E+00   2.641583E+00   2.326988E+00   2.085596E+00   1.885207E+00   1.690528E+00   1.524813E+00   1.444450E+00   1.510133E+00
   4.591196E+00   4.473834E+00   4.392390E+00   4.206534E+00   4.080138E+00   4.110795E+00   4.118695E+00   3.989969E+00   3.755814E+00   3.451828E+00   3.096537E+00   2.712006E+00   2.344879E+00   2.123145E+00   1.987936E+00   1.855903E+00   1.721179E+00   1.597982E+00   1.559713E+00   1.618150E+00
   4.618399E+00   4.243261E+00   4.190672E+00   3.951332E+00   3.955293E+00   3.935486E+00   3.879888E+00   3.770849E+00   3.532287E+00   3.231750E+00   2.874225E+00   2.463360E+00   1.996995E+00   1.975383E+00   1.913909E+00   1.827728E+00   1.734289E+00   1.649095E+00   1.680412E+00   1.725594E+00
   4.310791E+00   4.230169E+00   4.156797E+00   3.849000E+00   3.827671E+00   3.783630E+00   3.712710E+00   3.610396E+00   3.374880E+00   3.071788E+00   2.719599E+00   2.407181E+00   2.182030E+00   2.052596E+00   1.963564E+00   1.896186E+00   1.839203E+00   1.789759E+00   1.802392E+00   1.836257E+00
   4.302570E+00   4.225469E+00   3.809861E+00   3.776966E+00   3.738637E+00   3.689692E+00   3.618840E+00   3.507304E+00   3.324765E+00   3.079574E+00   2.757523E+00   2.521522E+00   2.332415E+00   2.198578E+00   2.104360E+00   2.035190E+00   1.990182E+00   1.980130E+00   1.922709E+00   1.946765E+00
