1.242842e-04 1.203871e-04 1.128010e-04 1.044748e-04 9.316500e-05 8.092122e-05 6.965220e-05 6.107251e-05 5.587142e-05 5.308930e-05 4.943367e-05 4.854525e-05 4.843052e-05 4.846041e-05 4.854344e-05 4.867535e-05 4.897109e-05 4.970639e-05 4.857988e-05 4.962245e-05
1.306460e-04 1.277544e-04 1.220777e-04 1.104572e-04 9.585363e-05 8.028237e-05 6.501521e-05 5.431756e-05 4.989744e-05 4.851601e-05 4.700868e-05 4.633965e-05 4.624362e-05 4.644834e-05 4.654711e-05 4.659049e-05 4.666965e-05 4.624034e-05 4.721160e-05 4.849968e-05
1.366640e-04 1.351447e-04 1.325344e-04 1.175627e-04 1.013723e-04 8.396026e-05 6.524738e-05 4.493652e-05 4.685277e-05 4.736603e-05 4.688310e-05 4.583683e-05 4.454910e-05 4.475482e-05 4.485021e-05 4.485337e-05 4.476123e-05 4.454910e-05 4.612142e-05 4.512445e-05
1.419881e-04 1.413905e-04 1.350864e-04 1.225822e-04 1.070559e-04 9.018912e-05 7.302941e-05 5.849207e-05 5.248343e-05 5.107179e-05 4.949555e-05 4.763632e-05 4.590167e-05 4.480816e-05 4.454910e-05 4.454910e-05 4.454910e-05 4.454910e-05 4.473122e-05 4.503042e-05
1.481754e-04 1.481144e-04 1.405823e-04 1.287796e-04 1.140542e-04 9.837662e-05 8.281693e-05 6.940041e-05 6.023266e-05 5.580990e-05 5.262703e-05 4.953986e-05 4.690657e-05 4.521737e-05 4.454910e-05 4.454910e-05 4.454910e-05 4.454910e-05 4.466616e-05 4.497092e-05
1.542075e-04 1.556892e-04 1.487894e-04 1.369974e-04 1.219057e-04 1.064067e-04 9.150706e-05 7.819645e-05 6.762508e-05 6.102013e-05 5.578604e-05 5.103987e-05 4.728561e-05 4.513743e-05 4.454910e-05 4.454910e-05 4.454910e-05 4.454910e-05 4.465043e-05 4.494421e-05
1.615190e-04 1.636595e-04 1.600504e-04 1.465781e-04 1.300298e-04 1.137358e-04 9.857638e-05 8.524433e-05 7.377778e-05 6.577328e-05 5.830930e-05 5.184230e-05 4.665715e-05 4.454910e-05 4.454910e-05 4.454910e-05 4.454910e-05 4.454910e-05 4.468644e-05 4.494157e-05
1.660055e-04 1.689148e-04 1.741080e-04 1.553538e-04 1.375666e-04 1.206682e-04 1.050431e-04 9.082991e-05 7.927476e-05 6.923556e-05 5.966545e-05 5.194994e-05 4.454910e-05 4.454910e-05 4.454910e-05 4.454910e-05 4.454910e-05 4.454910e-05 4.471760e-05 4.493774e-05
1.689801e-04 1.723001e-04 1.698698e-04 1.580999e-04 1.422822e-04 1.260362e-04 1.105458e-04 9.555835e-05 8.285653e-05 7.218891e-05 6.261607e-05 5.277677e-05 4.708612e-05 4.455155e-05 4.454910e-05 4.454910e-05 4.454910e-05 4.454910e-05 4.465801e-05 4.491383e-05
1.708704e-04 1.733734e-04 1.684157e-04 1.580454e-04 1.444254e-04 1.293533e-04 1.137119e-04 9.923900e-05 8.493044e-05 7.285300e-05 6.370174e-05 5.319119e-05 4.797296e-05 4.527933e-05 4.454910e-05 4.454910e-05 4.454910e-05 4.454910e-05 4.459818e-05 4.509832e-05
1.731332e-04 1.747948e-04 1.695582e-04 1.592201e-04 1.462345e-04 1.314571e-04 1.164483e-04 1.020942e-04 8.675505e-05 7.356690e-05 6.395936e-05 5.522779e-05 4.774759e-05 4.529130e-05 4.454910e-05 4.454910e-05 4.454910e-05 4.454910e-05 4.469861e-05 4.509608e-05
1.740752e-04 1.760096e-04 1.728234e-04 1.619115e-04 1.485875e-04 1.347491e-04 1.187405e-04 1.030762e-04 8.843681e-05 7.606634e-05 6.348471e-05 5.459360e-05 4.730438e-05 4.466079e-05 4.454910e-05 4.454910e-05 4.454910e-05 4.454910e-05 4.475812e-05 4.511610e-05
1.744815e-04 1.764883e-04 1.781964e-04 1.643543e-04 1.503785e-04 1.369361e-04 1.224465e-04 1.050345e-04 9.123068e-05 7.655255e-05 6.526240e-05 5.346171e-05 4.454910e-05 4.454910e-05 4.454910e-05 4.454910e-05 4.454910e-05 4.454910e-05 4.454910e-05 4.454910e-05
1.754793e-04 1.764345e-04 1.748944e-04 1.649577e-04 1.525949e-04 1.388252e-04 1.246937e-04 1.082676e-04 9.348584e-05 7.980040e-05 6.581296e-05 5.594982e-05 4.699963e-05 4.454910e-05 4.454910e-05 4.454910e-05 4.454910e-05 4.454910e-05 4.454910e-05 4.454910e-05
1.739147e-04 1.759900e-04 1.733398e-04 1.645604e-04 1.532848e-04 1.404869e-04 1.269148e-04 1.129697e-04 9.621724e-05 8.172543e-05 6.907327e-05 5.731883e-05 4.725613e-05 4.454910e-05 4.454910e-05 4.454910e-05 4.454910e-05 4.454910e-05 4.454910e-05 4.454910e-05
1.738788e-04 1.752525e-04 1.733806e-04 1.656950e-04 1.546017e-04 1.423907e-04 1.292122e-04 1.154053e-04 9.885721e-05 8.364719e-05 7.039283e-05 5.721493e-05 4.736564e-05 4.454910e-05 4.454910e-05 4.454910e-05 4.454910e-05 4.454910e-05 4.454910e-05 4.454910e-05
1.742975e-04 1.761447e-04 1.750600e-04 1.673421e-04 1.574005e-04 1.460426e-04 1.318991e-04 1.161318e-04 1.005883e-04 8.627270e-05 7.182676e-05 5.738328e-05 4.748579e-05 4.454910e-05 4.454910e-05 4.454910e-05 4.454910e-05 4.454910e-05 4.454910e-05 4.454910e-05
1.732672e-04 1.764295e-04 1.781964e-04 1.695903e-04 1.603212e-04 1.490910e-04 1.373725e-04 1.199388e-04 1.052170e-04 8.872423e-05 7.387806e-05 5.800449e-05 4.454910e-05 4.454910e-05 4.454910e-05 4.454910e-05 4.454910e-05 4.454910e-05 4.454910e-05 4.454910e-05
1.729394e-04 1.759543e-04 1.762177e-04 1.701443e-04 1.622607e-04 1.528726e-04 1.406280e-04 1.254086e-04 1.093442e-04 9.341643e-05 7.568463e-05 6.197788e-05 4.969452e-05 4.482684e-05 4.454910e-05 4.454910e-05 4.454910e-05 4.454910e-05 4.506885e-05 4.595901e-05
1.703946e-04 1.756335e-04 1.754330e-04 1.706216e-04 1.642347e-04 1.557097e-04 1.452927e-04 1.325490e-04 1.145026e-04 9.632353e-05 8.043864e-05 6.518551e-05 5.250248e-05 4.639465e-05 4.454910e-05 4.454910e-05 4.454910e-05 4.454910e-05 4.492086e-05 4.590924e-05
1.686804e-04 1.734196e-04 1.752204e-04 1.717436e-04 1.664542e-04 1.599780e-04 1.511129e-04 1.392311e-04 1.211697e-04 1.015769e-04 8.374072e-05 6.529212e-05 5.306285e-05 4.636489e-05 4.454910e-05 4.454910e-05 4.454910e-05 4.454910e-05 4.489738e-05 4.587829e-05
1.649591e-04 1.719558e-04 1.763136e-04 1.727371e-04 1.669747e-04 1.623416e-04 1.579747e-04 1.475374e-04 1.288373e-04 1.064202e-04 8.535274e-05 6.502030e-05 5.085764e-05 4.455519e-05 4.454910e-05 4.454910e-05 4.454910e-05 4.454910e-05 4.503204e-05 4.590196e-05
1.588363e-04 1.673312e-04 1.781964e-04 1.680324e-04 1.610855e-04 1.569888e-04 1.563578e-04 1.596309e-04 1.306033e-04 1.058966e-04 8.380300e-05 6.353922e-05 4.454910e-05 4.454910e-05 4.454910e-05 4.454910e-05 4.454910e-05 4.454910e-05 4.514145e-05 4.590430e-05
1.492611e-04 1.557846e-04 1.585421e-04 1.539381e-04 1.485413e-04 1.451332e-04 1.437307e-04 1.370508e-04 1.206660e-04 1.002919e-04 8.135236e-05 6.403448e-05 5.032422e-05 4.459368e-05 4.454910e-05 4.454910e-05 4.454910e-05 4.454910e-05 4.503204e-05 4.590196e-05
1.367096e-04 1.396198e-04 1.397130e-04 1.368524e-04 1.332437e-04 1.301029e-04 1.262096e-04 1.183808e-04 1.061316e-04 9.091741e-05 7.652253e-05 6.305465e-05 5.144540e-05 4.550296e-05 4.454910e-05 4.454910e-05 4.454910e-05 4.454910e-05 4.497567e-05 4.587829e-05
1.229718e-04 1.229651e-04 1.214154e-04 1.194401e-04 1.171266e-04 1.139886e-04 1.092704e-04 1.015499e-04 9.074028e-05 8.110505e-05 6.997972e-05 5.913851e-05 5.089633e-05 4.567380e-05 4.454910e-05 4.454910e-05 4.454910e-05 4.454910e-05 4.499308e-05 4.485470e-05
1.084238e-04 1.061384e-04 1.038249e-04 1.030340e-04 1.017969e-04 9.853815e-05 9.367286e-05 8.493534e-05 7.850074e-05 7.209345e-05 6.430382e-05 5.545707e-05 4.840210e-05 4.478112e-05 4.454910e-05 4.454910e-05 4.454910e-05 4.454910e-05 4.466013e-05 4.486014e-05
9.754551e-05 9.314727e-05 8.675559e-05 8.868069e-05 8.813241e-05 8.410869e-05 7.895256e-05 7.100812e-05 6.952243e-05 6.538203e-05 5.867823e-05 5.183605e-05 4.454910e-05 4.454910e-05 4.454910e-05 4.454910e-05 4.454910e-05 4.454910e-05 4.468529e-05 4.486069e-05
8.915531e-05 8.497161e-05 8.073000e-05 7.911780e-05 7.746077e-05 7.540633e-05 7.221764e-05 6.931775e-05 6.519265e-05 6.059353e-05 5.582447e-05 5.036069e-05 4.627448e-05 4.459867e-05 4.454910e-05 4.454910e-05 4.454910e-05 4.454910e-05 4.466013e-05 4.486014e-05
8.248588e-05 7.852825e-05 7.508965e-05 7.402777e-05 7.301840e-05 7.204129e-05 7.069460e-05 6.813255e-05 6.421260e-05 5.979647e-05 5.499965e-05 5.058835e-05 4.706325e-05 4.492211e-05 4.454910e-05 4.454910e-05 4.454910e-05 4.454910e-05 4.470590e-05 4.485470e-05
7.683486e-05 7.260592e-05 6.906076e-05 6.929546e-05 6.963267e-05 6.986725e-05 6.946786e-05 6.755393e-05 6.397094e-05 5.958868e-05 5.485814e-05 5.052950e-05 4.703835e-05 4.492572e-05 4.454910e-05 4.454910e-05 4.454910e-05 4.454910e-05 4.470627e-05 4.505174e-05
7.038352e-05 6.626386e-05 6.338079e-05 6.468456e-05 6.642968e-05 6.778653e-05 6.874512e-05 6.759248e-05 6.409499e-05 5.940488e-05 5.469771e-05 4.999094e-05 4.623732e-05 4.460244e-05 4.454910e-05 4.454910e-05 4.454910e-05 4.454910e-05 4.475006e-05 4.506884e-05
6.782436e-05 6.301535e-05 5.736896e-05 6.125556e-05 6.407730e-05 6.615152e-05 6.775895e-05 6.913663e-05 6.424188e-05 5.930519e-05 5.427480e-05 4.943116e-05 4.454910e-05 4.454910e-05 4.454910e-05 4.454910e-05 4.454910e-05 4.454910e-05 4.478005e-05 4.507149e-05
6.713510e-05 6.319093e-05 6.053636e-05 6.077395e-05 6.302768e-05 6.513644e-05 6.676755e-05 6.648929e-05 6.345634e-05 5.898804e-05 5.422574e-05 4.979423e-05 4.622045e-05 4.459949e-05 4.454910e-05 4.454910e-05 4.454910e-05 4.454910e-05 4.481540e-05 4.505746e-05
6.769655e-05 6.486380e-05 6.317388e-05 6.311308e-05 6.377238e-05 6.493658e-05 6.594673e-05 6.515532e-05 6.253567e-05 5.859046e-05 5.428820e-05 5.023782e-05 4.698135e-05 4.505726e-05 4.454910e-05 4.454910e-05 4.454910e-05 4.454910e-05 4.477046e-05 4.527956e-05
6.882453e-05 6.671795e-05 6.538280e-05 6.517066e-05 6.479637e-05 6.501628e-05 6.588718e-05 6.491885e-05 6.225629e-05 5.838536e-05 5.418100e-05 5.019432e-05 4.695099e-05 4.504245e-05 4.454910e-05 4.454910e-05 4.454910e-05 4.454910e-05 4.478726e-05 4.534911e-05
7.012298e-05 6.845437e-05 6.730716e-05 6.559380e-05 6.357118e-05 6.504140e-05 6.636846e-05 6.569723e-05 6.262664e-05 5.837227e-05 5.392969e-05 4.964028e-05 4.615692e-05 4.473272e-05 4.454910e-05 4.454910e-05 4.454910e-05 4.454910e-05 4.490764e-05 4.550816e-05
7.141152e-05 6.770241e-05 6.702193e-05 6.258716e-05 6.369520e-05 6.491449e-05 6.620772e-05 6.751514e-05 6.296125e-05 5.839851e-05 5.381340e-05 4.920684e-05 4.454910e-05 4.456182e-05 4.457066e-05 4.457208e-05 4.456506e-05 4.454910e-05 4.520108e-05 4.581189e-05
6.955833e-05 6.866445e-05 6.800949e-05 6.240568e-05 6.326247e-05 6.414365e-05 6.483271e-05 6.456154e-05 6.201277e-05 5.813685e-05 5.378289e-05 4.983553e-05 4.699504e-05 4.585130e-05 4.548348e-05 4.534162e-05 4.530639e-05 4.536708e-05 4.575871e-05 4.627133e-05
7.026747e-05 6.946147e-05 6.155690e-05 6.205043e-05 6.259846e-05 6.306516e-05 6.317164e-05 6.245286e-05 6.054371e-05 5.766038e-05 5.393678e-05 5.098510e-05 4.873607e-05 4.739556e-05 4.671056e-05 4.637257e-05 4.624416e-05 4.631512e-05 4.644997e-05 4.683613e-05
