single point
           ne1                      0.01000000000000000    1.000000000000000   0.0000000000000000
        strinf                      960.0904694600000    1.000000000000000   0.0000000000000000
          wel5                      258.2910000000000   -1.000000000000000   0.0000000000000000
          wel2                      243.5131400000000   -1.000000000000000   0.0000000000000000
          wel3                      217.8004000000000   -1.000000000000000   0.0000000000000000
          wel1                      238.0406500000000   -1.000000000000000   0.0000000000000000
          wel4                      206.6727400000000   -1.000000000000000   0.0000000000000000
          wel0                      251.6166000000000   -1.000000000000000   0.0000000000000000
hk_i:27_j:12_zone:1.0                      4.291473087791259    1.000000000000000   0.0000000000000000
hk_i:17_j:2_zone:1.0                      5.043838083600226    1.000000000000000   0.0000000000000000
hk_i:27_j:2_zone:1.0                      5.024800264001533    1.000000000000000   0.0000000000000000
hk_i:7_j:17_zone:1.0                      4.269876999648210    1.000000000000000   0.0000000000000000
hk_i:27_j:17_zone:1.0                      4.286493397485950    1.000000000000000   0.0000000000000000
hk_i:37_j:7_zone:1.0                      4.438692874532269    1.000000000000000   0.0000000000000000
hk_i:7_j:7_zone:1.0                      4.848654233583644    1.000000000000000   0.0000000000000000
hk_i:32_j:12_zone:1.0                      4.297158732767465    1.000000000000000   0.0000000000000000
hk_i:2_j:2_zone:1.0                      5.019197487494501    1.000000000000000   0.0000000000000000
hk_i:22_j:7_zone:1.0                      4.834995391211247    1.000000000000000   0.0000000000000000
hk_i:37_j:12_zone:1.0                      4.543432048385630    1.000000000000000   0.0000000000000000
hk_i:2_j:7_zone:1.0                      4.939321842696557    1.000000000000000   0.0000000000000000
hk_i:12_j:2_zone:1.0                      4.988233171949378    1.000000000000000   0.0000000000000000
hk_i:22_j:12_zone:1.0                      4.195753419340297    1.000000000000000   0.0000000000000000
hk_i:17_j:17_zone:1.0                      4.275863260772330    1.000000000000000   0.0000000000000000
hk_i:12_j:12_zone:1.0                      4.242555780510386    1.000000000000000   0.0000000000000000
hk_i:22_j:2_zone:1.0                      5.201075724520582    1.000000000000000   0.0000000000000000
hk_i:27_j:7_zone:1.0                      4.640587182042959    1.000000000000000   0.0000000000000000
hk_i:17_j:12_zone:1.0                      4.236976575693099    1.000000000000000   0.0000000000000000
hk_i:2_j:12_zone:1.0                      4.133620251978150    1.000000000000000   0.0000000000000000
hk_i:32_j:2_zone:1.0                      4.755314455017909    1.000000000000000   0.0000000000000000
hk_i:32_j:17_zone:1.0                      4.339391683979710    1.000000000000000   0.0000000000000000
hk_i:2_j:17_zone:1.0                      4.255289367104123    1.000000000000000   0.0000000000000000
hk_i:7_j:2_zone:1.0                      5.007179423346993    1.000000000000000   0.0000000000000000
hk_i:7_j:12_zone:1.0                      4.149544319040056    1.000000000000000   0.0000000000000000
hk_i:22_j:17_zone:1.0                      4.269598415728300    1.000000000000000   0.0000000000000000
hk_i:12_j:17_zone:1.0                      4.290168932136686    1.000000000000000   0.0000000000000000
hk_i:37_j:17_zone:1.0                      4.645602903281248    1.000000000000000   0.0000000000000000
hk_i:32_j:7_zone:1.0                      4.677442609065837    1.000000000000000   0.0000000000000000
rch_i:17_j:2_zone:1.0                      1.228866554504982    1.000000000000000   0.0000000000000000
rch_i:27_j:17_zone:1.0                      0.6342506180945187    1.000000000000000   0.0000000000000000
rch_i:27_j:12_zone:1.0                      0.7750181401824024    1.000000000000000   0.0000000000000000
rch_i:7_j:12_zone:1.0                      0.7752730775499769    1.000000000000000   0.0000000000000000
rch_i:27_j:2_zone:1.0                      1.258541533319399    1.000000000000000   0.0000000000000000
rch_i:37_j:17_zone:1.0                      0.7426893559031524    1.000000000000000   0.0000000000000000
rch_i:22_j:7_zone:1.0                      1.081809211794352    1.000000000000000   0.0000000000000000
rch_i:12_j:17_zone:1.0                      0.6459370864488808    1.000000000000000   0.0000000000000000
rch_i:32_j:7_zone:1.0                      1.078087296531719    1.000000000000000   0.0000000000000000
rch_i:7_j:2_zone:1.0                      1.236637268903965    1.000000000000000   0.0000000000000000
rch_i:32_j:12_zone:1.0                      0.7602910200012355    1.000000000000000   0.0000000000000000
rch_i:17_j:17_zone:1.0                      0.6408406629974748    1.000000000000000   0.0000000000000000
rch_i:7_j:7_zone:1.0                      1.067958143796918    1.000000000000000   0.0000000000000000
rch_i:37_j:7_zone:1.0                      1.034139847615619    1.000000000000000   0.0000000000000000
rch_i:17_j:12_zone:1.0                      0.7699456745480728    1.000000000000000   0.0000000000000000
rch_i:22_j:2_zone:1.0                      1.254466801612258    1.000000000000000   0.0000000000000000
rch_i:2_j:2_zone:1.0                      1.233340291977581    1.000000000000000   0.0000000000000000
rch_i:2_j:7_zone:1.0                      1.087303529707347    1.000000000000000   0.0000000000000000
rch_i:22_j:17_zone:1.0                      0.6393689172411908    1.000000000000000   0.0000000000000000
rch_i:32_j:17_zone:1.0                      0.6332823908666104    1.000000000000000   0.0000000000000000
rch_i:2_j:17_zone:1.0                      0.6710888952380876    1.000000000000000   0.0000000000000000
rch_i:22_j:12_zone:1.0                      0.7769853885926710    1.000000000000000   0.0000000000000000
rch_i:7_j:17_zone:1.0                      0.6527565770500092    1.000000000000000   0.0000000000000000
rch_i:12_j:12_zone:1.0                      0.7709645140677258    1.000000000000000   0.0000000000000000
rch_i:32_j:2_zone:1.0                      1.170777751719466    1.000000000000000   0.0000000000000000
rch_i:12_j:2_zone:1.0                      1.220887172261095    1.000000000000000   0.0000000000000000
rch_i:37_j:12_zone:1.0                      0.8060627522409551    1.000000000000000   0.0000000000000000
rch_i:27_j:7_zone:1.0                      1.119623842333857    1.000000000000000   0.0000000000000000
rch_i:2_j:12_zone:1.0                      0.7926816355934173    1.000000000000000   0.0000000000000000
