   1.394913E+00   1.351173E+00   1.266030E+00   1.172580E+00   1.045644E+00   9.082251E-01   7.817464E-01   6.854517E-01   6.270769E-01   5.958515E-01   5.548223E-01   5.448511E-01   5.435634E-01   5.438989E-01   5.448308E-01   5.463113E-01   5.496305E-01   5.578832E-01   5.452397E-01   5.569411E-01
   1.466315E+00   1.433861E+00   1.370148E+00   1.239724E+00   1.075820E+00   9.010549E-01   7.297028E-01   6.096370E-01   5.600275E-01   5.445229E-01   5.276053E-01   5.200964E-01   5.190186E-01   5.213162E-01   5.224248E-01   5.229117E-01   5.238001E-01   5.189817E-01   5.298828E-01   5.443396E-01
   1.533858E+00   1.516806E+00   1.487509E+00   1.319473E+00   1.137759E+00   9.423340E-01   7.323086E-01   5.043482E-01   5.258554E-01   5.316160E-01   5.261958E-01   5.144529E-01   5.000000E-01   5.023089E-01   5.033795E-01   5.034150E-01   5.023809E-01   5.000000E-01   5.176470E-01   5.064575E-01
   1.593614E+00   1.586906E+00   1.516152E+00   1.375810E+00   1.201550E+00   1.012244E+00   8.196508E-01   6.564899E-01   5.890515E-01   5.732079E-01   5.555168E-01   5.346496E-01   5.151807E-01   5.029076E-01   5.000000E-01   5.000000E-01   5.000000E-01   5.000000E-01   5.020440E-01   5.054021E-01
   1.663057E+00   1.662372E+00   1.577836E+00   1.445367E+00   1.280095E+00   1.104137E+00   9.295017E-01   7.789205E-01   6.760255E-01   6.263864E-01   5.906632E-01   5.560142E-01   5.264592E-01   5.075004E-01   5.000000E-01   5.000000E-01   5.000000E-01   5.000000E-01   5.013138E-01   5.047343E-01
   1.730759E+00   1.747389E+00   1.669949E+00   1.537600E+00   1.368217E+00   1.194263E+00   1.027036E+00   8.776434E-01   7.589949E-01   6.848638E-01   6.261186E-01   5.728496E-01   5.307134E-01   5.066032E-01   5.000000E-01   5.000000E-01   5.000000E-01   5.000000E-01   5.011373E-01   5.044345E-01
   1.812820E+00   1.836844E+00   1.796337E+00   1.645130E+00   1.459399E+00   1.276522E+00   1.106379E+00   9.567458E-01   8.280502E-01   7.382111E-01   6.544386E-01   5.818558E-01   5.236599E-01   5.000000E-01   5.000000E-01   5.000000E-01   5.000000E-01   5.000000E-01   5.015414E-01   5.044049E-01
   1.863175E+00   1.895827E+00   1.954113E+00   1.743625E+00   1.543989E+00   1.354328E+00   1.178959E+00   1.019436E+00   8.897459E-01   7.770702E-01   6.696594E-01   5.830639E-01   5.000000E-01   5.000000E-01   5.000000E-01   5.000000E-01   5.000000E-01   5.000000E-01   5.018912E-01   5.043619E-01
   1.896560E+00   1.933823E+00   1.906546E+00   1.774445E+00   1.596914E+00   1.414576E+00   1.240719E+00   1.072506E+00   9.299462E-01   8.102174E-01   7.027759E-01   5.923438E-01   5.284744E-01   5.000275E-01   5.000000E-01   5.000000E-01   5.000000E-01   5.000000E-01   5.012224E-01   5.040936E-01
   1.917776E+00   1.945869E+00   1.890226E+00   1.773834E+00   1.620969E+00   1.451806E+00   1.276254E+00   1.113816E+00   9.532229E-01   8.176708E-01   7.149610E-01   5.969951E-01   5.384279E-01   5.081958E-01   5.000000E-01   5.000000E-01   5.000000E-01   5.000000E-01   5.005509E-01   5.061642E-01
   1.943173E+00   1.961822E+00   1.903048E+00   1.787018E+00   1.641273E+00   1.475418E+00   1.306966E+00   1.145862E+00   9.737015E-01   8.256834E-01   7.178524E-01   6.198530E-01   5.358985E-01   5.083301E-01   5.000000E-01   5.000000E-01   5.000000E-01   5.000000E-01   5.016780E-01   5.061391E-01
   1.953745E+00   1.975456E+00   1.939696E+00   1.817225E+00   1.667682E+00   1.512366E+00   1.332693E+00   1.156883E+00   9.925768E-01   8.537360E-01   7.125252E-01   6.127352E-01   5.309241E-01   5.012536E-01   5.000000E-01   5.000000E-01   5.000000E-01   5.000000E-01   5.023460E-01   5.063638E-01
   1.958305E+00   1.980829E+00   2.000000E+00   1.844642E+00   1.687784E+00   1.536912E+00   1.374287E+00   1.178862E+00   1.023934E+00   8.591930E-01   7.324772E-01   6.000313E-01   5.000000E-01   5.000000E-01   5.000000E-01   5.000000E-01   5.000000E-01   5.000000E-01   5.000000E-01   5.000000E-01
   1.969504E+00   1.980225E+00   1.962940E+00   1.851415E+00   1.712660E+00   1.558114E+00   1.399509E+00   1.215149E+00   1.049245E+00   8.956455E-01   7.386564E-01   6.279568E-01   5.275037E-01   5.000000E-01   5.000000E-01   5.000000E-01   5.000000E-01   5.000000E-01   5.000000E-01   5.000000E-01
   1.951944E+00   1.975236E+00   1.945492E+00   1.846955E+00   1.720403E+00   1.576765E+00   1.424437E+00   1.267924E+00   1.079901E+00   9.172512E-01   7.752488E-01   6.433220E-01   5.303826E-01   5.000000E-01   5.000000E-01   5.000000E-01   5.000000E-01   5.000000E-01   5.000000E-01   5.000000E-01
   1.951541E+00   1.966959E+00   1.945950E+00   1.859690E+00   1.735183E+00   1.598132E+00   1.450222E+00   1.295260E+00   1.109531E+00   9.388202E-01   7.900589E-01   6.421559E-01   5.316116E-01   5.000000E-01   5.000000E-01   5.000000E-01   5.000000E-01   5.000000E-01   5.000000E-01   5.000000E-01
   1.956240E+00   1.976973E+00   1.964798E+00   1.878176E+00   1.766596E+00   1.639120E+00   1.480379E+00   1.303414E+00   1.128960E+00   9.682878E-01   8.061528E-01   6.440453E-01   5.329602E-01   5.000000E-01   5.000000E-01   5.000000E-01   5.000000E-01   5.000000E-01   5.000000E-01   5.000000E-01
   1.944677E+00   1.980169E+00   2.000000E+00   1.903409E+00   1.799376E+00   1.673334E+00   1.541810E+00   1.346142E+00   1.180911E+00   9.958027E-01   8.291757E-01   6.510175E-01   5.000000E-01   5.000000E-01   5.000000E-01   5.000000E-01   5.000000E-01   5.000000E-01   5.000000E-01   5.000000E-01
   1.940998E+00   1.974836E+00   1.977792E+00   1.909627E+00   1.821144E+00   1.715776E+00   1.578348E+00   1.407532E+00   1.227232E+00   1.048466E+00   8.494518E-01   6.956131E-01   5.577500E-01   5.031172E-01   5.000000E-01   5.000000E-01   5.000000E-01   5.000000E-01   5.058335E-01   5.158242E-01
   1.912436E+00   1.971235E+00   1.968985E+00   1.914984E+00   1.843300E+00   1.747619E+00   1.630703E+00   1.487673E+00   1.285128E+00   1.081094E+00   9.028088E-01   7.316142E-01   5.892653E-01   5.207137E-01   5.000000E-01   5.000000E-01   5.000000E-01   5.000000E-01   5.041725E-01   5.152656E-01
   1.893197E+00   1.946387E+00   1.966599E+00   1.927576E+00   1.868211E+00   1.795524E+00   1.696026E+00   1.562670E+00   1.359957E+00   1.140056E+00   9.398699E-01   7.328108E-01   5.955547E-01   5.203797E-01   5.000000E-01   5.000000E-01   5.000000E-01   5.000000E-01   5.039089E-01   5.149183E-01
   1.851430E+00   1.929958E+00   1.978868E+00   1.938727E+00   1.874052E+00   1.822052E+00   1.773040E+00   1.655896E+00   1.446015E+00   1.194415E+00   9.579626E-01   7.297600E-01   5.708044E-01   5.000683E-01   5.000000E-01   5.000000E-01   5.000000E-01   5.000000E-01   5.054203E-01   5.151839E-01
   1.782711E+00   1.878054E+00   2.000000E+00   1.885924E+00   1.807955E+00   1.761975E+00   1.754893E+00   1.791629E+00   1.465836E+00   1.188538E+00   9.405689E-01   7.131370E-01   5.000000E-01   5.000000E-01   5.000000E-01   5.000000E-01   5.000000E-01   5.000000E-01   5.066483E-01   5.152102E-01
   1.675243E+00   1.748460E+00   1.779409E+00   1.727735E+00   1.667164E+00   1.628913E+00   1.613172E+00   1.538199E+00   1.354304E+00   1.125633E+00   9.130640E-01   7.186956E-01   5.648175E-01   5.005003E-01   5.000000E-01   5.000000E-01   5.000000E-01   5.000000E-01   5.054203E-01   5.151839E-01
   1.534370E+00   1.567033E+00   1.568079E+00   1.535973E+00   1.495470E+00   1.460219E+00   1.416523E+00   1.328655E+00   1.191176E+00   1.020418E+00   8.588561E-01   7.076984E-01   5.774011E-01   5.107057E-01   5.000000E-01   5.000000E-01   5.000000E-01   5.000000E-01   5.047876E-01   5.149183E-01
   1.380183E+00   1.380108E+00   1.362714E+00   1.340544E+00   1.314579E+00   1.279359E+00   1.226404E+00   1.139752E+00   1.018430E+00   9.102883E-01   7.854224E-01   6.637453E-01   5.712386E-01   5.126232E-01   5.000000E-01   5.000000E-01   5.000000E-01   5.000000E-01   5.049830E-01   5.034299E-01
   1.216902E+00   1.191252E+00   1.165286E+00   1.156409E+00   1.142525E+00   1.105950E+00   1.051344E+00   9.532778E-01   8.810586E-01   8.091460E-01   7.217185E-01   6.224264E-01   5.432444E-01   5.026041E-01   5.000000E-01   5.000000E-01   5.000000E-01   5.000000E-01   5.012462E-01   5.034910E-01
   1.094809E+00   1.045445E+00   9.737075E-01   9.953141E-01   9.891604E-01   9.439999E-01   8.861297E-01   7.969647E-01   7.802900E-01   7.338199E-01   6.585793E-01   5.817856E-01   5.000000E-01   5.000000E-01   5.000000E-01   5.000000E-01   5.000000E-01   5.000000E-01   5.015285E-01   5.034971E-01
   1.000641E+00   9.536849E-01   9.060789E-01   8.879843E-01   8.693865E-01   8.463283E-01   8.105398E-01   7.779927E-01   7.316944E-01   6.800758E-01   6.265499E-01   5.652268E-01   5.193649E-01   5.005564E-01   5.000000E-01   5.000000E-01   5.000000E-01   5.000000E-01   5.012462E-01   5.034910E-01
   9.257861E-01   8.813674E-01   8.427740E-01   8.308559E-01   8.195272E-01   8.085605E-01   7.934459E-01   7.646905E-01   7.206947E-01   6.711300E-01   6.172925E-01   5.677820E-01   5.282177E-01   5.041865E-01   5.000000E-01   5.000000E-01   5.000000E-01   5.000000E-01   5.017598E-01   5.034299E-01
   8.623615E-01   8.148977E-01   7.751084E-01   7.777425E-01   7.815272E-01   7.841601E-01   7.796775E-01   7.581964E-01   7.179824E-01   6.687978E-01   6.157043E-01   5.671214E-01   5.279383E-01   5.042270E-01   5.000000E-01   5.000000E-01   5.000000E-01   5.000000E-01   5.017640E-01   5.056414E-01
   7.899544E-01   7.437172E-01   7.113588E-01   7.259918E-01   7.455783E-01   7.608070E-01   7.715657E-01   7.586290E-01   7.193747E-01   6.667349E-01   6.139036E-01   5.610769E-01   5.189479E-01   5.005987E-01   5.000000E-01   5.000000E-01   5.000000E-01   5.000000E-01   5.022555E-01   5.058333E-01
   7.612315E-01   7.072573E-01   6.438846E-01   6.875062E-01   7.191762E-01   7.424563E-01   7.604974E-01   7.759599E-01   7.210233E-01   6.656160E-01   6.091571E-01   5.547941E-01   5.000000E-01   5.000000E-01   5.000000E-01   5.000000E-01   5.000000E-01   5.000000E-01   5.025921E-01   5.058631E-01
   7.534956E-01   7.092279E-01   6.794341E-01   6.821008E-01   7.073957E-01   7.310635E-01   7.493704E-01   7.462473E-01   7.122068E-01   6.620565E-01   6.086065E-01   5.588691E-01   5.187585E-01   5.005656E-01   5.000000E-01   5.000000E-01   5.000000E-01   5.000000E-01   5.029888E-01   5.057056E-01
   7.597970E-01   7.280035E-01   7.090365E-01   7.083542E-01   7.157538E-01   7.288203E-01   7.401578E-01   7.312754E-01   7.018736E-01   6.575942E-01   6.093075E-01   5.638478E-01   5.272985E-01   5.057034E-01   5.000000E-01   5.000000E-01   5.000000E-01   5.000000E-01   5.024844E-01   5.081984E-01
   7.724570E-01   7.488137E-01   7.338285E-01   7.314475E-01   7.272467E-01   7.297149E-01   7.394895E-01   7.286213E-01   6.987379E-01   6.552922E-01   6.081043E-01   5.633595E-01   5.269578E-01   5.055372E-01   5.000000E-01   5.000000E-01   5.000000E-01   5.000000E-01   5.026730E-01   5.089790E-01
   7.870303E-01   7.683025E-01   7.554267E-01   7.361967E-01   7.134957E-01   7.299968E-01   7.448911E-01   7.373575E-01   7.028946E-01   6.551453E-01   6.052837E-01   5.571412E-01   5.180455E-01   5.020609E-01   5.000000E-01   5.000000E-01   5.000000E-01   5.000000E-01   5.040241E-01   5.107641E-01
   8.014923E-01   7.598628E-01   7.522254E-01   7.024514E-01   7.148876E-01   7.285724E-01   7.430871E-01   7.577610E-01   7.066501E-01   6.554398E-01   6.039785E-01   5.522765E-01   5.000000E-01   5.001428E-01   5.002420E-01   5.002579E-01   5.001791E-01   5.000000E-01   5.073176E-01   5.141730E-01
   7.806929E-01   7.706603E-01   7.633094E-01   7.004146E-01   7.100308E-01   7.199208E-01   7.276545E-01   7.246111E-01   6.960047E-01   6.525031E-01   6.036361E-01   5.593326E-01   5.274522E-01   5.146153E-01   5.104871E-01   5.088949E-01   5.084995E-01   5.091807E-01   5.135762E-01   5.193296E-01
   7.886520E-01   7.796058E-01   6.908882E-01   6.964274E-01   7.025783E-01   7.078163E-01   7.090114E-01   7.009441E-01   6.795166E-01   6.471554E-01   6.053633E-01   5.722349E-01   5.469928E-01   5.319475E-01   5.242593E-01   5.204659E-01   5.190246E-01   5.198210E-01   5.213345E-01   5.256686E-01
