5.521591000000000173e-05 5.521591000000000173e-05 5.521591000000000173e-05 5.521591000000000173e-05 5.521591000000000173e-05 5.521591000000000173e-05 5.521591000000000173e-05 5.521591000000000173e-05 5.521591000000000173e-05 5.521591000000000173e-05 5.521591000000000173e-05 5.521591000000000173e-05 5.521591000000000173e-05 5.521591000000000173e-05 5.521591000000000173e-05 5.521591000000000173e-05 5.521591000000000173e-05 5.521591000000000173e-05 5.521591000000000173e-05 5.521591000000000173e-05
5.521591000000000173e-05 5.521591000000000173e-05 5.521591000000000173e-05 5.521591000000000173e-05 5.521591000000000173e-05 5.521591000000000173e-05 5.521591000000000173e-05 5.521591000000000173e-05 5.521591000000000173e-05 5.521591000000000173e-05 5.521591000000000173e-05 5.521591000000000173e-05 5.521591000000000173e-05 5.521591000000000173e-05 5.521591000000000173e-05 5.521591000000000173e-05 5.521591000000000173e-05 5.521591000000000173e-05 5.521591000000000173e-05 5.521591000000000173e-05
5.521591000000000173e-05 5.521591000000000173e-05 5.521591000000000173e-05 5.521591000000000173e-05 5.521591000000000173e-05 5.521591000000000173e-05 5.521591000000000173e-05 5.521591000000000173e-05 5.521591000000000173e-05 5.521591000000000173e-05 5.521591000000000173e-05 5.521591000000000173e-05 5.521591000000000173e-05 5.521591000000000173e-05 5.521591000000000173e-05 5.521591000000000173e-05 5.521591000000000173e-05 5.521591000000000173e-05 5.521591000000000173e-05 5.521591000000000173e-05
5.521591000000000173e-05 5.521591000000000173e-05 5.521591000000000173e-05 5.521591000000000173e-05 5.521591000000000173e-05 5.521591000000000173e-05 5.521591000000000173e-05 5.521591000000000173e-05 5.521591000000000173e-05 5.521591000000000173e-05 5.521591000000000173e-05 5.521591000000000173e-05 5.521591000000000173e-05 5.521591000000000173e-05 5.521591000000000173e-05 5.521591000000000173e-05 5.521591000000000173e-05 5.521591000000000173e-05 5.521591000000000173e-05 5.521591000000000173e-05
5.521591000000000173e-05 5.521591000000000173e-05 5.521591000000000173e-05 5.521591000000000173e-05 5.521591000000000173e-05 5.521591000000000173e-05 5.521591000000000173e-05 5.521591000000000173e-05 5.521591000000000173e-05 5.521591000000000173e-05 5.521591000000000173e-05 5.521591000000000173e-05 5.521591000000000173e-05 5.521591000000000173e-05 5.521591000000000173e-05 5.521591000000000173e-05 5.521591000000000173e-05 5.521591000000000173e-05 5.521591000000000173e-05 5.521591000000000173e-05
5.521591000000000173e-05 5.521591000000000173e-05 5.521591000000000173e-05 5.521591000000000173e-05 5.521591000000000173e-05 5.521591000000000173e-05 5.521591000000000173e-05 5.521591000000000173e-05 5.521591000000000173e-05 5.521591000000000173e-05 5.521591000000000173e-05 5.521591000000000173e-05 5.521591000000000173e-05 5.521591000000000173e-05 5.521591000000000173e-05 5.521591000000000173e-05 5.521591000000000173e-05 5.521591000000000173e-05 5.521591000000000173e-05 5.521591000000000173e-05
5.521591000000000173e-05 5.521591000000000173e-05 5.521591000000000173e-05 5.521591000000000173e-05 5.521591000000000173e-05 5.521591000000000173e-05 5.521591000000000173e-05 5.521591000000000173e-05 5.521591000000000173e-05 5.521591000000000173e-05 5.521591000000000173e-05 5.521591000000000173e-05 5.521591000000000173e-05 5.521591000000000173e-05 5.521591000000000173e-05 5.521591000000000173e-05 5.521591000000000173e-05 5.521591000000000173e-05 5.521591000000000173e-05 5.521591000000000173e-05
5.521591000000000173e-05 5.521591000000000173e-05 5.521591000000000173e-05 5.521591000000000173e-05 5.521591000000000173e-05 5.521591000000000173e-05 5.521591000000000173e-05 5.521591000000000173e-05 5.521591000000000173e-05 5.521591000000000173e-05 5.521591000000000173e-05 5.521591000000000173e-05 5.521591000000000173e-05 5.521591000000000173e-05 5.521591000000000173e-05 5.521591000000000173e-05 5.521591000000000173e-05 5.521591000000000173e-05 5.521591000000000173e-05 5.521591000000000173e-05
5.521591000000000173e-05 5.521591000000000173e-05 5.521591000000000173e-05 5.521591000000000173e-05 5.521591000000000173e-05 5.521591000000000173e-05 5.521591000000000173e-05 5.521591000000000173e-05 5.521591000000000173e-05 5.521591000000000173e-05 5.521591000000000173e-05 5.521591000000000173e-05 5.521591000000000173e-05 5.521591000000000173e-05 5.521591000000000173e-05 5.521591000000000173e-05 5.521591000000000173e-05 5.521591000000000173e-05 5.521591000000000173e-05 5.521591000000000173e-05
5.521591000000000173e-05 5.521591000000000173e-05 5.521591000000000173e-05 5.521591000000000173e-05 5.521591000000000173e-05 5.521591000000000173e-05 5.521591000000000173e-05 5.521591000000000173e-05 5.521591000000000173e-05 5.521591000000000173e-05 5.521591000000000173e-05 5.521591000000000173e-05 5.521591000000000173e-05 5.521591000000000173e-05 5.521591000000000173e-05 5.521591000000000173e-05 5.521591000000000173e-05 5.521591000000000173e-05 5.521591000000000173e-05 5.521591000000000173e-05
5.521591000000000173e-05 5.521591000000000173e-05 5.521591000000000173e-05 5.521591000000000173e-05 5.521591000000000173e-05 5.521591000000000173e-05 5.521591000000000173e-05 5.521591000000000173e-05 5.521591000000000173e-05 5.521591000000000173e-05 5.521591000000000173e-05 5.521591000000000173e-05 5.521591000000000173e-05 5.521591000000000173e-05 5.521591000000000173e-05 5.521591000000000173e-05 5.521591000000000173e-05 5.521591000000000173e-05 5.521591000000000173e-05 5.521591000000000173e-05
5.521591000000000173e-05 5.521591000000000173e-05 5.521591000000000173e-05 5.521591000000000173e-05 5.521591000000000173e-05 5.521591000000000173e-05 5.521591000000000173e-05 5.521591000000000173e-05 5.521591000000000173e-05 5.521591000000000173e-05 5.521591000000000173e-05 5.521591000000000173e-05 5.521591000000000173e-05 5.521591000000000173e-05 5.521591000000000173e-05 5.521591000000000173e-05 5.521591000000000173e-05 5.521591000000000173e-05 5.521591000000000173e-05 5.521591000000000173e-05
5.521591000000000173e-05 5.521591000000000173e-05 5.521591000000000173e-05 5.521591000000000173e-05 5.521591000000000173e-05 5.521591000000000173e-05 5.521591000000000173e-05 5.521591000000000173e-05 5.521591000000000173e-05 5.521591000000000173e-05 5.521591000000000173e-05 5.521591000000000173e-05 5.521591000000000173e-05 5.521591000000000173e-05 5.521591000000000173e-05 5.521591000000000173e-05 5.521591000000000173e-05 5.521591000000000173e-05 5.521591000000000173e-05 5.521591000000000173e-05
5.521591000000000173e-05 5.521591000000000173e-05 5.521591000000000173e-05 5.521591000000000173e-05 5.521591000000000173e-05 5.521591000000000173e-05 5.521591000000000173e-05 5.521591000000000173e-05 5.521591000000000173e-05 5.521591000000000173e-05 5.521591000000000173e-05 5.521591000000000173e-05 5.521591000000000173e-05 5.521591000000000173e-05 5.521591000000000173e-05 5.521591000000000173e-05 5.521591000000000173e-05 5.521591000000000173e-05 5.521591000000000173e-05 5.521591000000000173e-05
5.521591000000000173e-05 5.521591000000000173e-05 5.521591000000000173e-05 5.521591000000000173e-05 5.521591000000000173e-05 5.521591000000000173e-05 5.521591000000000173e-05 5.521591000000000173e-05 5.521591000000000173e-05 5.521591000000000173e-05 5.521591000000000173e-05 5.521591000000000173e-05 5.521591000000000173e-05 5.521591000000000173e-05 5.521591000000000173e-05 5.521591000000000173e-05 5.521591000000000173e-05 5.521591000000000173e-05 5.521591000000000173e-05 5.521591000000000173e-05
5.521591000000000173e-05 5.521591000000000173e-05 5.521591000000000173e-05 5.521591000000000173e-05 5.521591000000000173e-05 5.521591000000000173e-05 5.521591000000000173e-05 5.521591000000000173e-05 5.521591000000000173e-05 5.521591000000000173e-05 5.521591000000000173e-05 5.521591000000000173e-05 5.521591000000000173e-05 5.521591000000000173e-05 5.521591000000000173e-05 5.521591000000000173e-05 5.521591000000000173e-05 5.521591000000000173e-05 5.521591000000000173e-05 5.521591000000000173e-05
5.521591000000000173e-05 5.521591000000000173e-05 5.521591000000000173e-05 5.521591000000000173e-05 5.521591000000000173e-05 5.521591000000000173e-05 5.521591000000000173e-05 5.521591000000000173e-05 5.521591000000000173e-05 5.521591000000000173e-05 5.521591000000000173e-05 5.521591000000000173e-05 5.521591000000000173e-05 5.521591000000000173e-05 5.521591000000000173e-05 5.521591000000000173e-05 5.521591000000000173e-05 5.521591000000000173e-05 5.521591000000000173e-05 5.521591000000000173e-05
5.521591000000000173e-05 5.521591000000000173e-05 5.521591000000000173e-05 5.521591000000000173e-05 5.521591000000000173e-05 5.521591000000000173e-05 5.521591000000000173e-05 5.521591000000000173e-05 5.521591000000000173e-05 5.521591000000000173e-05 5.521591000000000173e-05 5.521591000000000173e-05 5.521591000000000173e-05 5.521591000000000173e-05 5.521591000000000173e-05 5.521591000000000173e-05 5.521591000000000173e-05 5.521591000000000173e-05 5.521591000000000173e-05 5.521591000000000173e-05
5.521591000000000173e-05 5.521591000000000173e-05 5.521591000000000173e-05 5.521591000000000173e-05 5.521591000000000173e-05 5.521591000000000173e-05 5.521591000000000173e-05 5.521591000000000173e-05 5.521591000000000173e-05 5.521591000000000173e-05 5.521591000000000173e-05 5.521591000000000173e-05 5.521591000000000173e-05 5.521591000000000173e-05 5.521591000000000173e-05 5.521591000000000173e-05 5.521591000000000173e-05 5.521591000000000173e-05 5.521591000000000173e-05 5.521591000000000173e-05
5.521591000000000173e-05 5.521591000000000173e-05 5.521591000000000173e-05 5.521591000000000173e-05 5.521591000000000173e-05 5.521591000000000173e-05 5.521591000000000173e-05 5.521591000000000173e-05 5.521591000000000173e-05 5.521591000000000173e-05 5.521591000000000173e-05 5.521591000000000173e-05 5.521591000000000173e-05 5.521591000000000173e-05 5.521591000000000173e-05 5.521591000000000173e-05 5.521591000000000173e-05 5.521591000000000173e-05 5.521591000000000173e-05 5.521591000000000173e-05
5.521591000000000173e-05 5.521591000000000173e-05 5.521591000000000173e-05 5.521591000000000173e-05 5.521591000000000173e-05 5.521591000000000173e-05 5.521591000000000173e-05 5.521591000000000173e-05 5.521591000000000173e-05 5.521591000000000173e-05 5.521591000000000173e-05 5.521591000000000173e-05 5.521591000000000173e-05 5.521591000000000173e-05 5.521591000000000173e-05 5.521591000000000173e-05 5.521591000000000173e-05 5.521591000000000173e-05 5.521591000000000173e-05 5.521591000000000173e-05
5.521591000000000173e-05 5.521591000000000173e-05 5.521591000000000173e-05 5.521591000000000173e-05 5.521591000000000173e-05 5.521591000000000173e-05 5.521591000000000173e-05 5.521591000000000173e-05 5.521591000000000173e-05 5.521591000000000173e-05 5.521591000000000173e-05 5.521591000000000173e-05 5.521591000000000173e-05 5.521591000000000173e-05 5.521591000000000173e-05 5.521591000000000173e-05 5.521591000000000173e-05 5.521591000000000173e-05 5.521591000000000173e-05 5.521591000000000173e-05
5.521591000000000173e-05 5.521591000000000173e-05 5.521591000000000173e-05 5.521591000000000173e-05 5.521591000000000173e-05 5.521591000000000173e-05 5.521591000000000173e-05 5.521591000000000173e-05 5.521591000000000173e-05 5.521591000000000173e-05 5.521591000000000173e-05 5.521591000000000173e-05 5.521591000000000173e-05 5.521591000000000173e-05 5.521591000000000173e-05 5.521591000000000173e-05 5.521591000000000173e-05 5.521591000000000173e-05 5.521591000000000173e-05 5.521591000000000173e-05
5.521591000000000173e-05 5.521591000000000173e-05 5.521591000000000173e-05 5.521591000000000173e-05 5.521591000000000173e-05 5.521591000000000173e-05 5.521591000000000173e-05 5.521591000000000173e-05 5.521591000000000173e-05 5.521591000000000173e-05 5.521591000000000173e-05 5.521591000000000173e-05 5.521591000000000173e-05 5.521591000000000173e-05 5.521591000000000173e-05 5.521591000000000173e-05 5.521591000000000173e-05 5.521591000000000173e-05 5.521591000000000173e-05 5.521591000000000173e-05
5.521591000000000173e-05 5.521591000000000173e-05 5.521591000000000173e-05 5.521591000000000173e-05 5.521591000000000173e-05 5.521591000000000173e-05 5.521591000000000173e-05 5.521591000000000173e-05 5.521591000000000173e-05 5.521591000000000173e-05 5.521591000000000173e-05 5.521591000000000173e-05 5.521591000000000173e-05 5.521591000000000173e-05 5.521591000000000173e-05 5.521591000000000173e-05 5.521591000000000173e-05 5.521591000000000173e-05 5.521591000000000173e-05 5.521591000000000173e-05
5.521591000000000173e-05 5.521591000000000173e-05 5.521591000000000173e-05 5.521591000000000173e-05 5.521591000000000173e-05 5.521591000000000173e-05 5.521591000000000173e-05 5.521591000000000173e-05 5.521591000000000173e-05 5.521591000000000173e-05 5.521591000000000173e-05 5.521591000000000173e-05 5.521591000000000173e-05 5.521591000000000173e-05 5.521591000000000173e-05 5.521591000000000173e-05 5.521591000000000173e-05 5.521591000000000173e-05 5.521591000000000173e-05 5.521591000000000173e-05
5.521591000000000173e-05 5.521591000000000173e-05 5.521591000000000173e-05 5.521591000000000173e-05 5.521591000000000173e-05 5.521591000000000173e-05 5.521591000000000173e-05 5.521591000000000173e-05 5.521591000000000173e-05 5.521591000000000173e-05 5.521591000000000173e-05 5.521591000000000173e-05 5.521591000000000173e-05 5.521591000000000173e-05 5.521591000000000173e-05 5.521591000000000173e-05 5.521591000000000173e-05 5.521591000000000173e-05 5.521591000000000173e-05 5.521591000000000173e-05
5.521591000000000173e-05 5.521591000000000173e-05 5.521591000000000173e-05 5.521591000000000173e-05 5.521591000000000173e-05 5.521591000000000173e-05 5.521591000000000173e-05 5.521591000000000173e-05 5.521591000000000173e-05 5.521591000000000173e-05 5.521591000000000173e-05 5.521591000000000173e-05 5.521591000000000173e-05 5.521591000000000173e-05 5.521591000000000173e-05 5.521591000000000173e-05 5.521591000000000173e-05 5.521591000000000173e-05 5.521591000000000173e-05 5.521591000000000173e-05
5.521591000000000173e-05 5.521591000000000173e-05 5.521591000000000173e-05 5.521591000000000173e-05 5.521591000000000173e-05 5.521591000000000173e-05 5.521591000000000173e-05 5.521591000000000173e-05 5.521591000000000173e-05 5.521591000000000173e-05 5.521591000000000173e-05 5.521591000000000173e-05 5.521591000000000173e-05 5.521591000000000173e-05 5.521591000000000173e-05 5.521591000000000173e-05 5.521591000000000173e-05 5.521591000000000173e-05 5.521591000000000173e-05 5.521591000000000173e-05
5.521591000000000173e-05 5.521591000000000173e-05 5.521591000000000173e-05 5.521591000000000173e-05 5.521591000000000173e-05 5.521591000000000173e-05 5.521591000000000173e-05 5.521591000000000173e-05 5.521591000000000173e-05 5.521591000000000173e-05 5.521591000000000173e-05 5.521591000000000173e-05 5.521591000000000173e-05 5.521591000000000173e-05 5.521591000000000173e-05 5.521591000000000173e-05 5.521591000000000173e-05 5.521591000000000173e-05 5.521591000000000173e-05 5.521591000000000173e-05
5.521591000000000173e-05 5.521591000000000173e-05 5.521591000000000173e-05 5.521591000000000173e-05 5.521591000000000173e-05 5.521591000000000173e-05 5.521591000000000173e-05 5.521591000000000173e-05 5.521591000000000173e-05 5.521591000000000173e-05 5.521591000000000173e-05 5.521591000000000173e-05 5.521591000000000173e-05 5.521591000000000173e-05 5.521591000000000173e-05 5.521591000000000173e-05 5.521591000000000173e-05 5.521591000000000173e-05 5.521591000000000173e-05 5.521591000000000173e-05
5.521591000000000173e-05 5.521591000000000173e-05 5.521591000000000173e-05 5.521591000000000173e-05 5.521591000000000173e-05 5.521591000000000173e-05 5.521591000000000173e-05 5.521591000000000173e-05 5.521591000000000173e-05 5.521591000000000173e-05 5.521591000000000173e-05 5.521591000000000173e-05 5.521591000000000173e-05 5.521591000000000173e-05 5.521591000000000173e-05 5.521591000000000173e-05 5.521591000000000173e-05 5.521591000000000173e-05 5.521591000000000173e-05 5.521591000000000173e-05
5.521591000000000173e-05 5.521591000000000173e-05 5.521591000000000173e-05 5.521591000000000173e-05 5.521591000000000173e-05 5.521591000000000173e-05 5.521591000000000173e-05 5.521591000000000173e-05 5.521591000000000173e-05 5.521591000000000173e-05 5.521591000000000173e-05 5.521591000000000173e-05 5.521591000000000173e-05 5.521591000000000173e-05 5.521591000000000173e-05 5.521591000000000173e-05 5.521591000000000173e-05 5.521591000000000173e-05 5.521591000000000173e-05 5.521591000000000173e-05
5.521591000000000173e-05 5.521591000000000173e-05 5.521591000000000173e-05 5.521591000000000173e-05 5.521591000000000173e-05 5.521591000000000173e-05 5.521591000000000173e-05 5.521591000000000173e-05 5.521591000000000173e-05 5.521591000000000173e-05 5.521591000000000173e-05 5.521591000000000173e-05 5.521591000000000173e-05 5.521591000000000173e-05 5.521591000000000173e-05 5.521591000000000173e-05 5.521591000000000173e-05 5.521591000000000173e-05 5.521591000000000173e-05 5.521591000000000173e-05
5.521591000000000173e-05 5.521591000000000173e-05 5.521591000000000173e-05 5.521591000000000173e-05 5.521591000000000173e-05 5.521591000000000173e-05 5.521591000000000173e-05 5.521591000000000173e-05 5.521591000000000173e-05 5.521591000000000173e-05 5.521591000000000173e-05 5.521591000000000173e-05 5.521591000000000173e-05 5.521591000000000173e-05 5.521591000000000173e-05 5.521591000000000173e-05 5.521591000000000173e-05 5.521591000000000173e-05 5.521591000000000173e-05 5.521591000000000173e-05
5.521591000000000173e-05 5.521591000000000173e-05 5.521591000000000173e-05 5.521591000000000173e-05 5.521591000000000173e-05 5.521591000000000173e-05 5.521591000000000173e-05 5.521591000000000173e-05 5.521591000000000173e-05 5.521591000000000173e-05 5.521591000000000173e-05 5.521591000000000173e-05 5.521591000000000173e-05 5.521591000000000173e-05 5.521591000000000173e-05 5.521591000000000173e-05 5.521591000000000173e-05 5.521591000000000173e-05 5.521591000000000173e-05 5.521591000000000173e-05
5.521591000000000173e-05 5.521591000000000173e-05 5.521591000000000173e-05 5.521591000000000173e-05 5.521591000000000173e-05 5.521591000000000173e-05 5.521591000000000173e-05 5.521591000000000173e-05 5.521591000000000173e-05 5.521591000000000173e-05 5.521591000000000173e-05 5.521591000000000173e-05 5.521591000000000173e-05 5.521591000000000173e-05 5.521591000000000173e-05 5.521591000000000173e-05 5.521591000000000173e-05 5.521591000000000173e-05 5.521591000000000173e-05 5.521591000000000173e-05
5.521591000000000173e-05 5.521591000000000173e-05 5.521591000000000173e-05 5.521591000000000173e-05 5.521591000000000173e-05 5.521591000000000173e-05 5.521591000000000173e-05 5.521591000000000173e-05 5.521591000000000173e-05 5.521591000000000173e-05 5.521591000000000173e-05 5.521591000000000173e-05 5.521591000000000173e-05 5.521591000000000173e-05 5.521591000000000173e-05 5.521591000000000173e-05 5.521591000000000173e-05 5.521591000000000173e-05 5.521591000000000173e-05 5.521591000000000173e-05
5.521591000000000173e-05 5.521591000000000173e-05 5.521591000000000173e-05 5.521591000000000173e-05 5.521591000000000173e-05 5.521591000000000173e-05 5.521591000000000173e-05 5.521591000000000173e-05 5.521591000000000173e-05 5.521591000000000173e-05 5.521591000000000173e-05 5.521591000000000173e-05 5.521591000000000173e-05 5.521591000000000173e-05 5.521591000000000173e-05 5.521591000000000173e-05 5.521591000000000173e-05 5.521591000000000173e-05 5.521591000000000173e-05 5.521591000000000173e-05
5.521591000000000173e-05 5.521591000000000173e-05 5.521591000000000173e-05 5.521591000000000173e-05 5.521591000000000173e-05 5.521591000000000173e-05 5.521591000000000173e-05 5.521591000000000173e-05 5.521591000000000173e-05 5.521591000000000173e-05 5.521591000000000173e-05 5.521591000000000173e-05 5.521591000000000173e-05 5.521591000000000173e-05 5.521591000000000173e-05 5.521591000000000173e-05 5.521591000000000173e-05 5.521591000000000173e-05 5.521591000000000173e-05 5.521591000000000173e-05
