   6.081736E-05   6.166813E-05   1.032966E-04   1.464394E-04   1.586869E-04   1.306692E-04   5.606817E-05   5.085517E-05   3.510757E-05   5.683221E-05   7.029763E-05   9.342847E-05   9.192047E-05   8.956056E-05   9.034143E-05   2.475900E-05   2.579108E-05   4.051709E-05   4.194124E-05   5.846830E-05
   1.208909E-04   1.469340E-04   1.595505E-04   1.384955E-04   1.518418E-04   9.896364E-05   6.783108E-05   6.691584E-05   6.190225E-05   7.616844E-05   8.100803E-05   1.181650E-04   1.127414E-04   7.369464E-05   7.064445E-05   7.064384E-05   5.387056E-05   5.759091E-05   4.346929E-05   4.481870E-05
   1.377467E-04   1.546861E-04   2.000000E-04   2.000000E-04   2.000000E-04   1.078576E-04   5.703306E-05   5.627757E-05   5.567485E-05   1.042072E-04   1.362145E-04   1.004860E-04   1.433624E-04   1.081664E-04   5.949388E-05   6.953995E-05   6.092311E-05   5.400971E-05   4.963167E-05   6.982018E-05
   1.602837E-04   2.000000E-04   2.000000E-04   2.000000E-04   2.000000E-04   1.632848E-04   9.041271E-05   1.008692E-04   1.005294E-04   9.404578E-05   1.676215E-04   8.946093E-05   1.200621E-04   7.782000E-05   8.658310E-05   4.204520E-05   4.264946E-05   3.468447E-05   4.403249E-05   5.088574E-05
   1.331194E-04   2.000000E-04   1.639764E-04   1.920112E-04   1.519808E-04   1.337479E-04   1.037738E-04   1.018060E-04   8.248809E-05   7.229831E-05   6.930504E-05   4.763744E-05   6.555580E-05   4.040708E-05   3.349809E-05   5.596024E-05   3.447000E-05   3.213244E-05   4.073546E-05   5.145089E-05
   1.471770E-04   1.635414E-04   1.946584E-04   1.651307E-04   1.223134E-04   1.259858E-04   1.051123E-04   4.476440E-05   5.699312E-05   5.334803E-05   5.902901E-05   4.274191E-05   3.306391E-05   4.329978E-05   2.211187E-05   5.487392E-05   3.754243E-05   4.385481E-05   4.811389E-05   2.250424E-05
   1.237547E-04   1.247160E-04   1.377509E-04   1.392327E-04   8.980838E-05   9.893718E-05   7.113517E-05   3.713542E-05   6.651663E-05   4.827920E-05   3.209968E-05   4.789986E-05   4.212969E-05   3.486438E-05   3.062300E-05   3.569726E-05   4.847140E-05   5.748670E-05   5.446138E-05   5.030951E-05
   1.058487E-04   7.470163E-05   1.078149E-04   1.064274E-04   5.829501E-05   7.805380E-05   3.373528E-05   5.966904E-05   5.577300E-05   5.921790E-05   5.531713E-05   4.592008E-05   3.961210E-05   2.914177E-05   3.435898E-05   4.449038E-05   4.908450E-05   6.892548E-05   7.065328E-05   7.265604E-05
   8.590758E-05   8.220265E-05   5.292120E-05   5.369611E-05   5.875200E-05   5.875200E-05   5.875200E-05   4.656374E-05   4.789854E-05   4.035112E-05   6.212710E-05   6.483576E-05   3.282048E-05   3.072520E-05   4.750273E-05   3.548742E-05   4.311964E-05   2.257279E-05   4.878642E-05   5.949964E-05
   7.336712E-05   4.234823E-05   3.876769E-05   2.669504E-05   5.875200E-05   5.875200E-05   5.875200E-05   5.875200E-05   2.362727E-05   3.145096E-05   3.041165E-05   3.220937E-05   3.202130E-05   2.796142E-05   2.913666E-05   3.144137E-05   2.378201E-05   2.747880E-05   2.986263E-05   4.295409E-05
   4.973766E-05   3.378177E-05   2.645249E-05   2.455277E-05   5.875200E-05   5.875200E-05   5.875200E-05   5.875200E-05   2.000000E-05   2.000000E-05   2.057310E-05   3.079727E-05   4.101266E-05   3.627285E-05   2.508848E-05   2.000000E-05   2.000000E-05   2.198757E-05   2.840749E-05   3.774722E-05
   4.261779E-05   2.765043E-05   2.539365E-05   2.000000E-05   5.875200E-05   5.875200E-05   5.875200E-05   5.875200E-05   2.578209E-05   2.000000E-05   2.350717E-05   2.940136E-05   3.556733E-05   2.863460E-05   2.000000E-05   2.000000E-05   2.000000E-05   2.000000E-05   2.000000E-05   3.189062E-05
   3.079618E-05   2.508831E-05   2.846666E-05   2.462974E-05   5.875200E-05   5.875200E-05   5.875200E-05   5.875200E-05   2.000000E-05   2.000000E-05   2.000000E-05   2.000000E-05   2.575403E-05   2.000000E-05   2.700530E-05   2.000000E-05   2.000000E-05   2.000000E-05   2.000000E-05   2.310637E-05
   5.125037E-05   2.360318E-05   2.000000E-05   2.902810E-05   5.875200E-05   5.875200E-05   5.875200E-05   5.875200E-05   2.000000E-05   2.000000E-05   4.016466E-05   2.360623E-05   2.194228E-05   2.049510E-05   2.000000E-05   2.000000E-05   2.000000E-05   2.000000E-05   2.000000E-05   3.175220E-05
   4.655661E-05   2.803127E-05   2.000000E-05   2.965839E-05   5.875200E-05   5.875200E-05   5.875200E-05   5.875200E-05   2.000000E-05   2.000000E-05   2.506026E-05   2.412849E-05   2.000000E-05   2.000000E-05   2.000000E-05   2.000000E-05   2.000000E-05   2.000000E-05   2.000000E-05   2.000000E-05
   3.244454E-05   3.304226E-05   4.560300E-05   2.631920E-05   5.875200E-05   5.875200E-05   5.875200E-05   5.875200E-05   2.000000E-05   2.028137E-05   2.000000E-05   2.000000E-05   2.000000E-05   2.000000E-05   2.142982E-05   2.000000E-05   2.000000E-05   2.000000E-05   2.000000E-05   2.000000E-05
   3.522243E-05   3.164292E-05   2.835801E-05   2.095318E-05   5.875200E-05   5.875200E-05   5.875200E-05   5.875200E-05   2.000000E-05   2.000000E-05   2.000000E-05   2.246959E-05   2.000000E-05   2.000000E-05   2.076144E-05   2.000000E-05   2.000000E-05   2.000000E-05   2.223973E-05   2.000000E-05
   4.459266E-05   5.316197E-05   2.773970E-05   2.000000E-05   5.875200E-05   5.875200E-05   5.875200E-05   5.875200E-05   2.000000E-05   2.000000E-05   2.000000E-05   2.929815E-05   2.051432E-05   2.631333E-05   2.000000E-05   2.000000E-05   2.000000E-05   2.000000E-05   2.693694E-05   2.000000E-05
   5.038898E-05   4.321249E-05   3.125984E-05   2.996810E-05   5.875200E-05   5.875200E-05   5.875200E-05   5.875200E-05   2.080180E-05   2.000000E-05   2.642387E-05   2.495031E-05   2.000000E-05   2.000000E-05   2.000000E-05   2.000000E-05   2.000000E-05   2.000000E-05   2.503240E-05   2.889784E-05
   3.294595E-05   5.041648E-05   4.243980E-05   2.983652E-05   5.875200E-05   5.875200E-05   5.875200E-05   5.875200E-05   2.884204E-05   2.651601E-05   2.966848E-05   2.754056E-05   2.063960E-05   2.000000E-05   2.000000E-05   2.469604E-05   2.184949E-05   2.814764E-05   2.000000E-05   3.226918E-05
   3.712335E-05   6.594660E-05   5.437068E-05   4.378726E-05   5.875200E-05   5.875200E-05   5.875200E-05   5.875200E-05   2.000000E-05   3.283182E-05   2.871692E-05   2.609570E-05   2.000000E-05   2.000000E-05   2.123695E-05   2.000000E-05   2.605365E-05   2.375889E-05   2.472671E-05   2.280942E-05
   2.903317E-05   3.760966E-05   3.556666E-05   3.592868E-05   5.875200E-05   5.875200E-05   2.000000E-05   2.656793E-05   2.932776E-05   3.428621E-05   3.040856E-05   2.101437E-05   2.000000E-05   2.000000E-05   2.046176E-05   2.251218E-05   3.684548E-05   2.880564E-05   2.370602E-05   2.787704E-05
   4.399014E-05   4.000559E-05   2.831395E-05   4.519717E-05   4.028024E-05   5.875200E-05   2.000000E-05   2.000000E-05   2.312275E-05   2.536023E-05   2.445360E-05   2.842074E-05   2.670079E-05   2.000000E-05   2.300835E-05   2.262592E-05   4.780799E-05   5.189654E-05   2.815080E-05   2.761752E-05
   3.616009E-05   2.506431E-05   2.236371E-05   2.894472E-05   2.000000E-05   2.000000E-05   2.000000E-05   2.374410E-05   3.566606E-05   2.986972E-05   3.097964E-05   3.184868E-05   3.633081E-05   2.295084E-05   2.886029E-05   4.740655E-05   3.631971E-05   4.941568E-05   3.997103E-05   3.154078E-05
   2.546070E-05   2.209737E-05   3.514733E-05   3.020221E-05   2.000000E-05   2.000000E-05   2.850791E-05   4.047637E-05   3.819042E-05   2.571630E-05   2.840817E-05   5.275620E-05   7.392742E-05   7.736294E-05   5.586012E-05   6.546019E-05   3.196964E-05   2.505510E-05   2.582987E-05   2.906390E-05
   2.000000E-05   2.103787E-05   4.785835E-05   4.491064E-05   2.062861E-05   2.000000E-05   2.464741E-05   2.295618E-05   2.392410E-05   3.918081E-05   4.518477E-05   4.770187E-05   9.820387E-05   9.004467E-05   6.787854E-05   7.845686E-05   6.306339E-05   3.644109E-05   3.805997E-05   5.307806E-05
   5.379536E-05   3.289574E-05   4.788063E-05   2.951115E-05   2.000000E-05   2.000000E-05   2.333933E-05   2.000000E-05   2.000000E-05   4.125641E-05   5.820593E-05   6.872947E-05   6.388041E-05   5.139974E-05   6.319960E-05   6.462902E-05   6.376228E-05   4.216685E-05   5.522824E-05   4.313964E-05
   3.527445E-05   2.498651E-05   4.068671E-05   4.659970E-05   2.580371E-05   3.063196E-05   3.220726E-05   3.350557E-05   3.004158E-05   3.593510E-05   4.704423E-05   3.442883E-05   4.039656E-05   3.595523E-05   4.013835E-05   5.136916E-05   4.478427E-05   4.229473E-05   5.406956E-05   3.377356E-05
   2.845207E-05   3.797912E-05   3.232237E-05   4.409044E-05   2.332636E-05   3.478842E-05   4.752094E-05   3.231172E-05   2.609507E-05   3.966512E-05   3.934211E-05   4.284719E-05   2.106116E-05   3.143419E-05   3.915038E-05   3.739767E-05   3.407751E-05   3.550368E-05   3.472716E-05   4.104926E-05
   2.000000E-05   2.000000E-05   3.070166E-05   2.657404E-05   2.456924E-05   2.000000E-05   2.356624E-05   2.000000E-05   2.000000E-05   3.343506E-05   2.647052E-05   2.163284E-05   2.848568E-05   3.029622E-05   2.384311E-05   4.005597E-05   4.365318E-05   3.245082E-05   2.000000E-05   3.888412E-05
   2.889510E-05   2.065816E-05   2.000000E-05   2.000000E-05   2.000000E-05   2.000000E-05   2.000000E-05   2.000000E-05   2.000000E-05   2.171044E-05   2.632561E-05   2.004194E-05   2.657073E-05   3.040503E-05   2.424925E-05   4.030789E-05   4.617924E-05   2.408869E-05   4.688476E-05   3.773560E-05
   2.000000E-05   2.914967E-05   2.000000E-05   2.000000E-05   2.000000E-05   2.000000E-05   2.000000E-05   2.000000E-05   2.000000E-05   2.000000E-05   2.000000E-05   2.000000E-05   2.853383E-05   3.880807E-05   4.704939E-05   3.863969E-05   2.156172E-05   4.004292E-05   3.577774E-05   2.853007E-05
   5.875200E-05   2.855078E-05   2.000000E-05   2.000000E-05   2.000000E-05   2.000000E-05   2.000000E-05   2.000000E-05   2.208219E-05   2.000000E-05   2.013676E-05   2.000000E-05   2.000000E-05   4.772218E-05   4.287898E-05   2.973171E-05   4.755053E-05   2.930206E-05   2.743828E-05   2.399676E-05
   5.875200E-05   5.875200E-05   2.000000E-05   2.000000E-05   2.000000E-05   2.000000E-05   2.000000E-05   2.695861E-05   2.000000E-05   2.647200E-05   2.000000E-05   2.000000E-05   2.000000E-05   3.329969E-05   5.268131E-05   6.555207E-05   6.536471E-05   3.916362E-05   2.862812E-05   3.190385E-05
   5.875200E-05   5.875200E-05   5.875200E-05   2.000000E-05   2.000000E-05   2.000000E-05   2.000000E-05   2.000000E-05   2.000000E-05   2.000000E-05   2.000000E-05   2.036643E-05   2.000000E-05   2.857054E-05   6.915445E-05   6.880634E-05   5.442073E-05   6.108179E-05   4.124817E-05   3.340737E-05
   5.875200E-05   5.875200E-05   5.875200E-05   5.875200E-05   2.000000E-05   2.000000E-05   2.000000E-05   2.000000E-05   2.000000E-05   2.171528E-05   2.128159E-05   2.184758E-05   2.000000E-05   2.563041E-05   5.708361E-05   6.711691E-05   7.563783E-05   6.276442E-05   3.174874E-05   5.875200E-05
   5.875200E-05   5.875200E-05   5.875200E-05   5.875200E-05   2.000000E-05   2.000000E-05   2.000000E-05   2.000000E-05   2.000000E-05   2.199845E-05   2.946672E-05   2.573274E-05   2.000000E-05   2.000000E-05   2.487203E-05   5.004686E-05   6.973233E-05   8.187050E-05   5.758889E-05   5.875200E-05
   5.875200E-05   5.875200E-05   5.875200E-05   5.875200E-05   5.875200E-05   2.060099E-05   2.000000E-05   2.000000E-05   2.000000E-05   2.000000E-05   3.102751E-05   4.004998E-05   3.636639E-05   2.143601E-05   2.000000E-05   3.679886E-05   3.841119E-05   4.260982E-05   5.875200E-05   5.875200E-05
   5.875200E-05   5.875200E-05   5.875200E-05   5.875200E-05   5.875200E-05   2.000000E-05   2.000000E-05   2.000000E-05   2.163173E-05   2.851741E-05   3.697157E-05   4.408512E-05   3.865876E-05   2.464320E-05   2.000000E-05   3.331516E-05   3.043907E-05   5.875200E-05   5.875200E-05   5.875200E-05
   5.875200E-05   5.875200E-05   5.875200E-05   5.875200E-05   5.875200E-05   2.000000E-05   2.000000E-05   2.000000E-05   2.009308E-05   4.008611E-05   3.944730E-05   5.666202E-05   4.538595E-05   4.100820E-05   2.624815E-05   2.342442E-05   5.875200E-05   5.875200E-05   5.875200E-05   5.875200E-05
