   7.224237E-05   1.548571E-04   1.237688E-04   9.516635E-05   1.040940E-04   1.506853E-04   8.367355E-05   1.016642E-04   7.965863E-05   4.685314E-05   3.984012E-05   3.772793E-05   4.993990E-05   6.716301E-05   8.852571E-05   5.256117E-05   4.814070E-05   6.950369E-05   5.942511E-05   5.721863E-05
   4.280891E-05   1.042632E-04   1.960616E-04   1.305526E-04   1.807971E-04   1.593881E-04   1.819334E-04   1.128573E-04   6.370395E-05   3.628304E-05   3.787805E-05   3.618181E-05   5.286087E-05   6.628151E-05   5.904057E-05   7.244387E-05   5.106611E-05   4.674327E-05   6.804792E-05   5.351960E-05
   4.104394E-05   6.483503E-05   9.894029E-05   1.376197E-04   1.326805E-04   2.000000E-04   1.802480E-04   9.487420E-05   6.121761E-05   3.995830E-05   3.252429E-05   3.082787E-05   4.693565E-05   5.697557E-05   6.872187E-05   8.456345E-05   7.493486E-05   8.312554E-05   6.072295E-05   5.647111E-05
   5.878946E-05   7.715664E-05   6.875154E-05   8.540810E-05   1.224606E-04   1.999204E-04   1.916565E-04   1.054409E-04   6.041955E-05   4.124747E-05   4.718036E-05   3.391655E-05   3.621262E-05   4.556353E-05   6.556365E-05   6.215277E-05   4.822387E-05   6.083813E-05   5.231612E-05   4.582593E-05
   5.095528E-05   7.102738E-05   5.428836E-05   6.389332E-05   6.253066E-05   1.213311E-04   9.686733E-05   8.135412E-05   5.117353E-05   3.434348E-05   6.635260E-05   3.622425E-05   5.002618E-05   5.631160E-05   8.824112E-05   8.032340E-05   5.226516E-05   3.947122E-05   3.558717E-05   5.823862E-05
   3.682917E-05   5.301163E-05   6.857547E-05   6.691294E-05   8.445370E-05   1.148393E-04   1.422415E-04   1.142699E-04   1.028531E-04   6.608518E-05   5.380920E-05   5.886068E-05   5.457029E-05   7.085035E-05   7.884118E-05   3.924041E-05   2.937947E-05   3.091129E-05   4.335448E-05   3.615853E-05
   2.043980E-05   3.988636E-05   4.356113E-05   5.376896E-05   1.169960E-04   8.017707E-05   1.856480E-04   2.000000E-04   1.305085E-04   7.094213E-05   3.801340E-05   4.037340E-05   4.731580E-05   5.543278E-05   2.360034E-05   4.280267E-05   4.154006E-05   5.231772E-05   6.420245E-05   5.292328E-05
   2.641035E-05   3.377751E-05   4.071611E-05   3.450062E-05   4.447948E-05   8.309948E-05   1.388645E-04   1.323651E-04   1.323189E-04   1.173571E-04   4.795223E-05   4.227622E-05   3.851118E-05   2.493273E-05   2.815559E-05   4.920857E-05   6.656964E-05   7.056101E-05   1.147632E-04   5.949506E-05
   2.000000E-05   2.250819E-05   2.177223E-05   2.364786E-05   2.080315E-05   2.080315E-05   2.080315E-05   1.075195E-04   1.101576E-04   1.409521E-04   6.900105E-05   6.601206E-05   5.252135E-05   3.543518E-05   5.138138E-05   3.889817E-05   7.299038E-05   1.023157E-04   1.008702E-04   4.851118E-05
   2.000000E-05   2.063774E-05   2.095294E-05   2.409625E-05   2.080315E-05   2.080315E-05   2.080315E-05   2.080315E-05   1.086143E-04   7.273262E-05   1.176041E-04   9.712681E-05   9.172619E-05   4.637885E-05   8.015034E-05   6.661147E-05   6.399325E-05   5.345955E-05   3.880509E-05   3.348437E-05
   2.000000E-05   2.000000E-05   2.000000E-05   2.000000E-05   2.080315E-05   2.080315E-05   2.080315E-05   2.080315E-05   4.268835E-05   4.742591E-05   5.965975E-05   6.703985E-05   5.684188E-05   5.733117E-05   4.480338E-05   3.986032E-05   5.459056E-05   4.726288E-05   3.080658E-05   2.374554E-05
   2.000000E-05   2.000000E-05   2.000000E-05   2.000000E-05   2.080315E-05   2.080315E-05   2.080315E-05   2.080315E-05   3.102579E-05   2.606186E-05   3.354555E-05   5.568156E-05   3.942115E-05   4.572124E-05   2.846673E-05   3.925691E-05   4.291224E-05   2.352790E-05   4.751832E-05   3.040058E-05
   2.659186E-05   3.020856E-05   2.000000E-05   2.000000E-05   2.080315E-05   2.080315E-05   2.080315E-05   2.080315E-05   3.506188E-05   4.257656E-05   3.154831E-05   2.260832E-05   3.169341E-05   3.184362E-05   3.196037E-05   3.380098E-05   3.384578E-05   2.690517E-05   3.349192E-05   4.162710E-05
   4.933072E-05   4.317372E-05   3.266582E-05   2.000000E-05   2.080315E-05   2.080315E-05   2.080315E-05   2.080315E-05   3.647962E-05   3.907540E-05   2.493146E-05   3.182959E-05   2.511110E-05   3.293264E-05   3.212883E-05   4.096122E-05   3.613982E-05   7.180606E-05   4.982566E-05   3.195321E-05
   4.198448E-05   4.475120E-05   3.406607E-05   2.000000E-05   2.080315E-05   2.080315E-05   2.080315E-05   2.080315E-05   4.227680E-05   3.459912E-05   2.837029E-05   2.259389E-05   3.285202E-05   2.938062E-05   2.239854E-05   3.660356E-05   4.252642E-05   4.437538E-05   3.559742E-05   3.054194E-05
   4.964713E-05   3.958337E-05   2.856351E-05   2.000000E-05   2.080315E-05   2.080315E-05   2.080315E-05   2.080315E-05   4.258866E-05   3.219981E-05   3.883888E-05   6.325245E-05   3.110786E-05   4.082880E-05   3.000242E-05   5.497995E-05   7.365234E-05   4.394941E-05   2.863874E-05   6.221264E-05
   5.605468E-05   3.145818E-05   3.647004E-05   2.499601E-05   2.080315E-05   2.080315E-05   2.080315E-05   2.080315E-05   2.647954E-05   3.505777E-05   4.162976E-05   2.535712E-05   3.720026E-05   4.759929E-05   6.125094E-05   4.746807E-05   1.042716E-04   7.146198E-05   5.140964E-05   8.454859E-05
   6.333072E-05   3.181874E-05   3.779882E-05   2.295768E-05   2.080315E-05   2.080315E-05   2.080315E-05   2.080315E-05   3.515972E-05   4.753120E-05   2.191601E-05   2.000000E-05   2.226076E-05   2.832376E-05   4.280135E-05   6.265745E-05   1.059555E-04   9.592303E-05   8.507111E-05   6.625854E-05
   6.072934E-05   5.293058E-05   4.292323E-05   3.091435E-05   2.080315E-05   2.080315E-05   2.080315E-05   2.080315E-05   2.339628E-05   3.125329E-05   3.289990E-05   2.022045E-05   2.402535E-05   2.821412E-05   3.223706E-05   5.200837E-05   8.364132E-05   1.731477E-04   9.956667E-05   1.187464E-04
   8.882286E-05   7.026929E-05   4.920258E-05   4.003701E-05   2.080315E-05   2.080315E-05   2.080315E-05   2.080315E-05   2.000000E-05   4.670733E-05   2.895602E-05   2.589545E-05   3.092879E-05   3.612008E-05   2.780137E-05   5.467545E-05   7.155413E-05   8.447957E-05   1.020053E-04   7.033196E-05
   8.674082E-05   5.832395E-05   4.632392E-05   4.567336E-05   2.080315E-05   2.080315E-05   2.080315E-05   2.080315E-05   2.000000E-05   3.091177E-05   2.434041E-05   3.034945E-05   3.034467E-05   3.311641E-05   3.607791E-05   7.329099E-05   4.960990E-05   4.105020E-05   1.170836E-04   1.151806E-04
   5.285381E-05   3.658657E-05   2.617642E-05   3.323953E-05   2.080315E-05   2.080315E-05   2.127180E-05   2.000000E-05   2.000000E-05   2.199098E-05   2.000000E-05   3.470222E-05   2.793806E-05   4.164824E-05   4.789420E-05   8.774335E-05   6.383661E-05   7.214837E-05   8.047168E-05   8.582264E-05
   5.428253E-05   4.518408E-05   5.691288E-05   6.786904E-05   8.791742E-05   2.080315E-05   3.254251E-05   2.000000E-05   2.784105E-05   3.094977E-05   2.192739E-05   4.311692E-05   5.309472E-05   4.331704E-05   5.694060E-05   7.345793E-05   4.540566E-05   7.327726E-05   6.281400E-05   5.789026E-05
   3.918714E-05   5.802063E-05   6.496427E-05   7.929143E-05   6.414422E-05   3.174170E-05   3.676524E-05   4.367591E-05   4.385133E-05   3.223266E-05   2.598499E-05   4.355327E-05   3.854414E-05   7.694055E-05   5.344645E-05   5.076758E-05   3.741739E-05   4.714427E-05   2.610936E-05   3.258174E-05
   2.274544E-05   5.296201E-05   1.075205E-04   9.624039E-05   5.796536E-05   4.418490E-05   4.781714E-05   8.111006E-05   3.957085E-05   3.440533E-05   3.972390E-05   5.507280E-05   5.090483E-05   3.939499E-05   5.794022E-05   6.627590E-05   4.534998E-05   5.905424E-05   3.544735E-05   2.000000E-05
   3.064958E-05   4.712766E-05   7.495830E-05   7.531638E-05   6.605628E-05   5.453289E-05   4.529788E-05   5.808889E-05   4.492411E-05   5.934574E-05   3.672746E-05   4.267440E-05   6.169008E-05   5.522663E-05   8.448395E-05   9.484936E-05   6.604413E-05   3.128827E-05   3.956863E-05   2.820645E-05
   5.332735E-05   4.327441E-05   5.299807E-05   6.625292E-05   1.041530E-04   1.179981E-04   1.302727E-04   7.245454E-05   8.144903E-05   4.358814E-05   3.197923E-05   4.945830E-05   8.071943E-05   1.001224E-04   9.239263E-05   4.433589E-05   4.213420E-05   2.890579E-05   3.123544E-05   4.098451E-05
   6.365190E-05   6.773781E-05   5.018085E-05   6.261206E-05   1.132810E-04   1.318442E-04   1.276922E-04   7.060364E-05   7.809328E-05   6.168633E-05   4.266957E-05   7.548224E-05   1.110776E-04   8.742627E-05   6.076972E-05   4.611616E-05   3.293755E-05   3.446140E-05   4.669483E-05   4.640050E-05
   5.012004E-05   6.085904E-05   3.298068E-05   5.962553E-05   1.244975E-04   1.324008E-04   1.484119E-04   7.731870E-05   5.230935E-05   5.348653E-05   6.072524E-05   8.491561E-05   9.087725E-05   1.027822E-04   8.488428E-05   5.669664E-05   4.833387E-05   5.945528E-05   5.558611E-05   9.728506E-05
   3.164873E-05   3.044656E-05   3.306880E-05   6.145014E-05   1.352119E-04   1.500004E-04   9.157373E-05   5.615345E-05   7.057857E-05   4.843950E-05   5.612652E-05   7.563752E-05   9.334215E-05   9.130612E-05   7.407863E-05   6.742918E-05   5.553081E-05   3.961852E-05   6.876973E-05   5.181108E-05
   3.908068E-05   2.488356E-05   3.624211E-05   6.203384E-05   1.894976E-04   1.246497E-04   2.000000E-04   1.027473E-04   1.471086E-04   6.474011E-05   4.721450E-05   4.289455E-05   5.912595E-05   7.336176E-05   6.363674E-05   4.993649E-05   6.020375E-05   4.054311E-05   5.090653E-05   6.981946E-05
   4.287175E-05   2.000000E-05   3.894000E-05   9.175830E-05   1.917285E-04   2.000000E-04   1.850355E-04   1.174188E-04   1.103567E-04   7.150769E-05   3.460421E-05   3.313363E-05   2.579186E-05   3.153301E-05   3.827002E-05   4.562348E-05   5.226042E-05   5.608570E-05   6.509914E-05   7.216156E-05
   2.080315E-05   2.482453E-05   7.581805E-05   1.155734E-04   1.937769E-04   1.398160E-04   1.318645E-04   1.174489E-04   7.484097E-05   4.749498E-05   4.257283E-05   3.212309E-05   2.323792E-05   2.920609E-05   4.231401E-05   3.288629E-05   4.350087E-05   6.354872E-05   7.684529E-05   8.060171E-05
   2.080315E-05   2.080315E-05   7.107776E-05   1.295584E-04   1.311858E-04   7.723431E-05   1.010058E-04   7.003974E-05   6.954801E-05   5.771076E-05   4.211751E-05   3.339715E-05   2.000000E-05   3.806265E-05   2.989981E-05   3.797941E-05   4.267387E-05   5.095347E-05   4.720929E-05   5.091694E-05
   2.080315E-05   2.080315E-05   2.080315E-05   1.079045E-04   8.632641E-05   6.867935E-05   1.328955E-04   6.455743E-05   5.803275E-05   5.816669E-05   4.517181E-05   2.000000E-05   2.000000E-05   2.000000E-05   2.000000E-05   4.032698E-05   3.830079E-05   3.205944E-05   5.469117E-05   6.248754E-05
   2.080315E-05   2.080315E-05   2.080315E-05   2.080315E-05   6.719467E-05   8.909664E-05   1.025293E-04   8.164485E-05   4.458885E-05   4.466512E-05   3.140603E-05   2.576213E-05   2.000000E-05   2.000000E-05   2.000000E-05   2.630612E-05   3.647256E-05   5.240399E-05   5.308625E-05   2.080315E-05
   2.080315E-05   2.080315E-05   2.080315E-05   2.080315E-05   5.052792E-05   5.222567E-05   6.110385E-05   6.822784E-05   3.310727E-05   2.495190E-05   2.438099E-05   3.065677E-05   3.143288E-05   2.394701E-05   3.099997E-05   4.080083E-05   6.481325E-05   8.291120E-05   6.186180E-05   2.080315E-05
   2.080315E-05   2.080315E-05   2.080315E-05   2.080315E-05   2.080315E-05   4.484216E-05   2.940751E-05   3.833593E-05   3.624747E-05   3.388216E-05   4.048789E-05   3.180750E-05   2.563981E-05   4.119064E-05   4.961468E-05   5.219974E-05   7.582268E-05   1.046678E-04   2.080315E-05   2.080315E-05
   2.080315E-05   2.080315E-05   2.080315E-05   2.080315E-05   2.080315E-05   3.392652E-05   2.813335E-05   2.082081E-05   2.000000E-05   3.594478E-05   3.718616E-05   3.989294E-05   2.306061E-05   2.305622E-05   5.323181E-05   9.075134E-05   7.160291E-05   2.080315E-05   2.080315E-05   2.080315E-05
   2.080315E-05   2.080315E-05   2.080315E-05   2.080315E-05   2.080315E-05   2.549651E-05   2.000000E-05   2.659247E-05   2.110649E-05   3.457842E-05   3.940817E-05   3.106914E-05   2.454028E-05   2.978063E-05   6.125907E-05   4.760873E-05   2.080315E-05   2.080315E-05   2.080315E-05   2.080315E-05
