   1.468983E-04   1.904988E-04   1.894597E-04   1.056212E-04   6.770493E-05   8.635038E-05   9.972320E-05   5.759532E-05   9.428760E-05   1.429011E-04   1.796680E-04   2.000000E-04   2.000000E-04   2.000000E-04   2.000000E-04   2.000000E-04   2.000000E-04   9.141457E-05   1.209821E-04   1.365475E-04
   1.708877E-04   1.184195E-04   1.243222E-04   1.077034E-04   1.030890E-04   1.387133E-04   1.533371E-04   1.276827E-04   1.083026E-04   1.533122E-04   1.992724E-04   2.000000E-04   2.000000E-04   2.000000E-04   2.000000E-04   2.000000E-04   1.608484E-04   1.456127E-04   1.038980E-04   9.161319E-05
   1.759009E-04   9.891274E-05   8.123389E-05   6.296422E-05   1.063537E-04   1.765041E-04   2.000000E-04   2.000000E-04   1.468688E-04   1.208889E-04   1.273169E-04   1.700643E-04   2.000000E-04   2.000000E-04   2.000000E-04   1.821517E-04   1.511838E-04   1.872350E-04   1.224913E-04   1.247471E-04
   1.330168E-04   1.100159E-04   7.766689E-05   7.677372E-05   1.236883E-04   1.842119E-04   1.483008E-04   2.000000E-04   1.532945E-04   1.594948E-04   1.380485E-04   1.711759E-04   1.920299E-04   1.785272E-04   2.000000E-04   1.973532E-04   1.461263E-04   1.595304E-04   1.968594E-04   2.000000E-04
   7.032896E-05   7.394706E-05   5.326007E-05   6.505483E-05   9.622612E-05   7.176424E-05   8.399820E-05   1.267383E-04   2.000000E-04   2.000000E-04   2.000000E-04   2.000000E-04   2.000000E-04   2.000000E-04   2.000000E-04   2.000000E-04   2.000000E-04   2.000000E-04   2.000000E-04   2.000000E-04
   4.125485E-05   2.985201E-05   4.341820E-05   3.940577E-05   7.029366E-05   6.926173E-05   5.035270E-05   1.259930E-04   1.393582E-04   2.000000E-04   2.000000E-04   2.000000E-04   2.000000E-04   2.000000E-04   2.000000E-04   2.000000E-04   2.000000E-04   1.846512E-04   2.000000E-04   2.000000E-04
   3.468968E-05   2.000000E-05   2.276928E-05   3.369820E-05   1.035543E-04   1.010359E-04   9.401450E-05   2.000000E-04   2.000000E-04   2.000000E-04   2.000000E-04   2.000000E-04   2.000000E-04   2.000000E-04   2.000000E-04   2.000000E-04   2.000000E-04   1.967311E-04   2.000000E-04   2.000000E-04
   2.502056E-05   2.201672E-05   2.906547E-05   3.840910E-05   9.429375E-05   1.679204E-04   2.000000E-04   2.000000E-04   2.000000E-04   2.000000E-04   2.000000E-04   2.000000E-04   2.000000E-04   2.000000E-04   2.000000E-04   2.000000E-04   2.000000E-04   1.879138E-04   2.000000E-04   2.000000E-04
   2.000000E-05   2.752247E-05   2.344497E-05   4.363124E-05   8.549193E-05   8.549193E-05   8.549193E-05   2.000000E-04   1.764708E-04   1.758022E-04   2.000000E-04   2.000000E-04   2.000000E-04   2.000000E-04   2.000000E-04   2.000000E-04   2.000000E-04   2.000000E-04   1.642961E-04   2.000000E-04
   3.690331E-05   3.274933E-05   4.600558E-05   6.956488E-05   8.549193E-05   8.549193E-05   8.549193E-05   8.549193E-05   1.579419E-04   1.398889E-04   1.941225E-04   2.000000E-04   2.000000E-04   2.000000E-04   2.000000E-04   2.000000E-04   2.000000E-04   1.653240E-04   1.186138E-04   2.000000E-04
   5.176591E-05   4.556141E-05   7.178476E-05   8.088833E-05   8.549193E-05   8.549193E-05   8.549193E-05   8.549193E-05   1.506846E-04   2.000000E-04   2.000000E-04   1.666057E-04   2.000000E-04   2.000000E-04   2.000000E-04   1.651954E-04   2.000000E-04   1.710778E-04   1.566265E-04   1.586373E-04
   5.209043E-05   5.465146E-05   7.863845E-05   1.377592E-04   8.549193E-05   8.549193E-05   8.549193E-05   8.549193E-05   1.006593E-04   1.009857E-04   1.235441E-04   1.255015E-04   1.621075E-04   1.952097E-04   1.773265E-04   2.000000E-04   1.825796E-04   1.676834E-04   1.644534E-04   2.000000E-04
   4.263786E-05   5.197955E-05   4.277632E-05   5.166093E-05   8.549193E-05   8.549193E-05   8.549193E-05   8.549193E-05   5.719884E-05   9.081032E-05   1.108834E-04   8.127125E-05   1.074027E-04   7.869441E-05   1.210763E-04   1.078835E-04   1.163077E-04   1.597961E-04   9.907379E-05   1.727995E-04
   7.286384E-05   5.480798E-05   5.534375E-05   6.653902E-05   8.549193E-05   8.549193E-05   8.549193E-05   8.549193E-05   4.995465E-05   7.398323E-05   6.325094E-05   6.878098E-05   8.335524E-05   1.076807E-04   1.777027E-04   8.776134E-05   1.500689E-04   1.627928E-04   1.720201E-04   1.808386E-04
   7.482237E-05   1.187257E-04   7.394216E-05   8.288515E-05   8.549193E-05   8.549193E-05   8.549193E-05   8.549193E-05   7.179671E-05   1.051272E-04   7.923965E-05   6.261298E-05   5.565838E-05   8.241236E-05   9.007134E-05   7.378787E-05   1.255432E-04   1.307143E-04   2.000000E-04   1.606529E-04
   1.728447E-04   7.732653E-05   6.365371E-05   9.122376E-05   8.549193E-05   8.549193E-05   8.549193E-05   8.549193E-05   7.473958E-05   1.066236E-04   8.646597E-05   7.479156E-05   6.368591E-05   6.168299E-05   8.586715E-05   7.547051E-05   8.439864E-05   2.000000E-04   2.000000E-04   1.433573E-04
   1.353363E-04   5.232041E-05   4.408338E-05   8.371918E-05   8.549193E-05   8.549193E-05   8.549193E-05   8.549193E-05   1.172213E-04   1.241088E-04   9.372846E-05   9.719885E-05   1.029452E-04   6.309456E-05   7.387551E-05   3.989289E-05   6.801710E-05   1.249745E-04   1.991395E-04   1.612426E-04
   1.464245E-04   5.482368E-05   4.965839E-05   6.746687E-05   8.549193E-05   8.549193E-05   8.549193E-05   8.549193E-05   1.298073E-04   1.324353E-04   1.275665E-04   1.144679E-04   7.729438E-05   6.531328E-05   8.688239E-05   5.453931E-05   1.077931E-04   8.015761E-05   7.630636E-05   1.562505E-04
   1.491962E-04   7.748198E-05   1.168782E-04   1.209953E-04   8.549193E-05   8.549193E-05   8.549193E-05   8.549193E-05   7.574337E-05   1.341353E-04   1.619126E-04   1.591782E-04   7.155432E-05   5.428965E-05   6.212297E-05   1.242303E-04   1.014848E-04   1.058385E-04   1.160306E-04   1.368088E-04
   9.920347E-05   9.733004E-05   1.273321E-04   1.158191E-04   8.549193E-05   8.549193E-05   8.549193E-05   8.549193E-05   1.089094E-04   2.000000E-04   1.600574E-04   1.385520E-04   7.792984E-05   6.427613E-05   7.211354E-05   1.047554E-04   8.487068E-05   1.766714E-04   1.436237E-04   1.288512E-04
   1.106973E-04   7.313600E-05   1.210604E-04   7.702439E-05   8.549193E-05   8.549193E-05   8.549193E-05   8.549193E-05   1.565209E-04   1.121321E-04   1.294494E-04   9.965237E-05   7.911780E-05   5.268836E-05   4.925603E-05   7.469016E-05   7.849833E-05   1.960918E-04   2.000000E-04   1.578186E-04
   1.031481E-04   1.030227E-04   5.503466E-05   8.473894E-05   8.549193E-05   8.549193E-05   1.030089E-04   1.565612E-04   1.353529E-04   1.385926E-04   1.172698E-04   1.322420E-04   1.396606E-04   6.392656E-05   4.148948E-05   7.277285E-05   1.036792E-04   1.711230E-04   9.529539E-05   1.166877E-04
   9.304576E-05   6.178698E-05   5.671814E-05   6.084000E-05   9.586171E-05   8.549193E-05   1.680662E-04   1.707359E-04   2.000000E-04   1.053110E-04   1.754792E-04   1.255155E-04   1.205222E-04   7.317769E-05   7.380739E-05   9.268368E-05   1.057882E-04   1.662112E-04   1.195820E-04   7.905577E-05
   1.232306E-04   6.381439E-05   5.672439E-05   1.043954E-04   1.032823E-04   2.000000E-04   1.719438E-04   1.812147E-04   1.690762E-04   1.560278E-04   1.813322E-04   1.548518E-04   1.983425E-04   1.149142E-04   1.043585E-04   7.271111E-05   1.272691E-04   1.912266E-04   1.454152E-04   1.501817E-04
   1.002546E-04   6.893835E-05   9.299729E-05   1.027908E-04   9.340252E-05   2.000000E-04   2.000000E-04   2.000000E-04   2.000000E-04   2.000000E-04   1.803856E-04   1.425697E-04   1.607502E-04   1.477553E-04   8.499229E-05   9.556024E-05   1.360414E-04   2.000000E-04   1.968001E-04   1.294902E-04
   8.696195E-05   5.877067E-05   5.567055E-05   9.445755E-05   2.000000E-04   2.000000E-04   2.000000E-04   2.000000E-04   2.000000E-04   2.000000E-04   2.000000E-04   1.410245E-04   1.232433E-04   1.291390E-04   8.602663E-05   1.582471E-04   1.679728E-04   1.895033E-04   1.167291E-04   7.949755E-05
   6.425556E-05   6.374360E-05   9.385799E-05   1.076647E-04   2.000000E-04   2.000000E-04   2.000000E-04   2.000000E-04   2.000000E-04   2.000000E-04   2.000000E-04   1.524104E-04   1.997736E-04   1.173159E-04   7.945755E-05   1.303659E-04   2.000000E-04   1.149551E-04   1.593612E-04   8.818389E-05
   9.398800E-05   9.108224E-05   9.117508E-05   2.000000E-04   2.000000E-04   1.817821E-04   2.000000E-04   2.000000E-04   2.000000E-04   1.847257E-04   1.542238E-04   2.000000E-04   1.615528E-04   1.299382E-04   1.106285E-04   1.343974E-04   1.272199E-04   9.400746E-05   1.031518E-04   7.649418E-05
   7.162545E-05   1.173640E-04   8.172167E-05   1.423560E-04   2.000000E-04   2.000000E-04   2.000000E-04   1.792593E-04   1.304843E-04   1.234860E-04   6.736081E-05   2.000000E-04   2.000000E-04   1.688116E-04   1.686270E-04   1.191322E-04   5.552780E-05   3.658638E-05   6.991512E-05   7.422986E-05
   1.150243E-04   8.120225E-05   8.973691E-05   1.801777E-04   2.000000E-04   2.000000E-04   2.000000E-04   1.798952E-04   1.123280E-04   8.944524E-05   1.232244E-04   1.725782E-04   1.322905E-04   1.057313E-04   1.174777E-04   8.728674E-05   2.678301E-05   2.882520E-05   3.634322E-05   8.794378E-05
   1.256447E-04   1.178691E-04   1.521935E-04   1.133562E-04   2.000000E-04   1.564743E-04   1.121842E-04   1.399084E-04   8.782245E-05   9.985167E-05   1.703909E-04   1.553654E-04   9.401183E-05   6.742403E-05   1.020498E-04   8.261987E-05   4.551593E-05   2.000000E-05   5.306409E-05   9.803470E-05
   9.547265E-05   1.223514E-04   7.630813E-05   1.130224E-04   9.374841E-05   1.089761E-04   5.435577E-05   8.571058E-05   7.223465E-05   9.225547E-05   1.096803E-04   8.250566E-05   7.292908E-05   5.420226E-05   6.426860E-05   7.041751E-05   4.196905E-05   3.612790E-05   7.056485E-05   5.235646E-05
   8.549193E-05   8.935885E-05   9.100996E-05   9.744453E-05   5.270079E-05   4.953786E-05   5.934665E-05   5.283285E-05   1.074381E-04   9.665513E-05   8.991973E-05   4.459536E-05   4.881345E-05   2.442347E-05   3.022019E-05   5.208433E-05   4.436158E-05   3.706101E-05   5.342028E-05   5.363349E-05
   8.549193E-05   8.549193E-05   6.969527E-05   7.377501E-05   4.483388E-05   4.589338E-05   5.332953E-05   3.389735E-05   3.328793E-05   5.240643E-05   5.435923E-05   4.538982E-05   2.603975E-05   2.048773E-05   2.644083E-05   2.206406E-05   3.272208E-05   3.280379E-05   3.550346E-05   5.339019E-05
   8.549193E-05   8.549193E-05   8.549193E-05   4.419900E-05   6.226261E-05   4.437335E-05   3.209835E-05   2.835982E-05   2.390154E-05   2.286402E-05   3.212750E-05   2.483270E-05   2.000000E-05   2.000000E-05   2.000000E-05   2.000000E-05   2.000000E-05   2.108327E-05   2.284241E-05   2.674998E-05
   8.549193E-05   8.549193E-05   8.549193E-05   8.549193E-05   5.630326E-05   3.115770E-05   3.288311E-05   3.931638E-05   2.161266E-05   2.811013E-05   2.000000E-05   2.027135E-05   2.000000E-05   2.000000E-05   2.000000E-05   2.000000E-05   2.014151E-05   3.007307E-05   3.140945E-05   8.549193E-05
   8.549193E-05   8.549193E-05   8.549193E-05   8.549193E-05   7.456037E-05   8.986199E-05   4.164542E-05   2.928712E-05   3.433402E-05   3.400652E-05   2.000000E-05   2.000000E-05   2.420831E-05   2.204486E-05   2.000000E-05   2.000000E-05   2.437945E-05   2.000000E-05   2.660787E-05   8.549193E-05
   8.549193E-05   8.549193E-05   8.549193E-05   8.549193E-05   8.549193E-05   5.509535E-05   6.976793E-05   4.147032E-05   3.878648E-05   3.974064E-05   3.797709E-05   2.520052E-05   3.603668E-05   2.779253E-05   2.237401E-05   2.000000E-05   2.207526E-05   2.330905E-05   8.549193E-05   8.549193E-05
   8.549193E-05   8.549193E-05   8.549193E-05   8.549193E-05   8.549193E-05   6.805455E-05   6.937083E-05   4.906523E-05   9.142048E-05   5.782691E-05   2.740377E-05   2.262237E-05   2.346608E-05   2.407127E-05   2.727769E-05   2.751109E-05   2.302663E-05   8.549193E-05   8.549193E-05   8.549193E-05
   8.549193E-05   8.549193E-05   8.549193E-05   8.549193E-05   8.549193E-05   6.542578E-05   1.062527E-04   1.286234E-04   9.147955E-05   7.079130E-05   2.899428E-05   2.836626E-05   2.468046E-05   2.298551E-05   3.708328E-05   3.683580E-05   8.549193E-05   8.549193E-05   8.549193E-05   8.549193E-05
