   1.000000E-06   1.000000E-06   1.000000E-06   1.000000E-06   1.000000E-06   1.000000E-06   1.000000E-06   1.000000E-06   1.000000E-06   1.000000E-06   1.000000E-06   1.000000E-06   1.000000E-06   1.000000E-06   1.000000E-06   1.000000E-06   1.000000E-06   1.000000E-06   1.000000E-06   1.000000E-06
   1.000000E-06   1.000000E-06   1.000000E-06   1.000000E-06   1.000000E-06   1.000000E-06   1.000000E-06   1.000000E-06   1.000000E-06   1.000000E-06   1.000000E-06   1.000000E-06   1.000000E-06   1.000000E-06   1.000000E-06   1.000000E-06   1.000000E-06   1.000000E-06   1.000000E-06   1.000000E-06
   1.000000E-06   1.000000E-06   1.000000E-06   1.000000E-06   1.000000E-06   1.000000E-06   1.000000E-06   1.000000E-06   1.000000E-06   1.000000E-06   1.000000E-06   1.000000E-06   1.000000E-06   1.000000E-06   1.000000E-06   1.000000E-06   1.000000E-06   1.000000E-06   1.000000E-06   1.000000E-06
   1.000000E-06   1.000000E-06   1.000000E-06   1.000000E-06   1.000000E-06   1.000000E-06   1.000000E-06   1.000000E-06   1.000000E-06   1.000000E-06   1.000000E-06   1.000000E-06   1.000000E-06   1.000000E-06   1.000000E-06   1.000000E-06   1.000000E-06   1.000000E-06   1.000000E-06   1.000000E-06
   1.315779E-06   1.000000E-06   1.000000E-06   1.000000E-06   1.000000E-06   1.000000E-06   1.000000E-06   1.000000E-06   1.000000E-06   1.000000E-06   1.000000E-06   1.000000E-06   1.000000E-06   1.000000E-06   1.000000E-06   1.000000E-06   1.000000E-06   1.000000E-06   1.000000E-06   1.000000E-06
   1.380565E-06   1.000000E-06   1.000000E-06   1.000000E-06   1.000000E-06   1.000000E-06   1.000000E-06   1.000000E-06   1.000000E-06   1.000000E-06   1.000000E-06   1.000000E-06   1.000000E-06   1.000000E-06   1.000000E-06   1.000000E-06   1.000000E-06   1.000000E-06   1.000000E-06   1.000000E-06
   1.124941E-06   1.133077E-06   1.000000E-06   1.000000E-06   1.000000E-06   1.000000E-06   1.000000E-06   1.000000E-06   1.000000E-06   1.000000E-06   1.000000E-06   1.000000E-06   1.000000E-06   1.000000E-06   1.000000E-06   1.000000E-06   1.000000E-06   1.000000E-06   1.000000E-06   1.000000E-06
   1.032554E-06   1.000000E-06   1.000000E-06   1.000000E-06   1.000000E-06   1.000000E-06   1.000000E-06   1.000000E-06   1.000000E-06   1.000000E-06   1.000000E-06   1.000000E-06   1.000000E-06   1.000000E-06   1.000000E-06   1.000000E-06   1.000000E-06   1.000000E-06   1.000000E-06   1.000000E-06
   1.000000E-06   1.000000E-06   1.000000E-06   1.000000E-06   1.000000E-06   1.000000E-06   1.000000E-06   1.000000E-06   1.000000E-06   1.000000E-06   1.000000E-06   1.000000E-06   1.000000E-06   1.000000E-06   1.000000E-06   1.000000E-06   1.000000E-06   1.000000E-06   1.000000E-06   1.000000E-06
   1.000000E-06   1.000000E-06   1.000000E-06   1.000000E-06   1.000000E-06   1.000000E-06   1.000000E-06   1.000000E-06   1.000000E-06   1.000000E-06   1.000000E-06   1.000000E-06   1.000000E-06   1.000000E-06   1.000000E-06   1.000000E-06   1.000000E-06   1.000000E-06   1.000000E-06   1.000000E-06
   1.000000E-06   1.000000E-06   1.000000E-06   1.000000E-06   1.000000E-06   1.000000E-06   1.000000E-06   1.000000E-06   1.000000E-06   1.000000E-06   1.000000E-06   1.000000E-06   1.000000E-06   1.000000E-06   1.000000E-06   1.000000E-06   1.000000E-06   1.000000E-06   1.000000E-06   1.000000E-06
   1.000000E-06   1.000000E-06   1.000000E-06   1.000000E-06   1.000000E-06   1.000000E-06   1.000000E-06   1.000000E-06   1.000000E-06   1.000000E-06   1.000000E-06   1.000000E-06   1.000000E-06   1.000000E-06   1.000000E-06   1.000000E-06   1.000000E-06   1.000000E-06   1.000000E-06   1.000000E-06
   1.081320E-06   1.000000E-06   1.000000E-06   1.000000E-06   1.000000E-06   1.000000E-06   1.000000E-06   1.000000E-06   1.000000E-06   1.000000E-06   1.000000E-06   1.000000E-06   1.000000E-06   1.000000E-06   1.000000E-06   1.000000E-06   1.000000E-06   1.000000E-06   1.000000E-06   1.000000E-06
   1.000000E-06   1.000000E-06   1.000000E-06   1.000000E-06   1.000000E-06   1.000000E-06   1.000000E-06   1.000000E-06   1.000000E-06   1.000000E-06   1.000000E-06   1.000000E-06   1.000000E-06   1.000000E-06   1.209462E-06   1.168630E-06   1.000000E-06   1.000000E-06   1.000000E-06   1.000000E-06
   1.000000E-06   1.282918E-06   1.064300E-06   1.000000E-06   1.000000E-06   1.000000E-06   1.000000E-06   1.000000E-06   1.000000E-06   1.000000E-06   1.000000E-06   1.000000E-06   1.000000E-06   1.000000E-06   1.000000E-06   1.033669E-06   1.000000E-06   1.000000E-06   1.000000E-06   1.000000E-06
   1.000000E-06   1.000000E-06   1.000000E-06   1.000000E-06   1.000000E-06   1.000000E-06   1.000000E-06   1.000000E-06   1.000000E-06   1.000000E-06   1.000000E-06   1.000000E-06   1.000000E-06   1.000000E-06   1.000000E-06   1.000000E-06   1.000000E-06   1.000000E-06   1.000000E-06   1.000000E-06
   1.000000E-06   1.000000E-06   1.000000E-06   1.000000E-06   1.000000E-06   1.000000E-06   1.000000E-06   1.000000E-06   1.000000E-06   1.076949E-06   1.154542E-06   1.000000E-06   1.016369E-06   1.000000E-06   1.000000E-06   1.000000E-06   1.000000E-06   1.000000E-06   1.000000E-06   1.000000E-06
   1.000000E-06   1.000000E-06   1.000000E-06   1.000000E-06   1.000000E-06   1.000000E-06   1.000000E-06   1.000000E-06   1.000000E-06   1.000000E-06   1.317163E-06   1.000000E-06   1.000000E-06   1.000000E-06   1.000000E-06   1.000000E-06   1.000000E-06   1.000000E-06   1.000000E-06   1.000000E-06
   1.000000E-06   1.000000E-06   1.000000E-06   1.000000E-06   1.000000E-06   1.000000E-06   1.000000E-06   1.000000E-06   1.000000E-06   1.197239E-06   1.144043E-06   1.395736E-06   1.000000E-06   1.000000E-06   1.000000E-06   1.000000E-06   1.000000E-06   1.000000E-06   1.000000E-06   1.000000E-06
   1.000000E-06   1.000000E-06   1.000000E-06   1.000000E-06   1.000000E-06   1.000000E-06   1.000000E-06   1.000000E-06   1.000000E-06   1.000000E-06   1.100079E-06   1.106801E-06   1.451580E-06   1.000000E-06   1.000000E-06   1.000000E-06   1.000000E-06   1.000000E-06   1.000000E-06   1.000000E-06
   1.000000E-06   1.000000E-06   1.000000E-06   1.000000E-06   1.000000E-06   1.000000E-06   1.000000E-06   1.000000E-06   1.000000E-06   1.000000E-06   1.103224E-06   1.564412E-06   1.000000E-06   1.000000E-06   1.000000E-06   1.000000E-06   1.000000E-06   1.000000E-06   1.000000E-06   1.000000E-06
   1.000000E-06   1.000000E-06   1.000000E-06   1.000000E-06   1.000000E-06   1.000000E-06   1.000000E-06   1.000000E-06   1.000000E-06   1.000000E-06   1.000000E-06   1.000000E-06   1.000000E-06   1.000000E-06   1.000000E-06   1.000000E-06   1.000000E-06   1.000000E-06   1.000000E-06   1.000000E-06
   1.000000E-06   1.000000E-06   1.000000E-06   1.000000E-06   1.000000E-06   1.000000E-06   1.000000E-06   1.000000E-06   1.000000E-06   1.000000E-06   1.000000E-06   1.000000E-06   1.000000E-06   1.000000E-06   1.000000E-06   1.000000E-06   1.000000E-06   1.000000E-06   1.000000E-06   1.000000E-06
   1.000000E-06   1.000000E-06   1.000000E-06   1.000000E-06   1.000000E-06   1.000000E-06   1.000000E-06   1.000000E-06   1.000000E-06   1.000000E-06   1.000000E-06   1.000000E-06   1.000000E-06   1.000000E-06   1.000000E-06   1.000000E-06   1.000000E-06   1.000000E-06   1.000000E-06   1.000000E-06
   1.000000E-06   1.000000E-06   1.000000E-06   1.000000E-06   1.000000E-06   1.000000E-06   1.000000E-06   1.000000E-06   1.000000E-06   1.000000E-06   1.000000E-06   1.000000E-06   1.000000E-06   1.000000E-06   1.000000E-06   1.000000E-06   1.000000E-06   1.000000E-06   1.000000E-06   1.000000E-06
   1.000000E-06   1.000000E-06   1.000000E-06   1.000000E-06   1.000000E-06   1.000000E-06   1.000000E-06   1.000000E-06   1.000000E-06   1.000000E-06   1.000000E-06   1.000000E-06   1.000000E-06   1.000000E-06   1.000000E-06   1.000000E-06   1.000000E-06   1.000000E-06   1.000000E-06   1.000000E-06
   1.000000E-06   1.000000E-06   1.000000E-06   1.000000E-06   1.000000E-06   1.000000E-06   1.000000E-06   1.000000E-06   1.000000E-06   1.000000E-06   1.000000E-06   1.000000E-06   1.000000E-06   1.000000E-06   1.000000E-06   1.000000E-06   1.000000E-06   1.000000E-06   1.000000E-06   1.000000E-06
   1.000000E-06   1.000000E-06   1.000000E-06   1.000000E-06   1.000000E-06   1.000000E-06   1.000000E-06   1.000000E-06   1.000000E-06   1.000000E-06   1.000000E-06   1.000000E-06   1.000000E-06   1.000000E-06   1.000000E-06   1.000000E-06   1.000000E-06   1.000000E-06   1.000000E-06   1.000000E-06
   1.000000E-06   1.000000E-06   1.000000E-06   1.000000E-06   1.000000E-06   1.000000E-06   1.000000E-06   1.000000E-06   1.000000E-06   1.000000E-06   1.000000E-06   1.000000E-06   1.000000E-06   1.000000E-06   1.000000E-06   1.000000E-06   1.000000E-06   1.000000E-06   1.000000E-06   1.000000E-06
   1.000000E-06   1.000000E-06   1.000000E-06   1.000000E-06   1.000000E-06   1.000000E-06   1.000000E-06   1.000000E-06   1.000000E-06   1.000000E-06   1.000000E-06   1.000000E-06   1.000000E-06   1.000000E-06   1.000000E-06   1.000000E-06   1.000000E-06   1.000000E-06   1.000000E-06   1.000000E-06
   1.000000E-06   1.000000E-06   1.000000E-06   1.000000E-06   1.000000E-06   1.000000E-06   1.000000E-06   1.000000E-06   1.000000E-06   1.000000E-06   1.000000E-06   1.000000E-06   1.000000E-06   1.000000E-06   1.000000E-06   1.000000E-06   1.000000E-06   1.000000E-06   1.000000E-06   1.000000E-06
   1.000000E-06   1.000000E-06   1.000000E-06   1.000000E-06   1.000000E-06   1.000000E-06   1.000000E-06   1.000000E-06   1.000000E-06   1.000000E-06   1.000000E-06   1.000000E-06   1.000000E-06   1.000000E-06   1.210738E-06   1.000000E-06   1.000000E-06   1.000000E-06   1.000000E-06   1.000000E-06
   1.000000E-06   1.000000E-06   1.000000E-06   1.000000E-06   1.000000E-06   1.000000E-06   1.000000E-06   1.000000E-06   1.000000E-06   1.000000E-06   1.000000E-06   1.000000E-06   1.000000E-06   1.000000E-06   1.000000E-06   1.000000E-06   1.000000E-06   1.000000E-06   1.000000E-06   1.000000E-06
   1.000000E-06   1.000000E-06   1.000000E-06   1.000000E-06   1.000000E-06   1.000000E-06   1.000000E-06   1.000000E-06   1.000000E-06   1.000000E-06   1.000000E-06   1.000000E-06   1.000000E-06   1.000000E-06   1.000000E-06   1.000000E-06   1.000000E-06   1.000000E-06   1.000000E-06   1.000000E-06
   1.000000E-06   1.000000E-06   1.000000E-06   1.000000E-06   1.000000E-06   1.000000E-06   1.095067E-06   1.000000E-06   1.000000E-06   1.000000E-06   1.000000E-06   1.000000E-06   1.000000E-06   1.000000E-06   1.000000E-06   1.000000E-06   1.000000E-06   1.000000E-06   1.000000E-06   1.000000E-06
   1.000000E-06   1.000000E-06   1.000000E-06   1.000000E-06   1.000000E-06   1.000000E-06   1.150544E-06   1.000000E-06   1.000000E-06   1.000000E-06   1.000000E-06   1.000000E-06   1.000000E-06   1.000000E-06   1.000000E-06   1.000000E-06   1.000000E-06   1.000000E-06   1.000000E-06   1.000000E-06
   1.000000E-06   1.000000E-06   1.000000E-06   1.000000E-06   1.000000E-06   1.000000E-06   1.000000E-06   1.000000E-06   1.000000E-06   1.000000E-06   1.000000E-06   1.000000E-06   1.000000E-06   1.000000E-06   1.000000E-06   1.000000E-06   1.000000E-06   1.000000E-06   1.000000E-06   1.000000E-06
   1.000000E-06   1.000000E-06   1.000000E-06   1.000000E-06   1.000000E-06   1.000000E-06   1.000000E-06   1.000000E-06   1.000000E-06   1.000000E-06   1.000000E-06   1.000000E-06   1.000000E-06   1.000000E-06   1.000000E-06   1.000000E-06   1.000000E-06   1.000000E-06   1.000000E-06   1.000000E-06
   1.000000E-06   1.000000E-06   1.000000E-06   1.000000E-06   1.000000E-06   1.000000E-06   1.000000E-06   1.000000E-06   1.000000E-06   1.000000E-06   1.000000E-06   1.000000E-06   1.000000E-06   1.000000E-06   1.000000E-06   1.000000E-06   1.000000E-06   1.000000E-06   1.000000E-06   1.000000E-06
   1.000000E-06   1.000000E-06   1.000000E-06   1.000000E-06   1.000000E-06   1.000000E-06   1.000000E-06   1.000000E-06   1.000000E-06   1.000000E-06   1.000000E-06   1.000000E-06   1.000000E-06   1.000000E-06   1.000000E-06   1.000000E-06   1.000000E-06   1.000000E-06   1.000000E-06   1.000000E-06
