   8.707373E-05   8.175632E-05   7.368807E-05   9.345326E-05   1.038243E-04   1.213087E-04   1.225126E-04   1.296422E-04   1.904166E-04   1.085534E-04   9.125712E-05   1.675572E-04   1.139124E-04   1.030947E-04   9.257582E-05   8.585337E-05   1.406662E-04   7.291788E-05   6.016199E-05   5.735705E-05
   7.602028E-05   7.055267E-05   1.144139E-04   9.161090E-05   8.796864E-05   9.812799E-05   1.664311E-04   1.175869E-04   1.771479E-04   1.700001E-04   1.129153E-04   9.284015E-05   7.973471E-05   1.561577E-04   9.706801E-05   9.689506E-05   8.443949E-05   7.524565E-05   6.788717E-05   6.205922E-05
   9.241830E-05   8.712541E-05   9.004797E-05   1.060970E-04   1.052263E-04   7.267171E-05   1.195296E-04   1.584796E-04   2.000000E-04   1.370463E-04   7.724134E-05   1.005112E-04   8.729794E-05   1.119815E-04   8.554061E-05   1.101149E-04   6.164972E-05   4.293611E-05   6.982183E-05   6.675471E-05
   1.069604E-04   7.638661E-05   1.316624E-04   1.013830E-04   1.131723E-04   1.398298E-04   1.759231E-04   1.793059E-04   1.312946E-04   1.272081E-04   1.032258E-04   1.300596E-04   1.316330E-04   9.939624E-05   5.277445E-05   5.815630E-05   6.003349E-05   7.129599E-05   7.468563E-05   8.136722E-05
   1.695967E-04   1.431536E-04   1.058648E-04   1.523811E-04   1.625597E-04   1.451259E-04   1.263466E-04   1.430932E-04   1.505383E-04   1.483861E-04   1.396309E-04   1.488923E-04   1.239742E-04   1.361548E-04   8.823319E-05   9.486152E-05   5.544254E-05   1.351534E-04   1.748779E-04   1.862274E-04
   1.313690E-04   1.120991E-04   8.283038E-05   9.759744E-05   1.008035E-04   8.005781E-05   7.476489E-05   1.722652E-04   1.068225E-04   1.249206E-04   2.000000E-04   2.000000E-04   1.327152E-04   1.600670E-04   9.225887E-05   1.038741E-04   1.113629E-04   1.373697E-04   1.235856E-04   1.973116E-04
   1.228743E-04   1.068410E-04   9.240705E-05   8.425611E-05   1.053969E-04   8.013418E-05   4.524797E-05   1.070066E-04   1.112902E-04   2.000000E-04   2.000000E-04   2.000000E-04   1.544089E-04   1.764287E-04   2.000000E-04   1.275109E-04   1.630028E-04   1.157977E-04   8.131154E-05   1.239923E-04
   1.581129E-04   8.708110E-05   6.888673E-05   7.473152E-05   8.928706E-05   1.101112E-04   7.818911E-05   9.470127E-05   1.180902E-04   1.378430E-04   2.000000E-04   2.000000E-04   1.566638E-04   1.340892E-04   1.726721E-04   1.596807E-04   1.556343E-04   1.338006E-04   1.006469E-04   9.310311E-05
   1.470657E-04   1.044540E-04   6.691823E-05   9.059600E-05   9.526197E-05   9.526197E-05   9.526197E-05   1.420621E-04   1.611167E-04   1.655877E-04   2.000000E-04   1.585061E-04   1.486028E-04   1.950057E-04   1.708203E-04   1.489076E-04   2.000000E-04   2.000000E-04   1.220694E-04   8.131412E-05
   1.512276E-04   1.228075E-04   7.645599E-05   4.918924E-05   9.526197E-05   9.526197E-05   9.526197E-05   9.526197E-05   1.599351E-04   1.623802E-04   2.000000E-04   2.000000E-04   1.571483E-04   2.000000E-04   1.743134E-04   1.023890E-04   2.000000E-04   1.291586E-04   1.738903E-04   8.542903E-05
   1.407916E-04   1.147874E-04   9.201954E-05   6.740127E-05   9.526197E-05   9.526197E-05   9.526197E-05   9.526197E-05   1.684351E-04   1.515589E-04   2.000000E-04   2.000000E-04   1.933904E-04   1.227300E-04   1.322527E-04   1.055241E-04   1.387817E-04   1.850335E-04   1.663702E-04   9.477591E-05
   1.155028E-04   6.029870E-05   4.586573E-05   5.090246E-05   9.526197E-05   9.526197E-05   9.526197E-05   9.526197E-05   1.423884E-04   2.000000E-04   2.000000E-04   2.000000E-04   2.000000E-04   1.159513E-04   9.104468E-05   1.254150E-04   1.370172E-04   1.402337E-04   1.806073E-04   6.739791E-05
   1.220463E-04   7.301453E-05   1.057555E-04   1.134377E-04   9.526197E-05   9.526197E-05   9.526197E-05   9.526197E-05   2.000000E-04   2.000000E-04   2.000000E-04   2.000000E-04   2.000000E-04   1.038273E-04   8.028880E-05   5.823443E-05   9.169723E-05   1.223516E-04   1.224518E-04   1.013018E-04
   1.429568E-04   1.507061E-04   1.223790E-04   8.252111E-05   9.526197E-05   9.526197E-05   9.526197E-05   9.526197E-05   1.181619E-04   1.903011E-04   1.947832E-04   1.212183E-04   1.114923E-04   8.741985E-05   6.483433E-05   8.120840E-05   8.235257E-05   9.189911E-05   1.076251E-04   8.656318E-05
   1.978168E-04   1.286702E-04   1.089321E-04   1.112516E-04   9.526197E-05   9.526197E-05   9.526197E-05   9.526197E-05   1.561093E-04   1.810967E-04   1.607510E-04   1.177567E-04   1.336667E-04   8.888747E-05   3.872802E-05   4.130159E-05   9.361040E-05   4.621298E-05   4.743958E-05   8.716018E-05
   2.000000E-04   1.260026E-04   1.221018E-04   1.356472E-04   9.526197E-05   9.526197E-05   9.526197E-05   9.526197E-05   2.000000E-04   1.035040E-04   9.327191E-05   8.162297E-05   1.004644E-04   4.954230E-05   6.059960E-05   4.816297E-05   4.123384E-05   3.876651E-05   4.053947E-05   3.266548E-05
   1.775574E-04   1.798918E-04   1.534319E-04   8.173100E-05   9.526197E-05   9.526197E-05   9.526197E-05   9.526197E-05   1.411695E-04   6.884847E-05   6.646346E-05   6.956370E-05   8.342032E-05   6.547479E-05   9.618552E-05   4.470070E-05   3.189611E-05   4.357766E-05   3.242032E-05   2.763365E-05
   1.908421E-04   1.579379E-04   1.649618E-04   1.028419E-04   9.526197E-05   9.526197E-05   9.526197E-05   9.526197E-05   1.067787E-04   6.797621E-05   8.206986E-05   6.062300E-05   8.224651E-05   6.526800E-05   6.732711E-05   6.883972E-05   6.582391E-05   2.947584E-05   4.356658E-05   5.281041E-05
   1.385686E-04   1.599231E-04   2.000000E-04   2.000000E-04   9.526197E-05   9.526197E-05   9.526197E-05   9.526197E-05   9.570732E-05   1.170553E-04   1.039258E-04   5.878139E-05   4.580151E-05   6.389611E-05   3.382469E-05   6.067256E-05   7.498078E-05   3.502942E-05   3.922354E-05   9.939989E-05
   8.806735E-05   9.590039E-05   1.793313E-04   1.939788E-04   9.526197E-05   9.526197E-05   9.526197E-05   9.526197E-05   1.669562E-04   8.155793E-05   5.657789E-05   8.297952E-05   5.603888E-05   6.625659E-05   7.102883E-05   6.560536E-05   8.204850E-05   6.837764E-05   5.969493E-05   9.424937E-05
   1.227966E-04   1.063550E-04   9.639643E-05   7.009302E-05   9.526197E-05   9.526197E-05   9.526197E-05   9.526197E-05   1.813153E-04   9.053763E-05   9.748003E-05   9.883414E-05   6.103643E-05   4.787293E-05   7.069393E-05   9.321538E-05   1.441209E-04   1.151292E-04   1.372704E-04   1.584794E-04
   9.874874E-05   6.602340E-05   1.337813E-04   6.246439E-05   9.526197E-05   9.526197E-05   8.627926E-05   1.007530E-04   8.742277E-05   8.619618E-05   1.407975E-04   1.564398E-04   9.071326E-05   6.927558E-05   7.667646E-05   1.304911E-04   1.458811E-04   1.450193E-04   1.182235E-04   1.304182E-04
   8.976434E-05   8.198648E-05   7.494575E-05   4.579202E-05   5.709424E-05   9.526197E-05   6.595811E-05   7.374003E-05   1.143459E-04   1.444778E-04   1.359547E-04   1.562410E-04   1.227262E-04   1.215181E-04   1.399133E-04   2.000000E-04   2.000000E-04   2.000000E-04   2.000000E-04   2.000000E-04
   9.611863E-05   9.472693E-05   7.100796E-05   7.572080E-05   7.084112E-05   7.378137E-05   9.536657E-05   1.006433E-04   1.017957E-04   1.473356E-04   1.119951E-04   1.035952E-04   1.772060E-04   1.517706E-04   2.000000E-04   2.000000E-04   2.000000E-04   2.000000E-04   2.000000E-04   2.000000E-04
   1.384090E-04   1.995898E-04   1.504517E-04   1.362789E-04   2.000000E-04   1.594416E-04   1.160391E-04   1.922820E-04   1.818187E-04   2.000000E-04   1.764136E-04   2.000000E-04   2.000000E-04   1.596717E-04   2.000000E-04   2.000000E-04   2.000000E-04   2.000000E-04   2.000000E-04   1.698281E-04
   1.738730E-04   2.000000E-04   2.000000E-04   1.461626E-04   2.000000E-04   2.000000E-04   1.983174E-04   2.000000E-04   2.000000E-04   1.662958E-04   1.503679E-04   2.000000E-04   2.000000E-04   2.000000E-04   2.000000E-04   2.000000E-04   2.000000E-04   2.000000E-04   2.000000E-04   1.916051E-04
   2.000000E-04   2.000000E-04   2.000000E-04   2.000000E-04   2.000000E-04   2.000000E-04   1.633108E-04   2.000000E-04   2.000000E-04   2.000000E-04   2.000000E-04   2.000000E-04   2.000000E-04   2.000000E-04   2.000000E-04   2.000000E-04   2.000000E-04   2.000000E-04   2.000000E-04   1.613633E-04
   2.000000E-04   2.000000E-04   2.000000E-04   2.000000E-04   2.000000E-04   2.000000E-04   1.095679E-04   2.000000E-04   2.000000E-04   2.000000E-04   2.000000E-04   2.000000E-04   2.000000E-04   2.000000E-04   2.000000E-04   2.000000E-04   2.000000E-04   1.813027E-04   1.535081E-04   1.093731E-04
   2.000000E-04   2.000000E-04   2.000000E-04   2.000000E-04   2.000000E-04   2.000000E-04   1.849010E-04   2.000000E-04   2.000000E-04   2.000000E-04   2.000000E-04   2.000000E-04   2.000000E-04   2.000000E-04   2.000000E-04   2.000000E-04   2.000000E-04   2.000000E-04   1.499845E-04   1.657538E-04
   1.979227E-04   1.859213E-04   1.406475E-04   1.751843E-04   1.824528E-04   2.000000E-04   2.000000E-04   2.000000E-04   2.000000E-04   2.000000E-04   2.000000E-04   2.000000E-04   2.000000E-04   1.507811E-04   2.000000E-04   1.417344E-04   1.667727E-04   2.000000E-04   1.332180E-04   1.414045E-04
   1.354064E-04   1.456549E-04   1.216980E-04   1.026457E-04   1.538116E-04   2.000000E-04   2.000000E-04   1.531482E-04   1.775651E-04   2.000000E-04   2.000000E-04   2.000000E-04   2.000000E-04   1.210896E-04   1.638122E-04   1.017203E-04   1.437400E-04   2.000000E-04   1.395478E-04   1.464724E-04
   1.435770E-04   1.463025E-04   1.229224E-04   1.909587E-04   2.000000E-04   2.000000E-04   2.000000E-04   1.397722E-04   1.887941E-04   2.000000E-04   2.000000E-04   2.000000E-04   1.448187E-04   1.445161E-04   1.509097E-04   1.360311E-04   1.208062E-04   1.725874E-04   1.716222E-04   2.000000E-04
   9.526197E-05   1.736372E-04   1.595685E-04   2.000000E-04   2.000000E-04   2.000000E-04   2.000000E-04   2.000000E-04   2.000000E-04   2.000000E-04   2.000000E-04   1.924859E-04   1.630307E-04   1.757874E-04   2.000000E-04   1.897537E-04   1.537040E-04   2.000000E-04   2.000000E-04   1.274135E-04
   9.526197E-05   9.526197E-05   1.822476E-04   1.957595E-04   1.499262E-04   2.000000E-04   2.000000E-04   2.000000E-04   2.000000E-04   2.000000E-04   2.000000E-04   2.000000E-04   1.949154E-04   2.000000E-04   2.000000E-04   2.000000E-04   1.489487E-04   2.000000E-04   1.820092E-04   1.154055E-04
   9.526197E-05   9.526197E-05   9.526197E-05   2.000000E-04   1.611731E-04   2.000000E-04   2.000000E-04   2.000000E-04   1.771321E-04   2.000000E-04   2.000000E-04   2.000000E-04   1.133408E-04   2.000000E-04   2.000000E-04   2.000000E-04   2.000000E-04   1.731091E-04   1.706299E-04   6.365973E-05
   9.526197E-05   9.526197E-05   9.526197E-05   9.526197E-05   1.493614E-04   2.000000E-04   2.000000E-04   2.000000E-04   2.000000E-04   2.000000E-04   2.000000E-04   2.000000E-04   1.361343E-04   1.407774E-04   1.973925E-04   2.000000E-04   2.000000E-04   2.000000E-04   9.954488E-05   9.526197E-05
   9.526197E-05   9.526197E-05   9.526197E-05   9.526197E-05   2.000000E-04   1.748176E-04   1.965861E-04   2.000000E-04   2.000000E-04   2.000000E-04   2.000000E-04   2.000000E-04   2.000000E-04   2.000000E-04   1.581452E-04   1.644939E-04   1.767856E-04   2.000000E-04   1.494027E-04   9.526197E-05
   9.526197E-05   9.526197E-05   9.526197E-05   9.526197E-05   9.526197E-05   2.000000E-04   2.000000E-04   2.000000E-04   2.000000E-04   2.000000E-04   2.000000E-04   2.000000E-04   2.000000E-04   1.485297E-04   1.254842E-04   1.706843E-04   1.875521E-04   2.000000E-04   9.526197E-05   9.526197E-05
   9.526197E-05   9.526197E-05   9.526197E-05   9.526197E-05   9.526197E-05   2.000000E-04   1.447482E-04   2.000000E-04   1.909755E-04   2.000000E-04   2.000000E-04   1.301853E-04   1.471147E-04   9.004375E-05   1.548907E-04   2.000000E-04   2.000000E-04   9.526197E-05   9.526197E-05   9.526197E-05
   9.526197E-05   9.526197E-05   9.526197E-05   9.526197E-05   9.526197E-05   1.299014E-04   1.314383E-04   1.394803E-04   1.530679E-04   2.000000E-04   1.828531E-04   1.356256E-04   1.039867E-04   1.390080E-04   1.190407E-04   1.868219E-04   9.526197E-05   9.526197E-05   9.526197E-05   9.526197E-05
