   8.444051E+01   8.139810E+01   1.000000E+02   1.000000E+02   1.000000E+02   1.000000E+02   1.000000E+02   1.000000E+02   1.000000E+02   1.000000E+02   1.000000E+02   1.000000E+02   8.481694E+01   8.765002E+01   1.000000E+02   8.962835E+01   1.000000E+02   1.000000E+02   1.000000E+02   1.000000E+02
   6.177996E+01   8.493867E+01   1.000000E+02   1.000000E+02   1.000000E+02   1.000000E+02   1.000000E+02   1.000000E+02   1.000000E+02   1.000000E+02   1.000000E+02   1.000000E+02   9.747824E+01   9.033946E+01   1.000000E+02   1.000000E+02   4.839082E+01   5.720292E+01   8.102419E+01   9.230595E+01
   4.548262E+01   1.000000E+02   1.000000E+02   1.000000E+02   1.000000E+02   1.000000E+02   1.000000E+02   1.000000E+02   1.000000E+02   1.000000E+02   1.000000E+02   1.000000E+02   1.000000E+02   1.000000E+02   1.000000E+02   9.510909E+01   9.283812E+01   1.000000E+02   1.000000E+02   1.000000E+02
   5.438075E+01   1.000000E+02   1.000000E+02   1.000000E+02   1.000000E+02   1.000000E+02   1.000000E+02   1.000000E+02   1.000000E+02   1.000000E+02   1.000000E+02   1.000000E+02   1.000000E+02   1.000000E+02   1.000000E+02   1.000000E+02   1.000000E+02   1.000000E+02   1.000000E+02   1.000000E+02
   4.610527E+01   5.766247E+01   1.000000E+02   1.000000E+02   1.000000E+02   1.000000E+02   1.000000E+02   1.000000E+02   1.000000E+02   1.000000E+02   1.000000E+02   1.000000E+02   1.000000E+02   1.000000E+02   1.000000E+02   1.000000E+02   1.000000E+02   1.000000E+02   1.000000E+02   1.000000E+02
   3.432958E+01   5.005779E+01   1.000000E+02   1.000000E+02   1.000000E+02   1.000000E+02   1.000000E+02   1.000000E+02   1.000000E+02   1.000000E+02   1.000000E+02   1.000000E+02   1.000000E+02   1.000000E+02   1.000000E+02   1.000000E+02   1.000000E+02   1.000000E+02   1.000000E+02   1.000000E+02
   4.929063E+01   6.034402E+01   1.000000E+02   1.000000E+02   1.000000E+02   1.000000E+02   1.000000E+02   1.000000E+02   1.000000E+02   1.000000E+02   1.000000E+02   1.000000E+02   1.000000E+02   9.100902E+01   1.000000E+02   1.000000E+02   1.000000E+02   1.000000E+02   1.000000E+02   8.556715E+01
   5.683061E+01   8.436533E+01   1.000000E+02   1.000000E+02   1.000000E+02   1.000000E+02   1.000000E+02   1.000000E+02   1.000000E+02   1.000000E+02   1.000000E+02   1.000000E+02   1.000000E+02   1.000000E+02   1.000000E+02   1.000000E+02   1.000000E+02   1.000000E+02   1.000000E+02   1.000000E+02
   5.948086E+01   1.000000E+02   1.000000E+02   1.000000E+02   3.000000E+01   3.000000E+01   3.000000E+01   1.000000E+02   1.000000E+02   1.000000E+02   1.000000E+02   1.000000E+02   1.000000E+02   1.000000E+02   1.000000E+02   1.000000E+02   1.000000E+02   1.000000E+02   1.000000E+02   1.000000E+02
   6.142617E+01   1.000000E+02   1.000000E+02   1.000000E+02   3.000000E+01   3.000000E+01   3.000000E+01   3.000000E+01   1.000000E+02   1.000000E+02   1.000000E+02   1.000000E+02   1.000000E+02   1.000000E+02   1.000000E+02   1.000000E+02   1.000000E+02   1.000000E+02   1.000000E+02   8.346735E+01
   3.202080E+01   7.195613E+01   8.234450E+01   6.616263E+01   3.000000E+01   3.000000E+01   3.000000E+01   3.000000E+01   1.000000E+02   1.000000E+02   1.000000E+02   1.000000E+02   1.000000E+02   1.000000E+02   7.806119E+01   8.649408E+01   1.000000E+02   1.000000E+02   1.000000E+02   1.000000E+02
   2.064374E+01   4.214430E+01   6.204107E+01   7.293817E+01   3.000000E+01   3.000000E+01   3.000000E+01   3.000000E+01   1.000000E+02   1.000000E+02   1.000000E+02   9.779665E+01   8.667116E+01   1.000000E+02   7.338001E+01   1.000000E+02   1.000000E+02   1.000000E+02   1.000000E+02   9.848158E+01
   2.079461E+01   5.509280E+01   5.387608E+01   5.143596E+01   3.000000E+01   3.000000E+01   3.000000E+01   3.000000E+01   8.524608E+01   1.000000E+02   1.000000E+02   9.436223E+01   9.430571E+01   4.782617E+01   8.579479E+01   8.880746E+01   1.000000E+02   1.000000E+02   8.839805E+01   6.557621E+01
   4.711384E+01   4.271734E+01   5.198806E+01   4.147421E+01   3.000000E+01   3.000000E+01   3.000000E+01   3.000000E+01   9.279842E+01   1.000000E+02   8.267211E+01   9.075656E+01   5.480266E+01   4.483792E+01   5.572982E+01   8.950861E+01   7.686248E+01   6.772194E+01   1.000000E+02   8.610641E+01
   2.739573E+01   3.441458E+01   4.916981E+01   4.021764E+01   3.000000E+01   3.000000E+01   3.000000E+01   3.000000E+01   5.865865E+01   8.793321E+01   4.650885E+01   5.460135E+01   5.631886E+01   9.313169E+01   7.189440E+01   9.000947E+01   6.165349E+01   1.000000E+02   9.611614E+01   8.250810E+01
   3.148545E+01   4.412791E+01   4.635926E+01   7.578542E+01   3.000000E+01   3.000000E+01   3.000000E+01   3.000000E+01   3.990322E+01   4.282711E+01   4.398528E+01   6.135366E+01   6.004294E+01   9.064263E+01   9.952241E+01   7.176637E+01   8.981148E+01   1.000000E+02   1.000000E+02   1.000000E+02
   2.226035E+01   4.931146E+01   4.977367E+01   6.099400E+01   3.000000E+01   3.000000E+01   3.000000E+01   3.000000E+01   6.178273E+01   4.099190E+01   4.734622E+01   8.529981E+01   7.113871E+01   7.094131E+01   8.478067E+01   7.052447E+01   9.780579E+01   1.000000E+02   8.680041E+01   1.000000E+02
   2.861973E+01   5.927284E+01   7.084392E+01   8.335944E+01   3.000000E+01   3.000000E+01   3.000000E+01   3.000000E+01   7.911210E+01   1.000000E+02   6.367882E+01   6.660373E+01   6.837660E+01   6.477692E+01   8.748510E+01   6.771062E+01   1.000000E+02   7.735546E+01   9.109079E+01   1.000000E+02
   3.657687E+01   4.505638E+01   6.832628E+01   9.369606E+01   3.000000E+01   3.000000E+01   3.000000E+01   3.000000E+01   1.000000E+02   9.481860E+01   6.155671E+01   8.771334E+01   1.000000E+02   9.210573E+01   1.000000E+02   1.000000E+02   8.256149E+01   1.000000E+02   1.000000E+02   9.812213E+01
   3.369231E+01   4.286675E+01   5.425830E+01   8.300692E+01   3.000000E+01   3.000000E+01   3.000000E+01   3.000000E+01   6.739046E+01   7.294236E+01   1.000000E+02   9.173932E+01   6.103570E+01   9.686255E+01   8.085359E+01   1.000000E+02   1.000000E+02   6.915976E+01   5.379978E+01   5.043486E+01
   3.643797E+01   4.034190E+01   3.729546E+01   5.505272E+01   3.000000E+01   3.000000E+01   3.000000E+01   3.000000E+01   6.322204E+01   6.926796E+01   6.663177E+01   1.000000E+02   1.000000E+02   5.308722E+01   6.968076E+01   1.000000E+02   8.196380E+01   9.891342E+01   4.754850E+01   3.081401E+01
   1.920212E+01   1.750012E+01   3.112391E+01   2.351638E+01   3.000000E+01   3.000000E+01   1.919045E+01   2.551420E+01   3.047767E+01   7.618342E+01   4.195187E+01   1.000000E+02   4.558250E+01   4.133371E+01   5.113383E+01   8.152987E+01   6.105775E+01   6.288503E+01   4.330173E+01   3.972830E+01
   1.429224E+01   1.736107E+01   1.229233E+01   2.028508E+01   2.632650E+01   3.000000E+01   1.835033E+01   2.715550E+01   5.099461E+01   3.742936E+01   3.955108E+01   4.439485E+01   2.951937E+01   3.939958E+01   3.871396E+01   7.829070E+01   8.764862E+01   5.367637E+01   4.162777E+01   8.076114E+01
   1.754241E+01   1.670703E+01   1.781728E+01   2.037177E+01   3.372295E+01   4.854777E+01   4.270432E+01   2.703250E+01   2.654877E+01   3.527986E+01   3.942297E+01   3.809301E+01   4.972942E+01   3.438574E+01   8.036260E+01   8.690692E+01   6.659707E+01   5.149386E+01   4.766411E+01   4.295705E+01
   2.356708E+01   2.215160E+01   1.907076E+01   3.383421E+01   5.100306E+01   4.081981E+01   2.574568E+01   3.403962E+01   6.225771E+01   5.579404E+01   4.220518E+01   5.096476E+01   4.511322E+01   5.883098E+01   9.353917E+01   1.000000E+02   6.871950E+01   7.524752E+01   6.968811E+01   6.979808E+01
   4.372599E+01   4.117501E+01   4.241504E+01   4.409108E+01   4.501326E+01   3.262571E+01   3.153993E+01   3.597195E+01   5.027180E+01   6.732462E+01   3.971426E+01   3.155227E+01   3.297925E+01   5.369534E+01   8.905401E+01   7.796442E+01   7.698081E+01   7.442968E+01   8.115638E+01   1.000000E+02
   7.402098E+01   4.023774E+01   7.365241E+01   6.575816E+01   6.495095E+01   7.332983E+01   2.833579E+01   4.141728E+01   5.152996E+01   8.808630E+01   4.904439E+01   3.672499E+01   4.375773E+01   6.257433E+01   6.327238E+01   1.000000E+02   1.000000E+02   8.824677E+01   8.428945E+01   8.207946E+01
   5.990188E+01   6.123647E+01   6.733370E+01   1.000000E+02   8.868636E+01   9.068785E+01   8.663986E+01   1.000000E+02   8.665303E+01   7.215386E+01   4.553795E+01   6.619458E+01   1.000000E+02   1.000000E+02   1.000000E+02   1.000000E+02   1.000000E+02   9.857672E+01   1.000000E+02   8.495721E+01
   6.197528E+01   7.896325E+01   5.778642E+01   1.000000E+02   1.000000E+02   1.000000E+02   1.000000E+02   1.000000E+02   1.000000E+02   8.837391E+01   7.835275E+01   1.000000E+02   1.000000E+02   1.000000E+02   1.000000E+02   1.000000E+02   1.000000E+02   1.000000E+02   1.000000E+02   1.000000E+02
   4.105741E+01   6.015546E+01   1.000000E+02   8.026863E+01   1.000000E+02   1.000000E+02   1.000000E+02   1.000000E+02   1.000000E+02   1.000000E+02   1.000000E+02   1.000000E+02   1.000000E+02   1.000000E+02   1.000000E+02   1.000000E+02   1.000000E+02   1.000000E+02   1.000000E+02   1.000000E+02
   6.669042E+01   7.635055E+01   1.000000E+02   1.000000E+02   1.000000E+02   1.000000E+02   1.000000E+02   1.000000E+02   1.000000E+02   1.000000E+02   1.000000E+02   1.000000E+02   1.000000E+02   1.000000E+02   1.000000E+02   1.000000E+02   1.000000E+02   1.000000E+02   1.000000E+02   1.000000E+02
   8.759075E+01   8.895618E+01   1.000000E+02   8.023386E+01   9.276383E+01   1.000000E+02   1.000000E+02   1.000000E+02   1.000000E+02   1.000000E+02   1.000000E+02   1.000000E+02   1.000000E+02   1.000000E+02   1.000000E+02   1.000000E+02   1.000000E+02   1.000000E+02   1.000000E+02   1.000000E+02
   3.000000E+01   5.461605E+01   6.692640E+01   6.629627E+01   1.000000E+02   1.000000E+02   1.000000E+02   1.000000E+02   1.000000E+02   1.000000E+02   1.000000E+02   1.000000E+02   1.000000E+02   1.000000E+02   1.000000E+02   1.000000E+02   1.000000E+02   1.000000E+02   1.000000E+02   1.000000E+02
   3.000000E+01   3.000000E+01   4.867856E+01   7.190725E+01   1.000000E+02   1.000000E+02   6.544626E+01   7.333690E+01   5.582043E+01   9.726139E+01   1.000000E+02   9.478315E+01   1.000000E+02   1.000000E+02   1.000000E+02   9.978906E+01   1.000000E+02   1.000000E+02   1.000000E+02   1.000000E+02
   3.000000E+01   3.000000E+01   3.000000E+01   5.212712E+01   8.912600E+01   7.201851E+01   5.908246E+01   6.612363E+01   7.986760E+01   7.488563E+01   4.705336E+01   3.389156E+01   8.050248E+01   6.562780E+01   5.843364E+01   5.842312E+01   5.622170E+01   1.000000E+02   1.000000E+02   1.000000E+02
   3.000000E+01   3.000000E+01   3.000000E+01   3.000000E+01   9.551651E+01   4.550328E+01   6.742898E+01   8.118915E+01   6.412678E+01   5.317028E+01   3.829308E+01   3.227891E+01   4.536634E+01   4.823782E+01   4.738165E+01   5.719768E+01   6.952150E+01   7.816620E+01   6.594992E+01   3.000000E+01
   3.000000E+01   3.000000E+01   3.000000E+01   3.000000E+01   1.000000E+02   1.000000E+02   1.000000E+02   1.000000E+02   5.783613E+01   3.969151E+01   3.847611E+01   4.044532E+01   2.153239E+01   2.475802E+01   5.634840E+01   6.502666E+01   9.051346E+01   7.807220E+01   7.106818E+01   3.000000E+01
   3.000000E+01   3.000000E+01   3.000000E+01   3.000000E+01   3.000000E+01   1.000000E+02   1.000000E+02   9.122185E+01   1.000000E+02   7.449291E+01   4.374848E+01   1.902850E+01   2.103413E+01   2.113784E+01   5.292155E+01   6.351148E+01   6.935046E+01   1.000000E+02   3.000000E+01   3.000000E+01
   3.000000E+01   3.000000E+01   3.000000E+01   3.000000E+01   3.000000E+01   7.936809E+01   1.000000E+02   8.651257E+01   1.000000E+02   1.000000E+02   5.813870E+01   3.051140E+01   3.300997E+01   4.196665E+01   4.816708E+01   6.688477E+01   7.780718E+01   3.000000E+01   3.000000E+01   3.000000E+01
   3.000000E+01   3.000000E+01   3.000000E+01   3.000000E+01   3.000000E+01   8.854876E+01   1.000000E+02   7.719909E+01   1.000000E+02   1.000000E+02   7.209402E+01   6.578582E+01   8.146904E+01   4.717870E+01   5.424259E+01   6.733720E+01   3.000000E+01   3.000000E+01   3.000000E+01   3.000000E+01
