   1.010933E-04   1.519489E-04   8.779313E-05   8.294832E-05   6.869566E-05   5.495631E-05   5.457159E-05   7.990304E-05   7.168737E-05   9.945290E-05   9.778385E-05   7.843573E-05   8.579808E-05   1.037457E-04   8.175027E-05   1.429216E-04   1.349231E-04   1.709999E-04   1.273216E-04   1.464363E-04
   1.068138E-04   8.523105E-05   1.089844E-04   5.940792E-05   3.625406E-05   4.380866E-05   4.463466E-05   5.171043E-05   7.298517E-05   9.744507E-05   9.555430E-05   1.129105E-04   8.530365E-05   8.185780E-05   9.981134E-05   6.798818E-05   1.751904E-04   1.971982E-04   1.071976E-04   1.658687E-04
   9.173749E-05   7.635173E-05   6.596723E-05   3.904193E-05   5.842097E-05   4.952697E-05   3.768570E-05   6.665494E-05   7.646395E-05   7.872909E-05   1.220245E-04   1.111050E-04   9.740057E-05   5.765994E-05   4.608165E-05   1.020703E-04   1.520763E-04   2.000000E-04   1.719649E-04   2.000000E-04
   6.086441E-05   5.283055E-05   5.404596E-05   4.184022E-05   3.801326E-05   5.072337E-05   5.940564E-05   6.953483E-05   4.713649E-05   6.089442E-05   6.479146E-05   7.832187E-05   4.895557E-05   4.351231E-05   7.790728E-05   1.022283E-04   1.017467E-04   1.862343E-04   1.438569E-04   2.000000E-04
   4.201591E-05   3.401279E-05   2.283508E-05   3.456279E-05   4.689857E-05   5.760638E-05   7.780387E-05   7.391203E-05   7.885631E-05   4.310888E-05   6.110745E-05   7.019244E-05   5.069162E-05   3.906377E-05   5.598256E-05   1.010711E-04   1.069525E-04   1.832816E-04   2.000000E-04   2.000000E-04
   4.345341E-05   2.000000E-05   2.000000E-05   2.850757E-05   3.632310E-05   5.396937E-05   4.532162E-05   4.868902E-05   4.235195E-05   5.106201E-05   9.896013E-05   8.147556E-05   5.223834E-05   7.576632E-05   7.589670E-05   1.191733E-04   6.232711E-05   1.068467E-04   1.769127E-04   1.581756E-04
   2.000000E-05   2.572528E-05   2.000000E-05   4.327891E-05   5.327025E-05   5.246512E-05   4.151303E-05   6.370840E-05   7.784651E-05   4.786716E-05   4.667396E-05   8.427534E-05   8.064973E-05   6.838919E-05   8.624315E-05   5.399387E-05   7.699507E-05   1.229757E-04   1.089770E-04   1.152570E-04
   3.540207E-05   2.073729E-05   4.362302E-05   3.340965E-05   4.564895E-05   4.347993E-05   4.909684E-05   7.935762E-05   6.183922E-05   5.277687E-05   6.260438E-05   1.278979E-04   1.654822E-04   6.783377E-05   5.140834E-05   6.201721E-05   6.640044E-05   1.315775E-04   8.372947E-05   1.130840E-04
   4.189497E-05   4.770489E-05   4.143354E-05   4.020789E-05   2.854858E-05   2.854858E-05   2.854858E-05   8.040482E-05   5.404296E-05   5.430518E-05   7.237278E-05   1.162489E-04   1.160557E-04   4.483822E-05   3.446934E-05   5.688804E-05   6.710209E-05   8.189289E-05   5.526708E-05   8.260149E-05
   4.337348E-05   3.262334E-05   2.330868E-05   4.308844E-05   2.854858E-05   2.854858E-05   2.854858E-05   2.854858E-05   5.550177E-05   6.087485E-05   6.266780E-05   1.195818E-04   5.973429E-05   4.329097E-05   3.953350E-05   6.661741E-05   5.020967E-05   6.398527E-05   5.207865E-05   5.168940E-05
   8.046167E-05   4.246268E-05   6.149326E-05   5.604625E-05   2.854858E-05   2.854858E-05   2.854858E-05   2.854858E-05   5.383999E-05   6.269272E-05   6.180841E-05   8.378532E-05   9.732262E-05   8.148716E-05   6.585503E-05   6.505816E-05   3.729301E-05   7.217558E-05   4.299753E-05   5.160908E-05
   9.308842E-05   7.456277E-05   5.448024E-05   7.924201E-05   2.854858E-05   2.854858E-05   2.854858E-05   2.854858E-05   5.978737E-05   5.504698E-05   5.894028E-05   5.147622E-05   5.071015E-05   8.171804E-05   4.817580E-05   2.640044E-05   3.827388E-05   3.793773E-05   4.262461E-05   5.240729E-05
   5.834216E-05   5.282210E-05   5.089374E-05   4.077431E-05   2.854858E-05   2.854858E-05   2.854858E-05   2.854858E-05   6.508706E-05   6.200399E-05   5.107073E-05   5.975400E-05   7.609721E-05   5.124403E-05   6.723185E-05   3.328504E-05   3.313318E-05   3.358614E-05   6.331532E-05   8.283111E-05
   4.815288E-05   6.421132E-05   5.524480E-05   5.503504E-05   2.854858E-05   2.854858E-05   2.854858E-05   2.854858E-05   7.808160E-05   4.134275E-05   5.889902E-05   6.334927E-05   7.431312E-05   7.734984E-05   1.068464E-04   3.669837E-05   3.170012E-05   3.309219E-05   7.211385E-05   1.135501E-04
   4.293663E-05   7.758915E-05   4.974934E-05   5.928693E-05   2.854858E-05   2.854858E-05   2.854858E-05   2.854858E-05   6.331693E-05   4.741424E-05   4.369223E-05   8.742101E-05   7.555970E-05   8.654796E-05   8.205648E-05   4.401450E-05   4.174949E-05   5.539450E-05   7.986519E-05   1.229176E-04
   5.877306E-05   9.810144E-05   1.093939E-04   9.494078E-05   2.854858E-05   2.854858E-05   2.854858E-05   2.854858E-05   3.767619E-05   5.268915E-05   7.003200E-05   6.993809E-05   1.049642E-04   1.120731E-04   1.432067E-04   8.280529E-05   1.176104E-04   8.436975E-05   1.077004E-04   1.113624E-04
   1.442841E-04   1.610499E-04   1.515222E-04   1.330981E-04   2.854858E-05   2.854858E-05   2.854858E-05   2.854858E-05   4.620787E-05   5.838804E-05   9.750627E-05   4.969642E-05   1.134053E-04   1.899030E-04   1.898908E-04   1.694219E-04   1.541441E-04   9.573125E-05   9.689988E-05   8.732815E-05
   1.665018E-04   1.274717E-04   1.374691E-04   1.580331E-04   2.854858E-05   2.854858E-05   2.854858E-05   2.854858E-05   4.348298E-05   7.431431E-05   9.732349E-05   9.469759E-05   1.148519E-04   2.000000E-04   2.000000E-04   2.000000E-04   1.321762E-04   1.176119E-04   1.398396E-04   1.325473E-04
   2.000000E-04   1.732832E-04   1.682453E-04   9.886281E-05   2.854858E-05   2.854858E-05   2.854858E-05   2.854858E-05   8.959924E-05   1.479651E-04   1.596347E-04   9.500774E-05   1.125849E-04   2.000000E-04   2.000000E-04   2.000000E-04   1.795201E-04   2.000000E-04   2.000000E-04   1.554176E-04
   2.000000E-04   2.000000E-04   1.727742E-04   1.439165E-04   2.854858E-05   2.854858E-05   2.854858E-05   2.854858E-05   1.272222E-04   1.653602E-04   1.019158E-04   9.948253E-05   1.551528E-04   1.875782E-04   2.000000E-04   1.446934E-04   1.474644E-04   2.000000E-04   1.257389E-04   1.519394E-04
   1.736646E-04   1.811425E-04   1.861485E-04   1.388268E-04   2.854858E-05   2.854858E-05   2.854858E-05   2.854858E-05   1.299697E-04   1.615988E-04   1.976039E-04   2.000000E-04   9.908764E-05   2.000000E-04   2.000000E-04   1.415005E-04   1.562148E-04   1.880077E-04   1.416279E-04   2.000000E-04
   1.520228E-04   2.000000E-04   1.439331E-04   1.162143E-04   2.854858E-05   2.854858E-05   9.758873E-05   1.008680E-04   1.335175E-04   1.577144E-04   1.967467E-04   1.020954E-04   1.614021E-04   1.595990E-04   1.482347E-04   2.000000E-04   1.109217E-04   9.623672E-05   1.282007E-04   1.708393E-04
   1.916463E-04   2.000000E-04   1.770956E-04   1.309730E-04   1.110098E-04   2.854858E-05   6.252074E-05   4.752890E-05   1.139225E-04   7.683425E-05   1.226309E-04   1.764379E-04   1.212470E-04   1.423839E-04   1.090226E-04   1.038310E-04   6.133982E-05   5.101997E-05   5.702757E-05   6.561305E-05
   1.962423E-04   2.000000E-04   2.000000E-04   1.871744E-04   9.117962E-05   8.281275E-05   8.664552E-05   7.446877E-05   6.757732E-05   9.235388E-05   1.101703E-04   1.518624E-04   6.660506E-05   1.235280E-04   1.116283E-04   7.541839E-05   7.943540E-05   4.695921E-05   4.003288E-05   5.097118E-05
   1.842728E-04   2.000000E-04   2.000000E-04   1.064313E-04   9.156312E-05   1.483977E-04   1.274039E-04   7.902232E-05   9.154360E-05   8.777534E-05   7.182069E-05   1.485684E-04   8.818338E-05   7.488599E-05   9.334486E-05   9.519182E-05   6.389125E-05   6.414169E-05   1.289708E-04   7.335822E-05
   1.460407E-04   1.354382E-04   1.672176E-04   1.202249E-04   1.630932E-04   1.324619E-04   1.771879E-04   1.012492E-04   5.466990E-05   7.380372E-05   9.045420E-05   6.376120E-05   7.097859E-05   4.435316E-05   7.900705E-05   7.633032E-05   5.342725E-05   5.982416E-05   9.435839E-05   1.117840E-04
   1.045289E-04   1.459949E-04   1.534248E-04   2.000000E-04   1.374842E-04   2.000000E-04   1.919155E-04   9.673775E-05   5.287687E-05   8.642382E-05   7.332803E-05   3.263939E-05   5.103499E-05   4.853012E-05   5.245084E-05   9.059750E-05   9.360327E-05   8.572651E-05   1.024660E-04   9.461769E-05
   1.543083E-04   1.506524E-04   1.235145E-04   1.900572E-04   1.537181E-04   1.540923E-04   1.105190E-04   1.085797E-04   8.974260E-05   4.875064E-05   4.529193E-05   2.765289E-05   4.861749E-05   4.574247E-05   6.149597E-05   9.058039E-05   7.527330E-05   9.189963E-05   8.602673E-05   1.751357E-04
   1.097954E-04   1.207068E-04   6.882150E-05   1.260504E-04   1.267127E-04   9.644087E-05   1.493361E-04   7.068616E-05   8.263892E-05   6.311376E-05   3.852047E-05   3.367966E-05   5.105532E-05   4.141857E-05   5.617127E-05   5.292881E-05   5.509559E-05   4.276029E-05   7.398184E-05   9.852255E-05
   6.324441E-05   8.590489E-05   8.932303E-05   1.031135E-04   4.147724E-05   5.891153E-05   5.162573E-05   5.109914E-05   5.095740E-05   4.039508E-05   3.081133E-05   2.556977E-05   4.865263E-05   3.980531E-05   4.765477E-05   3.792156E-05   4.193532E-05   6.143193E-05   8.433923E-05   7.360605E-05
   9.862528E-05   5.943681E-05   1.101014E-04   6.635007E-05   9.049723E-05   5.792905E-05   4.298860E-05   8.157075E-05   7.698878E-05   3.887886E-05   3.492900E-05   3.244218E-05   4.007066E-05   2.691963E-05   3.668663E-05   3.402954E-05   3.193594E-05   4.294785E-05   6.287264E-05   5.798672E-05
   1.122112E-04   7.531960E-05   6.973130E-05   5.630908E-05   6.734971E-05   8.753405E-05   8.378779E-05   5.898532E-05   5.836654E-05   3.560221E-05   4.305225E-05   4.357068E-05   4.399448E-05   6.044603E-05   7.130893E-05   4.777134E-05   7.898020E-05   1.055414E-04   1.001598E-04   1.350051E-04
   2.854858E-05   9.860117E-05   6.241700E-05   6.268560E-05   7.481304E-05   8.377644E-05   1.136863E-04   4.158605E-05   6.711943E-05   4.975769E-05   6.955047E-05   1.002582E-04   6.905709E-05   8.638542E-05   1.209718E-04   1.368371E-04   1.397510E-04   1.160843E-04   1.418265E-04   1.470950E-04
   2.854858E-05   2.854858E-05   7.043617E-05   5.333059E-05   8.977037E-05   9.450773E-05   5.984571E-05   7.491088E-05   5.506268E-05   6.370442E-05   6.836029E-05   8.802412E-05   1.689363E-04   1.578978E-04   1.254459E-04   1.740076E-04   1.852368E-04   8.129108E-05   6.460772E-05   6.884799E-05
   2.854858E-05   2.854858E-05   2.854858E-05   4.601699E-05   6.260014E-05   6.389728E-05   7.816391E-05   9.904881E-05   6.725602E-05   4.369243E-05   6.248988E-05   7.708496E-05   1.883932E-04   1.127048E-04   1.595723E-04   8.592984E-05   1.157429E-04   6.415208E-05   7.104414E-05   5.734657E-05
   2.854858E-05   2.854858E-05   2.854858E-05   2.854858E-05   9.161486E-05   7.214390E-05   6.077395E-05   5.850522E-05   4.952836E-05   3.308059E-05   5.691697E-05   7.581157E-05   1.448928E-04   8.601808E-05   6.853751E-05   4.229906E-05   9.352569E-05   7.527533E-05   5.761655E-05   2.854858E-05
   2.854858E-05   2.854858E-05   2.854858E-05   2.854858E-05   8.950322E-05   4.187725E-05   3.827328E-05   3.988320E-05   8.610629E-05   6.099202E-05   1.042628E-04   6.443793E-05   3.608409E-05   6.742477E-05   7.287145E-05   1.469366E-04   7.104142E-05   7.786613E-05   6.005002E-05   2.854858E-05
   2.854858E-05   2.854858E-05   2.854858E-05   2.854858E-05   2.854858E-05   5.316708E-05   4.479684E-05   4.128199E-05   5.956459E-05   8.540105E-05   8.499450E-05   5.964542E-05   3.289356E-05   6.230597E-05   8.002704E-05   1.303855E-04   8.963135E-05   8.065013E-05   2.854858E-05   2.854858E-05
   2.854858E-05   2.854858E-05   2.854858E-05   2.854858E-05   2.854858E-05   5.413127E-05   3.253187E-05   3.687670E-05   4.166517E-05   6.337295E-05   7.568965E-05   5.522319E-05   5.318913E-05   6.428456E-05   5.051558E-05   1.142487E-04   1.122461E-04   2.854858E-05   2.854858E-05   2.854858E-05
   2.854858E-05   2.854858E-05   2.854858E-05   2.854858E-05   2.854858E-05   4.975560E-05   5.089957E-05   5.054937E-05   6.811890E-05   4.714578E-05   7.288951E-05   1.009722E-04   6.142213E-05   1.262268E-04   1.015234E-04   1.093523E-04   2.854858E-05   2.854858E-05   2.854858E-05   2.854858E-05
