   3.000000E+00   3.000000E+00   3.000000E+00   3.000000E+00   3.000000E+00   3.000000E+00   3.000000E+00   3.000000E+00   3.000000E+00   3.000000E+00   3.000000E+00   3.000000E+00   3.000000E+00   3.000000E+00   3.000000E+00   3.000000E+00   3.000000E+00   3.000000E+00   3.000000E+00   3.000000E+00
   3.000000E+00   3.000000E+00   3.000000E+00   3.000000E+00   3.000000E+00   3.000000E+00   3.000000E+00   3.000000E+00   3.000000E+00   3.000000E+00   3.000000E+00   3.000000E+00   3.000000E+00   3.000000E+00   3.000000E+00   3.000000E+00   3.000000E+00   3.000000E+00   3.000000E+00   3.000000E+00
   3.000000E+00   3.000000E+00   3.000000E+00   3.000000E+00   3.000000E+00   3.000000E+00   3.000000E+00   3.000000E+00   3.000000E+00   3.000000E+00   3.000000E+00   3.000000E+00   3.000000E+00   3.000000E+00   3.000000E+00   3.000000E+00   3.000000E+00   3.000000E+00   3.000000E+00   3.000000E+00
   3.000000E+00   3.000000E+00   3.000000E+00   3.000000E+00   3.000000E+00   3.000000E+00   3.000000E+00   3.000000E+00   3.000000E+00   3.000000E+00   3.000000E+00   3.000000E+00   3.000000E+00   3.000000E+00   3.000000E+00   3.000000E+00   3.000000E+00   3.000000E+00   3.000000E+00   3.000000E+00
   3.000000E+00   3.000000E+00   3.000000E+00   3.000000E+00   3.000000E+00   3.000000E+00   3.000000E+00   3.000000E+00   3.000000E+00   3.000000E+00   3.000000E+00   3.000000E+00   3.000000E+00   3.000000E+00   3.000000E+00   3.000000E+00   3.000000E+00   3.000000E+00   3.000000E+00   3.000000E+00
   3.000000E+00   3.000000E+00   3.000000E+00   3.000000E+00   3.000000E+00   3.000000E+00   3.000000E+00   3.000000E+00   3.000000E+00   3.000000E+00   3.000000E+00   3.000000E+00   3.000000E+00   3.000000E+00   3.000000E+00   3.000000E+00   3.000000E+00   3.000000E+00   3.000000E+00   3.000000E+00
   3.000000E+00   3.000000E+00   3.000000E+00   3.000000E+00   3.000000E+00   3.000000E+00   3.000000E+00   3.000000E+00   3.000000E+00   3.000000E+00   3.000000E+00   3.000000E+00   3.000000E+00   3.000000E+00   3.000000E+00   3.000000E+00   3.000000E+00   3.000000E+00   3.000000E+00   3.000000E+00
   3.000000E+00   3.000000E+00   3.000000E+00   3.000000E+00   3.000000E+00   3.000000E+00   3.000000E+00   3.000000E+00   3.000000E+00   3.000000E+00   3.000000E+00   3.000000E+00   3.000000E+00   3.000000E+00   3.000000E+00   3.000000E+00   3.000000E+00   3.000000E+00   3.000000E+00   3.000000E+00
   3.000000E+00   3.000000E+00   3.000000E+00   3.000000E+00   3.000000E+00   3.000000E+00   3.000000E+00   3.000000E+00   3.000000E+00   3.000000E+00   3.000000E+00   3.000000E+00   3.000000E+00   3.000000E+00   3.000000E+00   3.000000E+00   3.000000E+00   3.000000E+00   3.000000E+00   3.000000E+00
   3.000000E+00   3.000000E+00   3.000000E+00   3.000000E+00   3.000000E+00   3.000000E+00   3.000000E+00   3.000000E+00   3.000000E+00   3.000000E+00   3.000000E+00   3.000000E+00   3.000000E+00   3.000000E+00   3.000000E+00   3.000000E+00   3.000000E+00   3.000000E+00   3.000000E+00   3.000000E+00
   3.000000E+00   3.000000E+00   3.000000E+00   3.000000E+00   3.000000E+00   3.000000E+00   3.000000E+00   3.000000E+00   3.000000E+00   3.000000E+00   3.000000E+00   3.000000E+00   3.000000E+00   3.000000E+00   3.000000E+00   3.000000E+00   3.000000E+00   3.000000E+00   3.000000E+00   3.000000E+00
   3.000000E+00   3.000000E+00   3.000000E+00   3.000000E+00   3.000000E+00   3.000000E+00   3.000000E+00   3.000000E+00   3.000000E+00   3.000000E+00   3.000000E+00   3.000000E+00   3.000000E+00   3.000000E+00   3.000000E+00   3.000000E+00   3.000000E+00   3.000000E+00   3.000000E+00   3.000000E+00
   3.000000E+00   3.000000E+00   3.000000E+00   3.000000E+00   3.000000E+00   3.000000E+00   3.000000E+00   3.000000E+00   3.000000E+00   3.000000E+00   3.000000E+00   3.000000E+00   3.000000E+00   3.000000E+00   3.000000E+00   3.000000E+00   3.000000E+00   3.000000E+00   3.000000E+00   3.000000E+00
   3.000000E+00   3.000000E+00   3.000000E+00   3.000000E+00   3.000000E+00   3.000000E+00   3.000000E+00   3.000000E+00   3.000000E+00   3.000000E+00   3.000000E+00   3.000000E+00   3.000000E+00   3.000000E+00   3.000000E+00   3.000000E+00   3.000000E+00   3.000000E+00   3.000000E+00   3.000000E+00
   3.000000E+00   3.000000E+00   3.000000E+00   3.000000E+00   3.000000E+00   3.000000E+00   3.000000E+00   3.000000E+00   3.000000E+00   3.000000E+00   3.000000E+00   3.000000E+00   3.000000E+00   3.000000E+00   3.000000E+00   3.000000E+00   3.000000E+00   3.000000E+00   3.000000E+00   3.000000E+00
   3.000000E+00   3.000000E+00   3.000000E+00   3.000000E+00   3.000000E+00   3.000000E+00   3.000000E+00   3.000000E+00   3.000000E+00   3.000000E+00   3.000000E+00   3.000000E+00   3.000000E+00   3.000000E+00   3.000000E+00   3.000000E+00   3.000000E+00   3.000000E+00   3.000000E+00   3.000000E+00
   3.000000E+00   3.000000E+00   3.000000E+00   3.000000E+00   3.000000E+00   3.000000E+00   3.000000E+00   3.000000E+00   3.000000E+00   3.000000E+00   3.000000E+00   3.000000E+00   3.000000E+00   3.000000E+00   3.000000E+00   3.000000E+00   3.000000E+00   3.000000E+00   3.000000E+00   3.000000E+00
   3.000000E+00   3.000000E+00   3.000000E+00   3.000000E+00   3.000000E+00   3.000000E+00   3.000000E+00   3.000000E+00   3.000000E+00   3.000000E+00   3.000000E+00   3.000000E+00   3.000000E+00   3.000000E+00   3.000000E+00   3.000000E+00   3.000000E+00   3.000000E+00   3.000000E+00   3.000000E+00
   3.000000E+00   3.000000E+00   3.000000E+00   3.000000E+00   3.000000E+00   3.000000E+00   3.000000E+00   3.000000E+00   3.000000E+00   3.000000E+00   3.000000E+00   3.000000E+00   3.000000E+00   3.000000E+00   3.000000E+00   3.000000E+00   3.000000E+00   3.000000E+00   3.000000E+00   3.000000E+00
   3.000000E+00   3.000000E+00   3.000000E+00   3.000000E+00   3.000000E+00   3.000000E+00   3.000000E+00   3.000000E+00   3.000000E+00   3.000000E+00   3.000000E+00   3.000000E+00   3.000000E+00   3.000000E+00   3.000000E+00   3.000000E+00   3.000000E+00   3.000000E+00   3.000000E+00   3.000000E+00
   3.000000E+00   3.000000E+00   3.000000E+00   3.000000E+00   3.000000E+00   3.000000E+00   3.000000E+00   3.000000E+00   3.000000E+00   3.000000E+00   3.000000E+00   3.000000E+00   3.000000E+00   3.000000E+00   3.000000E+00   3.000000E+00   3.000000E+00   3.000000E+00   3.000000E+00   3.000000E+00
   3.000000E+00   3.000000E+00   3.000000E+00   3.000000E+00   3.000000E+00   3.000000E+00   3.000000E+00   3.000000E+00   3.000000E+00   3.000000E+00   3.000000E+00   3.000000E+00   3.000000E+00   3.000000E+00   3.000000E+00   3.000000E+00   3.000000E+00   3.000000E+00   3.000000E+00   3.000000E+00
   3.000000E+00   3.000000E+00   3.000000E+00   3.000000E+00   3.000000E+00   3.000000E+00   3.000000E+00   3.000000E+00   3.000000E+00   3.000000E+00   3.000000E+00   3.000000E+00   3.000000E+00   3.000000E+00   3.000000E+00   3.000000E+00   3.000000E+00   3.000000E+00   3.000000E+00   3.000000E+00
   3.000000E+00   3.000000E+00   3.000000E+00   3.000000E+00   3.000000E+00   3.000000E+00   3.000000E+00   3.000000E+00   3.000000E+00   3.000000E+00   3.000000E+00   3.000000E+00   3.000000E+00   3.000000E+00   3.000000E+00   3.000000E+00   3.000000E+00   3.000000E+00   3.000000E+00   3.000000E+00
   3.000000E+00   3.000000E+00   3.000000E+00   3.000000E+00   3.000000E+00   3.000000E+00   3.000000E+00   3.000000E+00   3.000000E+00   3.000000E+00   3.000000E+00   3.000000E+00   3.000000E+00   3.000000E+00   3.000000E+00   3.000000E+00   3.000000E+00   3.000000E+00   3.000000E+00   3.000000E+00
   3.000000E+00   3.000000E+00   3.000000E+00   3.000000E+00   3.000000E+00   3.000000E+00   3.000000E+00   3.000000E+00   3.000000E+00   3.000000E+00   3.000000E+00   3.000000E+00   3.000000E+00   3.000000E+00   3.000000E+00   3.000000E+00   3.000000E+00   3.000000E+00   3.000000E+00   3.000000E+00
   3.000000E+00   3.000000E+00   3.000000E+00   3.000000E+00   3.000000E+00   3.000000E+00   3.000000E+00   3.000000E+00   3.000000E+00   3.000000E+00   3.000000E+00   3.000000E+00   3.000000E+00   3.000000E+00   3.000000E+00   3.000000E+00   3.000000E+00   3.000000E+00   3.000000E+00   3.000000E+00
   3.000000E+00   3.000000E+00   3.000000E+00   3.000000E+00   3.000000E+00   3.000000E+00   3.000000E+00   3.000000E+00   3.000000E+00   3.000000E+00   3.000000E+00   3.000000E+00   3.000000E+00   3.000000E+00   3.000000E+00   3.000000E+00   3.000000E+00   3.000000E+00   3.000000E+00   3.000000E+00
   3.000000E+00   3.000000E+00   3.000000E+00   3.000000E+00   3.000000E+00   3.000000E+00   3.000000E+00   3.000000E+00   3.000000E+00   3.000000E+00   3.000000E+00   3.000000E+00   3.000000E+00   3.000000E+00   3.000000E+00   3.000000E+00   3.000000E+00   3.000000E+00   3.000000E+00   3.000000E+00
   3.000000E+00   3.000000E+00   3.000000E+00   3.000000E+00   3.000000E+00   3.000000E+00   3.000000E+00   3.000000E+00   3.000000E+00   3.000000E+00   3.000000E+00   3.000000E+00   3.000000E+00   3.000000E+00   3.000000E+00   3.000000E+00   3.000000E+00   3.000000E+00   3.000000E+00   3.000000E+00
   3.000000E+00   3.000000E+00   3.000000E+00   3.000000E+00   3.000000E+00   3.000000E+00   3.000000E+00   3.000000E+00   3.000000E+00   3.000000E+00   3.000000E+00   3.000000E+00   3.000000E+00   3.000000E+00   3.000000E+00   3.000000E+00   3.000000E+00   3.000000E+00   3.000000E+00   3.000000E+00
   3.000000E+00   3.000000E+00   3.000000E+00   3.000000E+00   3.000000E+00   3.000000E+00   3.000000E+00   3.000000E+00   3.000000E+00   3.000000E+00   3.000000E+00   3.000000E+00   3.000000E+00   3.000000E+00   3.000000E+00   3.000000E+00   3.000000E+00   3.000000E+00   3.000000E+00   3.000000E+00
   3.000000E+00   3.000000E+00   3.000000E+00   3.000000E+00   3.000000E+00   3.000000E+00   3.000000E+00   3.000000E+00   3.000000E+00   3.000000E+00   3.000000E+00   3.000000E+00   3.000000E+00   3.000000E+00   3.000000E+00   3.000000E+00   3.000000E+00   3.000000E+00   3.000000E+00   3.000000E+00
   3.000000E+00   3.000000E+00   3.000000E+00   3.000000E+00   3.000000E+00   3.000000E+00   3.000000E+00   3.000000E+00   3.000000E+00   3.000000E+00   3.000000E+00   3.000000E+00   3.000000E+00   3.000000E+00   3.000000E+00   3.000000E+00   3.000000E+00   3.000000E+00   3.000000E+00   3.000000E+00
   3.000000E+00   3.000000E+00   3.000000E+00   3.000000E+00   3.000000E+00   3.000000E+00   3.000000E+00   3.000000E+00   3.000000E+00   3.000000E+00   3.000000E+00   3.000000E+00   3.000000E+00   3.000000E+00   3.000000E+00   3.000000E+00   3.000000E+00   3.000000E+00   3.000000E+00   3.000000E+00
   3.000000E+00   3.000000E+00   3.000000E+00   3.000000E+00   3.000000E+00   3.000000E+00   3.000000E+00   3.000000E+00   3.000000E+00   3.000000E+00   3.000000E+00   3.000000E+00   3.000000E+00   3.000000E+00   3.000000E+00   3.000000E+00   3.000000E+00   3.000000E+00   3.000000E+00   3.000000E+00
   3.000000E+00   3.000000E+00   3.000000E+00   3.000000E+00   3.000000E+00   3.000000E+00   3.000000E+00   3.000000E+00   3.000000E+00   3.000000E+00   3.000000E+00   3.000000E+00   3.000000E+00   3.000000E+00   3.000000E+00   3.000000E+00   3.000000E+00   3.000000E+00   3.000000E+00   3.000000E+00
   3.000000E+00   3.000000E+00   3.000000E+00   3.000000E+00   3.000000E+00   3.000000E+00   3.000000E+00   3.000000E+00   3.000000E+00   3.000000E+00   3.000000E+00   3.000000E+00   3.000000E+00   3.000000E+00   3.000000E+00   3.000000E+00   3.000000E+00   3.000000E+00   3.000000E+00   3.000000E+00
   3.000000E+00   3.000000E+00   3.000000E+00   3.000000E+00   3.000000E+00   3.000000E+00   3.000000E+00   3.000000E+00   3.000000E+00   3.000000E+00   3.000000E+00   3.000000E+00   3.000000E+00   3.000000E+00   3.000000E+00   3.000000E+00   3.000000E+00   3.000000E+00   3.000000E+00   3.000000E+00
   3.000000E+00   3.000000E+00   3.000000E+00   3.000000E+00   3.000000E+00   3.000000E+00   3.000000E+00   3.000000E+00   3.000000E+00   3.000000E+00   3.000000E+00   3.000000E+00   3.000000E+00   3.000000E+00   3.000000E+00   3.000000E+00   3.000000E+00   3.000000E+00   3.000000E+00   3.000000E+00
