   1.281994E-04   1.181644E-04   1.580399E-04   1.213727E-04   6.928539E-05   1.316453E-04   1.998271E-04   1.458153E-04   1.733510E-04   2.000000E-04   2.000000E-04   2.000000E-04   2.000000E-04   1.789180E-04   1.460664E-04   1.520694E-04   9.647617E-05   1.159894E-04   1.489845E-04   1.972824E-04
   1.185122E-04   1.984846E-04   1.614005E-04   1.344227E-04   7.014000E-05   1.366031E-04   2.000000E-04   2.000000E-04   2.000000E-04   2.000000E-04   2.000000E-04   2.000000E-04   1.651421E-04   1.256829E-04   1.384927E-04   1.185495E-04   2.000000E-04   1.518309E-04   1.888159E-04   1.647694E-04
   1.694132E-04   2.000000E-04   2.000000E-04   2.000000E-04   1.312143E-04   2.000000E-04   2.000000E-04   2.000000E-04   1.282747E-04   8.848853E-05   1.289741E-04   1.125844E-04   1.348818E-04   2.000000E-04   2.000000E-04   1.163790E-04   1.597098E-04   1.016826E-04   1.605312E-04   1.440583E-04
   1.711653E-04   1.686763E-04   2.000000E-04   1.714500E-04   1.608931E-04   2.000000E-04   2.000000E-04   2.000000E-04   1.551696E-04   9.800857E-05   8.308329E-05   1.434573E-04   1.578141E-04   1.207349E-04   1.366923E-04   7.135742E-05   7.217371E-05   1.519660E-04   8.847214E-05   1.147659E-04
   1.053469E-04   9.076593E-05   1.377358E-04   1.919021E-04   1.972259E-04   2.000000E-04   2.000000E-04   1.312677E-04   1.507167E-04   1.383806E-04   1.123761E-04   1.362158E-04   1.063663E-04   7.381980E-05   5.789119E-05   5.820807E-05   8.728525E-05   1.262051E-04   1.574852E-04   1.722773E-04
   1.087722E-04   1.140773E-04   1.256785E-04   9.516605E-05   1.676046E-04   1.741888E-04   1.031090E-04   1.003762E-04   1.220922E-04   2.000000E-04   1.434663E-04   1.373113E-04   1.106393E-04   1.259400E-04   5.195493E-05   4.445533E-05   5.480475E-05   8.971810E-05   8.316042E-05   8.869712E-05
   1.269597E-04   1.517438E-04   8.402162E-05   1.006531E-04   1.700482E-04   1.554702E-04   1.059104E-04   9.858047E-05   1.360327E-04   1.315922E-04   1.332530E-04   2.000000E-04   1.660007E-04   7.591554E-05   4.993468E-05   3.982390E-05   8.412035E-05   5.386930E-05   8.108910E-05   8.551857E-05
   8.943231E-05   1.035645E-04   1.620142E-04   9.220796E-05   1.006292E-04   8.405236E-05   1.209686E-04   1.395576E-04   7.815988E-05   9.380263E-05   1.099855E-04   2.000000E-04   1.714460E-04   1.459202E-04   1.682588E-04   1.194406E-04   9.989081E-05   1.039061E-04   7.902354E-05   9.297432E-05
   8.596649E-05   1.018712E-04   1.053034E-04   1.045381E-04   9.088677E-05   9.088677E-05   9.088677E-05   1.128545E-04   1.211631E-04   1.141415E-04   1.476069E-04   1.354437E-04   1.847967E-04   1.890524E-04   2.000000E-04   1.769777E-04   1.039590E-04   8.203690E-05   6.552680E-05   9.026543E-05
   7.376547E-05   9.285494E-05   9.861402E-05   9.100067E-05   9.088677E-05   9.088677E-05   9.088677E-05   9.088677E-05   1.134779E-04   1.316665E-04   1.744599E-04   2.000000E-04   1.893453E-04   1.881106E-04   1.785133E-04   1.648257E-04   1.451050E-04   1.401458E-04   1.965618E-04   1.322388E-04
   5.333631E-05   4.624006E-05   7.021808E-05   6.213104E-05   9.088677E-05   9.088677E-05   9.088677E-05   9.088677E-05   1.840548E-04   1.262474E-04   1.859853E-04   2.000000E-04   2.000000E-04   1.174707E-04   1.285876E-04   9.426721E-05   1.440107E-04   1.853504E-04   2.000000E-04   2.000000E-04
   6.683358E-05   4.273781E-05   4.738549E-05   6.025440E-05   9.088677E-05   9.088677E-05   9.088677E-05   9.088677E-05   2.000000E-04   2.000000E-04   2.000000E-04   2.000000E-04   1.526381E-04   2.000000E-04   1.341089E-04   1.898223E-04   1.743705E-04   1.940473E-04   1.038925E-04   2.000000E-04
   1.008498E-04   6.038691E-05   4.984940E-05   7.646850E-05   9.088677E-05   9.088677E-05   9.088677E-05   9.088677E-05   2.000000E-04   2.000000E-04   2.000000E-04   2.000000E-04   2.000000E-04   2.000000E-04   1.934329E-04   2.000000E-04   1.196284E-04   1.014098E-04   1.600723E-04   1.284356E-04
   1.717867E-04   1.173400E-04   1.077084E-04   1.411820E-04   9.088677E-05   9.088677E-05   9.088677E-05   9.088677E-05   2.000000E-04   2.000000E-04   2.000000E-04   2.000000E-04   2.000000E-04   1.510264E-04   1.889024E-04   1.375128E-04   7.767262E-05   7.722958E-05   1.273356E-04   1.010604E-04
   1.585538E-04   2.000000E-04   2.000000E-04   1.670479E-04   9.088677E-05   9.088677E-05   9.088677E-05   9.088677E-05   2.000000E-04   2.000000E-04   2.000000E-04   2.000000E-04   1.981738E-04   8.210005E-05   9.641225E-05   9.594244E-05   8.155124E-05   1.371031E-04   1.432570E-04   1.267966E-04
   1.560227E-04   1.677838E-04   2.000000E-04   2.000000E-04   9.088677E-05   9.088677E-05   9.088677E-05   9.088677E-05   2.000000E-04   2.000000E-04   2.000000E-04   1.903844E-04   1.194203E-04   1.118533E-04   8.717869E-05   9.809216E-05   1.348845E-04   1.074647E-04   1.250819E-04   1.690467E-04
   8.142082E-05   1.370214E-04   1.761931E-04   2.000000E-04   9.088677E-05   9.088677E-05   9.088677E-05   9.088677E-05   2.000000E-04   2.000000E-04   2.000000E-04   1.959371E-04   2.000000E-04   2.000000E-04   2.000000E-04   1.252417E-04   9.133671E-05   8.202975E-05   8.205955E-05   1.209701E-04
   6.804650E-05   6.306649E-05   8.478050E-05   1.263598E-04   9.088677E-05   9.088677E-05   9.088677E-05   9.088677E-05   2.000000E-04   2.000000E-04   2.000000E-04   2.000000E-04   2.000000E-04   2.000000E-04   2.000000E-04   1.798056E-04   1.023110E-04   9.237011E-05   7.329384E-05   1.254980E-04
   1.272274E-04   1.046905E-04   7.510984E-05   5.891838E-05   9.088677E-05   9.088677E-05   9.088677E-05   9.088677E-05   2.000000E-04   2.000000E-04   2.000000E-04   2.000000E-04   2.000000E-04   2.000000E-04   2.000000E-04   2.000000E-04   1.186830E-04   8.143388E-05   1.107216E-04   8.648526E-05
   1.539816E-04   1.374554E-04   1.153061E-04   8.088933E-05   9.088677E-05   9.088677E-05   9.088677E-05   9.088677E-05   2.000000E-04   2.000000E-04   2.000000E-04   2.000000E-04   2.000000E-04   2.000000E-04   2.000000E-04   1.928220E-04   1.655439E-04   1.995154E-04   1.000898E-04   9.265437E-05
   1.042721E-04   1.287600E-04   1.691386E-04   1.256334E-04   9.088677E-05   9.088677E-05   9.088677E-05   9.088677E-05   2.000000E-04   2.000000E-04   2.000000E-04   1.643513E-04   2.000000E-04   2.000000E-04   2.000000E-04   1.978301E-04   1.826177E-04   1.719853E-04   1.644858E-04   1.611960E-04
   2.000000E-04   2.000000E-04   2.000000E-04   1.551793E-04   9.088677E-05   9.088677E-05   1.459861E-04   1.774933E-04   2.000000E-04   2.000000E-04   1.715308E-04   2.000000E-04   2.000000E-04   2.000000E-04   2.000000E-04   2.000000E-04   1.843594E-04   2.000000E-04   2.000000E-04   2.000000E-04
   1.404788E-04   1.790948E-04   2.000000E-04   9.552830E-05   2.000000E-04   9.088677E-05   1.090799E-04   2.000000E-04   2.000000E-04   2.000000E-04   2.000000E-04   2.000000E-04   2.000000E-04   2.000000E-04   2.000000E-04   2.000000E-04   2.000000E-04   2.000000E-04   2.000000E-04   2.000000E-04
   1.279723E-04   1.641568E-04   2.000000E-04   1.787039E-04   1.655263E-04   2.000000E-04   1.500770E-04   1.557221E-04   2.000000E-04   2.000000E-04   2.000000E-04   2.000000E-04   2.000000E-04   2.000000E-04   2.000000E-04   2.000000E-04   2.000000E-04   2.000000E-04   2.000000E-04   2.000000E-04
   1.240100E-04   1.112365E-04   1.383015E-04   1.391468E-04   1.885622E-04   1.179052E-04   1.254528E-04   1.673856E-04   2.000000E-04   2.000000E-04   2.000000E-04   2.000000E-04   1.964190E-04   2.000000E-04   2.000000E-04   2.000000E-04   1.756594E-04   2.000000E-04   1.830005E-04   2.000000E-04
   1.309737E-04   1.305297E-04   9.131242E-05   1.436123E-04   1.314803E-04   1.585973E-04   1.665240E-04   2.000000E-04   2.000000E-04   6.586397E-05   2.000000E-04   2.000000E-04   1.576847E-04   2.000000E-04   1.759687E-04   2.000000E-04   2.000000E-04   1.807133E-04   1.616109E-04   2.000000E-04
   1.273919E-04   1.336767E-04   1.046812E-04   1.477953E-04   9.455161E-05   1.163450E-04   1.610112E-04   1.092879E-04   1.566883E-04   2.000000E-04   2.000000E-04   1.154051E-04   1.271534E-04   1.988738E-04   2.000000E-04   2.000000E-04   2.000000E-04   1.737724E-04   1.857064E-04   2.000000E-04
   1.383829E-04   8.701447E-05   1.444277E-04   6.551403E-05   8.337236E-05   9.303015E-05   1.217142E-04   1.025137E-04   1.250065E-04   1.485023E-04   1.163884E-04   1.202675E-04   1.309553E-04   1.531253E-04   1.970339E-04   1.708768E-04   1.700170E-04   1.366761E-04   1.311516E-04   1.196300E-04
   9.975921E-05   9.696748E-05   7.517749E-05   7.368174E-05   8.084466E-05   1.075994E-04   1.174662E-04   8.335403E-05   9.313941E-05   1.121551E-04   1.135262E-04   7.355118E-05   1.544583E-04   1.670706E-04   1.987998E-04   1.420267E-04   2.000000E-04   2.000000E-04   1.096979E-04   1.326441E-04
   8.839537E-05   9.105824E-05   1.046461E-04   9.793962E-05   9.786074E-05   6.016051E-05   8.744765E-05   7.090757E-05   9.922943E-05   1.928671E-04   1.197586E-04   8.314629E-05   7.895212E-05   1.301582E-04   1.720126E-04   1.156891E-04   1.337050E-04   1.723772E-04   1.460122E-04   6.805712E-05
   1.434923E-04   5.830651E-05   6.611753E-05   7.706296E-05   6.265781E-05   7.817538E-05   7.349546E-05   1.089638E-04   1.047438E-04   1.711512E-04   9.035168E-05   6.281032E-05   8.247311E-05   1.008195E-04   1.420602E-04   1.154334E-04   9.206823E-05   1.068497E-04   8.537723E-05   3.483789E-05
   2.000000E-04   1.259448E-04   9.116245E-05   9.856182E-05   7.863274E-05   8.615591E-05   1.102167E-04   1.193589E-04   1.047219E-04   1.067083E-04   8.322646E-05   9.362615E-05   5.507690E-05   9.365936E-05   1.294589E-04   6.196943E-05   6.426336E-05   1.178569E-04   8.908541E-05   3.806827E-05
   9.088677E-05   2.000000E-04   1.463735E-04   2.000000E-04   1.071960E-04   2.000000E-04   2.000000E-04   2.000000E-04   1.082213E-04   8.373289E-05   5.424686E-05   7.152391E-05   9.334778E-05   1.799431E-04   1.170157E-04   1.004944E-04   7.297786E-05   9.083105E-05   1.050097E-04   5.446417E-05
   9.088677E-05   9.088677E-05   2.000000E-04   2.000000E-04   2.000000E-04   2.000000E-04   2.000000E-04   2.000000E-04   1.101446E-04   1.150627E-04   6.089812E-05   1.281068E-04   1.174170E-04   1.543827E-04   2.000000E-04   1.181530E-04   7.759443E-05   1.099392E-04   2.000000E-04   1.703202E-04
   9.088677E-05   9.088677E-05   9.088677E-05   2.000000E-04   2.000000E-04   2.000000E-04   2.000000E-04   2.000000E-04   1.846098E-04   1.011490E-04   4.051260E-05   6.437381E-05   1.341246E-04   2.000000E-04   2.000000E-04   1.263431E-04   6.196894E-05   8.252778E-05   1.131954E-04   9.040968E-05
   9.088677E-05   9.088677E-05   9.088677E-05   9.088677E-05   2.000000E-04   2.000000E-04   2.000000E-04   2.000000E-04   1.670703E-04   1.309373E-04   8.613457E-05   1.367615E-04   1.005912E-04   1.315323E-04   1.609204E-04   1.271957E-04   6.248089E-05   7.369000E-05   7.108287E-05   9.088677E-05
   9.088677E-05   9.088677E-05   9.088677E-05   9.088677E-05   2.000000E-04   2.000000E-04   2.000000E-04   2.000000E-04   2.000000E-04   1.394963E-04   1.197353E-04   1.363543E-04   8.202021E-05   1.381611E-04   1.442000E-04   1.323703E-04   8.812709E-05   7.853435E-05   7.051324E-05   9.088677E-05
   9.088677E-05   9.088677E-05   9.088677E-05   9.088677E-05   9.088677E-05   1.350712E-04   1.439758E-04   2.000000E-04   1.174423E-04   1.773035E-04   9.920054E-05   9.120488E-05   1.221201E-04   1.771932E-04   1.861165E-04   8.698154E-05   9.595013E-05   1.135266E-04   9.088677E-05   9.088677E-05
   9.088677E-05   9.088677E-05   9.088677E-05   9.088677E-05   9.088677E-05   1.498114E-04   1.944553E-04   1.693833E-04   1.189934E-04   1.616690E-04   2.000000E-04   2.000000E-04   1.646621E-04   2.000000E-04   1.206591E-04   1.251989E-04   7.963756E-05   9.088677E-05   9.088677E-05   9.088677E-05
   9.088677E-05   9.088677E-05   9.088677E-05   9.088677E-05   9.088677E-05   2.000000E-04   1.203080E-04   1.507081E-04   1.196840E-04   1.984778E-04   2.000000E-04   1.630748E-04   1.394485E-04   1.726519E-04   1.092313E-04   1.236156E-04   9.088677E-05   9.088677E-05   9.088677E-05   9.088677E-05
