   2.253710E-05   2.000000E-05   2.000000E-05   2.000000E-05   2.223202E-05   3.136575E-05   3.077047E-05   3.610226E-05   3.498749E-05   3.317975E-05   2.564415E-05   2.000000E-05   2.000000E-05   2.000000E-05   3.394323E-05   2.423813E-05   2.000000E-05   2.000000E-05   2.000000E-05   2.387563E-05
   2.000000E-05   2.000000E-05   2.000000E-05   2.000000E-05   2.091576E-05   2.567144E-05   3.054089E-05   3.316429E-05   3.072432E-05   3.534252E-05   2.249264E-05   2.000000E-05   2.000000E-05   2.000000E-05   2.000000E-05   2.000000E-05   2.000000E-05   2.000000E-05   2.000000E-05   2.000000E-05
   2.000000E-05   2.000000E-05   2.000000E-05   2.000000E-05   2.000000E-05   2.000000E-05   2.850420E-05   4.332486E-05   4.707311E-05   3.018369E-05   2.727357E-05   2.000000E-05   2.000000E-05   2.566755E-05   2.000000E-05   2.000000E-05   2.000000E-05   2.000000E-05   2.000000E-05   2.000000E-05
   2.000000E-05   2.000000E-05   2.000000E-05   2.000000E-05   2.000000E-05   2.369633E-05   3.286230E-05   3.516445E-05   4.982105E-05   2.850532E-05   3.508163E-05   2.129968E-05   2.000000E-05   2.000000E-05   2.492825E-05   2.000000E-05   2.000000E-05   2.000000E-05   2.000000E-05   2.000000E-05
   2.572266E-05   2.000000E-05   2.000000E-05   2.000000E-05   2.000000E-05   2.817459E-05   5.641506E-05   3.983752E-05   5.603399E-05   2.286797E-05   3.253479E-05   2.000000E-05   2.000000E-05   2.000000E-05   2.000000E-05   2.000000E-05   2.000000E-05   2.000000E-05   2.000000E-05   2.000000E-05
   2.000000E-05   2.000000E-05   2.000000E-05   2.000000E-05   2.398077E-05   3.226614E-05   3.615206E-05   2.383560E-05   3.223928E-05   2.738691E-05   2.000000E-05   2.000000E-05   2.000000E-05   2.000000E-05   2.000000E-05   2.000000E-05   2.000000E-05   2.000000E-05   2.000000E-05   2.000000E-05
   2.451474E-05   2.000000E-05   2.000000E-05   2.000000E-05   3.134743E-05   3.682585E-05   2.650977E-05   2.000000E-05   2.000000E-05   2.123404E-05   2.197704E-05   2.000000E-05   2.000000E-05   2.000000E-05   2.000000E-05   2.000000E-05   2.000000E-05   2.092207E-05   2.168461E-05   2.104303E-05
   3.550004E-05   2.955457E-05   3.469203E-05   3.923501E-05   3.894331E-05   3.160676E-05   2.652101E-05   2.000000E-05   2.000000E-05   2.411532E-05   3.514645E-05   2.000000E-05   2.000000E-05   2.000000E-05   2.000000E-05   2.000000E-05   2.000000E-05   2.000000E-05   2.082422E-05   2.727082E-05
   3.859878E-05   5.375707E-05   7.188394E-05   6.944904E-05   4.508808E-05   4.508808E-05   4.508808E-05   2.000000E-05   2.005301E-05   2.711595E-05   3.079854E-05   2.000000E-05   2.000000E-05   2.000000E-05   2.000000E-05   2.000000E-05   2.000000E-05   2.000000E-05   2.134698E-05   3.081993E-05
   7.647881E-05   8.032879E-05   7.228337E-05   7.869330E-05   4.508808E-05   4.508808E-05   4.508808E-05   4.508808E-05   2.565570E-05   3.623106E-05   2.179317E-05   2.047637E-05   2.000000E-05   2.000000E-05   2.000000E-05   2.000000E-05   2.000000E-05   2.000000E-05   2.000000E-05   2.000000E-05
   6.802460E-05   6.722020E-05   6.777032E-05   6.758790E-05   4.508808E-05   4.508808E-05   4.508808E-05   4.508808E-05   2.225240E-05   2.493648E-05   2.000000E-05   2.000000E-05   2.000000E-05   2.000000E-05   2.000000E-05   2.000000E-05   2.000000E-05   2.000000E-05   2.000000E-05   2.000000E-05
   4.059893E-05   5.516210E-05   5.447293E-05   4.563871E-05   4.508808E-05   4.508808E-05   4.508808E-05   4.508808E-05   2.000000E-05   2.418034E-05   2.565602E-05   2.000000E-05   2.000000E-05   2.452277E-05   3.123468E-05   2.000000E-05   2.000000E-05   2.000000E-05   2.000000E-05   2.000000E-05
   5.696363E-05   6.877173E-05   9.402744E-05   3.489020E-05   4.508808E-05   4.508808E-05   4.508808E-05   4.508808E-05   2.173119E-05   2.981323E-05   2.482665E-05   2.534476E-05   3.126983E-05   3.676882E-05   3.228961E-05   2.554466E-05   2.235490E-05   2.000000E-05   2.000000E-05   2.000000E-05
   4.887257E-05   7.838013E-05   6.185085E-05   3.463737E-05   4.508808E-05   4.508808E-05   4.508808E-05   4.508808E-05   2.732258E-05   3.738642E-05   4.626474E-05   2.390781E-05   2.549251E-05   3.851771E-05   2.887237E-05   3.169753E-05   2.827152E-05   2.994518E-05   2.642126E-05   2.256456E-05
   7.099986E-05   5.632127E-05   3.979717E-05   2.127615E-05   4.508808E-05   4.508808E-05   4.508808E-05   4.508808E-05   2.983137E-05   2.907894E-05   2.378923E-05   3.689221E-05   4.045657E-05   3.892836E-05   4.301371E-05   3.549579E-05   2.653522E-05   2.397387E-05   2.381218E-05   2.000000E-05
   5.389459E-05   5.895529E-05   3.304070E-05   2.506659E-05   4.508808E-05   4.508808E-05   4.508808E-05   4.508808E-05   3.597954E-05   4.434947E-05   5.040904E-05   3.318788E-05   3.580870E-05   3.492775E-05   4.908655E-05   5.377606E-05   5.710032E-05   3.808968E-05   2.278787E-05   2.422310E-05
   4.682692E-05   3.096187E-05   2.466250E-05   3.332345E-05   4.508808E-05   4.508808E-05   4.508808E-05   4.508808E-05   4.940666E-05   4.312118E-05   2.517418E-05   2.919360E-05   3.378645E-05   4.467605E-05   3.517916E-05   4.571143E-05   5.081357E-05   4.084060E-05   3.563989E-05   6.643533E-05
   3.096646E-05   2.000000E-05   2.939994E-05   3.619655E-05   4.508808E-05   4.508808E-05   4.508808E-05   4.508808E-05   5.522398E-05   4.532605E-05   2.701306E-05   3.976179E-05   2.710039E-05   2.441378E-05   2.608808E-05   4.609548E-05   3.566477E-05   3.806733E-05   6.348751E-05   7.375005E-05
   2.000000E-05   2.655876E-05   4.377862E-05   3.870295E-05   4.508808E-05   4.508808E-05   4.508808E-05   4.508808E-05   3.426597E-05   2.724043E-05   2.914349E-05   3.076893E-05   2.000000E-05   2.000000E-05   2.000000E-05   3.768000E-05   4.005942E-05   2.700279E-05   6.436665E-05   5.121742E-05
   2.000000E-05   4.502185E-05   3.755748E-05   3.722858E-05   4.508808E-05   4.508808E-05   4.508808E-05   4.508808E-05   2.000000E-05   2.000000E-05   3.387973E-05   2.705954E-05   2.000000E-05   2.000000E-05   2.000000E-05   3.101330E-05   3.803478E-05   2.683212E-05   2.906681E-05   5.149822E-05
   3.491202E-05   3.711563E-05   3.435084E-05   3.489246E-05   4.508808E-05   4.508808E-05   4.508808E-05   4.508808E-05   2.506940E-05   3.183966E-05   3.508159E-05   3.523451E-05   3.258983E-05   2.000000E-05   2.000000E-05   2.248285E-05   3.392889E-05   2.000000E-05   2.276481E-05   3.781742E-05
   2.398479E-05   3.627279E-05   3.527079E-05   2.481621E-05   4.508808E-05   4.508808E-05   2.000000E-05   2.123984E-05   2.000000E-05   2.000000E-05   2.342401E-05   3.930811E-05   2.619531E-05   2.026170E-05   2.195670E-05   3.186794E-05   4.421931E-05   2.419325E-05   2.907067E-05   3.085704E-05
   2.652962E-05   3.989440E-05   3.495994E-05   3.716795E-05   2.406767E-05   4.508808E-05   2.000000E-05   2.000000E-05   2.000000E-05   2.000000E-05   2.000000E-05   2.540183E-05   2.549175E-05   2.000000E-05   2.000000E-05   2.372388E-05   4.287463E-05   2.491722E-05   2.000000E-05   2.858376E-05
   2.000000E-05   2.397827E-05   2.589099E-05   2.685601E-05   2.778112E-05   2.201323E-05   2.000000E-05   2.000000E-05   2.000000E-05   2.000000E-05   2.000000E-05   2.000000E-05   2.000000E-05   2.000000E-05   2.000000E-05   2.049223E-05   2.237634E-05   2.511064E-05   2.000000E-05   2.486231E-05
   2.817876E-05   3.276807E-05   2.218866E-05   2.495072E-05   2.000000E-05   2.000000E-05   2.000000E-05   2.000000E-05   2.000000E-05   2.000000E-05   2.000000E-05   2.000000E-05   2.000000E-05   2.000000E-05   2.493524E-05   2.000000E-05   2.159065E-05   2.000000E-05   2.132859E-05   2.226838E-05
   2.776603E-05   2.159131E-05   2.000000E-05   2.000000E-05   2.000000E-05   2.000000E-05   2.000000E-05   2.000000E-05   2.000000E-05   2.000000E-05   2.000000E-05   2.136857E-05   2.488571E-05   4.184844E-05   3.006698E-05   2.000000E-05   2.000000E-05   2.000000E-05   2.258801E-05   2.243236E-05
   2.727276E-05   2.000000E-05   2.000000E-05   2.000000E-05   2.000000E-05   2.000000E-05   2.315924E-05   2.000000E-05   2.000000E-05   2.000000E-05   2.000000E-05   2.041482E-05   3.580696E-05   2.948440E-05   3.238912E-05   2.024606E-05   2.151810E-05   2.131520E-05   2.000000E-05   2.928766E-05
   2.000000E-05   2.000000E-05   2.154223E-05   2.000000E-05   2.000000E-05   2.000000E-05   2.000000E-05   2.000000E-05   2.000000E-05   2.000000E-05   2.000000E-05   2.730418E-05   3.774444E-05   3.756583E-05   2.430705E-05   2.000000E-05   2.259821E-05   3.061837E-05   2.173164E-05   2.554922E-05
   2.000000E-05   2.000000E-05   2.000000E-05   2.000000E-05   2.000000E-05   2.000000E-05   2.000000E-05   2.000000E-05   2.000000E-05   2.000000E-05   2.000000E-05   4.972781E-05   3.981513E-05   2.373943E-05   2.688148E-05   2.397612E-05   3.335535E-05   2.000000E-05   2.000000E-05   2.195303E-05
   2.000000E-05   2.000000E-05   2.000000E-05   2.000000E-05   2.000000E-05   2.000000E-05   2.000000E-05   2.000000E-05   2.000000E-05   2.000000E-05   2.560081E-05   3.417927E-05   2.000000E-05   2.000000E-05   2.000000E-05   2.222875E-05   2.000000E-05   2.000000E-05   2.000000E-05   2.000000E-05
   2.537646E-05   2.000000E-05   2.000000E-05   2.000000E-05   2.000000E-05   2.000000E-05   2.000000E-05   2.000000E-05   2.000000E-05   2.000000E-05   2.000000E-05   2.215427E-05   2.000000E-05   2.000000E-05   2.000000E-05   2.000000E-05   2.000000E-05   2.000000E-05   2.000000E-05   2.000000E-05
   2.868990E-05   2.000000E-05   2.000000E-05   2.000000E-05   2.000000E-05   2.000000E-05   2.000000E-05   2.000000E-05   2.000000E-05   2.421940E-05   2.152210E-05   2.000000E-05   2.000000E-05   2.000000E-05   2.000000E-05   2.000000E-05   2.000000E-05   2.000000E-05   2.000000E-05   2.000000E-05
   4.508808E-05   2.000000E-05   2.000000E-05   2.000000E-05   2.000000E-05   2.000000E-05   2.000000E-05   2.000000E-05   2.000000E-05   2.339696E-05   2.844905E-05   2.775989E-05   2.000000E-05   2.000000E-05   2.000000E-05   2.000000E-05   2.000000E-05   2.000000E-05   2.000000E-05   2.273589E-05
   4.508808E-05   4.508808E-05   2.000000E-05   2.000000E-05   2.000000E-05   2.000000E-05   2.000000E-05   2.000000E-05   2.000000E-05   3.716591E-05   4.153812E-05   2.319939E-05   2.094461E-05   2.136692E-05   2.462411E-05   2.585072E-05   2.000000E-05   2.000000E-05   2.000000E-05   2.489513E-05
   4.508808E-05   4.508808E-05   4.508808E-05   2.009938E-05   2.000000E-05   2.000000E-05   2.000000E-05   2.000000E-05   2.000000E-05   2.000000E-05   5.489994E-05   2.795188E-05   3.680826E-05   3.432832E-05   4.024688E-05   2.419746E-05   2.341457E-05   3.871024E-05   2.968928E-05   2.052201E-05
   4.508808E-05   4.508808E-05   4.508808E-05   4.508808E-05   2.000000E-05   2.000000E-05   2.000000E-05   2.000000E-05   2.000000E-05   2.000000E-05   2.782422E-05   2.990103E-05   5.009796E-05   3.864938E-05   3.735651E-05   4.294426E-05   3.072525E-05   2.078104E-05   2.644013E-05   4.508808E-05
   4.508808E-05   4.508808E-05   4.508808E-05   4.508808E-05   2.000000E-05   2.000000E-05   2.000000E-05   2.000000E-05   2.000000E-05   2.000000E-05   2.246180E-05   3.135903E-05   4.886107E-05   5.214187E-05   5.059646E-05   6.554480E-05   4.027922E-05   2.088276E-05   3.839723E-05   4.508808E-05
   4.508808E-05   4.508808E-05   4.508808E-05   4.508808E-05   4.508808E-05   2.100261E-05   2.000000E-05   2.000000E-05   2.000000E-05   3.270661E-05   2.350866E-05   2.668027E-05   2.724285E-05   4.641082E-05   5.756548E-05   6.417199E-05   4.854418E-05   3.110509E-05   4.508808E-05   4.508808E-05
   4.508808E-05   4.508808E-05   4.508808E-05   4.508808E-05   4.508808E-05   2.000000E-05   2.254510E-05   2.000000E-05   2.927525E-05   2.000000E-05   2.559349E-05   2.567890E-05   3.191945E-05   4.679397E-05   4.106200E-05   4.576338E-05   4.931900E-05   4.508808E-05   4.508808E-05   4.508808E-05
   4.508808E-05   4.508808E-05   4.508808E-05   4.508808E-05   4.508808E-05   2.000000E-05   2.824530E-05   2.352464E-05   2.135911E-05   2.000000E-05   2.000000E-05   2.000000E-05   2.000000E-05   2.000000E-05   2.000000E-05   3.758770E-05   4.508808E-05   4.508808E-05   4.508808E-05   4.508808E-05
