   5.785905E-02   4.104421E-02   7.695637E-02   1.277402E-01   1.262489E-01   1.058129E-01   1.197179E-01   1.479417E-01   6.881609E-02   7.896288E-02   1.881258E-01   2.117185E-01   1.551677E-01   9.921784E-02   1.294144E-01   1.051620E-01   5.499286E-02   7.936889E-02   9.183995E-02   6.423131E-02
   9.880509E-02   5.996630E-02   5.969354E-02   6.992416E-02   5.313307E-02   7.976589E-02   9.677180E-02   1.146231E-01   1.469729E-01   1.110918E-01   1.134791E-01   9.217035E-02   1.112796E-01   1.257578E-01   1.704603E-01   1.261096E-01   5.164375E-02   1.311398E-01   1.247604E-01   8.684412E-02
   1.044297E-01   9.274854E-02   1.020641E-01   7.629846E-02   6.441399E-02   8.079745E-02   8.413283E-02   1.053507E-01   1.167198E-01   1.204774E-01   9.564233E-02   1.754913E-01   1.948959E-01   1.126811E-01   1.245168E-01   1.942612E-01   9.934621E-02   1.460243E-01   1.520202E-01   1.140408E-01
   1.750615E-01   1.433124E-01   1.107735E-01   1.332068E-01   8.780682E-02   1.539322E-01   1.367477E-01   1.434884E-01   1.293283E-01   1.101316E-01   1.496245E-01   1.366524E-01   2.511582E-01   1.756061E-01   1.393463E-01   1.675203E-01   1.460808E-01   9.276512E-02   1.155011E-01   1.011747E-01
   1.587984E-01   1.641956E-01   1.911614E-01   1.894966E-01   2.005518E-01   3.309593E-01   1.190203E-01   1.482243E-01   1.748146E-01   1.643750E-01   1.455143E-01   1.749639E-01   1.712682E-01   2.400250E-01   1.268135E-01   1.237072E-01   7.895973E-02   1.153228E-01   1.030545E-01   9.298082E-02
   1.224907E-01   2.373430E-01   2.068609E-01   2.621250E-01   2.294300E-01   2.579056E-01   2.259180E-01   1.632384E-01   9.334978E-02   9.946182E-02   1.179155E-01   1.283590E-01   1.453460E-01   1.429151E-01   1.391931E-01   1.149459E-01   1.019597E-01   1.004172E-01   9.212236E-02   6.078725E-02
   1.541381E-01   2.003964E-01   2.679210E-01   1.945283E-01   2.096259E-01   2.322114E-01   2.933417E-01   1.052387E-01   8.153353E-02   9.028586E-02   2.431646E-01   2.419154E-01   1.649374E-01   1.569839E-01   1.022040E-01   7.734916E-02   8.461205E-02   8.453653E-02   1.075771E-01   8.878607E-02
   1.521238E-01   2.469160E-01   2.106833E-01   1.748037E-01   2.227832E-01   1.466415E-01   1.276845E-01   1.594169E-01   1.142988E-01   1.863042E-01   3.310828E-01   1.924537E-01   1.702373E-01   1.423109E-01   6.214279E-02   5.951103E-02   6.799290E-02   6.154587E-02   7.336817E-02   4.497426E-02
   1.345652E-01   1.287879E-01   1.823628E-01   1.905481E-01   3.000000E-02   3.000000E-02   3.000000E-02   3.029873E-01   2.496212E-01   2.175122E-01   1.268341E-01   1.707093E-01   1.484157E-01   1.561928E-01   1.466710E-01   1.298740E-01   6.387819E-02   7.122181E-02   8.309556E-02   1.145988E-01
   1.466408E-01   1.800408E-01   1.448965E-01   1.303988E-01   3.000000E-02   3.000000E-02   3.000000E-02   3.000000E-02   2.115681E-01   1.112767E-01   1.711543E-01   1.594283E-01   2.146266E-01   1.650665E-01   9.242693E-02   1.193431E-01   1.020275E-01   9.804162E-02   9.497461E-02   1.881099E-01
   1.698599E-01   1.659461E-01   1.680447E-01   1.439170E-01   3.000000E-02   3.000000E-02   3.000000E-02   3.000000E-02   1.236027E-01   1.495167E-01   1.788862E-01   2.001618E-01   2.110514E-01   2.204524E-01   1.063523E-01   7.724710E-02   1.136030E-01   7.507085E-02   7.086284E-02   1.413103E-01
   1.748326E-01   2.382480E-01   1.816427E-01   1.554239E-01   3.000000E-02   3.000000E-02   3.000000E-02   3.000000E-02   2.266590E-01   3.652342E-01   2.233146E-01   2.682400E-01   3.150242E-01   1.286713E-01   1.684187E-01   7.784307E-02   9.909489E-02   5.207593E-02   6.664194E-02   1.219471E-01
   2.101411E-01   1.726304E-01   2.030113E-01   3.236540E-01   3.000000E-02   3.000000E-02   3.000000E-02   3.000000E-02   2.278843E-01   3.067841E-01   4.123633E-01   2.339978E-01   1.873261E-01   1.271143E-01   7.429349E-02   5.689451E-02   6.228249E-02   1.083086E-01   5.301860E-02   7.456757E-02
   2.362866E-01   2.327554E-01   2.652966E-01   1.952747E-01   3.000000E-02   3.000000E-02   3.000000E-02   3.000000E-02   2.195163E-01   3.962468E-01   1.863505E-01   1.484236E-01   1.496656E-01   1.578628E-01   8.964101E-02   5.874173E-02   1.083529E-01   1.281313E-01   7.495771E-02   6.364915E-02
   1.931232E-01   1.932477E-01   2.339825E-01   2.760627E-01   3.000000E-02   3.000000E-02   3.000000E-02   3.000000E-02   1.715000E-01   2.430934E-01   1.615222E-01   7.168562E-02   8.004607E-02   1.119446E-01   8.677577E-02   7.245917E-02   1.777739E-01   1.199202E-01   1.031908E-01   6.272405E-02
   1.365947E-01   1.904878E-01   2.042028E-01   3.138858E-01   3.000000E-02   3.000000E-02   3.000000E-02   3.000000E-02   2.301153E-01   1.647697E-01   1.111691E-01   8.359490E-02   7.033236E-02   7.597469E-02   8.712883E-02   6.949741E-02   1.490316E-01   1.183333E-01   7.865776E-02   8.029000E-02
   1.067004E-01   8.708929E-02   9.990238E-02   1.860873E-01   3.000000E-02   3.000000E-02   3.000000E-02   3.000000E-02   1.403778E-01   1.294554E-01   6.738992E-02   8.432237E-02   1.109962E-01   6.871393E-02   8.012989E-02   6.443318E-02   1.633109E-01   1.369334E-01   9.053163E-02   1.002511E-01
   5.131408E-02   8.167449E-02   8.897159E-02   1.512386E-01   3.000000E-02   3.000000E-02   3.000000E-02   3.000000E-02   1.826502E-01   1.073470E-01   4.932303E-02   1.441171E-01   1.207989E-01   1.046476E-01   8.021521E-02   7.060972E-02   1.328355E-01   2.276162E-01   1.409371E-01   1.339728E-01
   4.539900E-02   5.507704E-02   6.251423E-02   1.066558E-01   3.000000E-02   3.000000E-02   3.000000E-02   3.000000E-02   1.008261E-01   5.846716E-02   5.956631E-02   1.229757E-01   9.772426E-02   1.083435E-01   1.084774E-01   1.287973E-01   2.602478E-01   4.234874E-01   2.638131E-01   2.278751E-01
   4.588247E-02   4.367582E-02   5.080477E-02   7.314454E-02   3.000000E-02   3.000000E-02   3.000000E-02   3.000000E-02   7.447051E-02   6.262917E-02   7.349720E-02   6.167755E-02   8.987762E-02   1.494559E-01   1.631349E-01   3.798581E-01   5.192735E-01   3.411853E-01   1.716559E-01   2.284687E-01
   3.759590E-02   4.164741E-02   3.606049E-02   4.642326E-02   3.000000E-02   3.000000E-02   3.000000E-02   3.000000E-02   4.135841E-02   6.224544E-02   9.612535E-02   9.309411E-02   1.021636E-01   1.605992E-01   2.033163E-01   3.110478E-01   4.342765E-01   2.963070E-01   3.927207E-01   2.592479E-01
   5.077896E-02   3.618236E-02   4.879696E-02   3.414822E-02   3.000000E-02   3.000000E-02   3.041072E-02   2.847597E-02   5.088273E-02   1.034657E-01   1.434714E-01   2.527095E-01   2.000598E-01   1.815156E-01   2.305651E-01   3.224040E-01   3.482808E-01   3.691871E-01   2.191804E-01   1.915086E-01
   3.904670E-02   3.328706E-02   2.607160E-02   2.946800E-02   2.885153E-02   3.000000E-02   3.177682E-02   4.128832E-02   6.809006E-02   1.481173E-01   2.389266E-01   2.651168E-01   2.633034E-01   2.825027E-01   3.113707E-01   2.906842E-01   2.184926E-01   2.186475E-01   1.280950E-01   9.350080E-02
   4.623131E-02   4.118934E-02   3.015775E-02   1.890691E-02   4.089225E-02   5.337286E-02   4.627961E-02   3.114732E-02   7.818494E-02   1.066486E-01   1.438089E-01   2.004575E-01   2.141133E-01   1.920095E-01   2.246221E-01   1.484544E-01   2.213454E-01   1.868802E-01   1.108873E-01   7.360749E-02
   6.707696E-02   4.886561E-02   3.548623E-02   4.534719E-02   5.531710E-02   7.822736E-02   3.905391E-02   4.705095E-02   7.164403E-02   1.189393E-01   1.227052E-01   1.062843E-01   1.416944E-01   1.932105E-01   1.823256E-01   1.555028E-01   1.817544E-01   1.405773E-01   1.189991E-01   8.185728E-02
   9.622106E-02   7.569946E-02   4.967140E-02   5.612534E-02   8.209247E-02   1.220863E-01   9.993698E-02   1.019923E-01   8.075039E-02   9.767955E-02   1.177818E-01   7.050023E-02   1.350569E-01   1.846227E-01   1.838631E-01   1.288412E-01   8.852347E-02   1.216299E-01   1.386973E-01   1.258212E-01
   9.327613E-02   8.645408E-02   6.807777E-02   1.215477E-01   1.306767E-01   1.892959E-01   1.640196E-01   9.015184E-02   6.568237E-02   5.902347E-02   5.411629E-02   9.143808E-02   1.250378E-01   1.175970E-01   1.706043E-01   1.511268E-01   8.772082E-02   1.011638E-01   2.166637E-01   1.834340E-01
   1.237438E-01   1.420905E-01   1.911051E-01   1.853355E-01   2.296243E-01   1.615914E-01   2.522706E-01   6.296579E-02   5.763963E-02   6.947856E-02   5.510304E-02   6.574955E-02   8.212697E-02   6.218509E-02   1.414072E-01   1.236670E-01   1.490796E-01   1.201669E-01   1.420127E-01   2.044976E-01
   8.758797E-02   1.519891E-01   2.402801E-01   2.797526E-01   2.981874E-01   2.676856E-01   1.565822E-01   8.646326E-02   8.342441E-02   7.045294E-02   6.031347E-02   4.744842E-02   7.323866E-02   1.100687E-01   1.364134E-01   1.140195E-01   1.825201E-01   1.128232E-01   8.999673E-02   1.509942E-01
   2.109620E-01   2.788857E-01   3.794583E-01   1.684266E-01   2.835268E-01   2.467613E-01   1.014448E-01   1.163871E-01   5.825468E-02   8.630381E-02   7.587173E-02   5.214574E-02   5.749204E-02   1.209873E-01   1.312295E-01   1.860146E-01   1.455501E-01   1.684482E-01   1.343113E-01   8.760967E-02
   3.825797E-01   4.477392E-01   3.351560E-01   3.662662E-01   3.670164E-01   3.415386E-01   3.519236E-01   1.779773E-01   9.643397E-02   5.939553E-02   4.022650E-02   6.459564E-02   1.079429E-01   2.098287E-01   3.145395E-01   1.480031E-01   1.251438E-01   1.647309E-01   1.408690E-01   1.485887E-01
   3.093960E-01   3.276428E-01   3.727903E-01   2.546697E-01   5.350253E-01   4.940099E-01   4.130059E-01   3.320597E-01   1.662161E-01   7.563876E-02   4.891291E-02   7.546121E-02   9.384379E-02   1.283139E-01   1.638737E-01   2.118862E-01   1.323055E-01   1.468241E-01   9.328154E-02   8.428239E-02
   3.000000E-02   2.366487E-01   2.198263E-01   2.490837E-01   5.935827E-01   7.212426E-01   3.170313E-01   3.634711E-01   1.227924E-01   1.218988E-01   7.923205E-02   7.379179E-02   9.860985E-02   9.912487E-02   1.255000E-01   1.492706E-01   8.611706E-02   1.075614E-01   1.201388E-01   8.494576E-02
   3.000000E-02   3.000000E-02   3.421596E-01   2.860565E-01   2.595079E-01   4.564363E-01   4.944327E-01   5.476608E-01   2.152358E-01   1.112360E-01   7.355424E-02   9.463552E-02   2.006164E-01   1.636607E-01   1.999011E-01   1.983836E-01   1.203905E-01   9.072552E-02   6.531491E-02   1.296233E-01
   3.000000E-02   3.000000E-02   3.000000E-02   1.455840E-01   1.042375E-01   2.566910E-01   4.088924E-01   3.208696E-01   2.754502E-01   1.374198E-01   6.173501E-02   9.125177E-02   1.483222E-01   1.162746E-01   2.037782E-01   2.124041E-01   1.632819E-01   1.424699E-01   1.000109E-01   8.749229E-02
   3.000000E-02   3.000000E-02   3.000000E-02   3.000000E-02   8.341895E-02   1.534806E-01   2.603417E-01   2.128663E-01   2.602104E-01   2.797051E-01   6.680639E-02   5.724642E-02   8.670471E-02   1.184128E-01   9.859371E-02   1.557581E-01   1.501304E-01   1.307128E-01   2.384288E-01   3.000000E-02
   3.000000E-02   3.000000E-02   3.000000E-02   3.000000E-02   1.279118E-01   1.549470E-01   1.891171E-01   2.981768E-01   3.343495E-01   1.498038E-01   1.069941E-01   5.872090E-02   9.605268E-02   7.235684E-02   8.684485E-02   1.372987E-01   1.119049E-01   2.355734E-01   3.187511E-01   3.000000E-02
   3.000000E-02   3.000000E-02   3.000000E-02   3.000000E-02   3.000000E-02   8.927512E-02   1.007162E-01   2.045474E-01   1.405186E-01   1.189772E-01   9.784061E-02   1.069013E-01   9.740772E-02   6.499065E-02   1.029383E-01   1.175150E-01   1.284490E-01   1.607588E-01   3.000000E-02   3.000000E-02
   3.000000E-02   3.000000E-02   3.000000E-02   3.000000E-02   3.000000E-02   5.765189E-02   8.976919E-02   1.438430E-01   1.290319E-01   1.023828E-01   1.665433E-01   6.976606E-02   7.479726E-02   8.653751E-02   1.105574E-01   1.078888E-01   1.212055E-01   3.000000E-02   3.000000E-02   3.000000E-02
   3.000000E-02   3.000000E-02   3.000000E-02   3.000000E-02   3.000000E-02   8.104242E-02   5.532420E-02   5.914593E-02   7.006766E-02   8.841937E-02   6.776960E-02   6.420503E-02   6.277160E-02   8.560502E-02   9.694942E-02   1.558815E-01   3.000000E-02   3.000000E-02   3.000000E-02   3.000000E-02
