   2.000000E-04   2.000000E-04   2.000000E-04   2.000000E-04   2.000000E-04   1.616584E-04   1.292428E-04   1.682396E-04   2.000000E-04   1.171176E-04   1.260749E-04   1.370279E-04   2.000000E-04   1.886309E-04   2.000000E-04   2.000000E-04   2.000000E-04   2.000000E-04   2.000000E-04   2.000000E-04
   2.000000E-04   2.000000E-04   2.000000E-04   2.000000E-04   2.000000E-04   2.000000E-04   2.000000E-04   2.000000E-04   2.000000E-04   2.000000E-04   1.728124E-04   1.530597E-04   2.000000E-04   1.372877E-04   2.000000E-04   1.974573E-04   1.734081E-04   2.000000E-04   2.000000E-04   1.951943E-04
   2.000000E-04   2.000000E-04   2.000000E-04   2.000000E-04   2.000000E-04   2.000000E-04   2.000000E-04   1.798875E-04   2.000000E-04   2.000000E-04   2.000000E-04   1.429171E-04   1.663089E-04   1.752613E-04   1.798462E-04   2.000000E-04   2.000000E-04   1.744691E-04   2.000000E-04   2.000000E-04
   2.000000E-04   2.000000E-04   2.000000E-04   2.000000E-04   2.000000E-04   2.000000E-04   1.725846E-04   2.000000E-04   2.000000E-04   2.000000E-04   1.756123E-04   1.212751E-04   1.987016E-04   1.172506E-04   2.000000E-04   2.000000E-04   1.353168E-04   1.972579E-04   2.000000E-04   1.300758E-04
   1.489802E-04   2.000000E-04   2.000000E-04   2.000000E-04   2.000000E-04   2.000000E-04   1.322210E-04   1.595099E-04   1.989339E-04   2.000000E-04   1.555048E-04   2.000000E-04   2.000000E-04   2.000000E-04   2.000000E-04   1.255307E-04   1.062249E-04   1.038711E-04   2.000000E-04   1.615796E-04
   9.369440E-05   1.664922E-04   2.000000E-04   2.000000E-04   2.000000E-04   2.000000E-04   2.000000E-04   1.395819E-04   1.561450E-04   2.000000E-04   1.615868E-04   2.000000E-04   2.000000E-04   2.000000E-04   1.823405E-04   1.644440E-04   9.945198E-05   1.068156E-04   1.332153E-04   2.000000E-04
   7.373643E-05   1.832292E-04   2.000000E-04   2.000000E-04   2.000000E-04   1.732254E-04   1.385978E-04   1.218950E-04   1.171833E-04   1.249156E-04   1.226713E-04   2.000000E-04   2.000000E-04   1.890795E-04   1.474463E-04   1.917741E-04   1.215146E-04   1.097590E-04   2.000000E-04   1.560957E-04
   8.524242E-05   1.433865E-04   2.000000E-04   2.000000E-04   2.000000E-04   1.472619E-04   6.847496E-05   8.352483E-05   9.039980E-05   1.558836E-04   1.538682E-04   2.000000E-04   2.000000E-04   2.000000E-04   1.785928E-04   2.000000E-04   1.328652E-04   9.642915E-05   1.341843E-04   1.346073E-04
   8.727235E-05   6.086039E-05   1.504863E-04   2.000000E-04   9.185627E-05   9.185627E-05   9.185627E-05   8.128563E-05   7.659581E-05   1.434281E-04   2.000000E-04   2.000000E-04   2.000000E-04   2.000000E-04   2.000000E-04   2.000000E-04   2.000000E-04   2.000000E-04   2.000000E-04   2.000000E-04
   5.009600E-05   5.384958E-05   9.299919E-05   2.000000E-04   9.185627E-05   9.185627E-05   9.185627E-05   9.185627E-05   1.382906E-04   1.611393E-04   1.903860E-04   2.000000E-04   2.000000E-04   2.000000E-04   2.000000E-04   2.000000E-04   2.000000E-04   2.000000E-04   2.000000E-04   1.190548E-04
   4.726053E-05   5.130909E-05   6.478675E-05   1.225339E-04   9.185627E-05   9.185627E-05   9.185627E-05   9.185627E-05   1.826835E-04   1.468830E-04   1.153001E-04   2.000000E-04   1.960256E-04   2.000000E-04   2.000000E-04   2.000000E-04   2.000000E-04   1.949664E-04   1.865382E-04   1.218908E-04
   6.393324E-05   6.712666E-05   1.019926E-04   1.396893E-04   9.185627E-05   9.185627E-05   9.185627E-05   9.185627E-05   1.556960E-04   1.203807E-04   1.098370E-04   1.549723E-04   1.782450E-04   1.934288E-04   2.000000E-04   2.000000E-04   2.000000E-04   2.000000E-04   2.000000E-04   1.598664E-04
   7.272777E-05   1.013094E-04   1.286522E-04   1.548862E-04   9.185627E-05   9.185627E-05   9.185627E-05   9.185627E-05   1.450227E-04   1.465483E-04   1.807236E-04   2.000000E-04   2.000000E-04   2.000000E-04   2.000000E-04   1.806933E-04   2.000000E-04   2.000000E-04   2.000000E-04   2.000000E-04
   7.692334E-05   9.373249E-05   8.127112E-05   7.532249E-05   9.185627E-05   9.185627E-05   9.185627E-05   9.185627E-05   2.000000E-04   1.668820E-04   2.000000E-04   2.000000E-04   2.000000E-04   2.000000E-04   2.000000E-04   2.000000E-04   2.000000E-04   2.000000E-04   2.000000E-04   2.000000E-04
   8.585054E-05   8.099451E-05   7.256157E-05   1.178792E-04   9.185627E-05   9.185627E-05   9.185627E-05   9.185627E-05   2.000000E-04   2.000000E-04   2.000000E-04   2.000000E-04   2.000000E-04   2.000000E-04   2.000000E-04   2.000000E-04   2.000000E-04   2.000000E-04   2.000000E-04   2.000000E-04
   1.000772E-04   8.618197E-05   9.619966E-05   1.698351E-04   9.185627E-05   9.185627E-05   9.185627E-05   9.185627E-05   2.000000E-04   2.000000E-04   2.000000E-04   2.000000E-04   2.000000E-04   2.000000E-04   2.000000E-04   2.000000E-04   2.000000E-04   2.000000E-04   2.000000E-04   2.000000E-04
   1.082809E-04   1.097934E-04   1.291096E-04   1.112099E-04   9.185627E-05   9.185627E-05   9.185627E-05   9.185627E-05   2.000000E-04   2.000000E-04   2.000000E-04   2.000000E-04   2.000000E-04   2.000000E-04   2.000000E-04   2.000000E-04   2.000000E-04   2.000000E-04   2.000000E-04   2.000000E-04
   7.904744E-05   5.133552E-05   8.038238E-05   1.426953E-04   9.185627E-05   9.185627E-05   9.185627E-05   9.185627E-05   2.000000E-04   2.000000E-04   1.201511E-04   2.000000E-04   2.000000E-04   2.000000E-04   2.000000E-04   2.000000E-04   1.625174E-04   2.000000E-04   2.000000E-04   1.489416E-04
   6.413721E-05   8.271694E-05   1.189303E-04   9.731469E-05   9.185627E-05   9.185627E-05   9.185627E-05   9.185627E-05   2.000000E-04   1.531887E-04   1.134386E-04   1.986399E-04   1.776844E-04   1.511097E-04   1.786473E-04   2.000000E-04   1.581838E-04   1.765913E-04   2.000000E-04   2.000000E-04
   4.765459E-05   7.062606E-05   1.713349E-04   1.431960E-04   9.185627E-05   9.185627E-05   9.185627E-05   9.185627E-05   1.704854E-04   1.644024E-04   8.323725E-05   8.077778E-05   9.320015E-05   1.220714E-04   1.026441E-04   1.239169E-04   1.724473E-04   1.242264E-04   1.853810E-04   2.000000E-04
   7.612547E-05   9.735189E-05   1.333837E-04   1.554476E-04   9.185627E-05   9.185627E-05   9.185627E-05   9.185627E-05   1.620153E-04   1.299237E-04   5.183804E-05   6.386205E-05   6.259149E-05   5.082574E-05   5.134382E-05   4.968577E-05   9.343571E-05   1.576752E-04   2.000000E-04   2.000000E-04
   8.882084E-05   2.000000E-04   2.000000E-04   1.444491E-04   9.185627E-05   9.185627E-05   7.302889E-05   8.973690E-05   8.187813E-05   1.473284E-04   6.359862E-05   6.042877E-05   6.295164E-05   4.126041E-05   3.929702E-05   3.242762E-05   6.019017E-05   4.781076E-05   1.370877E-04   1.069830E-04
   1.030085E-04   1.979209E-04   1.712227E-04   1.983398E-04   1.339790E-04   9.185627E-05   5.779767E-05   5.544354E-05   7.379068E-05   6.300626E-05   4.627206E-05   6.748709E-05   7.879890E-05   4.164277E-05   2.908497E-05   3.293325E-05   4.243110E-05   8.070554E-05   1.236166E-04   9.169181E-05
   1.440970E-04   1.167361E-04   9.837690E-05   8.170859E-05   1.119487E-04   7.451189E-05   4.619767E-05   6.588787E-05   4.973304E-05   3.990605E-05   4.432898E-05   9.150202E-05   7.000433E-05   5.359835E-05   2.631010E-05   4.368562E-05   7.016137E-05   1.034102E-04   1.020645E-04   7.705662E-05
   1.042305E-04   9.320039E-05   9.081571E-05   8.367727E-05   8.136463E-05   6.546198E-05   4.357995E-05   4.109423E-05   6.779672E-05   5.682431E-05   5.252030E-05   9.121323E-05   5.973699E-05   4.030622E-05   5.564049E-05   4.886338E-05   6.144414E-05   5.734542E-05   7.048203E-05   3.935274E-05
   8.980533E-05   1.099273E-04   1.056964E-04   6.739633E-05   7.651972E-05   6.688967E-05   4.304918E-05   5.604430E-05   6.813260E-05   5.881112E-05   5.242003E-05   9.526152E-05   1.117879E-04   8.015917E-05   9.656774E-05   6.141388E-05   1.220895E-04   8.196895E-05   9.360432E-05   5.079088E-05
   5.099131E-05   3.894903E-05   4.528001E-05   8.969950E-05   6.387371E-05   4.333414E-05   5.574532E-05   6.818417E-05   6.705745E-05   4.664729E-05   5.108302E-05   8.339992E-05   9.696484E-05   6.470579E-05   5.382024E-05   6.866017E-05   8.170554E-05   7.103939E-05   6.813587E-05   7.074863E-05
   2.251353E-05   2.727481E-05   3.102370E-05   4.269264E-05   3.894826E-05   5.232088E-05   4.210297E-05   5.816469E-05   6.486116E-05   7.477109E-05   6.445078E-05   1.073859E-04   6.748391E-05   7.631092E-05   7.131644E-05   1.213076E-04   7.219102E-05   9.645488E-05   1.094302E-04   6.852716E-05
   2.409533E-05   2.793466E-05   2.967419E-05   4.066378E-05   3.647499E-05   3.201607E-05   5.874459E-05   5.065768E-05   8.048360E-05   1.133243E-04   8.599809E-05   6.612189E-05   1.025001E-04   1.096866E-04   9.263896E-05   1.136760E-04   8.820325E-05   8.862021E-05   1.155281E-04   1.187514E-04
   3.105642E-05   3.003548E-05   2.142356E-05   3.769603E-05   5.028894E-05   3.033002E-05   6.874725E-05   8.352305E-05   8.383917E-05   1.138333E-04   5.928593E-05   8.695966E-05   1.432702E-04   1.534367E-04   1.102662E-04   1.243786E-04   1.448261E-04   1.048442E-04   2.000000E-04   2.000000E-04
   2.333572E-05   2.000000E-05   2.000000E-05   4.252218E-05   3.925103E-05   3.534036E-05   4.387065E-05   7.216174E-05   1.015133E-04   8.568160E-05   1.047093E-04   8.597571E-05   1.242333E-04   1.492509E-04   1.741395E-04   1.781778E-04   1.313227E-04   1.936672E-04   2.000000E-04   2.000000E-04
   2.993542E-05   2.359493E-05   3.023975E-05   6.338002E-05   7.537080E-05   4.717485E-05   5.621908E-05   1.278943E-04   1.215499E-04   1.293459E-04   8.989144E-05   6.443168E-05   1.766407E-04   1.314509E-04   9.192230E-05   1.624519E-04   1.461961E-04   2.000000E-04   2.000000E-04   2.000000E-04
   9.185627E-05   3.731984E-05   5.099938E-05   6.759164E-05   8.776993E-05   8.127597E-05   6.355211E-05   1.405262E-04   1.388719E-04   1.548561E-04   1.116367E-04   8.770086E-05   1.110697E-04   1.583742E-04   1.327787E-04   1.122140E-04   2.000000E-04   1.624220E-04   2.000000E-04   2.000000E-04
   9.185627E-05   9.185627E-05   7.544662E-05   7.664774E-05   7.793073E-05   8.653683E-05   5.471684E-05   3.905709E-05   1.384612E-04   1.079175E-04   1.155631E-04   1.382785E-04   1.605847E-04   1.608268E-04   1.748026E-04   1.529372E-04   1.806907E-04   1.122523E-04   1.521058E-04   2.000000E-04
   9.185627E-05   9.185627E-05   9.185627E-05   7.417950E-05   5.668247E-05   6.288640E-05   5.026700E-05   5.245045E-05   1.507014E-04   1.650445E-04   6.960006E-05   1.184556E-04   1.238417E-04   1.308869E-04   1.275007E-04   1.268942E-04   1.252767E-04   9.351812E-05   1.205115E-04   2.000000E-04
   9.185627E-05   9.185627E-05   9.185627E-05   9.185627E-05   7.616854E-05   1.005489E-04   1.019632E-04   4.709563E-05   9.563230E-05   1.340105E-04   1.226063E-04   9.841540E-05   1.256906E-04   1.084295E-04   1.242006E-04   1.690329E-04   1.089038E-04   1.133368E-04   2.000000E-04   9.185627E-05
   9.185627E-05   9.185627E-05   9.185627E-05   9.185627E-05   1.344678E-04   1.267660E-04   1.030958E-04   8.414363E-05   1.212917E-04   1.044302E-04   7.304856E-05   1.028695E-04   7.646679E-05   1.257708E-04   2.000000E-04   2.000000E-04   2.000000E-04   1.692344E-04   2.000000E-04   9.185627E-05
   9.185627E-05   9.185627E-05   9.185627E-05   9.185627E-05   9.185627E-05   1.778164E-04   2.000000E-04   1.869282E-04   2.000000E-04   2.000000E-04   6.769003E-05   5.314534E-05   4.376013E-05   8.045897E-05   2.000000E-04   2.000000E-04   2.000000E-04   2.000000E-04   9.185627E-05   9.185627E-05
   9.185627E-05   9.185627E-05   9.185627E-05   9.185627E-05   9.185627E-05   2.000000E-04   2.000000E-04   2.000000E-04   1.576824E-04   1.306735E-04   5.715971E-05   7.855364E-05   7.584110E-05   1.495310E-04   1.209009E-04   9.642260E-05   2.000000E-04   9.185627E-05   9.185627E-05   9.185627E-05
   9.185627E-05   9.185627E-05   9.185627E-05   9.185627E-05   9.185627E-05   1.641957E-04   1.499022E-04   1.356224E-04   1.097501E-04   8.303782E-05   8.428430E-05   1.361215E-04   1.387980E-04   1.491650E-04   1.012241E-04   1.275555E-04   9.185627E-05   9.185627E-05   9.185627E-05   9.185627E-05
