1 40 6 33.38811641946076 100.0
1 40 7 32.98504095440662 100.0
1 40 8 32.789624228879816 100.0
1 40 9 33.27661797355674 100.0
1 40 10 33.544525792654674 100.0
1 40 11 33.73763523457547 100.0
1 40 12 34.08237691427138 100.0
1 40 13 33.847267063165226 96.00532886435782
1 40 14 33.683316532188115 47.68338003997244
1 40 15 33.4294328733975 51.53314553229902
2 40 6 33.588546929462616 80.94293775721448
2 40 7 33.34266167903335 97.90051582366475
2 40 8 33.59262344898598 100.0
2 40 9 32.90120357558199 100.0
2 40 10 33.4573506581453 76.78562125843094
2 40 11 33.34802790034211 56.8666810146671
2 40 12 33.220519197492166 77.60968183640718
2 40 13 33.69119940415799 38.61160728128779
2 40 14 34.25088778165104 32.9434390196632
2 40 15 34.05452131312629 96.9716153301626
3 40 6 34.51505614557005 100.0
3 40 7 34.039198250084596 47.712054436515665
3 40 8 34.259489947334366 50.89117858932771
3 40 9 34.33878708615797 51.89593430622288
3 40 10 33.488925248650894 100.0
3 40 11 33.633426086833516 85.05485579187658
3 40 12 33.120266684452666 85.98466717002196
3 40 13 32.85078927004183 27.451753997560886
3 40 14 32.862971023849504 32.66969842166682
3 40 15 32.632774108795275 51.27546139927075
