   2.410694E-05   2.410694E-05   2.410694E-05   2.410694E-05   2.410694E-05   2.410694E-05   2.410694E-05   2.410694E-05   2.410694E-05   2.410694E-05   2.410694E-05   2.410694E-05   2.410694E-05   2.410694E-05   2.410694E-05   2.410694E-05   2.410694E-05   2.410694E-05   2.410694E-05   2.410694E-05
   2.410694E-05   2.410694E-05   2.410694E-05   2.410694E-05   2.410694E-05   2.410694E-05   2.410694E-05   2.410694E-05   2.410694E-05   2.410694E-05   2.410694E-05   2.410694E-05   2.410694E-05   2.410694E-05   2.410694E-05   2.410694E-05   2.410694E-05   2.410694E-05   2.410694E-05   2.410694E-05
   2.410694E-05   2.410694E-05   2.410694E-05   2.410694E-05   2.410694E-05   2.410694E-05   2.410694E-05   2.410694E-05   2.410694E-05   2.410694E-05   2.410694E-05   2.410694E-05   2.410694E-05   2.410694E-05   2.410694E-05   2.410694E-05   2.410694E-05   2.410694E-05   2.410694E-05   2.410694E-05
   2.410694E-05   2.410694E-05   2.410694E-05   2.410694E-05   2.410694E-05   2.410694E-05   2.410694E-05   2.410694E-05   2.410694E-05   2.410694E-05   2.410694E-05   2.410694E-05   2.410694E-05   2.410694E-05   2.410694E-05   2.410694E-05   2.410694E-05   2.410694E-05   2.410694E-05   2.410694E-05
   2.410694E-05   2.410694E-05   2.410694E-05   2.410694E-05   2.410694E-05   2.410694E-05   2.410694E-05   2.410694E-05   2.410694E-05   2.410694E-05   2.410694E-05   2.410694E-05   2.410694E-05   2.410694E-05   2.410694E-05   2.410694E-05   2.410694E-05   2.410694E-05   2.410694E-05   2.410694E-05
   2.410694E-05   2.410694E-05   2.410694E-05   2.410694E-05   2.410694E-05   2.410694E-05   2.410694E-05   2.410694E-05   2.410694E-05   2.410694E-05   2.410694E-05   2.410694E-05   2.410694E-05   2.410694E-05   2.410694E-05   2.410694E-05   2.410694E-05   2.410694E-05   2.410694E-05   2.410694E-05
   2.410694E-05   2.410694E-05   2.410694E-05   2.410694E-05   2.410694E-05   2.410694E-05   2.410694E-05   2.410694E-05   2.410694E-05   2.410694E-05   2.410694E-05   2.410694E-05   2.410694E-05   2.410694E-05   2.410694E-05   2.410694E-05   2.410694E-05   2.410694E-05   2.410694E-05   2.410694E-05
   2.410694E-05   2.410694E-05   2.410694E-05   2.410694E-05   2.410694E-05   2.410694E-05   2.410694E-05   2.410694E-05   2.410694E-05   2.410694E-05   2.410694E-05   2.410694E-05   2.410694E-05   2.410694E-05   2.410694E-05   2.410694E-05   2.410694E-05   2.410694E-05   2.410694E-05   2.410694E-05
   2.410694E-05   2.410694E-05   2.410694E-05   2.410694E-05   2.410694E-05   2.410694E-05   2.410694E-05   2.410694E-05   2.410694E-05   2.410694E-05   2.410694E-05   2.410694E-05   2.410694E-05   2.410694E-05   2.410694E-05   2.410694E-05   2.410694E-05   2.410694E-05   2.410694E-05   2.410694E-05
   2.410694E-05   2.410694E-05   2.410694E-05   2.410694E-05   2.410694E-05   2.410694E-05   2.410694E-05   2.410694E-05   2.410694E-05   2.410694E-05   2.410694E-05   2.410694E-05   2.410694E-05   2.410694E-05   2.410694E-05   2.410694E-05   2.410694E-05   2.410694E-05   2.410694E-05   2.410694E-05
   2.410694E-05   2.410694E-05   2.410694E-05   2.410694E-05   2.410694E-05   2.410694E-05   2.410694E-05   2.410694E-05   2.410694E-05   2.410694E-05   2.410694E-05   2.410694E-05   2.410694E-05   2.410694E-05   2.410694E-05   2.410694E-05   2.410694E-05   2.410694E-05   2.410694E-05   2.410694E-05
   2.410694E-05   2.410694E-05   2.410694E-05   2.410694E-05   2.410694E-05   2.410694E-05   2.410694E-05   2.410694E-05   2.410694E-05   2.410694E-05   2.410694E-05   2.410694E-05   2.410694E-05   2.410694E-05   2.410694E-05   2.410694E-05   2.410694E-05   2.410694E-05   2.410694E-05   2.410694E-05
   2.410694E-05   2.410694E-05   2.410694E-05   2.410694E-05   2.410694E-05   2.410694E-05   2.410694E-05   2.410694E-05   2.410694E-05   2.410694E-05   2.410694E-05   2.410694E-05   2.410694E-05   2.410694E-05   2.410694E-05   2.410694E-05   2.410694E-05   2.410694E-05   2.410694E-05   2.410694E-05
   2.410694E-05   2.410694E-05   2.410694E-05   2.410694E-05   2.410694E-05   2.410694E-05   2.410694E-05   2.410694E-05   2.410694E-05   2.410694E-05   2.410694E-05   2.410694E-05   2.410694E-05   2.410694E-05   2.410694E-05   2.410694E-05   2.410694E-05   2.410694E-05   2.410694E-05   2.410694E-05
   2.410694E-05   2.410694E-05   2.410694E-05   2.410694E-05   2.410694E-05   2.410694E-05   2.410694E-05   2.410694E-05   2.410694E-05   2.410694E-05   2.410694E-05   2.410694E-05   2.410694E-05   2.410694E-05   2.410694E-05   2.410694E-05   2.410694E-05   2.410694E-05   2.410694E-05   2.410694E-05
   2.410694E-05   2.410694E-05   2.410694E-05   2.410694E-05   2.410694E-05   2.410694E-05   2.410694E-05   2.410694E-05   2.410694E-05   2.410694E-05   2.410694E-05   2.410694E-05   2.410694E-05   2.410694E-05   2.410694E-05   2.410694E-05   2.410694E-05   2.410694E-05   2.410694E-05   2.410694E-05
   2.410694E-05   2.410694E-05   2.410694E-05   2.410694E-05   2.410694E-05   2.410694E-05   2.410694E-05   2.410694E-05   2.410694E-05   2.410694E-05   2.410694E-05   2.410694E-05   2.410694E-05   2.410694E-05   2.410694E-05   2.410694E-05   2.410694E-05   2.410694E-05   2.410694E-05   2.410694E-05
   2.410694E-05   2.410694E-05   2.410694E-05   2.410694E-05   2.410694E-05   2.410694E-05   2.410694E-05   2.410694E-05   2.410694E-05   2.410694E-05   2.410694E-05   2.410694E-05   2.410694E-05   2.410694E-05   2.410694E-05   2.410694E-05   2.410694E-05   2.410694E-05   2.410694E-05   2.410694E-05
   2.410694E-05   2.410694E-05   2.410694E-05   2.410694E-05   2.410694E-05   2.410694E-05   2.410694E-05   2.410694E-05   2.410694E-05   2.410694E-05   2.410694E-05   2.410694E-05   2.410694E-05   2.410694E-05   2.410694E-05   2.410694E-05   2.410694E-05   2.410694E-05   2.410694E-05   2.410694E-05
   2.410694E-05   2.410694E-05   2.410694E-05   2.410694E-05   2.410694E-05   2.410694E-05   2.410694E-05   2.410694E-05   2.410694E-05   2.410694E-05   2.410694E-05   2.410694E-05   2.410694E-05   2.410694E-05   2.410694E-05   2.410694E-05   2.410694E-05   2.410694E-05   2.410694E-05   2.410694E-05
   2.410694E-05   2.410694E-05   2.410694E-05   2.410694E-05   2.410694E-05   2.410694E-05   2.410694E-05   2.410694E-05   2.410694E-05   2.410694E-05   2.410694E-05   2.410694E-05   2.410694E-05   2.410694E-05   2.410694E-05   2.410694E-05   2.410694E-05   2.410694E-05   2.410694E-05   2.410694E-05
   2.410694E-05   2.410694E-05   2.410694E-05   2.410694E-05   2.410694E-05   2.410694E-05   2.410694E-05   2.410694E-05   2.410694E-05   2.410694E-05   2.410694E-05   2.410694E-05   2.410694E-05   2.410694E-05   2.410694E-05   2.410694E-05   2.410694E-05   2.410694E-05   2.410694E-05   2.410694E-05
   2.410694E-05   2.410694E-05   2.410694E-05   2.410694E-05   2.410694E-05   2.410694E-05   2.410694E-05   2.410694E-05   2.410694E-05   2.410694E-05   2.410694E-05   2.410694E-05   2.410694E-05   2.410694E-05   2.410694E-05   2.410694E-05   2.410694E-05   2.410694E-05   2.410694E-05   2.410694E-05
   2.410694E-05   2.410694E-05   2.410694E-05   2.410694E-05   2.410694E-05   2.410694E-05   2.410694E-05   2.410694E-05   2.410694E-05   2.410694E-05   2.410694E-05   2.410694E-05   2.410694E-05   2.410694E-05   2.410694E-05   2.410694E-05   2.410694E-05   2.410694E-05   2.410694E-05   2.410694E-05
   2.410694E-05   2.410694E-05   2.410694E-05   2.410694E-05   2.410694E-05   2.410694E-05   2.410694E-05   2.410694E-05   2.410694E-05   2.410694E-05   2.410694E-05   2.410694E-05   2.410694E-05   2.410694E-05   2.410694E-05   2.410694E-05   2.410694E-05   2.410694E-05   2.410694E-05   2.410694E-05
   2.410694E-05   2.410694E-05   2.410694E-05   2.410694E-05   2.410694E-05   2.410694E-05   2.410694E-05   2.410694E-05   2.410694E-05   2.410694E-05   2.410694E-05   2.410694E-05   2.410694E-05   2.410694E-05   2.410694E-05   2.410694E-05   2.410694E-05   2.410694E-05   2.410694E-05   2.410694E-05
   2.410694E-05   2.410694E-05   2.410694E-05   2.410694E-05   2.410694E-05   2.410694E-05   2.410694E-05   2.410694E-05   2.410694E-05   2.410694E-05   2.410694E-05   2.410694E-05   2.410694E-05   2.410694E-05   2.410694E-05   2.410694E-05   2.410694E-05   2.410694E-05   2.410694E-05   2.410694E-05
   2.410694E-05   2.410694E-05   2.410694E-05   2.410694E-05   2.410694E-05   2.410694E-05   2.410694E-05   2.410694E-05   2.410694E-05   2.410694E-05   2.410694E-05   2.410694E-05   2.410694E-05   2.410694E-05   2.410694E-05   2.410694E-05   2.410694E-05   2.410694E-05   2.410694E-05   2.410694E-05
   2.410694E-05   2.410694E-05   2.410694E-05   2.410694E-05   2.410694E-05   2.410694E-05   2.410694E-05   2.410694E-05   2.410694E-05   2.410694E-05   2.410694E-05   2.410694E-05   2.410694E-05   2.410694E-05   2.410694E-05   2.410694E-05   2.410694E-05   2.410694E-05   2.410694E-05   2.410694E-05
   2.410694E-05   2.410694E-05   2.410694E-05   2.410694E-05   2.410694E-05   2.410694E-05   2.410694E-05   2.410694E-05   2.410694E-05   2.410694E-05   2.410694E-05   2.410694E-05   2.410694E-05   2.410694E-05   2.410694E-05   2.410694E-05   2.410694E-05   2.410694E-05   2.410694E-05   2.410694E-05
   2.410694E-05   2.410694E-05   2.410694E-05   2.410694E-05   2.410694E-05   2.410694E-05   2.410694E-05   2.410694E-05   2.410694E-05   2.410694E-05   2.410694E-05   2.410694E-05   2.410694E-05   2.410694E-05   2.410694E-05   2.410694E-05   2.410694E-05   2.410694E-05   2.410694E-05   2.410694E-05
   2.410694E-05   2.410694E-05   2.410694E-05   2.410694E-05   2.410694E-05   2.410694E-05   2.410694E-05   2.410694E-05   2.410694E-05   2.410694E-05   2.410694E-05   2.410694E-05   2.410694E-05   2.410694E-05   2.410694E-05   2.410694E-05   2.410694E-05   2.410694E-05   2.410694E-05   2.410694E-05
   2.410694E-05   2.410694E-05   2.410694E-05   2.410694E-05   2.410694E-05   2.410694E-05   2.410694E-05   2.410694E-05   2.410694E-05   2.410694E-05   2.410694E-05   2.410694E-05   2.410694E-05   2.410694E-05   2.410694E-05   2.410694E-05   2.410694E-05   2.410694E-05   2.410694E-05   2.410694E-05
   2.410694E-05   2.410694E-05   2.410694E-05   2.410694E-05   2.410694E-05   2.410694E-05   2.410694E-05   2.410694E-05   2.410694E-05   2.410694E-05   2.410694E-05   2.410694E-05   2.410694E-05   2.410694E-05   2.410694E-05   2.410694E-05   2.410694E-05   2.410694E-05   2.410694E-05   2.410694E-05
   2.410694E-05   2.410694E-05   2.410694E-05   2.410694E-05   2.410694E-05   2.410694E-05   2.410694E-05   2.410694E-05   2.410694E-05   2.410694E-05   2.410694E-05   2.410694E-05   2.410694E-05   2.410694E-05   2.410694E-05   2.410694E-05   2.410694E-05   2.410694E-05   2.410694E-05   2.410694E-05
   2.410694E-05   2.410694E-05   2.410694E-05   2.410694E-05   2.410694E-05   2.410694E-05   2.410694E-05   2.410694E-05   2.410694E-05   2.410694E-05   2.410694E-05   2.410694E-05   2.410694E-05   2.410694E-05   2.410694E-05   2.410694E-05   2.410694E-05   2.410694E-05   2.410694E-05   2.410694E-05
   2.410694E-05   2.410694E-05   2.410694E-05   2.410694E-05   2.410694E-05   2.410694E-05   2.410694E-05   2.410694E-05   2.410694E-05   2.410694E-05   2.410694E-05   2.410694E-05   2.410694E-05   2.410694E-05   2.410694E-05   2.410694E-05   2.410694E-05   2.410694E-05   2.410694E-05   2.410694E-05
   2.410694E-05   2.410694E-05   2.410694E-05   2.410694E-05   2.410694E-05   2.410694E-05   2.410694E-05   2.410694E-05   2.410694E-05   2.410694E-05   2.410694E-05   2.410694E-05   2.410694E-05   2.410694E-05   2.410694E-05   2.410694E-05   2.410694E-05   2.410694E-05   2.410694E-05   2.410694E-05
   2.410694E-05   2.410694E-05   2.410694E-05   2.410694E-05   2.410694E-05   2.410694E-05   2.410694E-05   2.410694E-05   2.410694E-05   2.410694E-05   2.410694E-05   2.410694E-05   2.410694E-05   2.410694E-05   2.410694E-05   2.410694E-05   2.410694E-05   2.410694E-05   2.410694E-05   2.410694E-05
   2.410694E-05   2.410694E-05   2.410694E-05   2.410694E-05   2.410694E-05   2.410694E-05   2.410694E-05   2.410694E-05   2.410694E-05   2.410694E-05   2.410694E-05   2.410694E-05   2.410694E-05   2.410694E-05   2.410694E-05   2.410694E-05   2.410694E-05   2.410694E-05   2.410694E-05   2.410694E-05
