   6.356528E-05   4.221880E-05   6.753848E-05   4.079064E-05   3.727198E-05   6.376790E-05   8.451513E-05   4.757821E-05   2.271295E-05   2.703126E-05   3.380368E-05   3.908423E-05   6.628253E-05   5.156842E-05   5.134958E-05   6.089659E-05   3.754501E-05   6.572598E-05   2.729468E-05   3.357470E-05
   6.378998E-05   7.001725E-05   6.367221E-05   4.458970E-05   5.134498E-05   6.241627E-05   8.706730E-05   6.068151E-05   2.597741E-05   3.810221E-05   2.062573E-05   3.120446E-05   5.996136E-05   6.893760E-05   7.361757E-05   5.752614E-05   7.989732E-05   5.442458E-05   3.601144E-05   2.561112E-05
   3.865451E-05   4.900049E-05   3.746587E-05   4.905707E-05   5.003236E-05   3.330223E-05   8.869281E-05   4.880913E-05   3.152817E-05   2.961320E-05   2.800229E-05   2.829389E-05   6.018836E-05   1.012838E-04   1.090321E-04   3.418072E-05   6.173693E-05   4.478494E-05   4.219865E-05   3.017982E-05
   3.014100E-05   4.352513E-05   4.706542E-05   4.969109E-05   8.325129E-05   6.702228E-05   4.978549E-05   4.065557E-05   4.389451E-05   3.423246E-05   2.766212E-05   2.819515E-05   4.044115E-05   5.135233E-05   5.107070E-05   3.539149E-05   3.092579E-05   4.045182E-05   3.777368E-05   4.072622E-05
   5.544906E-05   3.132253E-05   6.421437E-05   5.194875E-05   5.713392E-05   5.177378E-05   8.909691E-05   6.969590E-05   4.312917E-05   2.704120E-05   3.473191E-05   4.336434E-05   2.203800E-05   2.720286E-05   3.073584E-05   3.512743E-05   3.759568E-05   3.887965E-05   3.466861E-05   3.111193E-05
   4.835783E-05   7.809238E-05   8.352975E-05   5.928474E-05   4.526428E-05   4.971915E-05   6.880228E-05   6.058333E-05   4.301080E-05   4.462790E-05   4.042475E-05   3.632012E-05   2.455605E-05   2.393139E-05   2.190420E-05   2.496153E-05   3.109747E-05   4.419694E-05   4.058022E-05   3.701604E-05
   4.394230E-05   8.144433E-05   5.974213E-05   9.509793E-05   6.812951E-05   6.665428E-05   4.251909E-05   5.357356E-05   5.381859E-05   6.991978E-05   5.781879E-05   3.428068E-05   4.068657E-05   2.056476E-05   2.000000E-05   2.000000E-05   2.000000E-05   2.000000E-05   3.437738E-05   2.689805E-05
   6.071156E-05   7.096166E-05   8.915574E-05   8.873269E-05   9.419414E-05   4.875641E-05   4.044624E-05   3.435783E-05   5.537548E-05   9.865024E-05   4.457011E-05   4.425705E-05   5.975498E-05   2.358661E-05   2.000000E-05   2.265362E-05   2.000000E-05   2.134911E-05   2.245155E-05   2.993178E-05
   6.215953E-05   6.243119E-05   6.868942E-05   8.151893E-05   5.875200E-05   5.875200E-05   5.875200E-05   6.695152E-05   5.478100E-05   9.131539E-05   5.466231E-05   2.958857E-05   4.614750E-05   2.000000E-05   2.000000E-05   2.000000E-05   2.000000E-05   3.174830E-05   2.904243E-05   3.051464E-05
   5.499638E-05   7.352261E-05   1.183712E-04   9.251265E-05   5.875200E-05   5.875200E-05   5.875200E-05   5.875200E-05   5.715509E-05   7.117202E-05   5.175222E-05   5.403976E-05   2.898625E-05   2.569170E-05   2.000000E-05   2.000000E-05   2.000000E-05   2.000000E-05   2.000000E-05   2.182123E-05
   6.918340E-05   1.285486E-04   1.417218E-04   7.937426E-05   5.875200E-05   5.875200E-05   5.875200E-05   5.875200E-05   5.159337E-05   6.488044E-05   5.228726E-05   4.044018E-05   2.000000E-05   2.183153E-05   2.450716E-05   2.000000E-05   2.000000E-05   2.000000E-05   2.000000E-05   2.000000E-05
   1.139912E-04   1.604276E-04   1.297933E-04   9.299661E-05   5.875200E-05   5.875200E-05   5.875200E-05   5.875200E-05   4.679658E-05   5.408667E-05   7.365584E-05   3.449367E-05   2.000000E-05   2.000000E-05   2.000000E-05   2.091357E-05   2.000000E-05   2.000000E-05   2.000000E-05   2.000000E-05
   1.100282E-04   1.399980E-04   1.547101E-04   8.256327E-05   5.875200E-05   5.875200E-05   5.875200E-05   5.875200E-05   5.000018E-05   5.554926E-05   4.809325E-05   2.667065E-05   2.000000E-05   2.000000E-05   2.000000E-05   2.036970E-05   3.007243E-05   2.000000E-05   2.000000E-05   2.000000E-05
   7.134020E-05   1.149400E-04   1.547467E-04   1.089404E-04   5.875200E-05   5.875200E-05   5.875200E-05   5.875200E-05   3.387545E-05   5.250124E-05   5.105050E-05   2.712666E-05   2.000000E-05   2.000000E-05   2.000000E-05   2.000000E-05   3.276635E-05   2.460237E-05   2.000000E-05   2.000000E-05
   1.090704E-04   1.582083E-04   2.000000E-04   1.273687E-04   5.875200E-05   5.875200E-05   5.875200E-05   5.875200E-05   2.155978E-05   2.665934E-05   3.385778E-05   2.314143E-05   2.000000E-05   2.000000E-05   2.000000E-05   2.000000E-05   3.109483E-05   2.560702E-05   2.183103E-05   2.000000E-05
   6.476475E-05   9.545774E-05   9.289403E-05   4.606918E-05   5.875200E-05   5.875200E-05   5.875200E-05   5.875200E-05   4.017967E-05   2.000000E-05   2.520183E-05   2.000000E-05   2.000000E-05   2.000000E-05   2.000000E-05   2.000000E-05   2.801476E-05   2.571383E-05   2.693072E-05   3.936441E-05
   7.502264E-05   1.116376E-04   4.754070E-05   2.581712E-05   5.875200E-05   5.875200E-05   5.875200E-05   5.875200E-05   2.000000E-05   2.000000E-05   2.307216E-05   2.000000E-05   2.000000E-05   2.000000E-05   2.000000E-05   2.000000E-05   2.945148E-05   2.473257E-05   3.864576E-05   5.414713E-05
   4.957998E-05   7.881534E-05   5.719878E-05   5.583431E-05   5.875200E-05   5.875200E-05   5.875200E-05   5.875200E-05   2.000000E-05   2.000000E-05   2.000000E-05   2.000000E-05   2.000000E-05   2.000000E-05   2.000000E-05   2.000000E-05   2.000000E-05   5.005700E-05   6.706105E-05   4.497088E-05
   6.029635E-05   4.771364E-05   4.128255E-05   3.246791E-05   5.875200E-05   5.875200E-05   5.875200E-05   5.875200E-05   2.106638E-05   2.035543E-05   2.000000E-05   2.000000E-05   2.000000E-05   2.000000E-05   2.000000E-05   2.000000E-05   2.210966E-05   3.887938E-05   4.869809E-05   3.058039E-05
   3.349401E-05   5.227610E-05   4.194770E-05   3.219948E-05   5.875200E-05   5.875200E-05   5.875200E-05   5.875200E-05   2.000000E-05   2.000000E-05   2.000000E-05   2.000000E-05   2.000000E-05   2.000000E-05   2.000000E-05   2.128563E-05   3.124293E-05   3.205040E-05   3.970527E-05   2.354520E-05
   3.384074E-05   2.606839E-05   2.493146E-05   2.391345E-05   5.875200E-05   5.875200E-05   5.875200E-05   5.875200E-05   2.000000E-05   2.000000E-05   2.000000E-05   2.000000E-05   2.000000E-05   2.000000E-05   2.000000E-05   2.770314E-05   3.775549E-05   3.649529E-05   3.405011E-05   2.758179E-05
   2.725520E-05   2.644602E-05   2.000000E-05   2.156833E-05   5.875200E-05   5.875200E-05   2.000000E-05   2.000000E-05   2.000000E-05   2.000000E-05   2.000000E-05   2.000000E-05   2.000000E-05   2.000000E-05   2.262614E-05   3.706961E-05   8.103814E-05   4.808487E-05   5.093430E-05   3.179743E-05
   2.251606E-05   2.000000E-05   2.000000E-05   2.471987E-05   2.000000E-05   5.875200E-05   2.000000E-05   2.000000E-05   2.000000E-05   2.000000E-05   2.000000E-05   2.000000E-05   2.000000E-05   2.000000E-05   3.747841E-05   6.472139E-05   4.836106E-05   5.247194E-05   4.361186E-05   3.125089E-05
   3.882476E-05   3.040609E-05   2.013726E-05   2.139443E-05   3.296862E-05   2.467385E-05   2.537942E-05   2.000000E-05   2.000000E-05   2.000000E-05   2.000000E-05   2.000000E-05   2.423126E-05   2.589905E-05   3.854393E-05   7.201765E-05   6.161193E-05   7.873735E-05   5.887764E-05   3.810196E-05
   4.237968E-05   3.403410E-05   2.873558E-05   2.606817E-05   2.871263E-05   4.225911E-05   4.235092E-05   3.014082E-05   2.700345E-05   3.078920E-05   2.000000E-05   2.931634E-05   3.315087E-05   2.870959E-05   4.769152E-05   7.462798E-05   6.738501E-05   7.260566E-05   5.674239E-05   4.888006E-05
   5.062676E-05   4.621063E-05   5.947664E-05   3.866414E-05   3.659070E-05   3.837672E-05   4.534536E-05   5.888088E-05   5.296504E-05   3.697455E-05   4.643008E-05   2.785440E-05   2.311541E-05   4.943384E-05   2.755070E-05   6.047730E-05   7.504084E-05   6.053393E-05   6.442093E-05   5.484035E-05
   5.953100E-05   4.774932E-05   6.260215E-05   3.605119E-05   6.632381E-05   7.344042E-05   1.375033E-04   1.339219E-04   5.730296E-05   6.005771E-05   8.257774E-05   7.132308E-05   6.154333E-05   7.164734E-05   7.168682E-05   6.915253E-05   6.927130E-05   7.248585E-05   8.879967E-05   4.669017E-05
   3.767799E-05   3.614952E-05   3.111715E-05   4.585513E-05   9.870376E-05   1.185714E-04   1.745800E-04   1.118270E-04   8.465184E-05   8.787503E-05   6.922720E-05   6.503773E-05   5.200683E-05   7.476864E-05   3.968673E-05   8.108004E-05   6.040750E-05   5.527806E-05   4.947057E-05   4.776452E-05
   2.752102E-05   2.795462E-05   6.268067E-05   1.044035E-04   1.518131E-04   1.099473E-04   1.203537E-04   1.526204E-04   1.349200E-04   1.025859E-04   8.486628E-05   6.670796E-05   6.053987E-05   4.353268E-05   4.735395E-05   5.938711E-05   3.457650E-05   4.265064E-05   3.681502E-05   2.772704E-05
   3.849228E-05   4.187763E-05   7.139006E-05   1.106392E-04   8.821942E-05   7.879647E-05   9.798797E-05   1.143187E-04   1.119961E-04   1.218739E-04   1.252327E-04   9.388847E-05   4.663848E-05   5.447717E-05   4.187078E-05   3.753411E-05   3.827429E-05   2.600533E-05   2.763982E-05   3.726258E-05
   3.690618E-05   2.965272E-05   4.649517E-05   7.158438E-05   6.837888E-05   6.360555E-05   8.282230E-05   1.054099E-04   6.845412E-05   8.419901E-05   1.004295E-04   7.312558E-05   6.459710E-05   4.962560E-05   4.064915E-05   2.931390E-05   2.010263E-05   2.122300E-05   2.499229E-05   2.602804E-05
   7.267970E-05   3.192193E-05   2.581692E-05   3.997970E-05   5.645320E-05   9.497885E-05   9.486704E-05   1.221743E-04   1.811544E-04   1.112916E-04   7.273248E-05   8.077482E-05   1.004641E-04   7.985020E-05   3.460063E-05   4.388583E-05   2.368637E-05   2.000000E-05   3.285607E-05   6.072245E-05
   5.875200E-05   5.810666E-05   5.965520E-05   7.299029E-05   8.772010E-05   7.952639E-05   8.294406E-05   8.585852E-05   1.571967E-04   9.905982E-05   5.630201E-05   6.424865E-05   6.287036E-05   3.471208E-05   3.906779E-05   2.631398E-05   2.781631E-05   3.036965E-05   3.438630E-05   5.149189E-05
   5.875200E-05   5.875200E-05   8.169735E-05   9.713711E-05   1.149113E-04   1.351929E-04   8.740543E-05   8.679373E-05   8.062961E-05   7.848532E-05   5.258423E-05   4.837358E-05   3.801905E-05   3.159905E-05   3.199357E-05   4.559488E-05   3.307677E-05   3.499189E-05   4.198188E-05   5.043947E-05
   5.875200E-05   5.875200E-05   5.875200E-05   9.082426E-05   1.112953E-04   1.943773E-04   1.069013E-04   8.005791E-05   5.026830E-05   4.039449E-05   5.749266E-05   5.527088E-05   3.768170E-05   3.154142E-05   3.557909E-05   4.687129E-05   3.652963E-05   5.809240E-05   5.292122E-05   5.665383E-05
   5.875200E-05   5.875200E-05   5.875200E-05   5.875200E-05   1.170957E-04   8.760778E-05   7.672958E-05   5.202814E-05   3.588180E-05   2.753362E-05   6.001222E-05   6.758790E-05   5.518700E-05   5.614262E-05   3.618211E-05   4.263973E-05   5.990373E-05   7.798103E-05   9.716987E-05   5.875200E-05
   5.875200E-05   5.875200E-05   5.875200E-05   5.875200E-05   1.001473E-04   6.651606E-05   5.936281E-05   4.383885E-05   3.258192E-05   2.815464E-05   6.337041E-05   9.571704E-05   6.036238E-05   5.102531E-05   3.601481E-05   4.751024E-05   3.656183E-05   8.236692E-05   6.562700E-05   5.875200E-05
   5.875200E-05   5.875200E-05   5.875200E-05   5.875200E-05   5.875200E-05   4.174414E-05   5.153768E-05   2.773740E-05   3.432038E-05   3.422752E-05   4.729265E-05   3.784121E-05   2.807232E-05   7.217544E-05   3.966392E-05   7.865384E-05   4.522198E-05   5.086147E-05   5.875200E-05   5.875200E-05
   5.875200E-05   5.875200E-05   5.875200E-05   5.875200E-05   5.875200E-05   4.321790E-05   5.786058E-05   2.802286E-05   2.904773E-05   2.989635E-05   5.283125E-05   4.321480E-05   2.971987E-05   4.903860E-05   5.419090E-05   5.489655E-05   7.733967E-05   5.875200E-05   5.875200E-05   5.875200E-05
   5.875200E-05   5.875200E-05   5.875200E-05   5.875200E-05   5.875200E-05   5.094047E-05   4.789924E-05   3.144264E-05   2.556396E-05   5.058076E-05   3.275274E-05   4.942740E-05   4.119651E-05   4.025543E-05   3.110965E-05   4.259746E-05   5.875200E-05   5.875200E-05   5.875200E-05   5.875200E-05
