   1.013073E-04   6.728626E-05   1.076395E-04   6.501014E-05   5.940227E-05   1.016302E-04   1.346961E-04   7.582784E-05   3.619880E-05   4.308111E-05   5.387466E-05   6.229054E-05   1.056379E-04   8.218724E-05   8.183847E-05   9.705402E-05   5.983741E-05   1.047509E-04   4.350094E-05   5.350972E-05
   1.016654E-04   1.115901E-04   1.014777E-04   7.106490E-05   8.183113E-05   9.947602E-05   1.387636E-04   9.671125E-05   4.140154E-05   6.072544E-05   3.287229E-05   4.973215E-05   9.556350E-05   1.098694E-04   1.173281E-04   9.168236E-05   1.273365E-04   8.673924E-05   5.739328E-05   4.081776E-05
   6.160567E-05   7.809460E-05   5.971129E-05   7.818477E-05   7.973914E-05   5.307548E-05   1.413543E-04   7.778961E-05   5.024806E-05   4.719608E-05   4.462869E-05   4.509343E-05   9.592527E-05   1.614211E-04   1.737701E-04   5.447557E-05   9.839331E-05   7.137607E-05   6.725416E-05   4.809913E-05
   4.803726E-05   6.936824E-05   7.501058E-05   7.919525E-05   1.326819E-04   1.068169E-04   7.934569E-05   6.479487E-05   6.995693E-05   5.455802E-05   4.408655E-05   4.493607E-05   6.445314E-05   8.184285E-05   8.139400E-05   5.640523E-05   4.928802E-05   6.447015E-05   6.020185E-05   6.490746E-05
   8.837202E-05   4.992033E-05   1.023417E-04   8.279340E-05   9.105726E-05   8.251453E-05   1.419983E-04   1.110779E-04   6.873718E-05   4.309694E-05   5.535404E-05   6.911198E-05   3.512310E-05   4.335460E-05   4.898528E-05   5.598439E-05   5.991816E-05   6.196450E-05   5.525315E-05   4.958468E-05
   7.707036E-05   1.244598E-04   1.331257E-04   9.448513E-05   7.214001E-05   7.923997E-05   1.096537E-04   9.655476E-05   6.854853E-05   7.112578E-05   6.442701E-05   5.788523E-05   3.913624E-05   3.814069E-05   3.490985E-05   3.978248E-05   4.956164E-05   7.043893E-05   6.467478E-05   5.899437E-05
   7.003310E-05   1.298020E-04   9.521410E-05   1.515624E-04   1.085815E-04   1.062304E-04   6.776487E-05   8.538294E-05   8.577345E-05   1.114348E-04   9.214878E-05   5.463488E-05   6.484427E-05   3.277511E-05   2.827782E-05   2.944346E-05   2.965587E-05   2.757986E-05   5.478900E-05   4.286881E-05
   9.675913E-05   1.130952E-04   1.420921E-04   1.414178E-04   1.501220E-04   7.770560E-05   6.446125E-05   5.475784E-05   8.825475E-05   1.572239E-04   7.103367E-05   7.053474E-05   9.523458E-05   3.759120E-05   2.309110E-05   3.610423E-05   2.334726E-05   3.402517E-05   3.578219E-05   4.770382E-05
   9.906683E-05   9.949979E-05   1.094739E-04   1.299209E-04   8.549193E-05   8.549193E-05   8.549193E-05   1.067041E-04   8.730729E-05   1.455340E-04   8.711813E-05   4.715682E-05   7.354764E-05   2.967490E-05   3.090166E-05   2.586171E-05   3.028125E-05   5.059889E-05   4.628642E-05   4.863275E-05
   8.765056E-05   1.171768E-04   1.886543E-04   1.474422E-04   8.549193E-05   8.549193E-05   8.549193E-05   8.549193E-05   9.109100E-05   1.134305E-04   8.248016E-05   8.612594E-05   4.619688E-05   4.094619E-05   2.624952E-05   2.264552E-05   2.094689E-05   2.945974E-05   2.599200E-05   3.477761E-05
   1.102611E-04   2.000000E-04   2.000000E-04   1.265028E-04   8.549193E-05   8.549193E-05   8.549193E-05   8.549193E-05   8.222700E-05   1.034033E-04   8.333289E-05   6.445159E-05   3.039556E-05   3.479403E-05   3.905832E-05   2.784661E-05   2.284434E-05   2.012448E-05   2.621845E-05   2.014344E-05
   1.816737E-04   2.000000E-04   2.000000E-04   1.482135E-04   8.549193E-05   8.549193E-05   8.549193E-05   8.549193E-05   7.458211E-05   8.620070E-05   1.173891E-04   5.497434E-05   3.022395E-05   3.117520E-05   2.682518E-05   3.333104E-05   2.582764E-05   2.000000E-05   2.000000E-05   2.512704E-05
   1.753575E-04   2.000000E-04   2.000000E-04   1.315853E-04   8.549193E-05   8.549193E-05   8.549193E-05   8.549193E-05   7.968785E-05   8.853170E-05   7.664868E-05   4.250638E-05   2.839914E-05   2.000000E-05   2.000000E-05   3.246424E-05   4.792798E-05   2.777637E-05   2.664164E-05   2.516359E-05
   1.136985E-04   1.831858E-04   2.000000E-04   1.736239E-04   8.549193E-05   8.549193E-05   8.549193E-05   8.549193E-05   5.398905E-05   8.367393E-05   8.136180E-05   4.323315E-05   2.000000E-05   2.000000E-05   2.000000E-05   2.992070E-05   5.222142E-05   3.921006E-05   2.417626E-05   2.361917E-05
   1.738311E-04   2.000000E-04   2.000000E-04   2.000000E-04   8.549193E-05   8.549193E-05   8.549193E-05   8.549193E-05   3.436092E-05   4.248835E-05   5.396088E-05   3.688169E-05   2.044393E-05   2.000000E-05   2.000000E-05   2.391360E-05   4.955742E-05   4.081122E-05   3.479324E-05   2.277087E-05
   1.032189E-04   1.521359E-04   1.480500E-04   7.342282E-05   8.549193E-05   8.549193E-05   8.549193E-05   8.549193E-05   6.403640E-05   3.094851E-05   4.016545E-05   2.555433E-05   2.075239E-05   2.000000E-05   2.000000E-05   2.115063E-05   4.464856E-05   4.098145E-05   4.292087E-05   6.273708E-05
   1.195674E-04   1.779225E-04   7.576806E-05   4.114607E-05   8.549193E-05   8.549193E-05   8.549193E-05   8.549193E-05   2.207796E-05   2.814150E-05   3.677128E-05   2.122536E-05   2.000000E-05   2.000000E-05   2.000000E-05   2.170487E-05   4.693834E-05   3.941757E-05   6.159174E-05   8.629706E-05
   7.901816E-05   1.256121E-04   9.116064E-05   8.898600E-05   8.549193E-05   8.549193E-05   8.549193E-05   8.549193E-05   2.019023E-05   2.000000E-05   2.261121E-05   2.221226E-05   2.000000E-05   2.000000E-05   2.000000E-05   2.000000E-05   2.657813E-05   7.977842E-05   1.068786E-04   7.167240E-05
   9.609740E-05   7.604368E-05   6.579413E-05   5.174578E-05   8.549193E-05   8.549193E-05   8.549193E-05   8.549193E-05   3.357457E-05   3.244150E-05   2.000000E-05   2.000000E-05   2.000000E-05   2.000000E-05   2.000000E-05   2.946673E-05   3.523730E-05   6.196406E-05   7.761264E-05   4.873754E-05
   5.338113E-05   8.331511E-05   6.685421E-05   5.131797E-05   8.549193E-05   8.549193E-05   8.549193E-05   8.549193E-05   2.000000E-05   2.000000E-05   2.000000E-05   2.000000E-05   2.000000E-05   2.000000E-05   2.177296E-05   3.392400E-05   4.979346E-05   5.108037E-05   6.328034E-05   3.752519E-05
   5.393373E-05   4.154653E-05   3.973455E-05   3.811210E-05   8.549193E-05   8.549193E-05   8.549193E-05   8.549193E-05   2.000000E-05   2.000000E-05   2.000000E-05   2.000000E-05   2.000000E-05   2.000000E-05   2.000000E-05   4.415192E-05   6.017286E-05   5.816442E-05   5.426740E-05   4.395852E-05
   4.343802E-05   4.214838E-05   2.712899E-05   3.437455E-05   8.549193E-05   8.549193E-05   2.000000E-05   2.000000E-05   2.000000E-05   2.000000E-05   2.000000E-05   2.000000E-05   2.000000E-05   2.000000E-05   3.606044E-05   5.907974E-05   1.291546E-04   7.663533E-05   8.117661E-05   5.067719E-05
   3.588501E-05   2.625635E-05   2.082676E-05   3.939732E-05   2.906219E-05   8.549193E-05   2.218921E-05   2.000000E-05   2.000000E-05   2.000000E-05   2.000000E-05   2.000000E-05   2.298727E-05   2.168188E-05   5.973127E-05   1.031498E-04   7.707551E-05   8.362723E-05   6.950647E-05   4.980615E-05
   6.187701E-05   4.845975E-05   3.209378E-05   3.409740E-05   5.254378E-05   3.932398E-05   4.044848E-05   2.575123E-05   2.761975E-05   2.470369E-05   2.000000E-05   2.000000E-05   3.861860E-05   4.127665E-05   6.142945E-05   1.147782E-04   9.819410E-05   1.254878E-04   9.383631E-05   6.072506E-05
   6.754268E-05   5.424189E-05   4.579737E-05   4.154618E-05   4.576080E-05   6.735052E-05   6.749684E-05   4.803697E-05   4.303679E-05   4.907032E-05   2.873687E-05   4.672296E-05   5.283424E-05   4.575595E-05   7.600843E-05   1.189385E-04   1.073950E-04   1.157154E-04   9.043326E-05   7.790266E-05
   8.068647E-05   7.364825E-05   9.479097E-05   6.162102E-05   5.831648E-05   6.116294E-05   7.226924E-05   9.384149E-05   8.441311E-05   5.892825E-05   7.399801E-05   4.439299E-05   3.684021E-05   7.878526E-05   4.390897E-05   9.638577E-05   1.195964E-04   9.647603E-05   1.026710E-04   8.740188E-05
   9.487761E-05   7.610055E-05   9.977226E-05   5.745663E-05   1.057037E-04   1.170458E-04   2.000000E-04   2.000000E-04   9.132667E-05   9.571706E-05   1.316084E-04   1.136713E-04   9.808477E-05   1.141880E-04   1.142510E-04   1.102119E-04   1.104012E-04   1.155244E-04   1.415246E-04   7.441252E-05
   6.004936E-05   5.761335E-05   4.959301E-05   7.308167E-05   1.573093E-04   1.889733E-04   2.000000E-04   1.782245E-04   1.349140E-04   1.400510E-04   1.103309E-04   1.036540E-04   8.288596E-05   1.191626E-04   6.325078E-05   1.292214E-04   9.627454E-05   8.809948E-05   7.884378E-05   7.612477E-05
   4.386167E-05   4.455271E-05   9.989740E-05   1.663932E-04   2.000000E-04   1.752286E-04   1.918139E-04   2.000000E-04   2.000000E-04   1.634964E-04   1.352557E-04   1.063159E-04   9.648550E-05   6.938027E-05   7.547042E-05   9.464828E-05   5.510634E-05   6.797451E-05   5.867399E-05   4.419001E-05
   6.134712E-05   6.674254E-05   1.137780E-04   1.763313E-04   1.405998E-04   1.255820E-04   1.561685E-04   1.821955E-04   1.784940E-04   1.942368E-04   1.995898E-04   1.496349E-04   7.433014E-05   8.682306E-05   6.673162E-05   5.982004E-05   6.099969E-05   4.144603E-05   4.405100E-05   5.938728E-05
   5.881928E-05   4.725906E-05   7.410175E-05   1.140877E-04   1.089789E-04   1.013714E-04   1.319981E-04   1.679971E-04   1.090988E-04   1.341923E-04   1.600596E-04   1.165440E-04   1.029517E-04   7.909086E-05   6.478463E-05   4.671906E-05   3.203859E-05   3.382419E-05   3.983149E-05   4.148222E-05
   1.158334E-04   5.087563E-05   4.114574E-05   6.371769E-05   8.997236E-05   1.513727E-04   1.511945E-04   1.947155E-04   2.000000E-04   1.773712E-04   1.159175E-04   1.287350E-04   1.601149E-04   1.272614E-04   5.514480E-05   6.994310E-05   3.775018E-05   2.344647E-05   5.236441E-05   9.677648E-05
   8.549193E-05   9.260756E-05   9.507555E-05   1.163284E-04   1.398040E-04   1.267453E-04   1.321922E-04   1.368371E-04   2.000000E-04   1.578767E-04   8.973141E-05   1.023964E-04   1.001997E-04   5.532243E-05   6.226435E-05   4.193794E-05   4.433228E-05   4.840167E-05   5.480322E-05   8.206527E-05
   8.549193E-05   8.549193E-05   1.302053E-04   1.548124E-04   1.831401E-04   2.000000E-04   1.393025E-04   1.383276E-04   1.285036E-04   1.250861E-04   8.380618E-05   7.709547E-05   6.059291E-05   5.036104E-05   5.098979E-05   7.266690E-05   5.271615E-05   5.576837E-05   6.690867E-05   8.038798E-05
   8.549193E-05   8.549193E-05   8.549193E-05   1.447513E-04   1.773770E-04   2.000000E-04   1.703740E-04   1.275924E-04   8.011517E-05   6.437878E-05   9.162900E-05   8.808804E-05   6.005527E-05   5.026919E-05   5.670422E-05   7.470119E-05   5.821916E-05   9.258485E-05   8.434327E-05   9.029212E-05
   8.549193E-05   8.549193E-05   8.549193E-05   8.549193E-05   1.866214E-04   1.396250E-04   1.222879E-04   8.291991E-05   5.718668E-05   4.388174E-05   9.564455E-05   1.077183E-04   8.795435E-05   8.947738E-05   5.766529E-05   6.795712E-05   9.547165E-05   1.242824E-04   1.548646E-04   8.549193E-05
   8.549193E-05   8.549193E-05   8.549193E-05   8.549193E-05   1.596099E-04   1.060101E-04   9.460956E-05   6.986823E-05   5.192747E-05   4.487150E-05   1.009967E-04   1.525492E-04   9.620263E-05   8.132166E-05   5.739866E-05   7.571951E-05   5.827046E-05   1.312724E-04   1.045931E-04   8.549193E-05
   8.549193E-05   8.549193E-05   8.549193E-05   8.549193E-05   8.549193E-05   6.652977E-05   8.213824E-05   4.420652E-05   5.469815E-05   5.455015E-05   7.537273E-05   6.030947E-05   4.474029E-05   1.150297E-04   6.321443E-05   1.253547E-04   7.207260E-05   8.106053E-05   8.549193E-05   8.549193E-05
   8.549193E-05   8.549193E-05   8.549193E-05   8.549193E-05   8.549193E-05   6.887858E-05   9.221538E-05   4.466147E-05   4.629486E-05   4.764734E-05   8.419988E-05   6.887364E-05   4.736608E-05   7.815534E-05   8.636682E-05   8.749145E-05   1.232602E-04   8.549193E-05   8.549193E-05   8.549193E-05
   8.549193E-05   8.549193E-05   8.549193E-05   8.549193E-05   8.549193E-05   8.118644E-05   7.633949E-05   5.011175E-05   4.074260E-05   8.061315E-05   5.219973E-05   7.877499E-05   6.565699E-05   6.415714E-05   4.958105E-05   6.788975E-05   8.549193E-05   8.549193E-05   8.549193E-05   8.549193E-05
