1 40 6 34.03698165948873 100.0
1 40 7 34.2955825283423 100.0
1 40 8 33.860055806776785 100.0
1 40 9 33.64687039498857 100.0
1 40 10 33.6711055694418 100.0
1 40 11 34.39849427486726 100.0
1 40 12 34.377067073050306 100.0
1 40 13 34.181095751199315 100.0
1 40 14 34.30981741931023 100.0
1 40 15 34.06388538396697 100.0
2 40 6 34.64596547728787 100.0
2 40 7 34.743883192278155 100.0
2 40 8 34.967658429620904 100.0
2 40 9 34.75939722017716 100.0
2 40 10 34.856884923301564 80.8596069456515
2 40 11 34.473044005159785 100.0
2 40 12 34.215289381236126 100.0
2 40 13 34.404656807269824 100.0
2 40 14 34.567657448139116 100.0
2 40 15 34.51303818021051 100.0
3 40 6 34.03080584360885 100.0
3 40 7 34.65641503919817 100.0
3 40 8 34.10896778179087 100.0
3 40 9 33.76128161280781 100.0
3 40 10 33.34731545506578 100.0
3 40 11 32.5 100.0
3 40 12 32.67918595364422 100.0
3 40 13 32.848184887180494 100.0
3 40 14 33.157360634192024 100.0
3 40 15 33.1797095423896 100.0
