   6.210654E-05   4.124993E-05   6.598855E-05   3.985454E-05   3.641664E-05   6.230451E-05   8.257561E-05   4.648635E-05   2.219172E-05   2.641093E-05   3.302793E-05   3.818729E-05   6.476142E-05   5.038499E-05   5.017117E-05   5.949908E-05   3.668340E-05   6.421765E-05   2.666830E-05   3.280420E-05
   6.232608E-05   6.841044E-05   6.221101E-05   4.356642E-05   5.016667E-05   6.098389E-05   8.506921E-05   5.928895E-05   2.538126E-05   3.722781E-05   2.015239E-05   3.048835E-05   5.858532E-05   6.735556E-05   7.192814E-05   5.620598E-05   7.806377E-05   5.317560E-05   3.518502E-05   2.502338E-05
   3.776743E-05   4.787599E-05   3.660608E-05   4.793127E-05   4.888418E-05   3.253799E-05   8.665742E-05   4.768902E-05   3.080463E-05   2.893361E-05   2.735968E-05   2.764458E-05   5.880711E-05   9.895942E-05   1.065300E-04   3.339632E-05   6.032014E-05   4.375718E-05   4.123025E-05   2.948723E-05
   2.944930E-05   4.252628E-05   4.598533E-05   4.855074E-05   8.134077E-05   6.548420E-05   4.864297E-05   3.972258E-05   4.288718E-05   3.344686E-05   2.702731E-05   2.754811E-05   3.951308E-05   5.017386E-05   4.989869E-05   3.457929E-05   3.021608E-05   3.952350E-05   3.690682E-05   3.979160E-05
   5.417658E-05   3.060372E-05   6.274073E-05   5.075659E-05   5.582276E-05   5.058563E-05   8.705224E-05   6.809647E-05   4.213941E-05   2.642063E-05   3.393486E-05   4.236919E-05   2.153226E-05   2.657859E-05   3.003049E-05   3.432130E-05   3.673290E-05   3.798741E-05   3.387301E-05   3.039795E-05
   4.724808E-05   7.630026E-05   8.161285E-05   5.792422E-05   4.422552E-05   4.857816E-05   6.722335E-05   5.919301E-05   4.202376E-05   4.360374E-05   3.949705E-05   3.548661E-05   2.399252E-05   2.338220E-05   2.140153E-05   2.438869E-05   3.038382E-05   4.318267E-05   3.964895E-05   3.616657E-05
   4.293388E-05   7.957528E-05   5.837112E-05   9.291554E-05   6.656602E-05   6.512465E-05   4.154333E-05   5.234411E-05   5.258352E-05   6.831521E-05   5.649192E-05   3.349398E-05   3.975286E-05   2.009282E-05   2.000000E-05   2.000000E-05   2.000000E-05   2.000000E-05   3.358846E-05   2.628077E-05
   5.931830E-05   6.933318E-05   8.710972E-05   8.669638E-05   9.203250E-05   4.763751E-05   3.951805E-05   3.356936E-05   5.410468E-05   9.638633E-05   4.354728E-05   4.324141E-05   5.838368E-05   2.304533E-05   2.000000E-05   2.213374E-05   2.000000E-05   2.085917E-05   2.193631E-05   2.924488E-05
   6.073304E-05   6.099847E-05   6.711308E-05   7.964817E-05   5.521591E-05   5.521591E-05   5.521591E-05   6.541506E-05   5.352384E-05   8.921981E-05   5.340788E-05   2.890954E-05   4.508847E-05   2.000000E-05   2.000000E-05   2.000000E-05   2.000000E-05   3.101971E-05   2.837594E-05   2.981437E-05
   5.373428E-05   7.183536E-05   1.156547E-04   9.038960E-05   5.521591E-05   5.521591E-05   5.521591E-05   5.521591E-05   5.584345E-05   6.953871E-05   5.056456E-05   5.279961E-05   2.832105E-05   2.510211E-05   2.000000E-05   2.000000E-05   2.000000E-05   2.000000E-05   2.000000E-05   2.132046E-05
   6.759572E-05   1.255985E-04   1.384695E-04   7.755272E-05   5.521591E-05   5.521591E-05   5.521591E-05   5.521591E-05   5.040936E-05   6.339151E-05   5.108733E-05   3.951212E-05   2.000000E-05   2.133052E-05   2.394475E-05   2.000000E-05   2.000000E-05   2.000000E-05   2.000000E-05   2.000000E-05
   1.113753E-04   1.567460E-04   1.268147E-04   9.086245E-05   5.521591E-05   5.521591E-05   5.521591E-05   5.521591E-05   4.572266E-05   5.284545E-05   7.196552E-05   3.370208E-05   2.000000E-05   2.000000E-05   2.000000E-05   2.043363E-05   2.000000E-05   2.000000E-05   2.000000E-05   2.000000E-05
   1.075031E-04   1.367853E-04   1.511597E-04   8.066854E-05   5.521591E-05   5.521591E-05   5.521591E-05   5.521591E-05   4.885273E-05   5.427447E-05   4.698957E-05   2.605859E-05   2.000000E-05   2.000000E-05   2.000000E-05   2.000000E-05   2.938230E-05   2.000000E-05   2.000000E-05   2.000000E-05
   6.970303E-05   1.123023E-04   1.511954E-04   1.064404E-04   5.521591E-05   5.521591E-05   5.521591E-05   5.521591E-05   3.309805E-05   5.129640E-05   4.987895E-05   2.650414E-05   2.000000E-05   2.000000E-05   2.000000E-05   2.000000E-05   3.201440E-05   2.403778E-05   2.000000E-05   2.000000E-05
   1.065673E-04   1.545776E-04   2.000000E-04   1.244458E-04   5.521591E-05   5.521591E-05   5.521591E-05   5.521591E-05   2.106500E-05   2.604754E-05   3.308079E-05   2.261036E-05   2.000000E-05   2.000000E-05   2.000000E-05   2.000000E-05   3.038124E-05   2.501937E-05   2.133004E-05   2.000000E-05
   6.327848E-05   9.326710E-05   9.076222E-05   4.501195E-05   5.521591E-05   5.521591E-05   5.521591E-05   5.521591E-05   3.925759E-05   2.000000E-05   2.462348E-05   2.000000E-05   2.000000E-05   2.000000E-05   2.000000E-05   2.000000E-05   2.737186E-05   2.512373E-05   2.631269E-05   3.846104E-05
   7.330096E-05   1.090756E-04   4.644970E-05   2.522465E-05   5.521591E-05   5.521591E-05   5.521591E-05   5.521591E-05   2.000000E-05   2.000000E-05   2.254268E-05   2.000000E-05   2.000000E-05   2.000000E-05   2.000000E-05   2.000000E-05   2.877560E-05   2.416499E-05   3.775889E-05   5.290452E-05
   4.844218E-05   7.700663E-05   5.588614E-05   5.455298E-05   5.521591E-05   5.521591E-05   5.521591E-05   5.521591E-05   2.000000E-05   2.000000E-05   2.000000E-05   2.000000E-05   2.000000E-05   2.000000E-05   2.000000E-05   2.000000E-05   2.000000E-05   4.890826E-05   6.552208E-05   4.393885E-05
   5.891262E-05   4.661867E-05   4.033517E-05   3.172281E-05   5.521591E-05   5.521591E-05   5.521591E-05   5.521591E-05   2.058293E-05   2.000000E-05   2.000000E-05   2.000000E-05   2.000000E-05   2.000000E-05   2.000000E-05   2.000000E-05   2.160227E-05   3.798714E-05   4.758052E-05   2.987861E-05
   3.272536E-05   5.107643E-05   4.098505E-05   3.146055E-05   5.521591E-05   5.521591E-05   5.521591E-05   5.521591E-05   2.000000E-05   2.000000E-05   2.000000E-05   2.000000E-05   2.000000E-05   2.000000E-05   2.000000E-05   2.079715E-05   3.052594E-05   3.131488E-05   3.879409E-05   2.300486E-05
   3.306414E-05   2.547015E-05   2.435932E-05   2.336467E-05   5.521591E-05   5.521591E-05   5.521591E-05   5.521591E-05   2.000000E-05   2.000000E-05   2.000000E-05   2.000000E-05   2.000000E-05   2.000000E-05   2.000000E-05   2.706739E-05   3.688904E-05   3.565777E-05   3.326870E-05   2.694882E-05
   2.662973E-05   2.583911E-05   2.000000E-05   2.107336E-05   5.521591E-05   5.521591E-05   2.000000E-05   2.000000E-05   2.000000E-05   2.000000E-05   2.000000E-05   2.000000E-05   2.000000E-05   2.000000E-05   2.210690E-05   3.621890E-05   7.917841E-05   4.698138E-05   4.976542E-05   3.106771E-05
   2.199935E-05   2.000000E-05   2.000000E-05   2.415258E-05   2.000000E-05   5.521591E-05   2.000000E-05   2.000000E-05   2.000000E-05   2.000000E-05   2.000000E-05   2.000000E-05   2.000000E-05   2.000000E-05   3.661833E-05   6.323611E-05   4.725123E-05   5.126777E-05   4.261102E-05   3.053372E-05
   3.793378E-05   2.970831E-05   2.000000E-05   2.090345E-05   3.221203E-05   2.410761E-05   2.479699E-05   2.000000E-05   2.000000E-05   2.000000E-05   2.000000E-05   2.000000E-05   2.367518E-05   2.530470E-05   3.765940E-05   7.036494E-05   6.019801E-05   7.693042E-05   5.752646E-05   3.722757E-05
   4.140712E-05   3.325306E-05   2.807613E-05   2.546993E-05   2.805371E-05   4.128932E-05   4.137902E-05   2.944913E-05   2.638376E-05   3.008262E-05   2.000000E-05   2.864357E-05   3.239009E-05   2.805074E-05   4.659706E-05   7.291536E-05   6.583861E-05   7.093945E-05   5.544022E-05   4.775832E-05
   4.946494E-05   4.515015E-05   5.811172E-05   3.777684E-05   3.575099E-05   3.749602E-05   4.430474E-05   5.752964E-05   5.174956E-05   3.612603E-05   4.536457E-05   2.721518E-05   2.258494E-05   4.829940E-05   2.691844E-05   5.908941E-05   7.331874E-05   5.914474E-05   6.294255E-05   5.358183E-05
   5.816483E-05   4.665353E-05   6.116550E-05   3.522385E-05   6.480176E-05   7.175505E-05   1.343477E-04   1.308486E-04   5.598793E-05   5.867946E-05   8.068268E-05   6.968630E-05   6.013099E-05   7.000312E-05   7.004169E-05   6.756556E-05   6.768160E-05   7.082239E-05   8.676182E-05   4.561868E-05
   3.681333E-05   3.531993E-05   3.040305E-05   4.480281E-05   9.643863E-05   1.158503E-04   1.705736E-04   1.092607E-04   8.270918E-05   8.585841E-05   6.763852E-05   6.354519E-05   5.081334E-05   7.305279E-05   3.877597E-05   7.921936E-05   5.902122E-05   5.400949E-05   4.833528E-05   4.666838E-05
   2.688945E-05   2.731309E-05   6.124222E-05   1.020076E-04   1.483291E-04   1.074241E-04   1.175918E-04   1.491180E-04   1.318238E-04   1.002317E-04   8.291870E-05   6.517709E-05   5.915055E-05   4.253366E-05   4.626723E-05   5.802424E-05   3.378301E-05   4.167186E-05   3.597016E-05   2.709074E-05
   3.760892E-05   4.091659E-05   6.975175E-05   1.081001E-04   8.619489E-05   7.698819E-05   9.573926E-05   1.116952E-04   1.094259E-04   1.190771E-04   1.223588E-04   9.173384E-05   4.556818E-05   5.322698E-05   4.090990E-05   3.667275E-05   3.739594E-05   2.540854E-05   2.700552E-05   3.640745E-05
   3.605923E-05   2.897222E-05   4.542817E-05   6.994161E-05   6.680967E-05   6.214588E-05   8.092163E-05   1.029908E-04   6.688318E-05   8.226675E-05   9.812473E-05   7.144744E-05   6.311467E-05   4.848675E-05   3.971630E-05   2.864118E-05   2.000000E-05   2.073596E-05   2.441874E-05   2.543073E-05
   7.101179E-05   3.118936E-05   2.522445E-05   3.906221E-05   5.515766E-05   9.279920E-05   9.268995E-05   1.193705E-04   1.769971E-04   1.087376E-04   7.106335E-05   7.892113E-05   9.815862E-05   7.801774E-05   3.380659E-05   4.287870E-05   2.314279E-05   2.000000E-05   3.210206E-05   5.932894E-05
   5.521591E-05   5.677318E-05   5.828618E-05   7.131525E-05   8.570703E-05   7.770135E-05   8.104059E-05   8.388817E-05   1.535892E-04   9.678652E-05   5.500995E-05   6.277423E-05   6.142756E-05   3.391548E-05   3.817123E-05   2.571010E-05   2.717796E-05   2.967270E-05   3.359718E-05   5.031021E-05
   5.521591E-05   5.521591E-05   7.982249E-05   9.490793E-05   1.122743E-04   1.320904E-04   8.539959E-05   8.480191E-05   7.877926E-05   7.668417E-05   5.137748E-05   4.726347E-05   3.714656E-05   3.087389E-05   3.125935E-05   4.454853E-05   3.231770E-05   3.418887E-05   4.101844E-05   4.928195E-05
   5.521591E-05   5.521591E-05   5.521591E-05   8.873996E-05   1.087412E-04   1.899165E-04   1.044480E-04   7.822068E-05   4.911470E-05   3.946749E-05   5.617327E-05   5.400248E-05   3.681695E-05   3.081759E-05   3.476259E-05   4.579565E-05   3.569132E-05   5.675925E-05   5.170675E-05   5.535370E-05
   5.521591E-05   5.521591E-05   5.521591E-05   5.521591E-05   1.144085E-04   8.559729E-05   7.496873E-05   5.083415E-05   3.505836E-05   2.690175E-05   5.863501E-05   6.603684E-05   5.392052E-05   5.485422E-05   3.535178E-05   4.166120E-05   5.852901E-05   7.619146E-05   9.493994E-05   5.521591E-05
   5.521591E-05   5.521591E-05   5.521591E-05   5.521591E-05   9.784906E-05   6.498960E-05   5.800050E-05   4.283280E-05   3.183420E-05   2.750853E-05   6.191614E-05   9.352045E-05   5.897714E-05   4.985434E-05   3.518832E-05   4.641994E-05   3.572278E-05   8.047670E-05   6.412094E-05   5.521591E-05
   5.521591E-05   5.521591E-05   5.521591E-05   5.521591E-05   5.521591E-05   4.078616E-05   5.035495E-05   2.710086E-05   3.353277E-05   3.344204E-05   4.620734E-05   3.697280E-05   2.742809E-05   7.051910E-05   3.875368E-05   7.684883E-05   4.418419E-05   4.969426E-05   5.521591E-05   5.521591E-05
   5.521591E-05   5.521591E-05   5.521591E-05   5.521591E-05   5.521591E-05   4.222610E-05   5.653275E-05   2.737977E-05   2.838112E-05   2.921026E-05   5.161884E-05   4.222307E-05   2.903783E-05   4.791322E-05   5.294728E-05   5.363674E-05   7.556481E-05   5.521591E-05   5.521591E-05   5.521591E-05
   5.521591E-05   5.521591E-05   5.521591E-05   5.521591E-05   5.521591E-05   4.977145E-05   4.680001E-05   3.072107E-05   2.497730E-05   4.941999E-05   3.200111E-05   4.829310E-05   4.025110E-05   3.933162E-05   3.039572E-05   4.161990E-05   5.521591E-05   5.521591E-05   5.521591E-05   5.521591E-05
