   2.469268E-01   3.112494E-01   2.010108E-01   2.578181E-01   2.124731E-01   1.332464E-01   1.867439E-01   1.976908E-01   1.709516E-01   1.451885E-01   1.452656E-01   2.151165E-01   3.062450E-01   1.869555E-01   2.100910E-01   2.287908E-01   2.012038E-01   1.060198E-01   1.144243E-01   2.217153E-01
   2.576724E-01   1.513241E-01   1.861442E-01   1.977122E-01   1.830170E-01   1.184642E-01   1.287049E-01   1.775931E-01   2.165655E-01   2.261262E-01   1.958616E-01   1.570293E-01   2.396588E-01   1.531129E-01   2.502021E-01   2.730476E-01   9.299649E-02   1.493360E-01   1.984114E-01   2.141125E-01
   1.984547E-01   2.277434E-01   2.063674E-01   1.521034E-01   9.509022E-02   7.940927E-02   9.251748E-02   2.239315E-01   2.867315E-01   1.841715E-01   1.699458E-01   1.314918E-01   1.005976E-01   1.865294E-01   1.778888E-01   1.747114E-01   1.385054E-01   2.587198E-01   2.727752E-01   2.559122E-01
   2.959765E-01   1.629049E-01   1.308489E-01   1.075619E-01   1.434308E-01   9.694545E-02   8.842357E-02   1.389038E-01   2.325589E-01   1.511911E-01   1.180614E-01   2.109195E-01   1.399431E-01   1.605328E-01   1.559239E-01   2.376443E-01   3.000275E-01   2.193124E-01   2.729847E-01   3.007509E-01
   2.112766E-01   1.249973E-01   1.523549E-01   1.843900E-01   1.411651E-01   1.523512E-01   1.195018E-01   1.507251E-01   1.790945E-01   2.111043E-01   1.933626E-01   1.931511E-01   3.503216E-01   2.624601E-01   1.933063E-01   2.420792E-01   2.852933E-01   1.479603E-01   2.258592E-01   2.628802E-01
   1.611765E-01   1.502910E-01   1.549724E-01   1.844595E-01   1.900737E-01   2.168679E-01   2.242659E-01   2.075821E-01   1.862574E-01   2.889105E-01   3.321309E-01   2.511308E-01   3.377399E-01   2.280094E-01   1.616461E-01   1.526860E-01   2.502776E-01   3.428905E-01   1.761050E-01   2.457937E-01
   1.720558E-01   1.888734E-01   1.372634E-01   2.118441E-01   2.644948E-01   2.620249E-01   2.207011E-01   2.014981E-01   3.307949E-01   3.339670E-01   6.368622E-01   2.759771E-01   2.745276E-01   2.548114E-01   2.183008E-01   1.730618E-01   3.366902E-01   4.204699E-01   1.873570E-01   2.529410E-01
   2.374780E-01   1.142441E-01   8.816596E-02   1.766971E-01   1.997550E-01   1.992406E-01   2.857819E-01   2.212157E-01   3.216239E-01   3.433820E-01   5.035695E-01   5.377881E-01   3.235016E-01   2.743779E-01   2.461112E-01   1.963978E-01   1.596004E-01   2.895996E-01   2.995826E-01   2.131144E-01
   1.573479E-01   1.019991E-01   7.582839E-02   1.622659E-01   3.000000E-01   3.000000E-01   3.000000E-01   2.537855E-01   2.822464E-01   2.902258E-01   3.338581E-01   3.545921E-01   4.321443E-01   3.495856E-01   3.227207E-01   2.209263E-01   1.883975E-01   1.955674E-01   1.713512E-01   3.158145E-01
   1.155545E-01   1.532450E-01   1.052712E-01   8.528112E-02   3.000000E-01   3.000000E-01   3.000000E-01   3.000000E-01   2.364054E-01   2.428831E-01   4.192549E-01   5.208801E-01   5.540276E-01   2.981833E-01   2.911594E-01   3.024165E-01   3.037878E-01   2.984289E-01   3.031216E-01   2.703349E-01
   2.869391E-01   1.823954E-01   1.007014E-01   1.240700E-01   3.000000E-01   3.000000E-01   3.000000E-01   3.000000E-01   3.184759E-01   1.823575E-01   4.058024E-01   6.732552E-01   4.041013E-01   4.352127E-01   4.096186E-01   2.560806E-01   2.250555E-01   2.422843E-01   2.436113E-01   2.646564E-01
   2.677608E-01   1.924391E-01   1.511509E-01   1.348314E-01   3.000000E-01   3.000000E-01   3.000000E-01   3.000000E-01   3.799504E-01   2.954364E-01   4.543039E-01   4.504910E-01   3.866669E-01   3.982709E-01   2.791353E-01   3.255907E-01   1.881909E-01   2.088770E-01   2.391216E-01   2.396147E-01
   2.232106E-01   2.674420E-01   1.532800E-01   2.257857E-01   3.000000E-01   3.000000E-01   3.000000E-01   3.000000E-01   2.897454E-01   3.879555E-01   4.716041E-01   4.593819E-01   5.233316E-01   3.639631E-01   3.257702E-01   2.029874E-01   1.879634E-01   1.710445E-01   1.536785E-01   1.834161E-01
   2.185259E-01   2.908198E-01   3.043982E-01   2.458387E-01   3.000000E-01   3.000000E-01   3.000000E-01   3.000000E-01   3.669817E-01   4.526691E-01   3.817138E-01   3.667959E-01   7.299967E-01   5.072048E-01   4.923281E-01   3.221180E-01   3.593665E-01   1.923914E-01   1.888873E-01   1.891862E-01
   1.635886E-01   1.825258E-01   3.053094E-01   3.178030E-01   3.000000E-01   3.000000E-01   3.000000E-01   3.000000E-01   5.203521E-01   4.468057E-01   3.898960E-01   4.600907E-01   5.013535E-01   6.147320E-01   4.670638E-01   7.186525E-01   4.196767E-01   2.692967E-01   1.719339E-01   1.614719E-01
   1.519707E-01   1.552966E-01   3.611745E-01   3.071871E-01   3.000000E-01   3.000000E-01   3.000000E-01   3.000000E-01   6.877081E-01   3.999207E-01   3.274392E-01   1.426797E-01   1.623399E-01   3.725524E-01   4.464306E-01   6.240678E-01   5.323514E-01   5.045071E-01   1.595731E-01   2.009490E-01
   1.025078E-01   1.595754E-01   2.069751E-01   2.675686E-01   3.000000E-01   3.000000E-01   3.000000E-01   3.000000E-01   7.125235E-01   6.221367E-01   2.952132E-01   1.872863E-01   1.418346E-01   3.011281E-01   4.189822E-01   6.749079E-01   6.331926E-01   4.242283E-01   2.860554E-01   2.781055E-01
   1.471540E-01   1.802552E-01   3.441558E-01   4.861967E-01   3.000000E-01   3.000000E-01   3.000000E-01   3.000000E-01   5.677110E-01   5.980531E-01   2.567984E-01   2.137353E-01   1.748220E-01   2.416669E-01   2.644721E-01   5.328368E-01   5.017646E-01   4.347340E-01   2.674465E-01   2.301863E-01
   1.250069E-01   2.367310E-01   3.841977E-01   6.323779E-01   3.000000E-01   3.000000E-01   3.000000E-01   3.000000E-01   7.708519E-01   5.345988E-01   3.251043E-01   3.544172E-01   1.771803E-01   1.212071E-01   1.550880E-01   3.326809E-01   2.772210E-01   2.597836E-01   1.861068E-01   1.367378E-01
   3.177465E-01   5.070742E-01   4.332061E-01   6.652875E-01   3.000000E-01   3.000000E-01   3.000000E-01   3.000000E-01   7.271897E-01   6.730599E-01   3.830921E-01   2.906111E-01   2.012336E-01   1.253666E-01   2.740399E-01   2.829068E-01   1.629873E-01   2.476875E-01   1.691161E-01   1.285121E-01
   3.895480E-01   5.552933E-01   2.742383E-01   4.155125E-01   3.000000E-01   3.000000E-01   3.000000E-01   3.000000E-01   5.815265E-01   4.096467E-01   2.942462E-01   2.924390E-01   2.205018E-01   2.322061E-01   2.775505E-01   2.438749E-01   2.330187E-01   1.060481E-01   1.567180E-01   1.237206E-01
   2.394000E-01   3.789958E-01   3.387591E-01   3.658107E-01   3.000000E-01   3.000000E-01   8.159074E-01   6.015832E-01   4.499170E-01   3.804455E-01   1.998490E-01   3.219012E-01   2.388898E-01   1.846442E-01   2.690394E-01   1.745368E-01   2.104571E-01   1.704199E-01   1.365896E-01   2.021979E-01
   3.304245E-01   3.136278E-01   3.751250E-01   5.794609E-01   6.142708E-01   3.000000E-01   1.376094E+00   8.593823E-01   3.429300E-01   3.979829E-01   2.988951E-01   2.315088E-01   3.045927E-01   2.623335E-01   2.477226E-01   1.908606E-01   2.199146E-01   1.589210E-01   1.123651E-01   1.986527E-01
   2.407650E-01   3.774737E-01   2.867108E-01   4.154392E-01   4.328811E-01   7.997252E-01   5.089541E-01   5.373258E-01   4.007852E-01   2.658647E-01   2.185600E-01   2.066730E-01   1.956227E-01   3.041757E-01   2.402679E-01   2.148878E-01   8.901101E-02   7.554009E-02   7.096514E-02   1.982605E-01
   1.490588E-01   2.569889E-01   4.157569E-01   4.791272E-01   3.290018E-01   5.055338E-01   4.203906E-01   2.834997E-01   3.028121E-01   3.073016E-01   1.499725E-01   1.368182E-01   2.267624E-01   2.083559E-01   1.829796E-01   1.879174E-01   1.201979E-01   8.546927E-02   1.313242E-01   2.026926E-01
   1.654323E-01   1.929949E-01   3.978365E-01   2.638567E-01   1.991702E-01   2.146004E-01   1.844893E-01   1.924915E-01   2.549570E-01   1.526061E-01   8.335000E-02   9.056337E-02   2.213676E-01   2.706469E-01   1.202448E-01   1.685826E-01   1.003309E-01   7.817324E-02   9.773872E-02   1.633700E-01
   2.019432E-01   2.830370E-01   2.357873E-01   2.004189E-01   1.914214E-01   2.637361E-01   1.648773E-01   1.782836E-01   1.777817E-01   7.468639E-02   7.094519E-02   1.313898E-01   1.701024E-01   1.871257E-01   9.473827E-02   7.868188E-02   8.008043E-02   8.432221E-02   7.411386E-02   1.063828E-01
   2.004975E-01   1.473403E-01   2.276472E-01   2.953753E-01   1.785535E-01   2.601099E-01   1.866810E-01   1.554677E-01   1.238533E-01   1.308074E-01   1.410211E-01   9.822504E-02   1.449471E-01   1.617501E-01   1.574319E-01   1.338523E-01   9.743218E-02   9.760299E-02   7.016266E-02   7.539660E-02
   2.421978E-01   2.936090E-01   3.550360E-01   2.815239E-01   2.938964E-01   2.958721E-01   4.551861E-01   1.557443E-01   1.006074E-01   9.096526E-02   8.897735E-02   9.946685E-02   1.055021E-01   1.303091E-01   2.010885E-01   1.494236E-01   9.817157E-02   7.885422E-02   9.950799E-02   6.312993E-02
   2.089298E-01   3.742600E-01   1.906339E-01   2.118740E-01   1.872878E-01   2.703322E-01   4.631285E-01   1.578773E-01   1.413648E-01   8.449374E-02   1.200748E-01   8.734717E-02   1.147393E-01   1.582197E-01   2.031704E-01   2.229613E-01   1.201524E-01   7.582083E-02   8.646454E-02   8.686095E-02
   3.191810E-01   3.050354E-01   2.328605E-01   2.072229E-01   2.174022E-01   1.451925E-01   1.647684E-01   1.040762E-01   8.086826E-02   1.081427E-01   1.135761E-01   9.032067E-02   1.028447E-01   1.430042E-01   1.858545E-01   2.761697E-01   1.508353E-01   1.135261E-01   7.252270E-02   8.697371E-02
   3.821550E-01   3.524742E-01   2.458735E-01   1.709836E-01   1.429626E-01   1.540182E-01   1.199193E-01   7.361254E-02   8.432885E-02   7.138590E-02   1.218276E-01   1.001799E-01   8.049906E-02   1.487726E-01   1.988194E-01   1.632157E-01   1.882266E-01   1.407060E-01   1.186745E-01   1.212471E-01
   3.000000E-01   2.927229E-01   2.226399E-01   1.124874E-01   1.587011E-01   1.324641E-01   8.057581E-02   6.736976E-02   8.296266E-02   7.201800E-02   1.873615E-01   1.906922E-01   1.868876E-01   1.597862E-01   2.344944E-01   1.983397E-01   2.055289E-01   2.555790E-01   1.324812E-01   9.410975E-02
   3.000000E-01   3.000000E-01   8.531798E-02   1.364170E-01   9.418186E-02   9.334849E-02   5.224796E-02   5.802627E-02   5.883108E-02   1.808092E-01   1.534330E-01   1.773773E-01   1.424637E-01   1.110427E-01   2.340066E-01   2.110738E-01   3.100151E-01   2.354431E-01   1.324671E-01   9.416165E-02
   3.000000E-01   3.000000E-01   3.000000E-01   1.337463E-01   1.082589E-01   7.500681E-02   4.837339E-02   9.230171E-02   6.747305E-02   8.622065E-02   2.007263E-01   1.569159E-01   8.509713E-02   1.248615E-01   1.180162E-01   2.545237E-01   3.998585E-01   1.593273E-01   2.081257E-01   1.572954E-01
   3.000000E-01   3.000000E-01   3.000000E-01   3.000000E-01   1.511691E-01   8.013113E-02   7.080071E-02   1.027413E-01   1.154436E-01   8.779756E-02   1.104212E-01   1.546701E-01   1.738915E-01   1.103584E-01   1.383084E-01   1.465892E-01   2.383291E-01   2.113071E-01   2.550012E-01   3.000000E-01
   3.000000E-01   3.000000E-01   3.000000E-01   3.000000E-01   1.755214E-01   7.178802E-02   6.118173E-02   1.116254E-01   1.065774E-01   8.751195E-02   1.075666E-01   1.468010E-01   1.736893E-01   1.724949E-01   1.673899E-01   2.813399E-01   2.866314E-01   2.498819E-01   3.158170E-01   3.000000E-01
   3.000000E-01   3.000000E-01   3.000000E-01   3.000000E-01   3.000000E-01   1.217811E-01   7.816460E-02   7.781453E-02   1.024003E-01   1.418536E-01   1.118668E-01   1.040907E-01   1.381526E-01   1.699707E-01   1.913744E-01   1.795385E-01   1.917027E-01   2.034760E-01   3.000000E-01   3.000000E-01
   3.000000E-01   3.000000E-01   3.000000E-01   3.000000E-01   3.000000E-01   1.342119E-01   2.186388E-01   9.207539E-02   1.080313E-01   9.142920E-02   1.304370E-01   1.219288E-01   1.387909E-01   1.853058E-01   1.416295E-01   1.883627E-01   1.567773E-01   3.000000E-01   3.000000E-01   3.000000E-01
   3.000000E-01   3.000000E-01   3.000000E-01   3.000000E-01   3.000000E-01   1.596852E-01   1.381771E-01   1.461818E-01   1.781147E-01   1.439353E-01   1.622740E-01   2.593178E-01   1.703082E-01   1.546697E-01   1.641474E-01   1.549247E-01   3.000000E-01   3.000000E-01   3.000000E-01   3.000000E-01
