   1.117004E-01   1.333032E-01   1.416739E-01   2.066603E-01   3.449086E-01   2.120248E-01   1.670554E-01   1.642914E-01   2.445794E-01   2.998975E-01   5.205276E-01   5.861625E-01   4.552154E-01   2.417600E-01   1.981276E-01   1.837493E-01   1.761396E-01   2.375181E-01   3.177015E-01   3.361557E-01
   1.062425E-01   1.528006E-01   1.091231E-01   1.731852E-01   2.637954E-01   1.996472E-01   2.217286E-01   2.419988E-01   2.875822E-01   2.843859E-01   4.100573E-01   4.248743E-01   3.330774E-01   2.097017E-01   1.435475E-01   1.782034E-01   1.565001E-01   1.705041E-01   2.110070E-01   1.367364E-01
   1.373946E-01   9.863504E-02   1.227904E-01   1.484087E-01   1.240643E-01   2.398527E-01   3.087857E-01   3.539130E-01   2.657447E-01   3.256585E-01   3.324957E-01   2.258141E-01   2.976389E-01   1.603872E-01   2.351461E-01   2.130125E-01   1.424466E-01   1.866702E-01   1.745199E-01   1.073151E-01
   1.107340E-01   1.198626E-01   1.091511E-01   1.159263E-01   2.201469E-01   1.916042E-01   3.087435E-01   4.708279E-01   4.287075E-01   4.894470E-01   3.269257E-01   3.676322E-01   3.203879E-01   2.920148E-01   2.613993E-01   3.074531E-01   1.494120E-01   1.786766E-01   1.661415E-01   1.679351E-01
   2.688312E-01   2.241487E-01   1.319441E-01   2.404686E-01   2.962891E-01   1.675354E-01   2.766047E-01   3.589258E-01   4.889293E-01   4.430988E-01   3.287350E-01   3.061143E-01   3.882626E-01   2.909564E-01   3.617400E-01   2.794470E-01   1.915518E-01   2.161024E-01   1.180981E-01   1.306954E-01
   2.772387E-01   1.994453E-01   1.437533E-01   1.674326E-01   1.581033E-01   2.517019E-01   2.292502E-01   3.645337E-01   3.711291E-01   5.084012E-01   4.188213E-01   2.406909E-01   3.976083E-01   2.677083E-01   2.135463E-01   2.692152E-01   1.766686E-01   1.462458E-01   8.862509E-02   7.874667E-02
   1.934188E-01   1.262410E-01   9.838653E-02   1.786518E-01   2.465179E-01   1.750267E-01   2.353872E-01   3.482108E-01   4.028926E-01   2.268275E-01   2.765367E-01   1.790503E-01   3.008935E-01   2.844462E-01   3.090695E-01   3.383239E-01   2.377009E-01   1.354005E-01   1.149072E-01   9.072493E-02
   2.809061E-01   1.451019E-01   1.965770E-01   1.657146E-01   1.475977E-01   1.303981E-01   1.800449E-01   1.694860E-01   2.335788E-01   2.122559E-01   1.704119E-01   1.613085E-01   1.647530E-01   2.680795E-01   2.471767E-01   3.408782E-01   4.195721E-01   2.425221E-01   1.715500E-01   1.263571E-01
   2.067848E-01   1.466047E-01   2.354123E-01   2.343200E-01   3.000000E-01   3.000000E-01   3.000000E-01   1.784266E-01   1.812656E-01   1.982636E-01   2.029329E-01   1.867323E-01   1.362295E-01   1.166556E-01   2.434117E-01   2.657044E-01   2.683852E-01   2.617581E-01   1.695119E-01   1.089547E-01
   3.892565E-01   2.522719E-01   1.962999E-01   3.225072E-01   3.000000E-01   3.000000E-01   3.000000E-01   3.000000E-01   2.916884E-01   3.872625E-01   2.124728E-01   1.286102E-01   1.782726E-01   9.884757E-02   7.683628E-02   1.584829E-01   1.785435E-01   1.631782E-01   2.182616E-01   1.344116E-01
   6.089572E-01   4.042355E-01   3.449248E-01   2.808827E-01   3.000000E-01   3.000000E-01   3.000000E-01   3.000000E-01   4.141386E-01   2.425260E-01   2.066576E-01   3.085859E-01   1.538947E-01   1.105050E-01   9.175277E-02   1.244110E-01   1.138627E-01   1.714966E-01   1.726337E-01   1.703225E-01
   3.618982E-01   4.587079E-01   4.311068E-01   3.027394E-01   3.000000E-01   3.000000E-01   3.000000E-01   3.000000E-01   2.690597E-01   2.948848E-01   3.859821E-01   2.752107E-01   2.883732E-01   1.290861E-01   1.059437E-01   1.087126E-01   1.996582E-01   2.331873E-01   2.206350E-01   2.790742E-01
   4.330628E-01   4.665080E-01   5.384745E-01   3.609853E-01   3.000000E-01   3.000000E-01   3.000000E-01   3.000000E-01   2.698264E-01   5.020052E-01   4.065291E-01   4.119441E-01   3.226168E-01   1.881195E-01   3.343218E-01   2.907486E-01   4.643497E-01   3.975520E-01   4.562689E-01   3.030391E-01
   5.913904E-01   7.609538E-01   5.158384E-01   3.073352E-01   3.000000E-01   3.000000E-01   3.000000E-01   3.000000E-01   4.762663E-01   3.958038E-01   4.604603E-01   3.976887E-01   3.225370E-01   2.569628E-01   4.143028E-01   5.763784E-01   9.214311E-01   6.817868E-01   8.432157E-01   4.754102E-01
   5.877020E-01   1.456069E+00   8.262951E-01   8.094491E-01   3.000000E-01   3.000000E-01   3.000000E-01   3.000000E-01   4.036052E-01   4.269810E-01   3.431608E-01   4.200700E-01   6.297975E-01   4.724498E-01   5.351867E-01   4.257143E-01   5.647070E-01   6.713261E-01   5.668831E-01   3.412305E-01
   1.004097E+00   1.779164E+00   1.157223E+00   1.297726E+00   3.000000E-01   3.000000E-01   3.000000E-01   3.000000E-01   3.308000E-01   2.665370E-01   4.337321E-01   6.052259E-01   7.463410E-01   5.745287E-01   5.599834E-01   4.253042E-01   6.522365E-01   5.161230E-01   3.789254E-01   5.015427E-01
   1.319511E+00   1.252039E+00   2.047413E+00   1.472938E+00   3.000000E-01   3.000000E-01   3.000000E-01   3.000000E-01   2.306553E-01   2.994964E-01   5.739784E-01   9.259715E-01   7.527431E-01   6.222420E-01   5.199077E-01   3.817345E-01   2.612458E-01   2.901603E-01   3.049028E-01   2.742446E-01
   1.012937E+00   9.506707E-01   9.099692E-01   1.117504E+00   3.000000E-01   3.000000E-01   3.000000E-01   3.000000E-01   2.189090E-01   2.768074E-01   7.970033E-01   1.307992E+00   9.754069E-01   7.119398E-01   4.463239E-01   2.831274E-01   1.735132E-01   1.984121E-01   2.906225E-01   2.702413E-01
   1.008047E+00   1.033113E+00   9.331514E-01   6.826622E-01   3.000000E-01   3.000000E-01   3.000000E-01   3.000000E-01   3.148906E-01   7.867384E-01   1.130547E+00   1.493094E+00   8.391967E-01   6.536532E-01   4.565881E-01   2.953586E-01   2.422828E-01   2.639561E-01   2.837005E-01   4.685747E-01
   5.112383E-01   1.130562E+00   6.505676E-01   4.440692E-01   3.000000E-01   3.000000E-01   3.000000E-01   3.000000E-01   4.527789E-01   8.461607E-01   9.006888E-01   7.764058E-01   5.073196E-01   4.756683E-01   3.305803E-01   2.954250E-01   2.770252E-01   3.399078E-01   2.644772E-01   4.304892E-01
   6.286670E-01   4.990568E-01   5.958478E-01   4.520174E-01   3.000000E-01   3.000000E-01   3.000000E-01   3.000000E-01   7.711183E-01   7.063929E-01   9.485526E-01   8.508753E-01   5.095390E-01   4.730985E-01   3.174267E-01   2.970140E-01   2.335957E-01   2.820498E-01   3.633088E-01   4.334353E-01
   3.720541E-01   8.546480E-01   4.033820E-01   3.768949E-01   3.000000E-01   3.000000E-01   5.551955E-01   5.679062E-01   6.622819E-01   6.855163E-01   4.913332E-01   4.055496E-01   4.033459E-01   4.719679E-01   4.196269E-01   2.263107E-01   2.296973E-01   2.429835E-01   4.733985E-01   5.367933E-01
   2.784786E-01   4.486409E-01   5.347341E-01   4.027176E-01   2.385128E-01   3.000000E-01   4.095216E-01   5.367547E-01   3.401347E-01   5.033893E-01   4.390322E-01   6.355694E-01   5.732067E-01   4.594321E-01   2.864685E-01   2.647850E-01   2.338172E-01   2.219400E-01   3.889129E-01   4.165295E-01
   3.870893E-01   5.287430E-01   8.804712E-01   5.963771E-01   3.396348E-01   3.459543E-01   2.819233E-01   3.417107E-01   2.761074E-01   2.948046E-01   3.921900E-01   2.614358E-01   3.785393E-01   2.813004E-01   3.094741E-01   2.223132E-01   2.077346E-01   3.583091E-01   3.409029E-01   2.832022E-01
   3.806651E-01   4.730390E-01   5.028894E-01   5.812431E-01   4.428591E-01   3.522007E-01   3.679288E-01   3.231995E-01   2.697392E-01   2.945530E-01   3.347115E-01   4.722071E-01   2.854016E-01   4.294643E-01   4.711989E-01   2.743264E-01   2.235600E-01   3.695680E-01   4.374968E-01   2.824360E-01
   2.745030E-01   5.224242E-01   6.791776E-01   3.740514E-01   5.177525E-01   2.991496E-01   2.027044E-01   3.760021E-01   3.140271E-01   3.062323E-01   3.324798E-01   4.120820E-01   3.796512E-01   4.458921E-01   5.867502E-01   4.328119E-01   3.541287E-01   2.898059E-01   2.108178E-01   2.071042E-01
   4.637907E-01   7.125577E-01   4.337639E-01   4.740269E-01   4.352307E-01   3.667075E-01   2.349922E-01   2.711377E-01   2.903600E-01   2.846266E-01   4.031140E-01   3.725759E-01   3.634620E-01   4.408144E-01   4.062469E-01   4.021492E-01   3.150886E-01   2.453615E-01   1.670196E-01   1.421315E-01
   2.741365E-01   4.706705E-01   4.082535E-01   6.288902E-01   3.865432E-01   2.155870E-01   1.494529E-01   2.433914E-01   1.506352E-01   4.074225E-01   2.726025E-01   5.279605E-01   2.206993E-01   3.137970E-01   4.946268E-01   5.343069E-01   3.710275E-01   3.534608E-01   2.585490E-01   1.949183E-01
   2.242120E-01   1.932124E-01   2.105898E-01   2.703770E-01   2.345793E-01   1.450019E-01   1.326103E-01   1.494150E-01   2.313498E-01   2.826947E-01   1.812293E-01   2.369798E-01   2.313403E-01   2.819910E-01   2.978210E-01   4.936145E-01   5.089791E-01   3.554257E-01   2.206826E-01   3.846028E-01
   1.495349E-01   1.122916E-01   1.121405E-01   1.630580E-01   1.616609E-01   1.115117E-01   7.052691E-02   1.080039E-01   1.512751E-01   1.208893E-01   1.303285E-01   1.691013E-01   1.491572E-01   1.663985E-01   2.817312E-01   4.580901E-01   6.037779E-01   5.900119E-01   3.301915E-01   2.646545E-01
   8.917933E-02   6.377737E-02   4.972157E-02   9.394220E-02   9.341265E-02   1.142506E-01   9.890521E-02   9.539759E-02   1.132604E-01   9.831772E-02   1.057199E-01   1.905768E-01   1.777539E-01   2.959627E-01   2.492345E-01   3.377963E-01   5.504810E-01   3.275985E-01   2.905320E-01   2.096198E-01
   8.653251E-02   6.509918E-02   8.103483E-02   8.046167E-02   1.348511E-01   7.309751E-02   7.199150E-02   7.405092E-02   1.104735E-01   1.040396E-01   8.066549E-02   1.076439E-01   2.409784E-01   2.595268E-01   2.279704E-01   4.276622E-01   4.542548E-01   3.522319E-01   2.832557E-01   2.621805E-01
   3.000000E-01   9.661784E-02   1.716400E-01   2.136976E-01   1.540101E-01   5.166967E-02   5.014497E-02   7.921269E-02   1.197491E-01   1.071936E-01   8.710642E-02   1.825496E-01   2.320979E-01   2.869005E-01   3.843166E-01   3.749298E-01   4.064665E-01   5.079096E-01   5.183393E-01   2.324687E-01
   3.000000E-01   3.000000E-01   1.579504E-01   8.968251E-02   1.642703E-01   8.768340E-02   4.254147E-02   8.119150E-02   1.410884E-01   9.393861E-02   1.387200E-01   2.464697E-01   2.678483E-01   5.571695E-01   6.176231E-01   4.140159E-01   2.483355E-01   2.963344E-01   3.961245E-01   2.959676E-01
   3.000000E-01   3.000000E-01   3.000000E-01   1.107625E-01   1.142164E-01   6.505202E-02   2.905146E-02   1.107382E-01   1.909214E-01   1.656291E-01   1.776679E-01   1.616912E-01   3.541149E-01   5.473051E-01   7.859328E-01   6.116158E-01   5.055408E-01   3.766439E-01   5.658155E-01   2.036216E-01
   3.000000E-01   3.000000E-01   3.000000E-01   3.000000E-01   5.495276E-02   5.770066E-02   5.283915E-02   1.259364E-01   1.406634E-01   1.849541E-01   1.962357E-01   2.702697E-01   6.193488E-01   6.038328E-01   8.730233E-01   9.949248E-01   6.327168E-01   4.764448E-01   2.675212E-01   3.000000E-01
   3.000000E-01   3.000000E-01   3.000000E-01   3.000000E-01   9.845315E-02   8.763227E-02   8.242928E-02   1.043843E-01   2.118933E-01   1.658560E-01   1.896657E-01   3.060025E-01   6.607401E-01   8.599482E-01   9.733511E-01   1.139129E+00   8.510739E-01   3.940107E-01   2.472736E-01   3.000000E-01
   3.000000E-01   3.000000E-01   3.000000E-01   3.000000E-01   3.000000E-01   8.642691E-02   8.817551E-02   1.122844E-01   1.837334E-01   2.115848E-01   3.375121E-01   3.023540E-01   3.367300E-01   9.147573E-01   1.288954E+00   1.072641E+00   5.292593E-01   3.175439E-01   3.000000E-01   3.000000E-01
   3.000000E-01   3.000000E-01   3.000000E-01   3.000000E-01   3.000000E-01   1.177564E-01   1.148476E-01   1.545069E-01   2.083789E-01   1.256479E-01   2.060477E-01   2.310792E-01   3.712625E-01   4.362888E-01   6.067735E-01   5.581470E-01   2.647116E-01   3.000000E-01   3.000000E-01   3.000000E-01
   3.000000E-01   3.000000E-01   3.000000E-01   3.000000E-01   3.000000E-01   1.504303E-01   1.544212E-01   2.152166E-01   1.613096E-01   2.024241E-01   2.042021E-01   1.932619E-01   2.567943E-01   2.820185E-01   3.855504E-01   4.322713E-01   3.000000E-01   3.000000E-01   3.000000E-01   3.000000E-01
