   5.537155E-05   3.677668E-05   5.883259E-05   3.553262E-05   3.246753E-05   5.554805E-05   7.362091E-05   4.144525E-05   2.000000E-05   2.354686E-05   2.944629E-05   3.404617E-05   5.773853E-05   4.492111E-05   4.473049E-05   5.304685E-05   3.270536E-05   5.725373E-05   2.377632E-05   2.924683E-05
   5.556728E-05   6.099184E-05   5.546469E-05   3.884197E-05   4.472647E-05   5.437065E-05   7.584409E-05   5.285950E-05   2.262886E-05   3.319073E-05   2.000000E-05   2.718212E-05   5.223218E-05   6.005136E-05   6.412807E-05   5.011087E-05   6.959834E-05   4.740910E-05   3.136947E-05   2.230978E-05
   3.367184E-05   4.268420E-05   3.263642E-05   4.273348E-05   4.358305E-05   2.900948E-05   7.726007E-05   4.251750E-05   2.746410E-05   2.579598E-05   2.439272E-05   2.464674E-05   5.242992E-05   8.822801E-05   9.497758E-05   2.977474E-05   5.377887E-05   3.901205E-05   3.675914E-05   2.628956E-05
   2.625575E-05   3.791463E-05   4.099857E-05   4.328578E-05   7.251998E-05   5.838293E-05   4.336800E-05   3.541496E-05   3.823639E-05   2.981980E-05   2.409640E-05   2.456072E-05   3.522818E-05   4.473288E-05   4.448755E-05   3.082943E-05   2.693937E-05   3.523747E-05   3.290455E-05   3.547650E-05
   4.830153E-05   2.728497E-05   5.593697E-05   4.525242E-05   4.976920E-05   4.510000E-05   7.761208E-05   6.071192E-05   3.756971E-05   2.355551E-05   3.025488E-05   3.777456E-05   2.000000E-05   2.369634E-05   2.677390E-05   3.059941E-05   3.274949E-05   3.386796E-05   3.019973E-05   2.710152E-05
   4.212438E-05   6.802606E-05   7.276255E-05   5.164278E-05   3.942959E-05   4.331022E-05   5.993348E-05   5.277397E-05   3.746660E-05   3.887524E-05   3.521389E-05   3.163836E-05   2.139071E-05   2.084657E-05   2.000000E-05   2.174392E-05   2.708893E-05   3.849983E-05   3.534932E-05   3.224458E-05
   3.827802E-05   7.094594E-05   5.204121E-05   8.283955E-05   5.934743E-05   5.806237E-05   3.703827E-05   4.666779E-05   4.688123E-05   6.090694E-05   5.036579E-05   2.986181E-05   3.544196E-05   2.000000E-05   2.000000E-05   2.000000E-05   2.000000E-05   2.000000E-05   2.994605E-05   2.343082E-05
   5.288568E-05   6.181451E-05   7.766333E-05   7.729481E-05   8.205227E-05   4.247158E-05   3.523261E-05   2.992901E-05   4.823744E-05   8.593396E-05   3.882490E-05   3.855220E-05   5.205240E-05   2.054624E-05   2.000000E-05   2.000000E-05   2.000000E-05   2.000000E-05   2.000000E-05   2.607350E-05
   5.414700E-05   5.438364E-05   5.983517E-05   7.101092E-05   3.749804E-05   3.749804E-05   3.749804E-05   5.832129E-05   4.771958E-05   7.954459E-05   4.761619E-05   2.577452E-05   4.019896E-05   2.000000E-05   2.000000E-05   2.000000E-05   2.000000E-05   2.765586E-05   2.529879E-05   2.658122E-05
   4.790720E-05   6.404535E-05   1.031128E-04   8.058753E-05   3.749804E-05   3.749804E-05   3.749804E-05   3.749804E-05   4.978764E-05   6.199776E-05   4.508122E-05   4.707389E-05   2.524985E-05   2.237997E-05   2.000000E-05   2.000000E-05   2.000000E-05   2.000000E-05   2.000000E-05   2.000000E-05
   6.026548E-05   1.119783E-04   1.234535E-04   6.914270E-05   3.749804E-05   3.749804E-05   3.749804E-05   3.749804E-05   4.494285E-05   5.651718E-05   4.554729E-05   3.522733E-05   2.000000E-05   2.000000E-05   2.134812E-05   2.000000E-05   2.000000E-05   2.000000E-05   2.000000E-05   2.000000E-05
   9.929746E-05   1.397480E-04   1.130626E-04   8.100910E-05   3.749804E-05   3.749804E-05   3.749804E-05   3.749804E-05   4.076438E-05   4.711475E-05   6.416140E-05   3.004735E-05   2.000000E-05   2.000000E-05   2.000000E-05   2.000000E-05   2.000000E-05   2.000000E-05   2.000000E-05   2.000000E-05
   9.584523E-05   1.219519E-04   1.347676E-04   7.192064E-05   3.749804E-05   3.749804E-05   3.749804E-05   3.749804E-05   4.355502E-05   4.838881E-05   4.189390E-05   2.323273E-05   2.000000E-05   2.000000E-05   2.000000E-05   2.000000E-05   2.619601E-05   2.000000E-05   2.000000E-05   2.000000E-05
   6.214426E-05   1.001239E-04   1.347994E-04   9.489770E-05   3.749804E-05   3.749804E-05   3.749804E-05   3.749804E-05   2.950882E-05   4.573369E-05   4.446995E-05   2.362996E-05   2.000000E-05   2.000000E-05   2.000000E-05   2.000000E-05   2.854268E-05   2.143106E-05   2.000000E-05   2.000000E-05
   9.501092E-05   1.378148E-04   1.868663E-04   1.109506E-04   3.749804E-05   3.749804E-05   3.749804E-05   3.749804E-05   2.000000E-05   2.322288E-05   2.949342E-05   2.015844E-05   2.000000E-05   2.000000E-05   2.000000E-05   2.000000E-05   2.708662E-05   2.230621E-05   2.000000E-05   2.000000E-05
   5.641640E-05   8.315298E-05   8.091974E-05   4.013074E-05   3.749804E-05   3.749804E-05   3.749804E-05   3.749804E-05   3.500040E-05   2.000000E-05   2.195325E-05   2.000000E-05   2.000000E-05   2.000000E-05   2.000000E-05   2.000000E-05   2.440358E-05   2.239925E-05   2.345927E-05   3.429023E-05
   6.535202E-05   9.724719E-05   4.141258E-05   2.248922E-05   3.749804E-05   3.749804E-05   3.749804E-05   3.749804E-05   2.000000E-05   2.000000E-05   2.009810E-05   2.000000E-05   2.000000E-05   2.000000E-05   2.000000E-05   2.000000E-05   2.565511E-05   2.154448E-05   3.366422E-05   4.716742E-05
   4.318899E-05   6.865584E-05   4.982571E-05   4.863712E-05   3.749804E-05   3.749804E-05   3.749804E-05   3.749804E-05   2.000000E-05   2.000000E-05   2.000000E-05   2.000000E-05   2.000000E-05   2.000000E-05   2.000000E-05   2.000000E-05   2.000000E-05   4.360452E-05   5.841670E-05   3.917401E-05
   5.252399E-05   4.156323E-05   3.596112E-05   2.828271E-05   3.749804E-05   3.749804E-05   3.749804E-05   3.749804E-05   2.000000E-05   2.000000E-05   2.000000E-05   2.000000E-05   2.000000E-05   2.000000E-05   2.000000E-05   2.000000E-05   2.000000E-05   3.386772E-05   4.242077E-05   2.663850E-05
   2.917654E-05   4.553757E-05   3.654053E-05   2.804889E-05   3.749804E-05   3.749804E-05   3.749804E-05   3.749804E-05   2.000000E-05   2.000000E-05   2.000000E-05   2.000000E-05   2.000000E-05   2.000000E-05   2.000000E-05   2.000000E-05   2.721563E-05   2.791902E-05   3.458716E-05   2.051016E-05
   2.947858E-05   2.270810E-05   2.171773E-05   2.083095E-05   3.749804E-05   3.749804E-05   3.749804E-05   3.749804E-05   2.000000E-05   2.000000E-05   2.000000E-05   2.000000E-05   2.000000E-05   2.000000E-05   2.000000E-05   2.413213E-05   3.288870E-05   3.179095E-05   2.966096E-05   2.402643E-05
   2.374193E-05   2.303706E-05   2.000000E-05   2.000000E-05   3.749804E-05   3.749804E-05   2.000000E-05   2.000000E-05   2.000000E-05   2.000000E-05   2.000000E-05   2.000000E-05   2.000000E-05   2.000000E-05   2.000000E-05   3.229124E-05   7.059211E-05   4.188660E-05   4.436873E-05   2.769865E-05
   2.000000E-05   2.000000E-05   2.000000E-05   2.153341E-05   2.000000E-05   3.749804E-05   2.000000E-05   2.000000E-05   2.000000E-05   2.000000E-05   2.000000E-05   2.000000E-05   2.000000E-05   2.000000E-05   3.264735E-05   5.637863E-05   4.212719E-05   4.570817E-05   3.799018E-05   2.722257E-05
   3.382014E-05   2.648667E-05   2.000000E-05   2.000000E-05   2.871888E-05   2.149332E-05   2.210794E-05   2.000000E-05   2.000000E-05   2.000000E-05   2.000000E-05   2.000000E-05   2.110778E-05   2.256059E-05   3.357552E-05   6.273439E-05   5.366999E-05   6.858789E-05   5.128815E-05   3.319052E-05
   3.691683E-05   2.964701E-05   2.503149E-05   2.270791E-05   2.501150E-05   3.681180E-05   3.689177E-05   2.625559E-05   2.352264E-05   2.682039E-05   2.000000E-05   2.553739E-05   2.887763E-05   2.500885E-05   4.154396E-05   6.500824E-05   5.869890E-05   6.324660E-05   4.942814E-05   4.257929E-05
   4.410083E-05   4.025396E-05   5.180994E-05   3.368023E-05   3.187406E-05   3.342985E-05   3.950023E-05   5.129098E-05   4.613771E-05   3.220843E-05   4.044512E-05   2.426390E-05   2.013577E-05   4.306169E-05   2.399934E-05   5.268161E-05   6.536788E-05   5.273094E-05   5.611690E-05   4.777128E-05
   5.185729E-05   4.159431E-05   5.453256E-05   3.140409E-05   5.777449E-05   6.397376E-05   1.197787E-04   1.166591E-04   4.991646E-05   5.231611E-05   7.193325E-05   6.212934E-05   5.361023E-05   6.241181E-05   6.244620E-05   6.023858E-05   6.034204E-05   6.314223E-05   7.735315E-05   4.067168E-05
   3.282120E-05   3.148975E-05   2.710607E-05   3.994428E-05   8.598058E-05   1.032872E-04   1.520761E-04   9.741222E-05   7.373999E-05   7.654771E-05   6.030363E-05   5.665419E-05   4.530301E-05   6.513076E-05   3.457100E-05   7.062861E-05   5.262081E-05   4.815257E-05   4.309368E-05   4.160754E-05
   2.397349E-05   2.435119E-05   5.460096E-05   9.094561E-05   1.322439E-04   9.577478E-05   1.048398E-04   1.329472E-04   1.175285E-04   8.936232E-05   7.392679E-05   5.810912E-05   5.273612E-05   3.792120E-05   4.124990E-05   5.173195E-05   3.011950E-05   3.715286E-05   3.206947E-05   2.415295E-05
   3.353052E-05   3.647950E-05   6.218769E-05   9.637750E-05   7.684770E-05   6.863940E-05   8.535706E-05   9.958269E-05   9.755952E-05   1.061641E-04   1.090899E-04   8.178599E-05   4.062665E-05   4.745492E-05   3.647353E-05   3.269586E-05   3.334063E-05   2.265317E-05   2.407697E-05   3.245933E-05
   3.214888E-05   2.583040E-05   4.050182E-05   6.235696E-05   5.956466E-05   5.540662E-05   7.214628E-05   9.182226E-05   5.963020E-05   7.334554E-05   8.748384E-05   6.369950E-05   5.627036E-05   4.322873E-05   3.540936E-05   2.553526E-05   2.000000E-05   2.000000E-05   2.177071E-05   2.267295E-05
   6.331109E-05   2.780711E-05   2.248905E-05   3.482621E-05   4.917623E-05   8.273583E-05   8.263842E-05   1.064257E-04   1.578031E-04   9.694583E-05   6.335707E-05   7.036273E-05   8.751405E-05   6.955730E-05   3.014052E-05   3.822883E-05   2.063313E-05   2.000000E-05   2.862084E-05   5.289516E-05
   3.749804E-05   5.061655E-05   5.196548E-05   6.358165E-05   7.641274E-05   6.927523E-05   7.225235E-05   7.479113E-05   1.369336E-04   8.629075E-05   4.904453E-05   5.596683E-05   5.476620E-05   3.023760E-05   3.403185E-05   2.292203E-05   2.423071E-05   2.645492E-05   2.995382E-05   4.485445E-05
   3.749804E-05   3.749804E-05   7.116634E-05   8.461587E-05   1.000990E-04   1.177662E-04   7.613864E-05   7.560578E-05   7.023624E-05   6.836835E-05   4.580598E-05   4.213810E-05   3.311829E-05   2.752585E-05   2.786951E-05   3.971758E-05   2.881309E-05   3.048134E-05   3.657030E-05   4.393769E-05
   3.749804E-05   3.749804E-05   3.749804E-05   7.911677E-05   9.694900E-05   1.693215E-04   9.312140E-05   6.973823E-05   4.378858E-05   3.518753E-05   5.008170E-05   4.814631E-05   3.282443E-05   2.747565E-05   3.099285E-05   4.082946E-05   3.182087E-05   5.060414E-05   4.609954E-05   4.935100E-05
   3.749804E-05   3.749804E-05   3.749804E-05   3.749804E-05   1.020017E-04   7.631490E-05   6.683894E-05   4.532157E-05   3.125654E-05   2.398446E-05   5.227648E-05   5.887564E-05   4.807325E-05   4.890569E-05   3.151814E-05   3.714335E-05   5.218198E-05   6.792906E-05   8.464442E-05   3.749804E-05
   3.749804E-05   3.749804E-05   3.749804E-05   3.749804E-05   8.723807E-05   5.794197E-05   5.171078E-05   3.818791E-05   2.838202E-05   2.452543E-05   5.520180E-05   8.337885E-05   5.258151E-05   4.444801E-05   3.137241E-05   4.138604E-05   3.184891E-05   7.174961E-05   5.716750E-05   3.749804E-05
   3.749804E-05   3.749804E-05   3.749804E-05   3.749804E-05   3.749804E-05   3.636321E-05   4.489433E-05   2.416197E-05   2.989639E-05   2.981550E-05   4.119650E-05   3.296337E-05   2.445372E-05   6.287183E-05   3.455114E-05   6.851515E-05   3.939275E-05   4.430529E-05   3.749804E-05   3.749804E-05
   3.749804E-05   3.749804E-05   3.749804E-05   3.749804E-05   3.749804E-05   3.764700E-05   5.040220E-05   2.441064E-05   2.530340E-05   2.604263E-05   4.602116E-05   3.764430E-05   2.588890E-05   4.271739E-05   4.720555E-05   4.782024E-05   6.737038E-05   3.749804E-05   3.749804E-05   3.749804E-05
   3.749804E-05   3.749804E-05   3.749804E-05   3.749804E-05   3.749804E-05   4.437411E-05   4.172490E-05   2.738960E-05   2.226870E-05   4.406076E-05   2.853083E-05   4.305608E-05   3.588617E-05   3.506640E-05   2.709954E-05   3.710653E-05   3.749804E-05   3.749804E-05   3.749804E-05   3.749804E-05
