   1.680558E-04   1.116193E-04   1.785602E-04   1.078435E-04   9.854078E-05   1.685915E-04   2.000000E-04   1.257887E-04   6.004918E-05   7.146606E-05   8.937118E-05   1.033320E-04   1.752397E-04   1.363381E-04   1.357596E-04   1.610002E-04   9.926262E-05   1.737683E-04   7.216249E-05   8.876579E-05
   1.686499E-04   1.851137E-04   1.683385E-04   1.178876E-04   1.357474E-04   1.650180E-04   2.000000E-04   1.604316E-04   6.867986E-05   1.007357E-04   5.453092E-05   8.249928E-05   1.585276E-04   1.822593E-04   1.946323E-04   1.520893E-04   2.000000E-04   1.438893E-04   9.520811E-05   6.771145E-05
   1.021959E-04   1.295490E-04   9.905340E-05   1.296985E-04   1.322770E-04   8.804543E-05   2.000000E-04   1.290430E-04   8.335511E-05   7.829227E-05   7.403330E-05   7.480424E-05   1.591278E-04   2.000000E-04   2.000000E-04   9.036802E-05   1.632219E-04   1.184038E-04   1.115661E-04   7.979031E-05
   7.968768E-05   1.150730E-04   1.244330E-04   1.313748E-04   2.000000E-04   1.771955E-04   1.316244E-04   1.074864E-04   1.160496E-04   9.050479E-05   7.313395E-05   7.454319E-05   1.069195E-04   1.357668E-04   1.350222E-04   9.356907E-05   8.176253E-05   1.069477E-04   9.986717E-05   1.076732E-04
   1.465979E-04   8.281145E-05   1.697719E-04   1.373437E-04   1.510524E-04   1.368811E-04   2.000000E-04   1.842641E-04   1.140262E-04   7.149232E-05   9.182527E-05   1.146479E-04   5.826473E-05   7.191974E-05   8.126032E-05   9.287096E-05   9.939657E-05   1.027912E-04   9.165791E-05   8.225464E-05
   1.278499E-04   2.000000E-04   2.000000E-04   1.567388E-04   1.196711E-04   1.314490E-04   1.819015E-04   1.601720E-04   1.137132E-04   1.179886E-04   1.068762E-04   9.602421E-05   6.492202E-05   6.327053E-05   5.791098E-05   6.599404E-05   8.221643E-05   1.168492E-04   1.072872E-04   9.786412E-05
   1.161760E-04   2.000000E-04   1.579480E-04   2.000000E-04   1.801228E-04   1.762226E-04   1.124133E-04   1.416394E-04   1.422872E-04   1.848560E-04   1.528630E-04   9.063228E-05   1.075684E-04   5.436972E-05   4.690929E-05   4.884295E-05   4.919530E-05   4.575146E-05   9.088795E-05   7.111387E-05
   1.605110E-04   1.876106E-04   2.000000E-04   2.000000E-04   2.000000E-04   1.289037E-04   1.069330E-04   9.083626E-05   1.464034E-04   2.000000E-04   1.178358E-04   1.170081E-04   1.579820E-04   6.235900E-05   3.830519E-05   5.989231E-05   3.873012E-05   5.644341E-05   5.935808E-05   7.913454E-05
   1.643392E-04   1.650574E-04   1.816031E-04   2.000000E-04   8.412827E-05   8.412827E-05   8.412827E-05   1.770084E-04   1.448316E-04   2.000000E-04   1.445178E-04   7.822714E-05   1.220061E-04   4.922686E-05   5.126191E-05   4.290127E-05   5.023273E-05   8.393710E-05   7.678325E-05   8.067552E-05
   1.454011E-04   1.943813E-04   2.000000E-04   2.000000E-04   8.412827E-05   8.412827E-05   8.412827E-05   8.412827E-05   1.511083E-04   1.881667E-04   1.368241E-04   1.428719E-04   7.663472E-05   6.792449E-05   4.354460E-05   3.756602E-05   3.474821E-05   4.886995E-05   4.311741E-05   5.769161E-05
   1.829091E-04   2.000000E-04   2.000000E-04   2.000000E-04   8.412827E-05   8.412827E-05   8.412827E-05   8.412827E-05   1.364041E-04   1.715329E-04   1.382386E-04   1.069169E-04   5.042235E-05   5.771884E-05   6.479276E-05   4.619397E-05   3.789584E-05   3.338394E-05   4.349307E-05   3.341539E-05
   2.000000E-04   2.000000E-04   2.000000E-04   2.000000E-04   8.412827E-05   8.412827E-05   8.412827E-05   8.412827E-05   1.237222E-04   1.429960E-04   1.947335E-04   9.119540E-05   5.013767E-05   5.171568E-05   4.449954E-05   5.529193E-05   4.284475E-05   2.961127E-05   3.158894E-05   4.168256E-05
   2.000000E-04   2.000000E-04   2.000000E-04   2.000000E-04   8.412827E-05   8.412827E-05   8.412827E-05   8.412827E-05   1.321920E-04   1.468628E-04   1.271504E-04   7.051265E-05   4.711055E-05   2.384782E-05   3.112323E-05   5.385403E-05   7.950639E-05   4.607745E-05   4.419508E-05   4.174319E-05
   1.886114E-04   2.000000E-04   2.000000E-04   2.000000E-04   8.412827E-05   8.412827E-05   8.412827E-05   8.412827E-05   8.956094E-05   1.388044E-04   1.349688E-04   7.171828E-05   2.921980E-05   2.051000E-05   2.194058E-05   4.963462E-05   8.662866E-05   6.504448E-05   4.010533E-05   3.918119E-05
   2.000000E-04   2.000000E-04   2.000000E-04   2.000000E-04   8.412827E-05   8.412827E-05   8.412827E-05   8.412827E-05   5.700038E-05   7.048275E-05   8.951421E-05   6.118201E-05   3.391387E-05   2.891550E-05   2.000000E-05   3.966960E-05   8.220943E-05   6.770060E-05   5.771753E-05   3.777396E-05
   1.712270E-04   2.000000E-04   2.000000E-04   1.217991E-04   8.412827E-05   8.412827E-05   8.412827E-05   8.412827E-05   1.062282E-04   5.133963E-05   6.662935E-05   4.239137E-05   3.442557E-05   2.257339E-05   3.120630E-05   3.508620E-05   7.406626E-05   6.798298E-05   7.120023E-05   1.040728E-04
   1.983471E-04   2.000000E-04   1.256895E-04   6.825607E-05   8.412827E-05   8.412827E-05   8.412827E-05   8.412827E-05   3.662452E-05   4.668315E-05   6.099886E-05   3.521015E-05   3.054097E-05   2.000000E-05   2.000000E-05   3.600561E-05   7.786470E-05   6.538871E-05   1.021728E-04   1.431558E-04
   1.310810E-04   2.000000E-04   1.512239E-04   1.476164E-04   8.412827E-05   8.412827E-05   8.412827E-05   8.412827E-05   3.349301E-05   2.810290E-05   3.750911E-05   3.684731E-05   2.288282E-05   2.000000E-05   2.000000E-05   2.160777E-05   4.408973E-05   1.323422E-04   1.772980E-04   1.188954E-04
   1.594133E-04   1.261468E-04   1.091441E-04   8.583963E-05   8.412827E-05   8.412827E-05   8.412827E-05   8.412827E-05   5.569592E-05   5.381630E-05   3.048729E-05   2.565930E-05   2.173595E-05   2.200379E-05   2.842204E-05   4.888154E-05   5.845417E-05   1.027905E-04   1.287495E-04   8.084936E-05
   8.855247E-05   1.382091E-04   1.109026E-04   8.512996E-05   8.412827E-05   8.412827E-05   8.412827E-05   8.412827E-05   2.532799E-05   2.722966E-05   2.089756E-05   2.000000E-05   2.000000E-05   2.084546E-05   3.611856E-05   5.627558E-05   8.260099E-05   8.473580E-05   1.049740E-04   6.224949E-05
   8.946917E-05   6.892039E-05   6.591455E-05   6.322310E-05   8.412827E-05   8.412827E-05   8.412827E-05   8.412827E-05   2.402196E-05   2.000000E-05   2.000000E-05   2.220695E-05   2.242942E-05   2.316101E-05   2.866652E-05   7.324240E-05   9.981908E-05   9.648733E-05   9.002269E-05   7.292157E-05
   7.205812E-05   6.991877E-05   4.500353E-05   5.702298E-05   8.412827E-05   8.412827E-05   2.256070E-05   2.006557E-05   2.000000E-05   2.000000E-05   2.000000E-05   2.000000E-05   3.178826E-05   3.064037E-05   5.981966E-05   9.800574E-05   2.000000E-04   1.271282E-04   1.346616E-04   8.406698E-05
   5.952865E-05   4.355593E-05   3.454893E-05   6.535513E-05   4.821046E-05   8.412827E-05   3.680907E-05   2.785624E-05   2.381883E-05   2.000000E-05   2.000000E-05   2.540957E-05   3.813294E-05   3.596747E-05   9.908655E-05   1.711124E-04   1.278584E-04   1.387269E-04   1.153023E-04   8.262204E-05
   1.026461E-04   8.038854E-05   5.323948E-05   5.656323E-05   8.716342E-05   6.523346E-05   6.709887E-05   4.271801E-05   4.581764E-05   4.098027E-05   2.000000E-05   3.087705E-05   6.406332E-05   6.847268E-05   1.019036E-04   1.904024E-04   1.628915E-04   2.000000E-04   1.556625E-04   1.007351E-04
   1.120447E-04   8.998037E-05   7.597198E-05   6.891980E-05   7.591132E-05   1.117259E-04   1.119686E-04   7.968720E-05   7.139254E-05   8.140139E-05   4.767079E-05   7.750742E-05   8.764525E-05   7.590328E-05   1.260883E-04   1.973037E-04   1.781545E-04   1.919570E-04   1.500172E-04   1.292306E-04
   1.338485E-04   1.221730E-04   1.572461E-04   1.022214E-04   9.673958E-05   1.014615E-04   1.198854E-04   1.556710E-04   1.400306E-04   9.775443E-05   1.227532E-04   7.364230E-05   6.111321E-05   1.306947E-04   7.283936E-05   1.598917E-04   1.983952E-04   1.600414E-04   1.703180E-04   1.449886E-04
   1.573898E-04   1.262411E-04   1.655094E-04   9.531320E-05   1.753489E-04   1.941640E-04   2.000000E-04   2.000000E-04   1.514993E-04   1.587824E-04   2.000000E-04   1.885661E-04   1.627101E-04   1.894234E-04   1.895278E-04   1.828275E-04   1.831415E-04   1.916403E-04   2.000000E-04   1.234409E-04
   9.961421E-05   9.557319E-05   8.226846E-05   1.212332E-04   2.000000E-04   2.000000E-04   2.000000E-04   2.000000E-04   2.000000E-04   2.000000E-04   1.830249E-04   1.719487E-04   1.374972E-04   1.976756E-04   1.049250E-04   2.000000E-04   1.597072E-04   1.461458E-04   1.307918E-04   1.262813E-04
   7.276090E-05   7.390725E-05   1.657170E-04   2.000000E-04   2.000000E-04   2.000000E-04   2.000000E-04   2.000000E-04   2.000000E-04   2.000000E-04   2.000000E-04   1.763645E-04   1.600571E-04   1.150930E-04   1.251958E-04   1.570094E-04   9.141438E-05   1.127610E-04   9.733265E-05   7.330558E-05
   1.017670E-04   1.107173E-04   1.887432E-04   2.000000E-04   2.000000E-04   2.000000E-04   2.000000E-04   2.000000E-04   2.000000E-04   2.000000E-04   2.000000E-04   2.000000E-04   1.233042E-04   1.440284E-04   1.106992E-04   9.923381E-05   1.011907E-04   6.875367E-05   7.307498E-05   9.851592E-05
   9.757367E-05   7.839674E-05   1.229253E-04   1.892569E-04   1.807821E-04   1.681622E-04   2.000000E-04   2.000000E-04   1.809810E-04   2.000000E-04   2.000000E-04   1.933316E-04   1.707837E-04   1.312016E-04   1.074694E-04   7.750095E-05   5.314793E-05   5.611001E-05   6.607535E-05   6.881371E-05
   1.921528E-04   8.439616E-05   6.825553E-05   1.056995E-04   1.492526E-04   2.000000E-04   2.000000E-04   2.000000E-04   2.000000E-04   2.000000E-04   1.922923E-04   2.000000E-04   2.000000E-04   2.000000E-04   9.147818E-05   1.160267E-04   6.262273E-05   3.889469E-05   8.686586E-05   1.605398E-04
   8.412827E-05   1.536241E-04   1.577182E-04   1.929739E-04   2.000000E-04   2.000000E-04   2.000000E-04   2.000000E-04   2.000000E-04   2.000000E-04   1.488529E-04   1.698625E-04   1.662185E-04   9.177283E-05   1.032886E-04   6.956968E-05   7.354160E-05   8.029219E-05   9.091153E-05   1.361358E-04
   8.412827E-05   8.412827E-05   2.000000E-04   2.000000E-04   2.000000E-04   2.000000E-04   2.000000E-04   2.000000E-04   2.000000E-04   2.000000E-04   1.390238E-04   1.278915E-04   1.005159E-04   8.354253E-05   8.458555E-05   1.205451E-04   8.744935E-05   9.251261E-05   1.109929E-04   1.333534E-04
   8.412827E-05   8.412827E-05   8.412827E-05   2.000000E-04   2.000000E-04   2.000000E-04   2.000000E-04   2.000000E-04   1.329008E-04   1.067962E-04   1.520008E-04   1.461268E-04   9.962402E-05   8.339016E-05   9.406506E-05   1.239197E-04   9.657814E-05   1.535864E-04   1.399147E-04   1.497831E-04
   8.412827E-05   8.412827E-05   8.412827E-05   8.412827E-05   2.000000E-04   2.000000E-04   2.000000E-04   1.375535E-04   9.486539E-05   7.279420E-05   1.586621E-04   1.786909E-04   1.459050E-04   1.484315E-04   9.565935E-05   1.127322E-04   1.583753E-04   2.000000E-04   2.000000E-04   8.412827E-05
   8.412827E-05   8.412827E-05   8.412827E-05   8.412827E-05   2.000000E-04   1.758572E-04   1.569452E-04   1.159025E-04   8.614105E-05   7.443609E-05   1.675406E-04   2.000000E-04   1.595879E-04   1.349022E-04   9.521704E-05   1.256090E-04   9.666325E-05   2.000000E-04   1.735066E-04   8.412827E-05
   8.412827E-05   8.412827E-05   8.412827E-05   8.412827E-05   8.412827E-05   1.103644E-04   1.362569E-04   7.333296E-05   9.073724E-05   9.049173E-05   1.250337E-04   1.000457E-04   7.421843E-05   1.908196E-04   1.048647E-04   2.000000E-04   1.195592E-04   1.344691E-04   8.412827E-05   8.412827E-05
   8.412827E-05   8.412827E-05   8.412827E-05   8.412827E-05   8.412827E-05   1.142608E-04   1.529735E-04   7.408768E-05   7.679725E-05   7.904085E-05   1.396768E-04   1.142526E-04   7.857428E-05   1.296497E-04   1.432715E-04   1.451371E-04   2.000000E-04   8.412827E-05   8.412827E-05   8.412827E-05
   8.412827E-05   8.412827E-05   8.412827E-05   8.412827E-05   8.412827E-05   1.346779E-04   1.266375E-04   8.312900E-05   6.758677E-05   1.337269E-04   8.659269E-05   1.306776E-04   1.089166E-04   1.064285E-04   8.224863E-05   1.126204E-04   8.412827E-05   8.412827E-05   8.412827E-05   8.412827E-05
