   6.539261E-05   4.343247E-05   6.948003E-05   4.196326E-05   3.834345E-05   6.560106E-05   8.694472E-05   4.894596E-05   2.336589E-05   2.780834E-05   3.477544E-05   4.020779E-05   6.818797E-05   5.305087E-05   5.282575E-05   6.264720E-05   3.862433E-05   6.761543E-05   2.807933E-05   3.453988E-05
   6.562377E-05   7.203006E-05   6.550262E-05   4.587154E-05   5.282101E-05   6.421057E-05   8.957025E-05   6.242595E-05   2.672420E-05   3.919754E-05   2.121866E-05   3.210150E-05   6.168509E-05   7.091937E-05   7.573388E-05   5.917986E-05   8.219415E-05   5.598914E-05   3.704667E-05   2.634737E-05
   3.976572E-05   5.040912E-05   3.854292E-05   5.046733E-05   5.147066E-05   3.425958E-05   9.124250E-05   5.021226E-05   3.243452E-05   3.046450E-05   2.880729E-05   2.910727E-05   6.191861E-05   1.041954E-04   1.121665E-04   3.516333E-05   6.351170E-05   4.607239E-05   4.341175E-05   3.104741E-05
   3.100748E-05   4.477636E-05   4.841843E-05   5.111958E-05   8.564454E-05   6.894899E-05   5.121669E-05   4.182431E-05   4.515636E-05   3.521655E-05   2.845734E-05   2.900569E-05   4.160373E-05   5.282857E-05   5.253885E-05   3.640890E-05   3.181482E-05   4.161470E-05   3.885957E-05   4.189699E-05
   5.704308E-05   3.222297E-05   6.606036E-05   5.344214E-05   5.877637E-05   5.326214E-05   9.165820E-05   7.169948E-05   4.436902E-05   2.781856E-05   3.573037E-05   4.461095E-05   2.267154E-05   2.798487E-05   3.161941E-05   3.613725E-05   3.867645E-05   3.999734E-05   3.566524E-05   3.200631E-05
   4.974799E-05   8.033733E-05   8.593101E-05   6.098902E-05   4.656551E-05   5.114845E-05   7.078017E-05   6.232493E-05   4.424725E-05   4.591083E-05   4.158686E-05   3.736422E-05   2.526197E-05   2.461936E-05   2.253389E-05   2.567911E-05   3.199144E-05   4.546748E-05   4.174679E-05   3.808016E-05
   4.520553E-05   8.378564E-05   6.145955E-05   9.783174E-05   7.008805E-05   6.857042E-05   4.374141E-05   5.511366E-05   5.536573E-05   7.192979E-05   5.948093E-05   3.526616E-05   4.185620E-05   2.115594E-05   2.000000E-05   2.000000E-05   2.000000E-05   2.000000E-05   3.536564E-05   2.767130E-05
   6.245685E-05   7.300162E-05   9.171873E-05   9.128352E-05   9.690197E-05   5.015803E-05   4.160896E-05   3.534553E-05   5.696738E-05   1.014862E-04   4.585138E-05   4.552932E-05   6.147278E-05   2.426467E-05   2.000000E-05   2.330485E-05   2.000000E-05   2.196284E-05   2.309697E-05   3.079224E-05
   6.394645E-05   6.422592E-05   7.066406E-05   8.386238E-05   4.508808E-05   4.508808E-05   4.508808E-05   6.887619E-05   5.635581E-05   9.394046E-05   5.623371E-05   3.043916E-05   4.747412E-05   2.000000E-05   2.000000E-05   2.000000E-05   2.000000E-05   3.266098E-05   2.987733E-05   3.139186E-05
   5.657738E-05   7.563619E-05   1.217741E-04   9.517215E-05   4.508808E-05   4.508808E-05   4.508808E-05   4.508808E-05   5.879814E-05   7.321803E-05   5.323995E-05   5.559326E-05   2.981953E-05   2.643027E-05   2.000000E-05   2.000000E-05   2.000000E-05   2.000000E-05   2.000000E-05   2.244853E-05
   7.117224E-05   1.322440E-04   1.457959E-04   8.165606E-05   4.508808E-05   4.508808E-05   4.508808E-05   4.508808E-05   5.307654E-05   6.674558E-05   5.379038E-05   4.160272E-05   2.000000E-05   2.245913E-05   2.521168E-05   2.000000E-05   2.000000E-05   2.000000E-05   2.000000E-05   2.000000E-05
   1.172682E-04   1.650395E-04   1.335245E-04   9.567001E-05   4.508808E-05   4.508808E-05   4.508808E-05   4.508808E-05   4.814186E-05   5.564152E-05   7.577325E-05   3.548527E-05   2.000000E-05   2.012322E-05   2.000000E-05   2.151478E-05   2.000000E-05   2.000000E-05   2.000000E-05   2.000000E-05
   1.131912E-04   1.440226E-04   1.591576E-04   8.493675E-05   4.508808E-05   4.508808E-05   4.508808E-05   4.508808E-05   5.143755E-05   5.714615E-05   4.947580E-05   2.743736E-05   2.000000E-05   2.000000E-05   2.000000E-05   2.095528E-05   3.093693E-05   2.000000E-05   2.000000E-05   2.000000E-05
   7.339104E-05   1.182442E-04   1.591952E-04   1.120722E-04   4.508808E-05   4.508808E-05   4.508808E-05   4.508808E-05   3.484928E-05   5.401052E-05   5.251807E-05   2.790648E-05   2.000000E-05   2.000000E-05   2.000000E-05   2.000000E-05   3.370830E-05   2.530962E-05   2.000000E-05   2.000000E-05
   1.122059E-04   1.627564E-04   2.000000E-04   1.310303E-04   4.508808E-05   4.508808E-05   4.508808E-05   4.508808E-05   2.217956E-05   2.742572E-05   3.483110E-05   2.380669E-05   2.000000E-05   2.000000E-05   2.000000E-05   2.000000E-05   3.198872E-05   2.634315E-05   2.245862E-05   2.000000E-05
   6.662657E-05   9.820189E-05   9.556449E-05   4.739354E-05   4.508808E-05   4.508808E-05   4.508808E-05   4.508808E-05   4.133472E-05   2.000000E-05   2.592632E-05   2.000000E-05   2.000000E-05   2.000000E-05   2.000000E-05   2.000000E-05   2.882011E-05   2.645303E-05   2.770490E-05   4.049603E-05
   7.717935E-05   1.148468E-04   4.890737E-05   2.655929E-05   4.508808E-05   4.508808E-05   4.508808E-05   4.508808E-05   2.000000E-05   2.000000E-05   2.373542E-05   2.000000E-05   2.000000E-05   2.000000E-05   2.000000E-05   2.000000E-05   3.029813E-05   2.544357E-05   3.975673E-05   5.570372E-05
   5.100527E-05   8.108108E-05   5.884310E-05   5.743940E-05   4.508808E-05   4.508808E-05   4.508808E-05   4.508808E-05   2.000000E-05   2.000000E-05   2.000000E-05   2.000000E-05   2.000000E-05   2.000000E-05   2.000000E-05   2.000000E-05   2.000000E-05   5.149601E-05   6.898888E-05   4.626367E-05
   6.202971E-05   4.908528E-05   4.246932E-05   3.340128E-05   4.508808E-05   4.508808E-05   4.508808E-05   4.508808E-05   2.167198E-05   2.094060E-05   2.000000E-05   2.000000E-05   2.000000E-05   2.000000E-05   2.000000E-05   2.000000E-05   2.274525E-05   3.999706E-05   5.009803E-05   3.145950E-05
   3.445688E-05   5.377890E-05   4.315359E-05   3.312513E-05   4.508808E-05   4.508808E-05   4.508808E-05   4.508808E-05   2.000000E-05   2.000000E-05   2.000000E-05   2.000000E-05   2.000000E-05   2.000000E-05   2.000000E-05   2.189753E-05   3.214108E-05   3.297176E-05   4.084670E-05   2.422206E-05
   3.481358E-05   2.681779E-05   2.564818E-05   2.460090E-05   4.508808E-05   4.508808E-05   4.508808E-05   4.508808E-05   2.000000E-05   2.000000E-05   2.000000E-05   2.000000E-05   2.000000E-05   2.000000E-05   2.000000E-05   2.849953E-05   3.884086E-05   3.754443E-05   3.502896E-05   2.837470E-05
   2.803872E-05   2.720627E-05   2.000000E-05   2.218836E-05   4.508808E-05   4.508808E-05   2.000000E-05   2.000000E-05   2.000000E-05   2.000000E-05   2.000000E-05   2.000000E-05   2.000000E-05   2.000000E-05   2.327658E-05   3.813526E-05   8.336777E-05   4.946718E-05   5.239853E-05   3.271152E-05
   2.316334E-05   2.000000E-05   2.000000E-05   2.543050E-05   2.000000E-05   4.508808E-05   2.000000E-05   2.000000E-05   2.000000E-05   2.000000E-05   2.000000E-05   2.000000E-05   2.000000E-05   2.000000E-05   3.855582E-05   6.658196E-05   4.975131E-05   5.398037E-05   4.486559E-05   3.214927E-05
   3.994087E-05   3.128019E-05   2.071615E-05   2.200946E-05   3.391638E-05   2.538316E-05   2.610901E-05   2.000000E-05   2.000000E-05   2.000000E-05   2.000000E-05   2.000000E-05   2.492784E-05   2.664358E-05   3.965197E-05   7.408797E-05   6.338311E-05   8.100084E-05   6.057021E-05   3.919729E-05
   4.359799E-05   3.501249E-05   2.956165E-05   2.681756E-05   2.953804E-05   4.347395E-05   4.356840E-05   3.100729E-05   2.777973E-05   3.167430E-05   2.000000E-05   3.015911E-05   3.410387E-05   2.953492E-05   4.906253E-05   7.677334E-05   6.932215E-05   7.469288E-05   5.837358E-05   5.028523E-05
   5.208214E-05   4.753906E-05   6.118643E-05   3.977563E-05   3.764258E-05   3.947994E-05   4.664892E-05   6.057355E-05   5.448765E-05   3.803747E-05   4.776482E-05   2.865514E-05   2.377991E-05   5.085494E-05   2.834271E-05   6.221586E-05   7.719807E-05   6.227411E-05   6.627286E-05   5.641686E-05
   6.124236E-05   4.912199E-05   6.440179E-05   3.708756E-05   6.823044E-05   7.555164E-05   1.414561E-04   1.377718E-04   5.895027E-05   6.178421E-05   8.495164E-05   7.337343E-05   6.331254E-05   7.370701E-05   7.374763E-05   7.114048E-05   7.126266E-05   7.456963E-05   9.135242E-05   4.803238E-05
   3.876114E-05   3.718872E-05   3.201169E-05   4.717334E-05   1.015412E-04   1.219800E-04   1.795987E-04   1.150417E-04   8.708535E-05   9.040121E-05   7.121730E-05   6.690739E-05   5.350189E-05   7.691804E-05   4.082762E-05   8.341088E-05   6.214406E-05   5.686715E-05   5.089272E-05   4.913762E-05
   2.831218E-05   2.875824E-05   6.448257E-05   1.074048E-04   1.561773E-04   1.131080E-04   1.238136E-04   1.570078E-04   1.387986E-04   1.055350E-04   8.730596E-05   6.862563E-05   6.228023E-05   4.478413E-05   4.871525E-05   6.109433E-05   3.557048E-05   4.387673E-05   3.787335E-05   2.852412E-05
   3.959883E-05   4.308150E-05   7.344234E-05   1.138198E-04   9.075549E-05   8.106166E-05   1.008049E-04   1.176050E-04   1.152157E-04   1.253775E-04   1.288328E-04   9.658751E-05   4.797921E-05   5.604324E-05   4.307446E-05   3.861312E-05   3.937457E-05   2.675291E-05   2.843439E-05   3.833378E-05
   3.796714E-05   3.050515E-05   4.783179E-05   7.364224E-05   7.034459E-05   6.543404E-05   8.520322E-05   1.084401E-04   7.042199E-05   8.661951E-05   1.033165E-04   7.522775E-05   6.645409E-05   5.105220E-05   4.181770E-05   3.015659E-05   2.068053E-05   2.183311E-05   2.571075E-05   2.677628E-05
   7.476905E-05   3.283960E-05   2.655908E-05   4.112901E-05   5.807607E-05   9.770924E-05   9.759421E-05   1.256865E-04   1.863621E-04   1.144910E-04   7.482334E-05   8.309688E-05   1.033522E-04   8.214568E-05   3.559531E-05   4.514743E-05   2.436729E-05   2.000000E-05   3.380060E-05   6.246806E-05
   4.508808E-05   5.977707E-05   6.137013E-05   7.508857E-05   9.024182E-05   8.181256E-05   8.532848E-05   8.832673E-05   1.617157E-04   1.019075E-04   5.792054E-05   6.609563E-05   6.467771E-05   3.570996E-05   4.019089E-05   2.707043E-05   2.861596E-05   3.124270E-05   3.537482E-05   5.297214E-05
   4.508808E-05   4.508808E-05   8.404593E-05   9.992954E-05   1.182147E-04   1.390793E-04   8.991811E-05   8.928881E-05   8.294750E-05   8.074156E-05   5.409588E-05   4.976420E-05   3.911199E-05   3.250744E-05   3.291330E-05   4.690561E-05   3.402764E-05   3.599781E-05   4.318874E-05   5.188948E-05
   4.508808E-05   4.508808E-05   4.508808E-05   9.343522E-05   1.144947E-04   1.999651E-04   1.099744E-04   8.235936E-05   5.171338E-05   4.155573E-05   5.914542E-05   5.685977E-05   3.876495E-05   3.244816E-05   3.660189E-05   4.821872E-05   3.757976E-05   5.976241E-05   5.444257E-05   5.828248E-05
   4.508808E-05   4.508808E-05   4.508808E-05   4.508808E-05   1.204619E-04   9.012627E-05   7.893536E-05   5.352381E-05   3.691331E-05   2.832514E-05   6.173741E-05   6.953087E-05   5.677348E-05   5.775657E-05   3.722225E-05   4.386551E-05   6.162580E-05   8.022277E-05   9.996325E-05   4.508808E-05
   4.508808E-05   4.508808E-05   4.508808E-05   4.508808E-05   1.030263E-04   6.842822E-05   6.106933E-05   4.509910E-05   3.351856E-05   2.896401E-05   6.519214E-05   9.846865E-05   6.209764E-05   5.249215E-05   3.705014E-05   4.887603E-05   3.761288E-05   8.473475E-05   6.751360E-05   4.508808E-05
   4.508808E-05   4.508808E-05   4.508808E-05   4.508808E-05   4.508808E-05   4.294417E-05   5.301925E-05   2.853477E-05   3.530700E-05   3.521147E-05   4.865219E-05   3.892904E-05   2.887932E-05   7.425029E-05   4.080415E-05   8.091492E-05   4.652199E-05   5.232360E-05   4.508808E-05   4.508808E-05
   4.508808E-05   4.508808E-05   4.508808E-05   4.508808E-05   4.508808E-05   4.446030E-05   5.952392E-05   2.882844E-05   2.988277E-05   3.075579E-05   5.435001E-05   4.445711E-05   3.057424E-05   5.044833E-05   5.574874E-05   5.647468E-05   7.956298E-05   4.508808E-05   4.508808E-05   4.508808E-05
   4.508808E-05   4.508808E-05   4.508808E-05   4.508808E-05   4.508808E-05   5.240487E-05   4.927622E-05   3.234653E-05   2.629886E-05   5.203482E-05   3.369430E-05   5.084831E-05   4.238080E-05   4.141267E-05   3.200397E-05   4.382202E-05   4.508808E-05   4.508808E-05   4.508808E-05   4.508808E-05
