   4.631375E-06   4.304976E-06   3.894725E-06   4.897305E-06   4.052996E-06   4.583952E-06   5.408150E-06   2.982177E-06   3.035027E-06   2.854816E-06   2.487857E-06   2.497837E-06   2.323118E-06   1.896782E-06   1.625996E-06   1.771175E-06   1.483953E-06   1.000000E-06   1.000000E-06   1.000000E-06
   3.664921E-06   5.155661E-06   5.043494E-06   4.702196E-06   5.595265E-06   3.977600E-06   3.921470E-06   1.794545E-06   1.798572E-06   2.468425E-06   3.229959E-06   2.958280E-06   2.225276E-06   1.574888E-06   1.572002E-06   1.616226E-06   1.892032E-06   1.007150E-06   1.000000E-06   1.305698E-06
   4.929985E-06   4.252956E-06   4.996745E-06   4.940167E-06   3.164534E-06   5.745720E-06   8.627645E-06   3.993125E-06   2.222533E-06   3.284816E-06   2.460486E-06   1.503135E-06   1.742567E-06   1.291207E-06   1.000000E-06   1.799120E-06   2.051513E-06   1.000000E-06   1.027623E-06   1.168723E-06
   4.678089E-06   3.456451E-06   3.180959E-06   3.692484E-06   4.573028E-06   5.796297E-06   8.394883E-06   4.018231E-06   2.778352E-06   1.528378E-06   1.402453E-06   2.641137E-06   1.990802E-06   1.405117E-06   1.141662E-06   1.374383E-06   1.019097E-06   1.000000E-06   1.000000E-06   1.000000E-06
   4.128267E-06   5.246400E-06   2.962889E-06   2.099937E-06   3.341364E-06   6.049216E-06   4.761101E-06   3.345180E-06   2.878770E-06   2.731221E-06   1.710137E-06   1.641682E-06   1.450029E-06   1.181574E-06   1.807486E-06   1.409348E-06   1.118643E-06   1.000000E-06   1.126289E-06   1.000000E-06
   6.019018E-06   2.874346E-06   3.244752E-06   2.095369E-06   2.705078E-06   3.285824E-06   3.370474E-06   3.029863E-06   2.904569E-06   3.194482E-06   2.775930E-06   1.414305E-06   1.042507E-06   1.196663E-06   1.697536E-06   1.556331E-06   1.000000E-06   1.000000E-06   1.699017E-06   1.669021E-06
   6.545269E-06   4.061693E-06   4.429323E-06   3.292503E-06   3.349549E-06   3.371383E-06   2.748149E-06   2.877854E-06   3.968199E-06   2.992029E-06   2.801074E-06   2.858303E-06   1.514902E-06   1.599849E-06   1.454394E-06   1.000000E-06   1.128306E-06   1.000000E-06   1.075281E-06   1.431262E-06
   6.356415E-06   3.228927E-06   4.052150E-06   2.631055E-06   3.539924E-06   2.611041E-06   3.314936E-06   2.975004E-06   3.376556E-06   3.000741E-06   3.540370E-06   3.432926E-06   3.059487E-06   1.396178E-06   1.220512E-06   1.000000E-06   1.000000E-06   1.000000E-06   1.000000E-06   1.000000E-06
   2.676951E-06   2.944127E-06   2.639298E-06   2.632574E-06   1.000000E-06   1.000000E-06   1.000000E-06   2.754122E-06   3.222458E-06   5.273029E-06   3.073997E-06   3.675316E-06   3.028049E-06   2.482480E-06   1.000000E-06   1.000000E-06   1.025320E-06   1.129393E-06   1.037825E-06   1.372719E-06
   2.703086E-06   3.458752E-06   3.972681E-06   2.513493E-06   1.000000E-06   1.000000E-06   1.000000E-06   1.000000E-06   3.366436E-06   2.162193E-06   1.847155E-06   1.987553E-06   1.385369E-06   1.742210E-06   1.392807E-06   1.109992E-06   1.259938E-06   1.053774E-06   1.501920E-06   1.744687E-06
   2.746841E-06   2.202732E-06   3.606066E-06   2.618105E-06   1.000000E-06   1.000000E-06   1.000000E-06   1.000000E-06   3.672399E-06   2.566955E-06   2.366008E-06   1.819470E-06   1.374547E-06   1.492391E-06   1.331119E-06   1.539604E-06   1.543966E-06   1.879802E-06   1.216885E-06   2.347887E-06
   2.406441E-06   2.371975E-06   3.509947E-06   2.666615E-06   1.000000E-06   1.000000E-06   1.000000E-06   1.000000E-06   6.227823E-06   3.595423E-06   2.606697E-06   1.952128E-06   1.118377E-06   1.485725E-06   1.274794E-06   1.359226E-06   1.390098E-06   1.423879E-06   1.066889E-06   1.804022E-06
   1.627619E-06   2.072645E-06   2.913275E-06   1.809733E-06   1.000000E-06   1.000000E-06   1.000000E-06   1.000000E-06   6.618524E-06   4.028826E-06   1.760547E-06   1.288393E-06   1.332074E-06   1.000000E-06   1.088871E-06   1.000000E-06   1.598113E-06   1.262689E-06   1.716029E-06   2.264240E-06
   2.288539E-06   2.760419E-06   1.000000E-06   1.134412E-06   1.000000E-06   1.000000E-06   1.000000E-06   1.000000E-06   3.072204E-06   2.890803E-06   2.447756E-06   1.929166E-06   1.162457E-06   1.000000E-06   1.000000E-06   1.000000E-06   1.926193E-06   2.282365E-06   2.635007E-06   2.148084E-06
   1.614136E-06   2.790076E-06   1.549345E-06   1.516762E-06   1.000000E-06   1.000000E-06   1.000000E-06   1.000000E-06   1.685298E-06   1.799042E-06   1.770300E-06   2.074069E-06   1.803528E-06   1.008324E-06   1.438704E-06   1.767515E-06   2.712873E-06   4.226102E-06   2.240379E-06   2.102993E-06
   1.640364E-06   3.253666E-06   2.718528E-06   3.233920E-06   1.000000E-06   1.000000E-06   1.000000E-06   1.000000E-06   1.646433E-06   1.610418E-06   1.126455E-06   1.315635E-06   1.824169E-06   1.191915E-06   1.484297E-06   1.162569E-06   1.994408E-06   1.835109E-06   1.581553E-06   1.459037E-06
   1.707895E-06   2.226156E-06   2.303507E-06   2.360202E-06   1.000000E-06   1.000000E-06   1.000000E-06   1.000000E-06   1.740860E-06   1.556100E-06   1.000000E-06   1.201802E-06   1.598986E-06   1.548732E-06   1.419449E-06   1.420109E-06   1.443706E-06   2.934730E-06   1.977410E-06   1.222866E-06
   2.659012E-06   1.164295E-06   1.660281E-06   1.361952E-06   1.000000E-06   1.000000E-06   1.000000E-06   1.000000E-06   1.934355E-06   1.903115E-06   1.000000E-06   1.400609E-06   1.350109E-06   1.912176E-06   1.148570E-06   1.760202E-06   1.517766E-06   3.968531E-06   2.952528E-06   2.653282E-06
   1.898147E-06   1.647770E-06   2.290345E-06   1.227859E-06   1.000000E-06   1.000000E-06   1.000000E-06   1.000000E-06   1.000000E-06   1.000000E-06   1.000000E-06   1.000000E-06   1.302055E-06   3.158046E-06   1.551237E-06   1.644240E-06   3.227797E-06   2.311618E-06   2.737481E-06   3.234844E-06
   1.683926E-06   1.477582E-06   1.775248E-06   2.248825E-06   1.000000E-06   1.000000E-06   1.000000E-06   1.000000E-06   1.000000E-06   1.000000E-06   1.000000E-06   1.051255E-06   1.996167E-06   2.520985E-06   2.514071E-06   2.452676E-06   2.848162E-06   2.117562E-06   2.669593E-06   3.023775E-06
   1.354330E-06   1.127406E-06   2.291473E-06   2.016394E-06   1.000000E-06   1.000000E-06   1.000000E-06   1.000000E-06   1.000000E-06   1.000000E-06   1.000000E-06   1.000000E-06   1.084484E-06   1.802354E-06   1.586958E-06   2.145717E-06   1.514771E-06   1.890309E-06   2.239438E-06   2.083079E-06
   1.687701E-06   1.705694E-06   2.117433E-06   1.665910E-06   1.000000E-06   1.000000E-06   1.000000E-06   1.000000E-06   1.000000E-06   1.000000E-06   1.000000E-06   1.000000E-06   1.215568E-06   1.214772E-06   1.676205E-06   1.205219E-06   1.380728E-06   1.833168E-06   1.459926E-06   1.028733E-06
   2.779635E-06   2.067240E-06   3.270870E-06   1.723898E-06   1.000000E-06   1.000000E-06   1.000000E-06   1.000000E-06   1.000000E-06   1.000000E-06   1.538959E-06   1.501489E-06   1.415151E-06   1.553099E-06   1.000000E-06   1.000000E-06   1.181370E-06   1.498235E-06   1.000000E-06   1.153884E-06
   3.469843E-06   4.502299E-06   5.295085E-06   3.125311E-06   1.308269E-06   1.000000E-06   1.000000E-06   1.000000E-06   1.204048E-06   1.000000E-06   1.056251E-06   1.473825E-06   1.082800E-06   1.000000E-06   1.000000E-06   1.000000E-06   1.000000E-06   1.071718E-06   1.000000E-06   1.000000E-06
   5.711642E-06   4.202772E-06   4.893448E-06   3.157781E-06   1.298307E-06   1.000000E-06   1.118594E-06   1.660937E-06   1.300601E-06   1.525417E-06   1.685864E-06   1.062522E-06   1.335055E-06   1.000000E-06   1.000000E-06   1.000000E-06   1.000000E-06   1.196422E-06   1.191490E-06   1.000000E-06
   4.904977E-06   4.030125E-06   3.574277E-06   2.822614E-06   1.870600E-06   1.000000E-06   1.000000E-06   1.057428E-06   1.518756E-06   1.000000E-06   1.169149E-06   1.213144E-06   1.230440E-06   1.000000E-06   1.000000E-06   1.000000E-06   1.457655E-06   1.505695E-06   2.024593E-06   1.683360E-06
   4.829933E-06   5.164850E-06   6.421338E-06   2.781829E-06   1.393037E-06   1.725445E-06   1.561631E-06   2.161151E-06   1.670616E-06   1.380738E-06   1.110662E-06   2.270543E-06   1.579050E-06   1.001547E-06   1.000000E-06   1.282647E-06   1.633016E-06   2.243585E-06   1.922529E-06   1.813264E-06
   3.738896E-06   4.914600E-06   6.759328E-06   2.812316E-06   2.719249E-06   2.552541E-06   3.037959E-06   2.412197E-06   1.480844E-06   1.436095E-06   1.239540E-06   1.263105E-06   1.029170E-06   1.327272E-06   1.000000E-06   1.210258E-06   1.865493E-06   2.556908E-06   2.784897E-06   1.689410E-06
   4.044964E-06   4.221976E-06   3.722001E-06   4.620234E-06   3.405570E-06   3.631832E-06   3.014682E-06   2.396664E-06   2.193229E-06   1.478495E-06   1.570442E-06   2.530577E-06   1.263967E-06   1.000000E-06   1.197622E-06   1.000000E-06   2.491572E-06   3.379582E-06   3.097360E-06   1.870699E-06
   2.274225E-06   3.326804E-06   3.386622E-06   3.374081E-06   5.554486E-06   4.426903E-06   4.329288E-06   2.325425E-06   2.833963E-06   2.610521E-06   2.765150E-06   2.524925E-06   1.417547E-06   1.000000E-06   1.664604E-06   1.293556E-06   1.828122E-06   3.908273E-06   2.724902E-06   2.881406E-06
   3.694110E-06   2.984309E-06   2.151936E-06   2.591294E-06   5.675345E-06   7.174469E-06   3.742035E-06   1.737222E-06   2.156207E-06   2.190781E-06   1.936589E-06   2.933450E-06   1.839819E-06   1.261177E-06   1.404006E-06   1.252677E-06   1.977176E-06   2.406847E-06   2.295461E-06   1.989191E-06
   2.049072E-06   2.484901E-06   3.698159E-06   3.300084E-06   3.995511E-06   4.686396E-06   3.111626E-06   2.520325E-06   1.867080E-06   3.052597E-06   3.685810E-06   3.921536E-06   2.070127E-06   1.593182E-06   1.428689E-06   1.000000E-06   1.237307E-06   2.493041E-06   2.076169E-06   2.034563E-06
   1.000000E-06   2.066961E-06   2.503183E-06   2.790846E-06   3.861996E-06   4.094860E-06   3.412278E-06   4.522010E-06   1.965997E-06   2.431831E-06   2.290573E-06   3.009336E-06   1.880370E-06   1.269301E-06   1.405243E-06   1.838849E-06   1.438176E-06   1.415374E-06   2.257366E-06   1.288560E-06
   1.000000E-06   1.000000E-06   2.761569E-06   3.320546E-06   2.947410E-06   3.334171E-06   3.879760E-06   2.620085E-06   2.515134E-06   1.756388E-06   2.077756E-06   2.081938E-06   1.853329E-06   1.325170E-06   2.266877E-06   2.720517E-06   2.268314E-06   1.720584E-06   1.326970E-06   2.292370E-06
   1.000000E-06   1.000000E-06   1.000000E-06   3.099156E-06   4.117992E-06   3.686560E-06   2.662763E-06   2.143717E-06   2.732200E-06   2.376070E-06   1.631007E-06   1.944609E-06   1.382275E-06   1.455743E-06   2.382085E-06   1.583912E-06   1.457322E-06   1.321606E-06   2.691958E-06   3.017805E-06
   1.000000E-06   1.000000E-06   1.000000E-06   1.000000E-06   3.415811E-06   3.148722E-06   3.545309E-06   4.544803E-06   1.437328E-06   1.625580E-06   1.452496E-06   1.235661E-06   1.447879E-06   1.478060E-06   1.617638E-06   2.424900E-06   1.638330E-06   1.192313E-06   1.490503E-06   1.000000E-06
   1.000000E-06   1.000000E-06   1.000000E-06   1.000000E-06   4.319510E-06   3.203407E-06   2.310677E-06   3.020209E-06   1.000000E-06   1.000000E-06   1.000000E-06   1.016525E-06   1.032992E-06   1.000000E-06   1.090335E-06   1.262623E-06   1.000000E-06   1.000000E-06   1.000000E-06   1.000000E-06
   1.000000E-06   1.000000E-06   1.000000E-06   1.000000E-06   1.000000E-06   3.302641E-06   1.821862E-06   1.306925E-06   1.000000E-06   1.173283E-06   1.000000E-06   1.000000E-06   1.000000E-06   1.000000E-06   1.000000E-06   1.000000E-06   1.000000E-06   1.000000E-06   1.000000E-06   1.000000E-06
   1.000000E-06   1.000000E-06   1.000000E-06   1.000000E-06   1.000000E-06   2.332183E-06   1.782546E-06   1.000000E-06   1.280697E-06   1.137867E-06   1.000000E-06   1.000000E-06   1.000000E-06   1.000000E-06   1.000000E-06   1.000000E-06   1.000000E-06   1.000000E-06   1.000000E-06   1.000000E-06
   1.000000E-06   1.000000E-06   1.000000E-06   1.000000E-06   1.000000E-06   1.348764E-06   1.198714E-06   1.000000E-06   1.270952E-06   2.112282E-06   1.350095E-06   1.103240E-06   1.000000E-06   1.000000E-06   1.000000E-06   1.000000E-06   1.000000E-06   1.000000E-06   1.000000E-06   1.000000E-06
