   3.425352E+00   4.065487E+00   5.834894E+00   7.292907E+00   4.698389E+00   5.004748E+00   3.992566E+00   2.343628E+00   2.508853E+00   2.132693E+00   1.996401E+00   8.456037E-01   1.833252E+00   1.245801E+00   1.053729E+00   1.906434E+00   4.021697E+00   5.015161E+00   3.893171E+00   1.060927E+01
   5.514749E+00   6.541341E+00   7.833093E+00   6.393248E+00   4.935376E+00   8.756814E+00   9.950603E+00   4.897559E+00   3.212675E+00   2.964822E+00   2.200261E+00   1.179828E+00   1.277822E+00   9.546570E-01   1.261734E+00   1.702225E+00   3.713225E+00   4.345745E+00   4.122200E+00   4.974082E+00
   4.378242E+00   4.900746E+00   4.498966E+00   4.393630E+00   7.711745E+00   1.126625E+01   1.687085E+01   7.875436E+00   4.083492E+00   3.016095E+00   2.071277E+00   1.728861E+00   1.560601E+00   9.501168E-01   8.280892E-01   2.109757E+00   2.977165E+00   2.780354E+00   5.181355E+00   5.586263E+00
   4.808844E+00   4.263782E+00   4.403653E+00   5.770946E+00   1.017615E+01   1.049455E+01   8.643994E+00   5.823814E+00   3.768006E+00   3.459782E+00   1.913290E+00   1.525880E+00   1.210307E+00   8.271096E-01   1.118215E+00   1.924086E+00   3.100669E+00   3.100738E+00   3.677305E+00   2.891363E+00
   4.340747E+00   6.539837E+00   6.655268E+00   3.863990E+00   5.411366E+00   4.275575E+00   4.582050E+00   6.696869E+00   3.985343E+00   1.943189E+00   1.874027E+00   1.573388E+00   1.568515E+00   1.213577E+00   1.156660E+00   1.840082E+00   2.482428E+00   3.533839E+00   5.252469E+00   3.202189E+00
   2.546518E+00   5.404974E+00   4.830768E+00   6.123207E+00   4.161518E+00   5.531419E+00   3.581246E+00   2.753345E+00   2.296964E+00   1.741665E+00   1.881598E+00   1.484171E+00   1.237305E+00   1.369534E+00   1.181074E+00   2.160784E+00   3.283591E+00   3.832504E+00   6.988854E+00   3.311791E+00
   2.226289E+00   4.061470E+00   5.451148E+00   3.520042E+00   4.554907E+00   3.268080E+00   2.311521E+00   1.877263E+00   2.252586E+00   1.800626E+00   1.545900E+00   1.284878E+00   1.872004E+00   1.338932E+00   1.365191E+00   2.826039E+00   2.997234E+00   3.473392E+00   4.156579E+00   4.348074E+00
   4.074624E+00   3.990710E+00   3.960067E+00   2.691071E+00   3.997687E+00   5.955227E+00   2.389736E+00   2.640035E+00   1.908997E+00   3.055280E+00   2.703564E+00   2.496799E+00   2.518177E+00   2.514410E+00   1.642229E+00   1.934522E+00   2.489102E+00   2.168417E+00   3.660783E+00   6.420219E+00
   4.329711E+00   4.198482E+00   4.040552E+00   5.089156E+00   3.000000E+00   3.000000E+00   3.000000E+00   2.753724E+00   5.437152E+00   5.078594E+00   4.211614E+00   2.388644E+00   2.996922E+00   2.117846E+00   1.915552E+00   2.065263E+00   2.983338E+00   5.676267E+00   8.474048E+00   7.323714E+00
   5.364534E+00   4.378296E+00   5.304118E+00   4.434379E+00   3.000000E+00   3.000000E+00   3.000000E+00   3.000000E+00   3.808567E+00   3.484184E+00   3.251257E+00   5.959858E+00   3.681848E+00   3.039701E+00   3.092960E+00   3.522613E+00   5.908633E+00   5.698068E+00   7.059600E+00   6.045843E+00
   5.225900E+00   8.371560E+00   9.348863E+00   6.036256E+00   3.000000E+00   3.000000E+00   3.000000E+00   3.000000E+00   4.820317E+00   7.683646E+00   4.524796E+00   5.324711E+00   2.871712E+00   2.543371E+00   3.908483E+00   5.362214E+00   5.006803E+00   1.110961E+01   1.569794E+01   7.489296E+00
   7.442382E+00   8.029461E+00   7.497142E+00   8.264620E+00   3.000000E+00   3.000000E+00   3.000000E+00   3.000000E+00   4.640023E+00   4.486030E+00   5.627744E+00   4.709197E+00   4.354791E+00   3.468648E+00   4.624507E+00   3.445396E+00   7.673091E+00   1.255163E+01   1.618948E+01   9.384000E+00
   8.184275E+00   1.119962E+01   1.032070E+01   7.410272E+00   3.000000E+00   3.000000E+00   3.000000E+00   3.000000E+00   8.684712E+00   5.055324E+00   2.664880E+00   4.600971E+00   3.589768E+00   2.930549E+00   3.521283E+00   3.471656E+00   4.829351E+00   1.376695E+01   1.568880E+01   1.771986E+01
   4.264118E+00   9.653801E+00   1.253594E+01   6.242139E+00   3.000000E+00   3.000000E+00   3.000000E+00   3.000000E+00   8.750219E+00   6.812669E+00   3.009011E+00   2.025856E+00   3.335405E+00   3.204124E+00   2.820788E+00   2.912141E+00   4.174957E+00   4.713391E+00   6.753063E+00   7.010231E+00
   5.840834E+00   5.651260E+00   5.776108E+00   5.102327E+00   3.000000E+00   3.000000E+00   3.000000E+00   3.000000E+00   6.798238E+00   6.294396E+00   3.166403E+00   2.625984E+00   2.477048E+00   3.197825E+00   3.311770E+00   3.513028E+00   3.616005E+00   3.745531E+00   5.115601E+00   5.517240E+00
   7.013607E+00   3.911785E+00   3.399216E+00   2.616034E+00   3.000000E+00   3.000000E+00   3.000000E+00   3.000000E+00   4.151609E+00   3.288024E+00   3.243039E+00   2.103776E+00   1.737635E+00   3.502102E+00   2.940005E+00   1.793331E+00   3.236032E+00   2.935669E+00   5.963495E+00   5.510630E+00
   3.598255E+00   2.615544E+00   2.726129E+00   3.343734E+00   3.000000E+00   3.000000E+00   3.000000E+00   3.000000E+00   2.485961E+00   1.924583E+00   1.688964E+00   1.502137E+00   1.755791E+00   2.405412E+00   2.012295E+00   3.012252E+00   4.998418E+00   6.790058E+00   5.401843E+00   5.352694E+00
   4.863361E+00   3.036067E+00   4.565956E+00   3.051454E+00   3.000000E+00   3.000000E+00   3.000000E+00   3.000000E+00   1.518748E+00   1.839518E+00   3.156506E+00   4.431630E+00   2.797238E+00   2.529203E+00   1.940228E+00   3.328524E+00   4.018515E+00   7.700108E+00   5.847791E+00   3.205277E+00
   3.444173E+00   2.785049E+00   2.608894E+00   2.457340E+00   3.000000E+00   3.000000E+00   3.000000E+00   3.000000E+00   3.243812E+00   3.402704E+00   2.467686E+00   4.768165E+00   3.663189E+00   3.107138E+00   2.078096E+00   3.144785E+00   4.854446E+00   5.065889E+00   7.964603E+00   4.927090E+00
   3.200279E+00   3.475771E+00   3.064864E+00   2.776602E+00   3.000000E+00   3.000000E+00   3.000000E+00   3.000000E+00   4.405268E+00   2.994939E+00   4.994163E+00   5.858674E+00   6.586682E+00   6.959356E+00   4.869846E+00   3.840466E+00   4.911867E+00   7.045066E+00   6.013308E+00   6.346948E+00
   3.832316E+00   3.423454E+00   5.812940E+00   4.191874E+00   3.000000E+00   3.000000E+00   3.000000E+00   3.000000E+00   6.639252E+00   4.766374E+00   4.979062E+00   6.953622E+00   9.078948E+00   9.857050E+00   9.512199E+00   6.619985E+00   8.008521E+00   9.512935E+00   1.161867E+01   7.987241E+00
   3.807465E+00   5.700981E+00   5.381996E+00   2.725223E+00   3.000000E+00   3.000000E+00   3.869994E+00   6.410702E+00   1.053759E+01   1.098757E+01   8.894529E+00   9.975535E+00   1.299004E+01   1.140430E+01   1.023069E+01   8.225612E+00   1.104128E+01   1.267181E+01   1.580487E+01   9.580221E+00
   2.237585E+00   5.183007E+00   2.583539E+00   3.477283E+00   3.445746E+00   3.000000E+00   6.344007E+00   6.681105E+00   9.357732E+00   1.112535E+01   1.493875E+01   1.629531E+01   2.502839E+01   1.487250E+01   1.240165E+01   7.926159E+00   7.812285E+00   8.668994E+00   1.673575E+01   1.127734E+01
   3.321439E+00   5.214861E+00   5.276795E+00   5.030156E+00   2.341822E+00   3.857636E+00   4.375856E+00   7.040524E+00   8.643828E+00   6.879874E+00   1.255701E+01   2.034567E+01   2.433748E+01   1.955061E+01   1.155826E+01   7.981403E+00   7.098349E+00   9.102326E+00   1.096955E+01   1.350062E+01
   4.298161E+00   4.886834E+00   4.334252E+00   4.097914E+00   2.891588E+00   2.963592E+00   3.732212E+00   6.711759E+00   6.823543E+00   1.019585E+01   1.077186E+01   1.304911E+01   1.514729E+01   1.358069E+01   1.080900E+01   7.325914E+00   6.632745E+00   4.626197E+00   1.150993E+01   1.058813E+01
   2.584367E+00   4.303254E+00   5.515778E+00   3.736831E+00   2.754190E+00   2.851181E+00   3.939884E+00   9.240093E+00   9.370637E+00   1.208942E+01   1.314375E+01   1.250467E+01   8.733986E+00   7.016965E+00   5.254184E+00   4.704778E+00   1.039600E+01   9.411242E+00   1.239326E+01   9.704922E+00
   4.406597E+00   3.973324E+00   5.482578E+00   3.660376E+00   2.485331E+00   2.641054E+00   4.551775E+00   5.198717E+00   8.201893E+00   7.884186E+00   5.558958E+00   6.639040E+00   4.610537E+00   8.694959E+00   4.424093E+00   5.991073E+00   6.424734E+00   7.148902E+00   6.754206E+00   7.081276E+00
   3.676720E+00   3.993177E+00   3.447160E+00   4.564454E+00   7.352075E+00   3.377342E+00   4.245280E+00   4.998367E+00   3.838916E+00   4.992408E+00   5.621971E+00   9.215942E+00   6.704584E+00   8.197583E+00   7.698020E+00   7.148794E+00   7.234819E+00   6.371262E+00   5.448791E+00   4.047792E+00
   5.276211E+00   4.800942E+00   2.443250E+00   3.377872E+00   4.593425E+00   5.604110E+00   5.405533E+00   7.506282E+00   9.081785E+00   6.642757E+00   7.276188E+00   7.718782E+00   8.089069E+00   3.123837E+00   6.996512E+00   7.623096E+00   5.143980E+00   6.091216E+00   4.693745E+00   3.738815E+00
   4.581457E+00   2.732707E+00   2.478553E+00   2.390440E+00   2.953279E+00   4.398591E+00   5.293436E+00   8.266470E+00   6.152307E+00   5.954370E+00   5.244683E+00   9.380096E+00   7.054473E+00   4.042576E+00   4.852084E+00   7.246862E+00   6.275879E+00   4.407530E+00   5.454513E+00   3.035842E+00
   2.743247E+00   1.657900E+00   1.426893E+00   2.068847E+00   2.001828E+00   3.290303E+00   7.488550E+00   5.186979E+00   8.223412E+00   5.529214E+00   3.659816E+00   4.661579E+00   6.214114E+00   7.010972E+00   7.956089E+00   5.220041E+00   3.441876E+00   3.532774E+00   2.554849E+00   1.589022E+00
   2.423733E+00   2.628407E+00   2.327170E+00   1.752171E+00   2.158094E+00   1.743017E+00   2.657274E+00   4.621853E+00   7.086192E+00   3.316591E+00   6.505062E+00   3.578702E+00   6.221408E+00   6.736865E+00   4.610230E+00   4.401921E+00   3.187377E+00   1.643731E+00   1.848446E+00   1.485309E+00
   3.000000E+00   1.543167E+00   1.754908E+00   2.209059E+00   2.344227E+00   1.341816E+00   2.023565E+00   4.991415E+00   4.795955E+00   4.569917E+00   3.647592E+00   5.562139E+00   5.057953E+00   6.267366E+00   4.512098E+00   4.864771E+00   1.887701E+00   2.937420E+00   1.451236E+00   1.295591E+00
   3.000000E+00   3.000000E+00   1.399201E+00   1.710886E+00   2.159793E+00   1.516426E+00   1.585387E+00   1.910848E+00   2.370382E+00   3.778166E+00   4.356942E+00   4.244847E+00   6.082987E+00   6.406741E+00   3.841881E+00   2.428339E+00   2.687771E+00   1.512938E+00   1.333489E+00   9.071445E-01
   3.000000E+00   3.000000E+00   3.000000E+00   1.043207E+00   1.791226E+00   2.016634E+00   2.289517E+00   1.988826E+00   3.310235E+00   3.254974E+00   4.430113E+00   5.016646E+00   4.417220E+00   6.808965E+00   4.097146E+00   2.807451E+00   2.112667E+00   1.925792E+00   1.714152E+00   1.047086E+00
   3.000000E+00   3.000000E+00   3.000000E+00   3.000000E+00   2.513131E+00   2.809708E+00   2.812702E+00   1.977931E+00   4.344150E+00   4.473406E+00   4.126745E+00   7.101696E+00   6.142930E+00   5.287853E+00   5.375131E+00   3.188236E+00   3.080854E+00   2.228718E+00   2.186874E+00   3.000000E+00
   3.000000E+00   3.000000E+00   3.000000E+00   3.000000E+00   2.158558E+00   2.504413E+00   2.725320E+00   2.003802E+00   3.588444E+00   4.321211E+00   5.571243E+00   5.981352E+00   4.142318E+00   3.014014E+00   2.956132E+00   3.615234E+00   4.486920E+00   3.531931E+00   3.073616E+00   3.000000E+00
   3.000000E+00   3.000000E+00   3.000000E+00   3.000000E+00   3.000000E+00   2.838135E+00   4.154176E+00   4.431140E+00   5.252399E+00   5.631736E+00   7.117458E+00   8.454753E+00   2.831417E+00   1.996794E+00   2.898928E+00   2.280978E+00   2.832407E+00   2.581498E+00   3.000000E+00   3.000000E+00
   3.000000E+00   3.000000E+00   3.000000E+00   3.000000E+00   3.000000E+00   4.085711E+00   3.856299E+00   5.958674E+00   4.773419E+00   9.385121E+00   1.235899E+01   9.288358E+00   4.410054E+00   4.932149E+00   4.278611E+00   4.200576E+00   2.458568E+00   3.000000E+00   3.000000E+00   3.000000E+00
   3.000000E+00   3.000000E+00   3.000000E+00   3.000000E+00   3.000000E+00   2.494431E+00   2.878440E+00   3.596281E+00   5.653587E+00   8.318124E+00   1.095589E+01   6.245509E+00   5.172398E+00   3.134714E+00   5.201079E+00   4.158683E+00   3.000000E+00   3.000000E+00   3.000000E+00   3.000000E+00
