   5.812207E-02   1.001172E-01   8.827713E-02   1.448462E-01   2.294922E-01   2.645882E-01   1.960306E-01   7.736778E-02   4.864376E-02   4.350209E-02   4.064032E-02   2.771309E-02   3.155136E-02   1.322537E-02   2.684626E-02   1.583709E-02   3.090453E-02   4.745187E-02   7.598066E-02   1.088258E-01
   5.379238E-02   7.981055E-02   7.608916E-02   7.077761E-02   1.435486E-01   1.871149E-01   1.391901E-01   8.318851E-02   5.473368E-02   4.580490E-02   3.420226E-02   1.678139E-02   1.849212E-02   1.206889E-02   1.951360E-02   2.661646E-02   2.995793E-02   3.356235E-02   7.673258E-02   1.352550E-01
   4.681169E-02   3.460927E-02   3.323837E-02   5.121403E-02   7.663084E-02   7.455700E-02   8.358525E-02   4.585880E-02   4.386323E-02   2.843236E-02   2.484115E-02   2.359329E-02   1.000000E-02   1.464657E-02   2.191970E-02   2.444902E-02   5.101468E-02   6.573166E-02   1.050035E-01   8.538923E-02
   3.072879E-02   3.043679E-02   2.769750E-02   2.020403E-02   3.685029E-02   7.575461E-02   7.014681E-02   3.246924E-02   2.523983E-02   1.875026E-02   1.556073E-02   1.706113E-02   1.728133E-02   1.985262E-02   1.919961E-02   2.482794E-02   3.677382E-02   8.437916E-02   5.507104E-02   1.162245E-01
   4.410293E-02   4.178317E-02   3.687861E-02   2.305956E-02   3.222175E-02   3.188760E-02   4.560710E-02   4.576166E-02   6.974278E-02   2.439281E-02   2.358935E-02   3.296246E-02   2.011494E-02   3.665486E-02   3.234866E-02   3.026893E-02   5.075455E-02   7.148040E-02   6.574072E-02   7.927991E-02
   6.324767E-02   7.681996E-02   3.736846E-02   3.325367E-02   3.381649E-02   3.277896E-02   4.540244E-02   2.899548E-02   4.386206E-02   2.371921E-02   2.514128E-02   2.542215E-02   1.900203E-02   3.721846E-02   5.200324E-02   5.591231E-02   7.225153E-02   7.968514E-02   8.400639E-02   8.906070E-02
   9.926493E-02   4.014307E-02   3.339801E-02   3.907214E-02   2.404117E-02   3.742684E-02   4.307481E-02   3.802063E-02   8.760461E-02   3.998298E-02   5.523482E-02   3.443947E-02   3.191774E-02   3.831691E-02   6.580241E-02   7.750782E-02   8.394461E-02   7.343304E-02   8.877709E-02   5.268615E-02
   4.857431E-02   4.087708E-02   3.538119E-02   3.348139E-02   2.448484E-02   2.754796E-02   4.271208E-02   3.758617E-02   4.203419E-02   4.739497E-02   8.031131E-02   4.210918E-02   3.832332E-02   9.791078E-02   1.231765E-01   8.890912E-02   1.098597E-01   5.895087E-02   7.083951E-02   5.538158E-02
   6.117430E-02   6.247476E-02   6.556047E-02   3.086205E-02   1.000000E-01   1.000000E-01   1.000000E-01   4.363925E-02   3.861693E-02   4.990328E-02   8.489669E-02   5.885306E-02   6.507924E-02   7.389316E-02   8.560887E-02   7.403450E-02   1.120005E-01   8.187251E-02   7.189999E-02   5.665291E-02
   8.355224E-02   6.158987E-02   2.853291E-02   3.651517E-02   1.000000E-01   1.000000E-01   1.000000E-01   1.000000E-01   6.542804E-02   9.984602E-02   1.212228E-01   6.836068E-02   9.608626E-02   8.684950E-02   1.384110E-01   9.878793E-02   8.646360E-02   9.961982E-02   7.987580E-02   3.508650E-02
   4.162590E-02   3.757391E-02   2.738618E-02   3.709670E-02   1.000000E-01   1.000000E-01   1.000000E-01   1.000000E-01   1.082632E-01   1.261929E-01   8.668568E-02   1.313672E-01   1.941191E-01   1.573475E-01   1.665184E-01   1.484760E-01   1.109315E-01   8.752887E-02   6.247414E-02   5.599265E-02
   4.210668E-02   3.627507E-02   1.948198E-02   3.018554E-02   1.000000E-01   1.000000E-01   1.000000E-01   1.000000E-01   1.810371E-01   1.438627E-01   1.737398E-01   2.150181E-01   2.479103E-01   2.251446E-01   1.558376E-01   8.248428E-02   1.464757E-01   1.295266E-01   9.498230E-02   8.014053E-02
   6.969945E-02   3.730382E-02   2.225346E-02   2.191807E-02   1.000000E-01   1.000000E-01   1.000000E-01   1.000000E-01   2.097061E-01   2.374049E-01   2.605226E-01   2.972262E-01   3.289598E-01   2.977557E-01   2.121599E-01   2.719175E-01   1.704654E-01   2.335877E-01   9.362659E-02   1.109266E-01
   8.025113E-02   5.509356E-02   3.644634E-02   1.848958E-02   1.000000E-01   1.000000E-01   1.000000E-01   1.000000E-01   2.067707E-01   2.397932E-01   3.680386E-01   4.000000E-01   4.000000E-01   4.000000E-01   4.000000E-01   4.000000E-01   2.967683E-01   2.506025E-01   1.342697E-01   1.104914E-01
   9.068185E-02   4.534440E-02   7.845153E-02   4.641054E-02   1.000000E-01   1.000000E-01   1.000000E-01   1.000000E-01   1.503226E-01   4.000000E-01   4.000000E-01   3.991321E-01   4.000000E-01   3.707856E-01   4.000000E-01   4.000000E-01   4.000000E-01   2.657970E-01   1.673667E-01   8.462290E-02
   5.207673E-02   6.266951E-02   6.245440E-02   5.574300E-02   1.000000E-01   1.000000E-01   1.000000E-01   1.000000E-01   1.400125E-01   2.453719E-01   4.000000E-01   4.000000E-01   4.000000E-01   4.000000E-01   4.000000E-01   4.000000E-01   4.000000E-01   3.591666E-01   2.577587E-01   1.257143E-01
   1.018615E-01   1.277041E-01   8.975454E-02   6.638945E-02   1.000000E-01   1.000000E-01   1.000000E-01   1.000000E-01   9.362565E-02   9.365007E-02   1.463700E-01   2.559260E-01   3.689613E-01   4.000000E-01   3.646079E-01   3.726053E-01   3.680537E-01   3.131953E-01   2.916445E-01   2.203467E-01
   9.990279E-02   6.200869E-02   7.034644E-02   4.459677E-02   1.000000E-01   1.000000E-01   1.000000E-01   1.000000E-01   4.989008E-02   4.665989E-02   4.720813E-02   1.697587E-01   1.912350E-01   2.383637E-01   3.196768E-01   2.308876E-01   1.378464E-01   1.491604E-01   2.712498E-01   4.000000E-01
   9.268235E-02   5.344593E-02   3.513591E-02   4.437336E-02   1.000000E-01   1.000000E-01   1.000000E-01   1.000000E-01   5.919061E-02   6.030532E-02   5.145318E-02   9.037531E-02   9.358339E-02   1.466505E-01   2.637910E-01   2.105350E-01   1.473403E-01   9.505421E-02   1.437737E-01   2.043964E-01
   1.002516E-01   6.898753E-02   5.090685E-02   5.695471E-02   1.000000E-01   1.000000E-01   1.000000E-01   1.000000E-01   8.271574E-02   7.206375E-02   7.937475E-02   6.771695E-02   6.798776E-02   8.890789E-02   9.313076E-02   6.401520E-02   9.884497E-02   8.146965E-02   1.660490E-01   1.467757E-01
   9.177973E-02   8.335802E-02   6.960777E-02   6.225123E-02   1.000000E-01   1.000000E-01   1.000000E-01   1.000000E-01   8.486910E-02   9.794992E-02   7.542646E-02   8.083629E-02   7.254041E-02   6.314336E-02   6.415532E-02   3.555188E-02   5.915931E-02   6.886624E-02   1.283555E-01   1.240065E-01
   7.659745E-02   6.878404E-02   6.994171E-02   6.858546E-02   1.000000E-01   1.000000E-01   7.848524E-02   9.646136E-02   1.208716E-01   1.176195E-01   8.107843E-02   7.824984E-02   5.951472E-02   4.976706E-02   4.008202E-02   3.991918E-02   5.675414E-02   6.071701E-02   7.747138E-02   1.121699E-01
   5.643067E-02   4.184516E-02   2.588251E-02   6.103968E-02   5.905674E-02   1.000000E-01   6.393805E-02   1.062401E-01   1.445646E-01   1.142193E-01   1.382316E-01   1.435163E-01   1.012711E-01   6.150543E-02   4.372200E-02   4.593618E-02   8.093457E-02   6.541206E-02   9.202037E-02   8.556424E-02
   5.303126E-02   2.980071E-02   2.817461E-02   2.810222E-02   4.961383E-02   6.915985E-02   5.614615E-02   8.650410E-02   1.049068E-01   1.399538E-01   1.193716E-01   1.230738E-01   1.249490E-01   7.142334E-02   8.133609E-02   5.729167E-02   5.239139E-02   6.886983E-02   4.944823E-02   7.984583E-02
   5.615502E-02   4.318896E-02   2.680632E-02   4.387704E-02   6.985385E-02   6.014154E-02   5.898540E-02   6.779940E-02   9.098935E-02   1.415438E-01   1.283278E-01   1.253637E-01   1.050592E-01   1.354509E-01   1.069048E-01   6.302197E-02   9.020534E-02   8.951836E-02   4.748598E-02   7.412682E-02
   5.952234E-02   3.781330E-02   1.863240E-02   3.464807E-02   5.681280E-02   7.854682E-02   5.484956E-02   6.437716E-02   9.611460E-02   1.784030E-01   2.102370E-01   1.454771E-01   9.941648E-02   1.100291E-01   9.960997E-02   1.651159E-01   1.036124E-01   6.335668E-02   5.945289E-02   7.096663E-02
   6.228490E-02   3.084043E-02   1.635739E-02   3.600387E-02   3.699341E-02   7.675215E-02   6.380326E-02   5.226148E-02   9.557847E-02   1.787475E-01   2.123461E-01   1.378720E-01   1.186068E-01   1.400640E-01   3.002643E-01   1.858593E-01   1.465609E-01   9.260854E-02   1.051911E-01   1.715699E-01
   4.424188E-02   3.272551E-02   1.883517E-02   4.016144E-02   5.898529E-02   7.602878E-02   9.035487E-02   7.643795E-02   1.056158E-01   1.380924E-01   1.911615E-01   1.040321E-01   1.499424E-01   1.598000E-01   2.924044E-01   2.337708E-01   2.081919E-01   1.250461E-01   1.234890E-01   1.175029E-01
   4.947576E-02   4.205409E-02   3.769332E-02   5.374078E-02   4.933293E-02   6.948345E-02   6.964028E-02   9.217706E-02   1.120116E-01   1.536603E-01   1.042980E-01   7.693678E-02   1.264972E-01   2.846510E-01   3.274146E-01   3.331681E-01   3.115645E-01   1.753471E-01   1.507724E-01   1.110075E-01
   3.198283E-02   2.667687E-02   4.450296E-02   4.554829E-02   1.146219E-01   7.412810E-02   7.645260E-02   5.546895E-02   8.061584E-02   1.414519E-01   1.366226E-01   1.106340E-01   2.463244E-01   2.454395E-01   2.926840E-01   3.850699E-01   3.782107E-01   1.975350E-01   1.261533E-01   8.047449E-02
   3.099503E-02   5.102466E-02   5.610138E-02   8.558184E-02   1.051617E-01   9.076505E-02   6.552155E-02   7.879742E-02   1.065192E-01   1.320990E-01   1.401522E-01   8.051530E-02   2.172636E-01   4.000000E-01   4.000000E-01   2.570585E-01   4.000000E-01   2.832522E-01   2.204167E-01   1.599447E-01
   3.370379E-02   2.922519E-02   4.771728E-02   8.379555E-02   1.029104E-01   9.381244E-02   9.305212E-02   9.326130E-02   5.218362E-02   5.850349E-02   3.908746E-02   7.830879E-02   3.326462E-01   3.818611E-01   4.000000E-01   3.411486E-01   2.554908E-01   3.281238E-01   2.541838E-01   1.622831E-01
   1.000000E-01   2.073654E-02   4.128171E-02   8.787509E-02   1.246684E-01   5.959004E-02   6.950782E-02   4.169948E-02   4.936376E-02   3.160349E-02   3.075276E-02   8.529404E-02   1.769475E-01   2.336874E-01   4.000000E-01   4.000000E-01   2.336671E-01   2.498332E-01   1.637862E-01   1.314041E-01
   1.000000E-01   1.000000E-01   3.700831E-02   6.891411E-02   5.437966E-02   9.584573E-02   4.964372E-02   5.043540E-02   4.567217E-02   3.374284E-02   3.685725E-02   5.057493E-02   1.261207E-01   2.091878E-01   3.847507E-01   3.556377E-01   2.907807E-01   1.468538E-01   1.074771E-01   1.159141E-01
   1.000000E-01   1.000000E-01   1.000000E-01   1.010793E-01   1.084584E-01   1.183714E-01   1.058144E-01   7.127406E-02   4.540977E-02   3.804329E-02   3.546056E-02   6.954807E-02   1.667815E-01   2.957069E-01   3.493658E-01   1.089427E-01   1.558014E-01   9.298050E-02   9.911503E-02   1.234212E-01
   1.000000E-01   1.000000E-01   1.000000E-01   1.000000E-01   1.270294E-01   1.663446E-01   1.473897E-01   7.322270E-02   4.066639E-02   3.874760E-02   4.522599E-02   9.545982E-02   1.571077E-01   2.632730E-01   2.375930E-01   1.689092E-01   1.230659E-01   1.030769E-01   9.229782E-02   1.000000E-01
   1.000000E-01   1.000000E-01   1.000000E-01   1.000000E-01   2.722036E-01   1.712648E-01   1.968159E-01   7.398250E-02   6.337157E-02   6.915603E-02   5.226964E-02   8.719399E-02   1.162349E-01   3.089267E-01   2.648095E-01   1.955163E-01   1.823681E-01   8.565896E-02   7.252917E-02   1.000000E-01
   1.000000E-01   1.000000E-01   1.000000E-01   1.000000E-01   1.000000E-01   1.348262E-01   1.680728E-01   1.692473E-01   1.425417E-01   1.035413E-01   5.169123E-02   7.021270E-02   1.441254E-01   1.898737E-01   2.995358E-01   2.187102E-01   1.454033E-01   1.943084E-01   1.000000E-01   1.000000E-01
   1.000000E-01   1.000000E-01   1.000000E-01   1.000000E-01   1.000000E-01   3.315542E-01   2.920523E-01   2.170118E-01   2.039451E-01   1.818680E-01   1.399747E-01   1.008102E-01   1.721031E-01   1.753552E-01   1.730069E-01   1.636465E-01   2.141752E-01   1.000000E-01   1.000000E-01   1.000000E-01
   1.000000E-01   1.000000E-01   1.000000E-01   1.000000E-01   1.000000E-01   2.229231E-01   1.601339E-01   2.161400E-01   2.060535E-01   1.294885E-01   1.266371E-01   1.160163E-01   1.903720E-01   1.660101E-01   1.752560E-01   1.853411E-01   1.000000E-01   1.000000E-01   1.000000E-01   1.000000E-01
