   5.939068E-05   3.944611E-05   6.310294E-05   3.811174E-05   3.482417E-05   5.957999E-05   7.896466E-05   4.445355E-05   2.122130E-05   2.525600E-05   3.158365E-05   3.651740E-05   6.192947E-05   4.818170E-05   4.797724E-05   5.689725E-05   3.507927E-05   6.140948E-05   2.550212E-05   3.136970E-05
   5.960062E-05   6.541892E-05   5.949059E-05   4.166130E-05   4.797293E-05   5.831713E-05   8.134922E-05   5.669630E-05   2.427137E-05   3.559987E-05   2.000000E-05   2.915513E-05   5.602344E-05   6.441017E-05   6.878279E-05   5.374815E-05   7.465012E-05   5.085028E-05   3.364641E-05   2.392913E-05
   3.611590E-05   4.578242E-05   3.500533E-05   4.583528E-05   4.674652E-05   3.111513E-05   8.286798E-05   4.560362E-05   2.945758E-05   2.766838E-05   2.616326E-05   2.643571E-05   5.623553E-05   9.463202E-05   1.018715E-04   3.193593E-05   5.768240E-05   4.184373E-05   3.942729E-05   2.819778E-05
   2.816151E-05   4.066665E-05   4.397444E-05   4.642767E-05   7.778382E-05   6.262064E-05   4.651586E-05   3.798555E-05   4.101177E-05   3.198426E-05   2.584543E-05   2.634346E-05   3.778521E-05   4.797980E-05   4.771667E-05   3.306717E-05   2.889476E-05   3.779518E-05   3.529292E-05   3.805155E-05
   5.180749E-05   2.926545E-05   5.999714E-05   4.853706E-05   5.338169E-05   4.837357E-05   8.324553E-05   6.511868E-05   4.029669E-05   2.526528E-05   3.245092E-05   4.051642E-05   2.059067E-05   2.541633E-05   2.871728E-05   3.282046E-05   3.512661E-05   3.632626E-05   3.239177E-05   2.906867E-05
   4.518197E-05   7.296372E-05   7.804400E-05   5.539126E-05   4.229158E-05   4.645388E-05   6.428374E-05   5.660456E-05   4.018610E-05   4.169699E-05   3.776989E-05   3.393482E-05   2.294335E-05   2.235972E-05   2.046566E-05   2.332220E-05   2.905517E-05   4.129433E-05   3.791514E-05   3.458504E-05
   4.105642E-05   7.609553E-05   5.581861E-05   8.885244E-05   6.365515E-05   6.227681E-05   3.972668E-05   5.005516E-05   5.028409E-05   6.532785E-05   5.402158E-05   3.202932E-05   3.801451E-05   2.000000E-05   2.000000E-05   2.000000E-05   2.000000E-05   2.000000E-05   3.211967E-05   2.513154E-05
   5.672437E-05   6.630130E-05   8.330050E-05   8.290523E-05   8.800801E-05   4.555437E-05   3.778996E-05   3.210141E-05   5.173874E-05   9.217145E-05   4.164300E-05   4.135050E-05   5.583062E-05   2.203758E-05   2.000000E-05   2.116586E-05   2.000000E-05   2.000000E-05   2.097706E-05   2.796603E-05
   5.807725E-05   5.833106E-05   6.417829E-05   7.616523E-05   6.743286E-05   6.743286E-05   6.743286E-05   6.255452E-05   5.118330E-05   8.531831E-05   5.107240E-05   2.764536E-05   4.311680E-05   2.000000E-05   2.000000E-05   2.000000E-05   2.000000E-05   2.966325E-05   2.713509E-05   2.851061E-05
   5.138453E-05   6.869407E-05   1.105973E-04   8.643695E-05   6.743286E-05   6.743286E-05   6.743286E-05   6.743286E-05   5.340147E-05   6.649785E-05   4.835343E-05   5.049073E-05   2.708260E-05   2.400442E-05   2.000000E-05   2.000000E-05   2.000000E-05   2.000000E-05   2.000000E-05   2.038813E-05
   6.463983E-05   1.201062E-04   1.324143E-04   7.416141E-05   6.743286E-05   6.743286E-05   6.743286E-05   6.743286E-05   4.820501E-05   6.061947E-05   4.885333E-05   3.778430E-05   2.000000E-05   2.039776E-05   2.289767E-05   2.000000E-05   2.000000E-05   2.000000E-05   2.000000E-05   2.000000E-05
   1.065049E-04   1.498916E-04   1.212692E-04   8.688912E-05   6.743286E-05   6.743286E-05   6.743286E-05   6.743286E-05   4.372325E-05   5.053457E-05   6.881854E-05   3.222833E-05   2.000000E-05   2.000000E-05   2.000000E-05   2.000000E-05   2.000000E-05   2.000000E-05   2.000000E-05   2.000000E-05
   1.028021E-04   1.308038E-04   1.445496E-04   7.714099E-05   6.743286E-05   6.743286E-05   6.743286E-05   6.743286E-05   4.671645E-05   5.190110E-05   4.493476E-05   2.491907E-05   2.000000E-05   2.000000E-05   2.000000E-05   2.000000E-05   2.809745E-05   2.000000E-05   2.000000E-05   2.000000E-05
   6.665498E-05   1.073914E-04   1.445838E-04   1.017858E-04   6.743286E-05   6.743286E-05   6.743286E-05   6.743286E-05   3.165071E-05   4.905326E-05   4.769780E-05   2.534514E-05   2.000000E-05   2.000000E-05   2.000000E-05   2.000000E-05   3.061444E-05   2.298663E-05   2.000000E-05   2.000000E-05
   1.019073E-04   1.478181E-04   2.000000E-04   1.190039E-04   6.743286E-05   6.743286E-05   6.743286E-05   6.743286E-05   2.014385E-05   2.490850E-05   3.163420E-05   2.162164E-05   2.000000E-05   2.000000E-05   2.000000E-05   2.000000E-05   2.905270E-05   2.392530E-05   2.039729E-05   2.000000E-05
   6.051138E-05   8.918862E-05   8.679328E-05   4.304362E-05   6.743286E-05   6.743286E-05   6.743286E-05   6.743286E-05   3.754090E-05   2.000000E-05   2.354672E-05   2.000000E-05   2.000000E-05   2.000000E-05   2.000000E-05   2.000000E-05   2.617491E-05   2.402509E-05   2.516206E-05   3.677918E-05
   7.009559E-05   1.043058E-04   4.441850E-05   2.412160E-05   6.743286E-05   6.743286E-05   6.743286E-05   6.743286E-05   2.000000E-05   2.000000E-05   2.155691E-05   2.000000E-05   2.000000E-05   2.000000E-05   2.000000E-05   2.000000E-05   2.751728E-05   2.310828E-05   3.610773E-05   5.059106E-05
   4.632385E-05   7.363920E-05   5.344230E-05   5.216743E-05   6.743286E-05   6.743286E-05   6.743286E-05   6.743286E-05   2.000000E-05   2.000000E-05   2.000000E-05   2.000000E-05   2.000000E-05   2.000000E-05   2.000000E-05   2.000000E-05   2.000000E-05   4.676955E-05   6.265687E-05   4.201745E-05
   5.633643E-05   4.458008E-05   3.857135E-05   3.033560E-05   6.743286E-05   6.743286E-05   6.743286E-05   6.743286E-05   2.000000E-05   2.000000E-05   2.000000E-05   2.000000E-05   2.000000E-05   2.000000E-05   2.000000E-05   2.000000E-05   2.065762E-05   3.632600E-05   4.549988E-05   2.857205E-05
   3.129432E-05   4.884291E-05   3.919282E-05   3.008481E-05   6.743286E-05   6.743286E-05   6.743286E-05   6.743286E-05   2.000000E-05   2.000000E-05   2.000000E-05   2.000000E-05   2.000000E-05   2.000000E-05   2.000000E-05   2.000000E-05   2.919107E-05   2.994551E-05   3.709766E-05   2.199888E-05
   3.161828E-05   2.435637E-05   2.329411E-05   2.234295E-05   6.743286E-05   6.743286E-05   6.743286E-05   6.743286E-05   2.000000E-05   2.000000E-05   2.000000E-05   2.000000E-05   2.000000E-05   2.000000E-05   2.000000E-05   2.588376E-05   3.527592E-05   3.409849E-05   3.181389E-05   2.577038E-05
   2.546524E-05   2.470919E-05   2.000000E-05   2.015184E-05   6.743286E-05   6.743286E-05   2.000000E-05   2.000000E-05   2.000000E-05   2.000000E-05   2.000000E-05   2.000000E-05   2.000000E-05   2.000000E-05   2.114018E-05   3.463509E-05   7.571602E-05   4.492693E-05   4.758923E-05   2.970915E-05
   2.103734E-05   2.000000E-05   2.000000E-05   2.309641E-05   2.000000E-05   6.743286E-05   2.000000E-05   2.000000E-05   2.000000E-05   2.000000E-05   2.000000E-05   2.000000E-05   2.000000E-05   2.000000E-05   3.501705E-05   6.047086E-05   4.518498E-05   4.902588E-05   4.074768E-05   2.919851E-05
   3.627497E-05   2.840919E-05   2.000000E-05   2.000000E-05   3.080343E-05   2.305341E-05   2.371264E-05   2.000000E-05   2.000000E-05   2.000000E-05   2.000000E-05   2.000000E-05   2.263989E-05   2.419815E-05   3.601259E-05   6.728795E-05   5.756561E-05   7.356633E-05   5.501089E-05   3.559965E-05
   3.959643E-05   3.179893E-05   2.684839E-05   2.435616E-05   2.682695E-05   3.948377E-05   3.956956E-05   2.816134E-05   2.523002E-05   2.876714E-05   2.000000E-05   2.739101E-05   3.097371E-05   2.682411E-05   4.455942E-05   6.972685E-05   6.295955E-05   6.783734E-05   5.301587E-05   4.566990E-05
   4.730188E-05   4.317578E-05   5.557055E-05   3.612490E-05   3.418763E-05   3.585635E-05   4.236734E-05   5.501392E-05   4.948660E-05   3.454628E-05   4.338082E-05   2.602509E-05   2.159732E-05   4.618731E-05   2.574133E-05   5.650549E-05   7.011259E-05   5.655840E-05   6.019014E-05   5.123875E-05
   5.562134E-05   4.461342E-05   5.849080E-05   3.368355E-05   6.196804E-05   6.861728E-05   1.284729E-04   1.251267E-04   5.353963E-05   5.611347E-05   7.715451E-05   6.663898E-05   5.750152E-05   6.694195E-05   6.697884E-05   6.461099E-05   6.472196E-05   6.772540E-05   8.296781E-05   4.362382E-05
   3.520352E-05   3.377543E-05   2.907356E-05   4.284362E-05   9.222146E-05   1.107843E-04   1.631146E-04   1.044829E-04   7.909239E-05   8.210390E-05   6.468076E-05   6.076642E-05   4.859132E-05   6.985827E-05   3.708033E-05   7.575517E-05   5.644028E-05   5.164771E-05   4.622162E-05   4.462762E-05
   2.571360E-05   2.611872E-05   5.856416E-05   9.754687E-05   1.418428E-04   1.027266E-04   1.124496E-04   1.425972E-04   1.260593E-04   9.584866E-05   7.929275E-05   6.232696E-05   5.656396E-05   4.067370E-05   4.424401E-05   5.548690E-05   3.230571E-05   3.984959E-05   3.439722E-05   2.590609E-05
   3.596432E-05   3.912735E-05   6.670157E-05   1.033730E-04   8.242567E-05   7.362157E-05   9.155268E-05   1.068109E-04   1.046409E-04   1.138700E-04   1.170081E-04   8.772241E-05   4.357553E-05   5.089942E-05   3.912095E-05   3.506909E-05   3.576065E-05   2.429745E-05   2.582459E-05   3.481538E-05
   3.448240E-05   2.770530E-05   4.344164E-05   6.688313E-05   6.388814E-05   5.942830E-05   7.738300E-05   9.848716E-05   6.395845E-05   7.866930E-05   9.383383E-05   6.832311E-05   6.035473E-05   4.636647E-05   3.797954E-05   2.738873E-05   2.000000E-05   2.000000E-05   2.335094E-05   2.431867E-05
   6.790651E-05   2.982548E-05   2.412141E-05   3.735406E-05   5.274567E-05   8.874119E-05   8.863671E-05   1.141506E-04   1.692572E-04   1.039826E-04   6.795582E-05   7.546999E-05   9.386624E-05   7.460610E-05   3.232826E-05   4.100366E-05   2.213078E-05   2.000000E-05   3.069827E-05   5.673454E-05
   6.743286E-05   5.429054E-05   5.573739E-05   6.819671E-05   8.195915E-05   7.430355E-05   7.749677E-05   8.021983E-05   1.468729E-04   9.255414E-05   5.260442E-05   6.002917E-05   5.874139E-05   3.243239E-05   3.650204E-05   2.458582E-05   2.598950E-05   2.837515E-05   3.212801E-05   4.811020E-05
   6.743286E-05   6.743286E-05   7.633193E-05   9.075770E-05   1.073646E-04   1.263142E-04   8.166515E-05   8.109361E-05   7.533432E-05   7.333085E-05   4.913080E-05   4.519668E-05   3.552217E-05   2.952381E-05   2.989241E-05   4.260047E-05   3.090448E-05   3.269382E-05   3.922475E-05   4.712690E-05
   6.743286E-05   6.743286E-05   6.743286E-05   8.485945E-05   1.039860E-04   1.816117E-04   9.988059E-05   7.480016E-05   4.696696E-05   3.774161E-05   5.371687E-05   5.164100E-05   3.520699E-05   2.946996E-05   3.324246E-05   4.379306E-05   3.413058E-05   5.427723E-05   4.944566E-05   5.293313E-05
   6.743286E-05   6.743286E-05   6.743286E-05   6.743286E-05   1.094055E-04   8.185420E-05   7.169042E-05   4.861123E-05   3.352529E-05   2.572537E-05   5.607096E-05   6.314911E-05   5.156263E-05   5.245550E-05   3.380588E-05   3.983939E-05   5.596959E-05   7.285968E-05   9.078831E-05   6.743286E-05
   6.743286E-05   6.743286E-05   6.743286E-05   6.743286E-05   9.357022E-05   6.214767E-05   5.546420E-05   4.095977E-05   3.044212E-05   2.630561E-05   5.920861E-05   8.943089E-05   5.639813E-05   4.767426E-05   3.364957E-05   4.439004E-05   3.416066E-05   7.695753E-05   6.131699E-05   6.743286E-05
   6.743286E-05   6.743286E-05   6.743286E-05   6.743286E-05   6.743286E-05   3.900262E-05   4.815298E-05   2.591576E-05   3.206641E-05   3.197965E-05   4.418674E-05   3.535601E-05   2.622869E-05   6.743537E-05   3.705902E-05   7.348830E-05   4.225206E-05   4.752118E-05   6.743286E-05   6.743286E-05
   6.743286E-05   6.743286E-05   6.743286E-05   6.743286E-05   6.743286E-05   4.037959E-05   5.406063E-05   2.618248E-05   2.714004E-05   2.793293E-05   4.936160E-05   4.037670E-05   2.776804E-05   4.581803E-05   5.063195E-05   5.129126E-05   7.226044E-05   6.743286E-05   6.743286E-05   6.743286E-05
   6.743286E-05   6.743286E-05   6.743286E-05   6.743286E-05   6.743286E-05   4.759499E-05   4.475350E-05   2.937767E-05   2.388507E-05   4.725890E-05   3.060173E-05   4.618129E-05   3.849096E-05   3.761168E-05   2.906655E-05   3.979990E-05   6.743286E-05   6.743286E-05   6.743286E-05   6.743286E-05
