   1.000000E-02   1.000000E-02   1.000000E-02   1.000000E-02   1.000000E-02   1.000000E-02   1.000000E-02   1.000000E-02   1.000000E-02   1.000000E-02   1.000000E-02   1.711719E-02   1.329093E-02   2.121165E-02   1.418169E-02   1.062343E-02   1.559424E-02   1.789186E-02   1.000000E-02   1.010798E-02
   1.000000E-02   1.000000E-02   1.000000E-02   1.000000E-02   1.000000E-02   1.000000E-02   1.000000E-02   1.000000E-02   1.000000E-02   1.000000E-02   1.000000E-02   1.199848E-02   1.000000E-02   1.044535E-02   1.000000E-02   2.123896E-02   1.584345E-02   1.665334E-02   1.292857E-02   1.054736E-02
   1.000000E-02   1.000000E-02   1.000000E-02   1.000000E-02   1.000000E-02   1.000000E-02   1.000000E-02   1.000000E-02   1.000000E-02   1.000000E-02   1.000000E-02   1.317473E-02   1.103727E-02   1.049198E-02   1.451177E-02   1.517318E-02   1.000000E-02   1.000000E-02   1.346287E-02   1.857314E-02
   1.000000E-02   1.000000E-02   1.000000E-02   1.000000E-02   1.000000E-02   1.000000E-02   1.000000E-02   1.000000E-02   1.000000E-02   1.000000E-02   1.000000E-02   1.000000E-02   1.303377E-02   1.045970E-02   1.000000E-02   1.477130E-02   1.000000E-02   1.005402E-02   1.000000E-02   1.460669E-02
   1.000000E-02   1.000000E-02   1.000000E-02   1.000000E-02   1.000000E-02   1.000000E-02   1.000000E-02   1.000000E-02   1.000000E-02   1.000000E-02   1.000000E-02   1.000000E-02   1.000000E-02   1.092302E-02   1.000000E-02   1.000000E-02   1.000000E-02   1.544457E-02   1.365722E-02   1.000000E-02
   1.000000E-02   1.000000E-02   1.000000E-02   1.000000E-02   1.000000E-02   1.000000E-02   1.000000E-02   1.000000E-02   1.000000E-02   1.000000E-02   1.000000E-02   1.000000E-02   1.000000E-02   1.000000E-02   1.000000E-02   1.000000E-02   1.000000E-02   1.000000E-02   1.000000E-02   1.045814E-02
   1.000000E-02   1.017238E-02   1.000000E-02   1.000000E-02   1.000000E-02   1.000000E-02   1.000000E-02   1.000000E-02   1.000000E-02   1.000000E-02   1.000000E-02   1.000000E-02   1.000000E-02   1.000000E-02   1.000000E-02   1.000000E-02   1.000000E-02   1.068133E-02   1.335275E-02   1.780042E-02
   1.000000E-02   1.057879E-02   1.000000E-02   1.000000E-02   1.000000E-02   1.000000E-02   1.000000E-02   1.000000E-02   1.000000E-02   1.000000E-02   1.000000E-02   1.000000E-02   1.000000E-02   1.000000E-02   1.000000E-02   1.000000E-02   1.000000E-02   1.000000E-02   1.000000E-02   1.000000E-02
   1.000000E-02   1.000000E-02   1.000000E-02   1.000000E-02   1.000000E-02   1.000000E-02   1.000000E-02   1.000000E-02   1.000000E-02   1.000000E-02   1.000000E-02   1.000000E-02   1.000000E-02   1.000000E-02   1.000000E-02   1.000000E-02   1.000000E-02   1.000000E-02   1.000000E-02   1.000000E-02
   1.000000E-02   1.000000E-02   1.000000E-02   1.000000E-02   1.000000E-02   1.000000E-02   1.000000E-02   1.000000E-02   1.000000E-02   1.000000E-02   1.000000E-02   1.042071E-02   1.000000E-02   1.000000E-02   1.000000E-02   1.000000E-02   1.000000E-02   1.000000E-02   1.000000E-02   1.000000E-02
   1.000000E-02   1.000000E-02   1.000000E-02   1.000000E-02   1.000000E-02   1.000000E-02   1.000000E-02   1.000000E-02   1.000000E-02   1.000000E-02   1.000000E-02   1.000000E-02   1.000000E-02   1.000000E-02   1.000000E-02   1.000000E-02   1.000000E-02   1.000000E-02   1.000000E-02   1.000000E-02
   1.000000E-02   1.000000E-02   1.019394E-02   1.000000E-02   1.000000E-02   1.000000E-02   1.000000E-02   1.000000E-02   1.000000E-02   1.000000E-02   1.000000E-02   1.234523E-02   1.000000E-02   1.000000E-02   1.000000E-02   1.000000E-02   1.000000E-02   1.000000E-02   1.000000E-02   1.000000E-02
   1.000000E-02   1.000000E-02   1.016312E-02   1.000000E-02   1.000000E-02   1.000000E-02   1.000000E-02   1.000000E-02   1.000000E-02   1.000000E-02   1.129632E-02   1.000000E-02   1.000000E-02   1.000000E-02   1.000000E-02   1.000000E-02   1.000000E-02   1.000000E-02   1.000000E-02   1.000000E-02
   1.000000E-02   1.000000E-02   1.000000E-02   1.000000E-02   1.000000E-02   1.000000E-02   1.000000E-02   1.000000E-02   1.000000E-02   1.000000E-02   1.000000E-02   1.000000E-02   1.000000E-02   1.000000E-02   1.000000E-02   1.000000E-02   1.000000E-02   1.000000E-02   1.000000E-02   1.000000E-02
   1.187798E-02   1.000000E-02   1.000000E-02   1.000000E-02   1.000000E-02   1.000000E-02   1.000000E-02   1.000000E-02   1.000000E-02   1.000000E-02   1.000000E-02   1.000000E-02   1.000000E-02   1.000000E-02   1.000000E-02   1.000000E-02   1.000000E-02   1.000000E-02   1.000000E-02   1.000000E-02
   1.000000E-02   1.000000E-02   1.000000E-02   1.000000E-02   1.000000E-02   1.000000E-02   1.000000E-02   1.000000E-02   1.000000E-02   1.000000E-02   1.000000E-02   1.000000E-02   1.000000E-02   1.000000E-02   1.000000E-02   1.000000E-02   1.000000E-02   1.000000E-02   1.000000E-02   1.278418E-02
   1.395927E-02   1.000000E-02   1.000000E-02   1.000000E-02   1.000000E-02   1.000000E-02   1.000000E-02   1.000000E-02   1.000000E-02   1.000000E-02   1.000000E-02   1.000000E-02   1.000000E-02   1.000000E-02   1.000000E-02   1.000000E-02   1.221144E-02   1.014054E-02   1.183634E-02   1.221690E-02
   1.000000E-02   1.000000E-02   1.000000E-02   1.000000E-02   1.000000E-02   1.000000E-02   1.000000E-02   1.000000E-02   1.000000E-02   1.000000E-02   1.000000E-02   1.000000E-02   1.000000E-02   1.000000E-02   1.000000E-02   1.010691E-02   1.125876E-02   1.131871E-02   1.701655E-02   1.322160E-02
   1.000000E-02   1.000000E-02   1.000000E-02   1.000000E-02   1.000000E-02   1.000000E-02   1.000000E-02   1.000000E-02   1.000000E-02   1.000000E-02   1.000000E-02   1.000000E-02   1.000000E-02   1.000000E-02   1.171299E-02   1.000000E-02   1.000000E-02   1.000000E-02   1.000000E-02   1.211096E-02
   1.000000E-02   1.000000E-02   1.000000E-02   1.000000E-02   1.000000E-02   1.000000E-02   1.000000E-02   1.000000E-02   1.000000E-02   1.000000E-02   1.000000E-02   1.000000E-02   1.000000E-02   1.000000E-02   1.000000E-02   1.000000E-02   1.000000E-02   1.000000E-02   1.000000E-02   1.000000E-02
   1.000000E-02   1.000000E-02   1.000000E-02   1.000000E-02   1.000000E-02   1.000000E-02   1.000000E-02   1.000000E-02   1.000000E-02   1.000000E-02   1.000000E-02   1.000000E-02   1.000000E-02   1.000000E-02   1.000000E-02   1.000000E-02   1.000000E-02   1.000000E-02   1.000000E-02   1.000000E-02
   1.000000E-02   1.000000E-02   1.000000E-02   1.297020E-02   1.000000E-02   1.000000E-02   1.889510E-02   1.479031E-02   1.000000E-02   1.000000E-02   1.000000E-02   1.000000E-02   1.000000E-02   1.000000E-02   1.000000E-02   1.000000E-02   1.000000E-02   1.000000E-02   1.000000E-02   1.000000E-02
   1.000000E-02   1.000000E-02   1.000000E-02   1.531943E-02   1.726419E-02   1.000000E-02   2.300750E-02   1.645863E-02   1.026006E-02   1.000000E-02   1.000000E-02   1.000000E-02   1.000000E-02   1.000000E-02   1.000000E-02   1.000000E-02   1.000000E-02   1.000000E-02   1.000000E-02   1.000000E-02
   1.000000E-02   1.000000E-02   1.000000E-02   1.078946E-02   1.368767E-02   1.134268E-02   1.643282E-02   1.112252E-02   1.000000E-02   1.000000E-02   1.000000E-02   1.000000E-02   1.000000E-02   1.000000E-02   1.000000E-02   1.000000E-02   1.000000E-02   1.000000E-02   1.000000E-02   1.000000E-02
   1.000000E-02   1.000000E-02   1.000000E-02   1.000000E-02   1.416511E-02   1.218037E-02   1.084170E-02   1.000000E-02   1.000000E-02   1.000000E-02   1.000000E-02   1.000000E-02   1.000000E-02   1.000000E-02   1.000000E-02   1.000000E-02   1.000000E-02   1.000000E-02   1.000000E-02   1.248404E-02
   1.000000E-02   1.000000E-02   1.000000E-02   1.205406E-02   1.000000E-02   1.000000E-02   1.000000E-02   1.000000E-02   1.000000E-02   1.000000E-02   1.000000E-02   1.013829E-02   1.000000E-02   1.000000E-02   1.000000E-02   1.000000E-02   1.000000E-02   1.000000E-02   1.000000E-02   1.034843E-02
   1.290338E-02   1.000000E-02   1.212595E-02   1.349495E-02   1.000000E-02   1.000000E-02   1.000000E-02   1.000000E-02   1.000000E-02   1.000000E-02   1.000000E-02   1.000000E-02   1.000000E-02   1.000000E-02   1.000000E-02   1.000000E-02   1.000000E-02   1.000000E-02   1.000000E-02   1.259377E-02
   1.174715E-02   1.267114E-02   1.000000E-02   1.077161E-02   1.000000E-02   1.000000E-02   1.000000E-02   1.000000E-02   1.000000E-02   1.000000E-02   1.000000E-02   1.000000E-02   1.000000E-02   1.000000E-02   1.000000E-02   1.000000E-02   1.000000E-02   1.025975E-02   1.000000E-02   1.220746E-02
   1.000000E-02   1.000000E-02   1.000000E-02   1.000000E-02   1.000000E-02   1.000000E-02   1.294588E-02   1.000000E-02   1.212866E-02   1.000000E-02   1.069617E-02   1.095282E-02   1.000000E-02   1.000000E-02   1.000000E-02   1.000000E-02   1.038652E-02   1.014103E-02   1.000000E-02   1.000000E-02
   1.187777E-02   1.032182E-02   1.000000E-02   1.000000E-02   1.023891E-02   1.000000E-02   1.762581E-02   1.974625E-02   2.153346E-02   1.152885E-02   1.207519E-02   1.112696E-02   1.195144E-02   1.000000E-02   1.000000E-02   1.000000E-02   1.000000E-02   1.000000E-02   1.000000E-02   1.000000E-02
   1.585269E-02   1.440530E-02   1.000000E-02   1.000000E-02   1.120824E-02   1.321506E-02   1.899323E-02   2.434760E-02   3.012293E-02   1.132433E-02   1.096453E-02   1.114493E-02   1.000000E-02   1.000000E-02   1.000000E-02   1.000000E-02   1.289719E-02   1.000000E-02   1.000000E-02   1.000000E-02
   1.957243E-02   2.215222E-02   1.382898E-02   1.000000E-02   1.403087E-02   1.515150E-02   1.480987E-02   1.780113E-02   1.791484E-02   2.433694E-02   1.625963E-02   1.046495E-02   1.000000E-02   1.000000E-02   1.000000E-02   1.000000E-02   1.104518E-02   1.000000E-02   1.000000E-02   1.000000E-02
   1.000000E-02   1.534312E-02   1.318916E-02   1.191769E-02   1.191476E-02   1.297844E-02   2.642922E-02   2.804316E-02   2.468120E-02   3.256414E-02   2.129510E-02   1.023228E-02   1.000000E-02   1.000000E-02   1.000000E-02   1.000000E-02   1.160219E-02   1.000000E-02   1.000000E-02   1.000000E-02
   1.000000E-02   1.000000E-02   1.835162E-02   1.155995E-02   1.580298E-02   1.824913E-02   1.879549E-02   2.812175E-02   2.139180E-02   2.410905E-02   1.724840E-02   2.224036E-02   1.449799E-02   1.000000E-02   1.000000E-02   1.000000E-02   1.000000E-02   1.000000E-02   1.000000E-02   1.000000E-02
   1.000000E-02   1.000000E-02   1.000000E-02   1.117581E-02   2.129041E-02   1.941223E-02   1.582946E-02   2.350588E-02   2.757523E-02   3.963666E-02   2.900244E-02   2.014758E-02   1.128871E-02   1.000000E-02   1.000000E-02   1.000000E-02   1.000000E-02   1.000000E-02   1.000000E-02   1.327882E-02
   1.000000E-02   1.000000E-02   1.000000E-02   1.000000E-02   2.087658E-02   2.221669E-02   2.775667E-02   3.416012E-02   3.218640E-02   3.353537E-02   4.208871E-02   2.518596E-02   2.189789E-02   1.055386E-02   1.000000E-02   1.000000E-02   1.000000E-02   1.000000E-02   1.171284E-02   1.000000E-02
   1.000000E-02   1.000000E-02   1.000000E-02   1.000000E-02   1.485208E-02   2.297453E-02   2.444631E-02   2.012240E-02   2.129997E-02   1.972106E-02   2.586878E-02   3.166552E-02   2.428613E-02   1.848404E-02   1.168404E-02   1.000000E-02   1.502128E-02   1.704074E-02   1.265003E-02   1.000000E-02
   1.000000E-02   1.000000E-02   1.000000E-02   1.000000E-02   1.000000E-02   1.744522E-02   3.268907E-02   1.980592E-02   2.423479E-02   2.001291E-02   1.202568E-02   1.797886E-02   2.964672E-02   1.949184E-02   1.000000E-02   1.655889E-02   2.430695E-02   2.655451E-02   1.000000E-02   1.000000E-02
   1.000000E-02   1.000000E-02   1.000000E-02   1.000000E-02   1.000000E-02   1.707543E-02   1.445467E-02   1.553879E-02   1.247229E-02   1.807627E-02   1.551900E-02   1.181787E-02   1.236972E-02   1.653734E-02   1.438723E-02   2.093845E-02   1.610240E-02   1.000000E-02   1.000000E-02   1.000000E-02
   1.000000E-02   1.000000E-02   1.000000E-02   1.000000E-02   1.000000E-02   1.892453E-02   2.245392E-02   1.945127E-02   1.000000E-02   1.212031E-02   1.383916E-02   1.353551E-02   1.662470E-02   1.487958E-02   1.722543E-02   1.659589E-02   1.000000E-02   1.000000E-02   1.000000E-02   1.000000E-02
