   1.230126E-04   8.170249E-05   1.307015E-04   7.893870E-05   7.212934E-05   1.234047E-04   1.635550E-04   9.207411E-05   4.395447E-05   5.231133E-05   6.541742E-05   7.563642E-05   1.282710E-04   9.979603E-05   9.937254E-05   1.178481E-04   7.265771E-05   1.271940E-04   5.282110E-05   6.497429E-05
   1.234474E-04   1.354985E-04   1.232195E-04   8.629070E-05   9.936362E-05   1.207890E-04   1.684940E-04   1.174318E-04   5.027191E-05   7.373600E-05   3.991524E-05   6.038737E-05   1.160382E-04   1.334091E-04   1.424659E-04   1.113255E-04   1.546186E-04   1.053233E-04   6.968991E-05   4.956305E-05
   7.480482E-05   9.482654E-05   7.250456E-05   9.493603E-05   9.682342E-05   6.444701E-05   1.716398E-04   9.445620E-05   6.101382E-05   5.730794E-05   5.419049E-05   5.475480E-05   1.164775E-04   1.960060E-04   2.000000E-04   6.614708E-05   1.194743E-04   8.666854E-05   8.166351E-05   5.840447E-05
   5.832935E-05   8.423053E-05   9.108176E-05   9.616300E-05   1.611092E-04   1.297026E-04   9.634567E-05   7.867731E-05   8.494535E-05   6.624720E-05   5.353219E-05   5.456371E-05   7.826237E-05   9.937785E-05   9.883284E-05   6.849017E-05   5.984808E-05   7.828301E-05   7.310022E-05   7.881403E-05
   1.073059E-04   6.061587E-05   1.242687E-04   1.005321E-04   1.105665E-04   1.001934E-04   1.724218E-04   1.348766E-04   8.346426E-05   5.233055E-05   6.721376E-05   8.391937E-05   4.264830E-05   5.264342E-05   5.948048E-05   6.797917E-05   7.275576E-05   7.524052E-05   6.709125E-05   6.020830E-05
   9.358285E-05   1.511256E-04   1.616481E-04   1.147288E-04   8.759616E-05   9.621730E-05   1.331473E-04   1.172418E-04   8.323520E-05   8.636463E-05   7.823063E-05   7.028727E-05   4.752126E-05   4.631241E-05   4.238936E-05   4.830596E-05   6.018033E-05   8.553062E-05   7.853149E-05   7.163404E-05
   8.503785E-05   1.576124E-04   1.156139E-04   1.840350E-04   1.318453E-04   1.289904E-04   8.228363E-05   1.036764E-04   1.041506E-04   1.353099E-04   1.118919E-04   6.634052E-05   7.873730E-05   3.979725E-05   3.433641E-05   3.575179E-05   3.600971E-05   3.348890E-05   6.652766E-05   5.205354E-05
   1.174900E-04   1.373261E-04   1.725356E-04   1.717169E-04   1.822860E-04   9.435419E-05   7.827221E-05   6.648983E-05   1.071635E-04   1.909095E-04   8.625278E-05   8.564695E-05   1.156388E-04   4.564519E-05   2.803842E-05   4.383964E-05   2.834946E-05   4.131514E-05   4.344860E-05   5.792446E-05
   1.202921E-04   1.208178E-04   1.329289E-04   1.577567E-04   9.526197E-05   9.526197E-05   9.526197E-05   1.295656E-04   1.060131E-04   1.767150E-04   1.057834E-04   5.726027E-05   8.930538E-05   3.603281E-05   3.752241E-05   3.140263E-05   3.676907E-05   6.143981E-05   5.620338E-05   5.905242E-05
   1.064299E-04   1.422821E-04   2.000000E-04   1.790320E-04   9.526197E-05   9.526197E-05   9.526197E-05   9.526197E-05   1.106074E-04   1.377332E-04   1.001517E-04   1.045786E-04   5.609466E-05   4.971899E-05   3.187354E-05   2.749737E-05   2.543480E-05   3.577156E-05   3.156084E-05   4.222879E-05
   1.338848E-04   2.000000E-04   2.000000E-04   1.536063E-04   9.526197E-05   9.526197E-05   9.526197E-05   9.526197E-05   9.984431E-05   1.255577E-04   1.011871E-04   7.826048E-05   3.690788E-05   4.224872E-05   4.742665E-05   3.381280E-05   2.773879E-05   2.443619E-05   3.183581E-05   2.445921E-05
   2.000000E-04   2.000000E-04   2.000000E-04   1.799685E-04   9.526197E-05   9.526197E-05   9.526197E-05   9.526197E-05   9.056149E-05   1.046694E-04   1.425400E-04   6.675271E-05   3.669950E-05   3.785456E-05   3.257253E-05   4.047228E-05   3.136127E-05   2.167470E-05   2.312229E-05   3.051057E-05
   2.000000E-04   2.000000E-04   2.000000E-04   1.597778E-04   9.526197E-05   9.526197E-05   9.526197E-05   9.526197E-05   9.676114E-05   1.074998E-04   9.307083E-05   5.161346E-05   3.448372E-05   2.000000E-05   2.278141E-05   3.941978E-05   5.819665E-05   3.372752E-05   3.234967E-05   3.055495E-05
   1.380587E-04   2.000000E-04   2.000000E-04   2.000000E-04   9.526197E-05   9.526197E-05   9.526197E-05   9.526197E-05   6.555632E-05   1.016012E-04   9.879375E-05   5.249595E-05   2.138815E-05   2.000000E-05   2.000000E-05   3.633128E-05   6.340997E-05   4.761090E-05   2.935608E-05   2.867963E-05
   2.000000E-04   2.000000E-04   2.000000E-04   2.000000E-04   9.526197E-05   9.526197E-05   9.526197E-05   9.526197E-05   4.172282E-05   5.159157E-05   6.552212E-05   4.478367E-05   2.482409E-05   2.116541E-05   2.000000E-05   2.903714E-05   6.017520E-05   4.955511E-05   4.224776E-05   2.764957E-05
   1.253338E-04   1.847313E-04   1.797700E-04   8.915381E-05   9.526197E-05   9.526197E-05   9.526197E-05   9.526197E-05   7.775633E-05   3.757930E-05   4.877099E-05   3.102940E-05   2.519864E-05   2.000000E-05   2.284222E-05   2.568220E-05   5.421461E-05   4.976181E-05   5.211675E-05   7.617864E-05
   1.451850E-04   2.000000E-04   9.200153E-05   4.996171E-05   9.526197E-05   9.526197E-05   9.526197E-05   9.526197E-05   2.680821E-05   3.417087E-05   4.464961E-05   2.577293E-05   2.235521E-05   2.000000E-05   2.000000E-05   2.635519E-05   5.699498E-05   4.786287E-05   7.478790E-05   1.047864E-04
   9.594797E-05   1.525247E-04   1.106920E-04   1.080514E-04   9.526197E-05   9.526197E-05   9.526197E-05   9.526197E-05   2.451603E-05   2.057060E-05   2.745571E-05   2.697129E-05   2.000000E-05   2.000000E-05   2.000000E-05   2.000000E-05   3.227256E-05   9.687112E-05   1.297776E-04   8.702837E-05
   1.166865E-04   9.233620E-05   7.989066E-05   6.283242E-05   9.526197E-05   9.526197E-05   9.526197E-05   9.526197E-05   4.076799E-05   3.939216E-05   2.231592E-05   2.000000E-05   2.000000E-05   2.000000E-05   2.080421E-05   3.578004E-05   4.278696E-05   7.524000E-05   9.424132E-05   5.917967E-05
   6.481815E-05   1.011656E-04   8.117787E-05   6.231296E-05   9.526197E-05   9.526197E-05   9.526197E-05   9.526197E-05   2.000000E-05   2.000000E-05   2.000000E-05   2.000000E-05   2.000000E-05   2.000000E-05   2.643787E-05   4.119229E-05   6.046182E-05   6.202444E-05   7.683828E-05   4.556504E-05
   6.548915E-05   5.044796E-05   4.824777E-05   4.627770E-05   9.526197E-05   9.526197E-05   9.526197E-05   9.526197E-05   2.000000E-05   2.000000E-05   2.000000E-05   2.000000E-05   2.000000E-05   2.000000E-05   2.098316E-05   5.361157E-05   7.306502E-05   7.062627E-05   6.589431E-05   5.337673E-05
   5.274470E-05   5.117876E-05   3.294144E-05   4.173937E-05   9.526197E-05   9.526197E-05   2.000000E-05   2.000000E-05   2.000000E-05   2.000000E-05   2.000000E-05   2.000000E-05   2.326820E-05   2.242797E-05   4.378647E-05   7.173770E-05   1.568263E-04   9.305461E-05   9.856888E-05   6.153489E-05
   4.357345E-05   3.188183E-05   2.528893E-05   4.783829E-05   3.528883E-05   9.526197E-05   2.694330E-05   2.039006E-05   2.000000E-05   2.000000E-05   2.000000E-05   2.000000E-05   2.791234E-05   2.632727E-05   7.252882E-05   1.252499E-04   9.358910E-05   1.015445E-04   8.439837E-05   6.047723E-05
   7.513429E-05   5.884236E-05   3.896994E-05   4.140284E-05   6.380140E-05   4.774923E-05   4.911466E-05   3.126849E-05   3.353734E-05   2.999651E-05   2.000000E-05   2.260121E-05   4.689272E-05   5.012026E-05   7.459084E-05   1.393697E-04   1.192324E-04   1.523738E-04   1.139409E-04   7.373553E-05
   8.201384E-05   6.586333E-05   5.560955E-05   5.044753E-05   5.556515E-05   8.178051E-05   8.195818E-05   5.832900E-05   5.225751E-05   5.958374E-05   3.489380E-05   5.673345E-05   6.415409E-05   5.555926E-05   9.229340E-05   1.444213E-04   1.304046E-04   1.405076E-04   1.098088E-04   9.459347E-05
   9.797372E-05   8.942755E-05   1.151001E-04   7.482346E-05   7.081091E-05   7.426724E-05   8.775308E-05   1.139472E-04   1.024988E-04   7.155375E-05   8.985224E-05   5.390429E-05   4.473331E-05   9.566517E-05   5.331656E-05   1.170366E-04   1.452202E-04   1.171462E-04   1.246684E-04   1.061279E-04
   1.152053E-04   9.240526E-05   1.211487E-04   6.976683E-05   1.283509E-04   1.421231E-04   2.000000E-04   2.000000E-04   1.108936E-04   1.162246E-04   1.598058E-04   1.380256E-04   1.190996E-04   1.386531E-04   1.387295E-04   1.338251E-04   1.340549E-04   1.402758E-04   1.718465E-04   9.035556E-05
   7.291506E-05   6.995713E-05   6.021842E-05   8.873957E-05   1.910131E-04   2.000000E-04   2.000000E-04   2.000000E-04   1.638196E-04   1.700572E-04   1.339696E-04   1.258621E-04   1.006445E-04   1.446935E-04   7.680239E-05   1.569074E-04   1.169016E-04   1.069750E-04   9.573624E-05   9.243466E-05
   5.325912E-05   5.409822E-05   1.213006E-04   2.000000E-04   2.000000E-04   2.000000E-04   2.000000E-04   2.000000E-04   2.000000E-04   1.985259E-04   1.642346E-04   1.290943E-04   1.171577E-04   8.424514E-05   9.164012E-05   1.149269E-04   6.691300E-05   8.253820E-05   7.124502E-05   5.365782E-05
   7.449087E-05   8.104227E-05   1.381552E-04   2.000000E-04   1.707236E-04   1.524882E-04   1.896279E-04   2.000000E-04   2.000000E-04   2.000000E-04   2.000000E-04   1.816945E-04   9.025553E-05   1.054251E-04   8.102901E-05   7.263662E-05   7.406901E-05   5.032593E-05   5.348902E-05   7.211114E-05
   7.142144E-05   5.738441E-05   8.997821E-05   1.385312E-04   1.323279E-04   1.230905E-04   1.602790E-04   2.000000E-04   1.324735E-04   1.629433E-04   1.943527E-04   1.415138E-04   1.250093E-04   9.603625E-05   7.866488E-05   5.672872E-05   3.890293E-05   4.107110E-05   4.836547E-05   5.036988E-05
   1.406509E-04   6.177584E-05   4.996131E-05   7.736935E-05   1.092491E-04   1.838046E-04   1.835882E-04   2.000000E-04   2.000000E-04   2.000000E-04   1.407531E-04   1.563167E-04   1.944198E-04   1.545274E-04   6.695970E-05   8.492856E-05   4.583824E-05   2.846992E-05   6.358359E-05   1.175111E-04
   9.526197E-05   1.124489E-04   1.154457E-04   1.412520E-04   1.697573E-04   1.539007E-04   1.605147E-04   1.661548E-04   2.000000E-04   1.917022E-04   1.089566E-04   1.243350E-04   1.216677E-04   6.717537E-05   7.560462E-05   5.092323E-05   5.383057E-05   5.877183E-05   6.654492E-05   9.964793E-05
   9.526197E-05   9.526197E-05   1.581020E-04   1.879813E-04   2.000000E-04   2.000000E-04   1.691484E-04   1.679646E-04   1.560357E-04   1.518860E-04   1.017618E-04   9.361334E-05   7.357507E-05   6.115100E-05   6.191447E-05   8.823594E-05   6.401070E-05   6.771687E-05   8.124400E-05   9.761128E-05
   9.526197E-05   9.526197E-05   9.526197E-05   1.757646E-04   2.000000E-04   2.000000E-04   2.000000E-04   1.549293E-04   9.728001E-05   7.817207E-05   1.112607E-04   1.069611E-04   7.292224E-05   6.103947E-05   6.885322E-05   9.070608E-05   7.069273E-05   1.124214E-04   1.024140E-04   1.096374E-04
   9.526197E-05   9.526197E-05   9.526197E-05   9.526197E-05   2.000000E-04   1.695400E-04   1.484883E-04   1.006857E-04   6.943904E-05   5.328350E-05   1.161366E-04   1.307972E-04   1.067988E-04   1.086481E-04   7.002020E-05   8.251708E-05   1.159267E-04   1.509101E-04   1.880447E-04   9.526197E-05
   9.526197E-05   9.526197E-05   9.526197E-05   9.526197E-05   1.938067E-04   1.287230E-04   1.148799E-04   8.483765E-05   6.305305E-05   5.448532E-05   1.226354E-04   1.852331E-04   1.168142E-04   9.874500E-05   6.969644E-05   9.194257E-05   7.075503E-05   1.593978E-04   1.270024E-04   9.526197E-05
   9.526197E-05   9.526197E-05   9.526197E-05   9.526197E-05   9.526197E-05   8.078392E-05   9.973654E-05   5.367786E-05   6.641734E-05   6.623764E-05   9.152150E-05   7.323091E-05   5.432599E-05   1.396751E-04   7.675826E-05   1.522122E-04   8.751431E-05   9.842793E-05   9.526197E-05   9.526197E-05
   9.526197E-05   9.526197E-05   9.526197E-05   9.526197E-05   9.526197E-05   8.363597E-05   1.119727E-04   5.423029E-05   5.621363E-05   5.785589E-05   1.022399E-04   8.362997E-05   5.751437E-05   9.490028E-05   1.048711E-04   1.062367E-04   1.496690E-04   9.526197E-05   9.526197E-05   9.526197E-05
   9.526197E-05   9.526197E-05   9.526197E-05   9.526197E-05   9.526197E-05   9.858081E-05   9.269539E-05   6.084830E-05   4.947179E-05   9.788469E-05   6.338364E-05   9.565270E-05   7.972414E-05   7.790295E-05   6.020390E-05   8.243528E-05   9.526197E-05   9.526197E-05   9.526197E-05   9.526197E-05
