   2.491022E-05   2.000000E-05   2.646725E-05   2.000000E-05   2.000000E-05   2.498963E-05   3.312014E-05   2.000000E-05   2.000000E-05   2.000000E-05   2.000000E-05   2.000000E-05   2.597507E-05   2.020884E-05   2.012308E-05   2.386440E-05   2.000000E-05   2.575697E-05   2.000000E-05   2.000000E-05
   2.499828E-05   2.743864E-05   2.495213E-05   2.000000E-05   2.012128E-05   2.445994E-05   3.412029E-05   2.378012E-05   2.000000E-05   2.000000E-05   2.000000E-05   2.000000E-05   2.349790E-05   2.701555E-05   2.884955E-05   2.254358E-05   3.131049E-05   2.132812E-05   2.000000E-05   2.000000E-05
   2.000000E-05   2.000000E-05   2.000000E-05   2.000000E-05   2.000000E-05   2.000000E-05   3.475730E-05   2.000000E-05   2.000000E-05   2.000000E-05   2.000000E-05   2.000000E-05   2.358686E-05   3.969149E-05   4.272795E-05   2.000000E-05   2.419372E-05   2.000000E-05   2.000000E-05   2.000000E-05
   2.000000E-05   2.000000E-05   2.000000E-05   2.000000E-05   3.262485E-05   2.626496E-05   2.000000E-05   2.000000E-05   2.000000E-05   2.000000E-05   2.000000E-05   2.000000E-05   2.000000E-05   2.012416E-05   2.001379E-05   2.000000E-05   2.000000E-05   2.000000E-05   2.000000E-05   2.000000E-05
   2.172961E-05   2.000000E-05   2.516459E-05   2.035789E-05   2.238987E-05   2.028932E-05   3.491566E-05   2.731271E-05   2.000000E-05   2.000000E-05   2.000000E-05   2.000000E-05   2.000000E-05   2.000000E-05   2.000000E-05   2.000000E-05   2.000000E-05   2.000000E-05   2.000000E-05   2.000000E-05
   2.000000E-05   3.060316E-05   3.273398E-05   2.323274E-05   2.000000E-05   2.000000E-05   2.696252E-05   2.374164E-05   2.000000E-05   2.000000E-05   2.000000E-05   2.000000E-05   2.000000E-05   2.000000E-05   2.000000E-05   2.000000E-05   2.000000E-05   2.000000E-05   2.000000E-05   2.000000E-05
   2.000000E-05   3.191673E-05   2.341199E-05   3.726736E-05   2.669887E-05   2.612075E-05   2.000000E-05   2.099463E-05   2.109065E-05   2.740045E-05   2.265826E-05   2.000000E-05   2.000000E-05   2.000000E-05   2.000000E-05   2.000000E-05   2.000000E-05   2.000000E-05   2.000000E-05   2.000000E-05
   2.379189E-05   2.780874E-05   3.493871E-05   3.477293E-05   3.691318E-05   2.000000E-05   2.000000E-05   2.000000E-05   2.170077E-05   3.865946E-05   2.000000E-05   2.000000E-05   2.341703E-05   2.000000E-05   2.000000E-05   2.000000E-05   2.000000E-05   2.000000E-05   2.000000E-05   2.000000E-05
   2.435933E-05   2.446579E-05   2.691829E-05   3.194597E-05   2.972613E-05   2.972613E-05   2.972613E-05   2.623723E-05   2.146780E-05   3.578505E-05   2.142129E-05   2.000000E-05   2.000000E-05   2.000000E-05   2.000000E-05   2.000000E-05   2.000000E-05   2.000000E-05   2.000000E-05   2.000000E-05
   2.155221E-05   2.881234E-05   4.638779E-05   3.625424E-05   2.972613E-05   2.972613E-05   2.972613E-05   2.972613E-05   2.239817E-05   2.789118E-05   2.028087E-05   2.117732E-05   2.000000E-05   2.000000E-05   2.000000E-05   2.000000E-05   2.000000E-05   2.000000E-05   2.000000E-05   2.000000E-05
   2.711187E-05   5.037614E-05   5.553852E-05   3.110551E-05   2.972613E-05   2.972613E-05   2.972613E-05   2.972613E-05   2.021862E-05   2.542561E-05   2.049054E-05   2.000000E-05   2.000000E-05   2.000000E-05   2.000000E-05   2.000000E-05   2.000000E-05   2.000000E-05   2.000000E-05   2.000000E-05
   4.467135E-05   6.286902E-05   5.086391E-05   3.644389E-05   2.972613E-05   2.972613E-05   2.972613E-05   2.972613E-05   2.000000E-05   2.119570E-05   2.886455E-05   2.000000E-05   2.000000E-05   2.000000E-05   2.000000E-05   2.000000E-05   2.000000E-05   2.000000E-05   2.000000E-05   2.000000E-05
   4.311828E-05   5.486300E-05   6.062843E-05   3.235523E-05   2.972613E-05   2.972613E-05   2.972613E-05   2.972613E-05   2.000000E-05   2.176887E-05   2.000000E-05   2.000000E-05   2.000000E-05   2.000000E-05   2.000000E-05   2.000000E-05   2.000000E-05   2.000000E-05   2.000000E-05   2.000000E-05
   2.795709E-05   4.504315E-05   6.064275E-05   4.269201E-05   2.972613E-05   2.972613E-05   2.972613E-05   2.972613E-05   2.000000E-05   2.057440E-05   2.000588E-05   2.000000E-05   2.000000E-05   2.000000E-05   2.000000E-05   2.000000E-05   2.000000E-05   2.000000E-05   2.000000E-05   2.000000E-05
   4.274295E-05   6.199931E-05   8.406628E-05   4.991378E-05   2.972613E-05   2.972613E-05   2.972613E-05   2.972613E-05   2.000000E-05   2.000000E-05   2.000000E-05   2.000000E-05   2.000000E-05   2.000000E-05   2.000000E-05   2.000000E-05   2.000000E-05   2.000000E-05   2.000000E-05   2.000000E-05
   2.538028E-05   3.740837E-05   3.640369E-05   2.000000E-05   2.972613E-05   2.972613E-05   2.972613E-05   2.972613E-05   2.000000E-05   2.000000E-05   2.000000E-05   2.000000E-05   2.000000E-05   2.000000E-05   2.000000E-05   2.000000E-05   2.000000E-05   2.000000E-05   2.000000E-05   2.000000E-05
   2.940018E-05   4.374898E-05   2.000000E-05   2.000000E-05   2.972613E-05   2.972613E-05   2.972613E-05   2.972613E-05   2.000000E-05   2.000000E-05   2.000000E-05   2.000000E-05   2.000000E-05   2.000000E-05   2.000000E-05   2.000000E-05   2.000000E-05   2.000000E-05   2.000000E-05   2.121940E-05
   2.000000E-05   3.088648E-05   2.241529E-05   2.188058E-05   2.972613E-05   2.972613E-05   2.972613E-05   2.972613E-05   2.000000E-05   2.000000E-05   2.000000E-05   2.000000E-05   2.000000E-05   2.000000E-05   2.000000E-05   2.000000E-05   2.000000E-05   2.000000E-05   2.628016E-05   2.000000E-05
   2.362918E-05   2.000000E-05   2.000000E-05   2.000000E-05   2.972613E-05   2.972613E-05   2.972613E-05   2.972613E-05   2.000000E-05   2.000000E-05   2.000000E-05   2.000000E-05   2.000000E-05   2.000000E-05   2.000000E-05   2.000000E-05   2.000000E-05   2.000000E-05   2.000000E-05   2.000000E-05
   2.000000E-05   2.048617E-05   2.000000E-05   2.000000E-05   2.972613E-05   2.972613E-05   2.972613E-05   2.972613E-05   2.000000E-05   2.000000E-05   2.000000E-05   2.000000E-05   2.000000E-05   2.000000E-05   2.000000E-05   2.000000E-05   2.000000E-05   2.000000E-05   2.000000E-05   2.000000E-05
   2.000000E-05   2.000000E-05   2.000000E-05   2.000000E-05   2.972613E-05   2.972613E-05   2.972613E-05   2.972613E-05   2.000000E-05   2.000000E-05   2.000000E-05   2.000000E-05   2.000000E-05   2.000000E-05   2.000000E-05   2.000000E-05   2.000000E-05   2.000000E-05   2.000000E-05   2.000000E-05
   2.000000E-05   2.000000E-05   2.000000E-05   2.000000E-05   2.972613E-05   2.972613E-05   2.000000E-05   2.000000E-05   2.000000E-05   2.000000E-05   2.000000E-05   2.000000E-05   2.000000E-05   2.000000E-05   2.000000E-05   2.000000E-05   3.175756E-05   2.000000E-05   2.000000E-05   2.000000E-05
   2.000000E-05   2.000000E-05   2.000000E-05   2.000000E-05   2.000000E-05   2.972613E-05   2.000000E-05   2.000000E-05   2.000000E-05   2.000000E-05   2.000000E-05   2.000000E-05   2.000000E-05   2.000000E-05   2.000000E-05   2.536328E-05   2.000000E-05   2.056292E-05   2.000000E-05   2.000000E-05
   2.000000E-05   2.000000E-05   2.000000E-05   2.000000E-05   2.000000E-05   2.000000E-05   2.000000E-05   2.000000E-05   2.000000E-05   2.000000E-05   2.000000E-05   2.000000E-05   2.000000E-05   2.000000E-05   2.000000E-05   2.822257E-05   2.414473E-05   3.085591E-05   2.307321E-05   2.000000E-05
   2.000000E-05   2.000000E-05   2.000000E-05   2.000000E-05   2.000000E-05   2.000000E-05   2.000000E-05   2.000000E-05   2.000000E-05   2.000000E-05   2.000000E-05   2.000000E-05   2.000000E-05   2.000000E-05   2.000000E-05   2.924552E-05   2.640711E-05   2.845300E-05   2.223644E-05   2.000000E-05
   2.000000E-05   2.000000E-05   2.330795E-05   2.000000E-05   2.000000E-05   2.000000E-05   2.000000E-05   2.307448E-05   2.075616E-05   2.000000E-05   2.000000E-05   2.000000E-05   2.000000E-05   2.000000E-05   2.000000E-05   2.370009E-05   2.940731E-05   2.372228E-05   2.524554E-05   2.149106E-05
   2.332925E-05   2.000000E-05   2.453278E-05   2.000000E-05   2.599124E-05   2.878013E-05   5.388535E-05   5.248188E-05   2.245612E-05   2.353566E-05   3.236090E-05   2.795038E-05   2.411785E-05   2.807745E-05   2.809292E-05   2.709977E-05   2.714632E-05   2.840605E-05   3.479918E-05   2.000000E-05
   2.000000E-05   2.000000E-05   2.000000E-05   2.000000E-05   3.868043E-05   4.646623E-05   6.841511E-05   4.382323E-05   3.317371E-05   3.443683E-05   2.712904E-05   2.548725E-05   2.038065E-05   2.930064E-05   2.000000E-05   3.177398E-05   2.367274E-05   2.166259E-05   2.000000E-05   2.000000E-05
   2.000000E-05   2.000000E-05   2.456355E-05   4.091407E-05   5.949312E-05   4.308659E-05   4.716471E-05   5.980951E-05   5.287301E-05   4.020179E-05   3.325774E-05   2.614179E-05   2.372461E-05   2.000000E-05   2.000000E-05   2.327286E-05   2.000000E-05   2.000000E-05   2.000000E-05   2.000000E-05
   2.000000E-05   2.000000E-05   2.797663E-05   4.335773E-05   3.457178E-05   3.087908E-05   3.839992E-05   4.479966E-05   4.388950E-05   4.776046E-05   4.907670E-05   3.679339E-05   2.000000E-05   2.134874E-05   2.000000E-05   2.000000E-05   2.000000E-05   2.000000E-05   2.000000E-05   2.000000E-05
   2.000000E-05   2.000000E-05   2.000000E-05   2.805278E-05   2.679659E-05   2.492600E-05   3.245674E-05   4.130845E-05   2.682608E-05   3.299625E-05   3.935671E-05   2.865675E-05   2.531457E-05   2.000000E-05   2.000000E-05   2.000000E-05   2.000000E-05   2.000000E-05   2.000000E-05   2.000000E-05
   2.848202E-05   2.000000E-05   2.000000E-05   2.000000E-05   2.212311E-05   3.722070E-05   3.717688E-05   4.787816E-05   7.099150E-05   4.361341E-05   2.850270E-05   3.165436E-05   3.937030E-05   3.129202E-05   2.000000E-05   2.000000E-05   2.000000E-05   2.000000E-05   2.000000E-05   2.379616E-05
   2.972613E-05   2.277107E-05   2.337792E-05   2.860373E-05   3.437611E-05   3.116513E-05   3.250446E-05   3.364659E-05   6.160289E-05   3.881997E-05   2.206386E-05   2.517802E-05   2.463789E-05   2.000000E-05   2.000000E-05   2.000000E-05   2.000000E-05   2.000000E-05   2.000000E-05   2.017885E-05
   2.972613E-05   2.972613E-05   3.201589E-05   3.806648E-05   4.503193E-05   5.297994E-05   3.425280E-05   3.401308E-05   3.159746E-05   3.075715E-05   2.060692E-05   2.000000E-05   2.000000E-05   2.000000E-05   2.000000E-05   2.000000E-05   2.000000E-05   2.000000E-05   2.000000E-05   2.000000E-05
   2.972613E-05   2.972613E-05   2.972613E-05   3.559258E-05   4.361484E-05   7.617335E-05   4.189290E-05   3.137342E-05   2.000000E-05   2.000000E-05   2.253046E-05   2.165978E-05   2.000000E-05   2.000000E-05   2.000000E-05   2.000000E-05   2.000000E-05   2.276549E-05   2.073898E-05   2.220174E-05
   2.972613E-05   2.972613E-05   2.972613E-05   2.972613E-05   4.588793E-05   3.433209E-05   3.006910E-05   2.038900E-05   2.000000E-05   2.000000E-05   2.351783E-05   2.648662E-05   2.162691E-05   2.200140E-05   2.000000E-05   2.000000E-05   2.347532E-05   3.055952E-05   3.807933E-05   2.972613E-05
   2.972613E-05   2.972613E-05   2.972613E-05   2.972613E-05   3.924614E-05   2.606659E-05   2.326334E-05   2.000000E-05   2.000000E-05   2.000000E-05   2.483385E-05   3.750998E-05   2.365506E-05   2.000000E-05   2.000000E-05   2.000000E-05   2.000000E-05   3.227828E-05   2.571817E-05   2.972613E-05
   2.972613E-05   2.972613E-05   2.972613E-05   2.972613E-05   2.972613E-05   2.000000E-05   2.019679E-05   2.000000E-05   2.000000E-05   2.000000E-05   2.000000E-05   2.000000E-05   2.000000E-05   2.828441E-05   2.000000E-05   3.082319E-05   2.000000E-05   2.000000E-05   2.972613E-05   2.972613E-05
   2.972613E-05   2.972613E-05   2.972613E-05   2.972613E-05   2.972613E-05   2.000000E-05   2.267464E-05   2.000000E-05   2.000000E-05   2.000000E-05   2.070373E-05   2.000000E-05   2.000000E-05   2.000000E-05   2.123655E-05   2.151308E-05   3.030818E-05   2.972613E-05   2.972613E-05   2.972613E-05
   2.972613E-05   2.972613E-05   2.972613E-05   2.972613E-05   2.972613E-05   2.000000E-05   2.000000E-05   2.000000E-05   2.000000E-05   2.000000E-05   2.000000E-05   2.000000E-05   2.000000E-05   2.000000E-05   2.000000E-05   2.000000E-05   2.972613E-05   2.972613E-05   2.972613E-05   2.972613E-05
