   1.492900E-04   9.915545E-05   1.586215E-04   9.580127E-05   8.753732E-05   1.497659E-04   1.984930E-04   1.117426E-04   5.334385E-05   6.348587E-05   7.939163E-05   9.179357E-05   1.556717E-04   1.211141E-04   1.206001E-04   1.430223E-04   8.817855E-05   1.543646E-04   6.410454E-05   7.885384E-05
   1.498177E-04   1.644432E-04   1.495411E-04   1.047238E-04   1.205893E-04   1.465914E-04   2.000000E-04   1.425172E-04   6.101079E-05   8.948719E-05   4.844178E-05   7.328708E-05   1.408258E-04   1.619075E-04   1.728989E-04   1.351064E-04   1.876476E-04   1.278221E-04   8.457679E-05   6.015052E-05
   9.078433E-05   1.150830E-04   8.799269E-05   1.152159E-04   1.175065E-04   7.821392E-05   2.000000E-04   1.146336E-04   7.404734E-05   6.954984E-05   6.576644E-05   6.645130E-05   1.413589E-04   2.000000E-04   2.000000E-04   8.027716E-05   1.449959E-04   1.051823E-04   9.910815E-05   7.088060E-05
   7.078943E-05   1.022235E-04   1.105383E-04   1.167050E-04   1.955247E-04   1.574091E-04   1.169266E-04   9.548405E-05   1.030910E-04   8.039866E-05   6.496752E-05   6.621940E-05   9.498046E-05   1.206066E-04   1.199451E-04   8.312077E-05   7.263259E-05   9.500552E-05   8.871560E-05   9.564996E-05
   1.302282E-04   7.356438E-05   1.508145E-04   1.220073E-04   1.341852E-04   1.215964E-04   2.000000E-04   1.636884E-04   1.012936E-04   6.350920E-05   8.157169E-05   1.018459E-04   5.175866E-05   6.388889E-05   7.218647E-05   8.250061E-05   8.829755E-05   9.131310E-05   8.142301E-05   7.306976E-05
   1.135736E-04   1.834085E-04   1.961787E-04   1.392367E-04   1.063081E-04   1.167709E-04   1.615897E-04   1.422866E-04   1.010156E-04   1.048135E-04   9.494194E-05   8.530176E-05   5.767256E-05   5.620549E-05   5.144441E-05   5.862488E-05   7.303581E-05   1.038013E-04   9.530708E-05   8.693622E-05
   1.032033E-04   1.912809E-04   1.403109E-04   2.000000E-04   1.600096E-04   1.565449E-04   9.986073E-05   1.258234E-04   1.263988E-04   1.642142E-04   1.357937E-04   8.051191E-05   9.555685E-05   4.829858E-05   4.167121E-05   4.338894E-05   4.370196E-05   4.064266E-05   8.073904E-05   6.317301E-05
   1.425877E-04   1.666612E-04   2.000000E-04   2.000000E-04   2.000000E-04   1.145098E-04   9.499241E-05   8.069312E-05   1.300554E-04   2.000000E-04   1.046778E-04   1.039425E-04   1.403411E-04   5.539574E-05   3.402788E-05   5.320449E-05   3.440536E-05   5.014071E-05   5.272991E-05   7.029806E-05
   1.459884E-04   1.466265E-04   1.613246E-04   1.914561E-04   9.185627E-05   9.185627E-05   9.185627E-05   1.572429E-04   1.286592E-04   2.000000E-04   1.283804E-04   6.949198E-05   1.083824E-04   4.372999E-05   4.553780E-05   3.811074E-05   4.462354E-05   7.456434E-05   6.820932E-05   7.166696E-05
   1.291650E-04   1.726759E-04   2.000000E-04   2.000000E-04   9.185627E-05   9.185627E-05   9.185627E-05   9.185627E-05   1.342350E-04   1.671553E-04   1.215457E-04   1.269183E-04   6.807737E-05   6.033977E-05   3.868223E-05   3.337124E-05   3.086808E-05   4.341293E-05   3.830274E-05   5.124954E-05
   1.624848E-04   2.000000E-04   2.000000E-04   1.864191E-04   9.185627E-05   9.185627E-05   9.185627E-05   9.185627E-05   1.211727E-04   1.523788E-04   1.228023E-04   9.497817E-05   4.479199E-05   5.127372E-05   5.755774E-05   4.103576E-05   3.366424E-05   2.965615E-05   3.863645E-05   2.968409E-05
   2.000000E-04   2.000000E-04   2.000000E-04   2.000000E-04   9.185627E-05   9.185627E-05   9.185627E-05   9.185627E-05   1.099069E-04   1.270284E-04   1.729888E-04   8.101215E-05   4.453910E-05   4.594090E-05   3.953055E-05   4.911781E-05   3.806053E-05   2.630476E-05   2.806159E-05   3.702811E-05
   2.000000E-04   2.000000E-04   2.000000E-04   1.939089E-04   9.185627E-05   9.185627E-05   9.185627E-05   9.185627E-05   1.174309E-04   1.304635E-04   1.129522E-04   6.263892E-05   4.184999E-05   2.118487E-05   2.764788E-05   4.784047E-05   7.062839E-05   4.093226E-05   3.926008E-05   3.708197E-05
   1.675502E-04   2.000000E-04   2.000000E-04   2.000000E-04   9.185627E-05   9.185627E-05   9.185627E-05   9.185627E-05   7.956020E-05   1.233049E-04   1.198977E-04   6.370992E-05   2.595700E-05   2.000000E-05   2.000000E-05   4.409222E-05   7.695535E-05   5.778135E-05   3.562701E-05   3.480606E-05
   2.000000E-04   2.000000E-04   2.000000E-04   2.000000E-04   9.185627E-05   9.185627E-05   9.185627E-05   9.185627E-05   5.063549E-05   6.261236E-05   7.951869E-05   5.435018E-05   3.012691E-05   2.568668E-05   2.000000E-05   3.523993E-05   7.302959E-05   6.014088E-05   5.127256E-05   3.355596E-05
   1.521071E-04   2.000000E-04   2.000000E-04   1.081985E-04   9.185627E-05   9.185627E-05   9.185627E-05   9.185627E-05   9.436633E-05   4.560684E-05   5.918925E-05   3.765778E-05   3.058147E-05   2.005275E-05   2.772168E-05   3.116833E-05   6.579572E-05   6.039173E-05   6.324973E-05   9.245161E-05
   1.761989E-04   2.000000E-04   1.116545E-04   6.063433E-05   9.185627E-05   9.185627E-05   9.185627E-05   9.185627E-05   3.253488E-05   4.147032E-05   5.418748E-05   3.127845E-05   2.713064E-05   2.000000E-05   2.000000E-05   3.198508E-05   6.917002E-05   5.808715E-05   9.076379E-05   1.271704E-04
   1.164440E-04   1.851064E-04   1.343376E-04   1.311330E-04   9.185627E-05   9.185627E-05   9.185627E-05   9.185627E-05   2.975305E-05   2.496481E-05   3.332069E-05   3.273279E-05   2.032763E-05   2.000000E-05   2.000000E-05   2.000000E-05   3.916649E-05   1.175643E-04   1.575002E-04   1.056190E-04
   1.416126E-04   1.120607E-04   9.695658E-05   7.625443E-05   9.185627E-05   9.185627E-05   9.185627E-05   9.185627E-05   4.947669E-05   4.780695E-05   2.708296E-05   2.279408E-05   2.000000E-05   2.000000E-05   2.524832E-05   4.342323E-05   5.192694E-05   9.131247E-05   1.143728E-04   7.182139E-05
   7.866434E-05   1.227761E-04   9.851876E-05   7.562400E-05   9.185627E-05   9.185627E-05   9.185627E-05   9.185627E-05   2.249977E-05   2.418908E-05   2.000000E-05   2.000000E-05   2.000000E-05   2.000000E-05   3.208542E-05   4.999162E-05   7.337743E-05   7.527386E-05   9.325217E-05   5.529846E-05
   7.947868E-05   6.122446E-05   5.855426E-05   5.616335E-05   9.185627E-05   9.185627E-05   9.185627E-05   9.185627E-05   2.133957E-05   2.000000E-05   2.000000E-05   2.000000E-05   2.000000E-05   2.057475E-05   2.546550E-05   6.506385E-05   8.867288E-05   8.571317E-05   7.997039E-05   6.477885E-05
   6.401182E-05   6.211136E-05   3.997826E-05   5.065557E-05   9.185627E-05   9.185627E-05   2.004148E-05   2.000000E-05   2.000000E-05   2.000000E-05   2.000000E-05   2.000000E-05   2.823866E-05   2.721894E-05   5.313996E-05   8.706202E-05   1.903269E-04   1.129326E-04   1.196248E-04   7.467972E-05
   5.288144E-05   3.869230E-05   3.069105E-05   5.805731E-05   4.282708E-05   9.185627E-05   3.269882E-05   2.474570E-05   2.115912E-05   2.000000E-05   2.000000E-05   2.257224E-05   3.387486E-05   3.195120E-05   8.802214E-05   1.520053E-04   1.135812E-04   1.232361E-04   1.024272E-04   7.339613E-05
   9.118418E-05   7.141203E-05   4.729454E-05   5.024715E-05   7.743040E-05   5.794923E-05   5.960634E-05   3.794794E-05   4.070146E-05   3.640425E-05   2.000000E-05   2.742919E-05   5.690975E-05   6.082675E-05   9.052464E-05   1.691413E-04   1.447023E-04   1.849233E-04   1.382806E-04   8.948662E-05
   9.953331E-05   7.993280E-05   6.748864E-05   6.122393E-05   6.743475E-05   9.925014E-05   9.946576E-05   7.078901E-05   6.342056E-05   7.231179E-05   4.234768E-05   6.885263E-05   7.785843E-05   6.742761E-05   1.120087E-04   1.752720E-04   1.582611E-04   1.705223E-04   1.332657E-04   1.148002E-04
   1.189025E-04   1.085307E-04   1.396874E-04   9.080695E-05   8.593725E-05   9.013191E-05   1.064985E-04   1.382882E-04   1.243942E-04   8.683877E-05   1.090461E-04   6.541910E-05   5.428906E-05   1.161008E-04   6.470583E-05   1.420375E-04   1.762416E-04   1.421705E-04   1.512996E-04   1.287985E-04
   1.398150E-04   1.121445E-04   1.470280E-04   8.467014E-05   1.557687E-04   1.724828E-04   2.000000E-04   2.000000E-04   1.345823E-04   1.410521E-04   1.939428E-04   1.675100E-04   1.445412E-04   1.682716E-04   1.683643E-04   1.624123E-04   1.626912E-04   1.702409E-04   2.000000E-04   1.096570E-04
   8.849088E-05   8.490110E-05   7.308203E-05   1.076958E-04   2.000000E-04   2.000000E-04   2.000000E-04   2.000000E-04   1.988141E-04   2.000000E-04   1.625876E-04   1.527482E-04   1.221437E-04   1.756023E-04   9.320861E-05   1.904253E-04   1.418736E-04   1.298266E-04   1.161870E-04   1.121802E-04
   6.463612E-05   6.565447E-05   1.472124E-04   2.000000E-04   2.000000E-04   2.000000E-04   2.000000E-04   2.000000E-04   2.000000E-04   2.000000E-04   1.993177E-04   1.566709E-04   1.421845E-04   1.022413E-04   1.112159E-04   1.394771E-04   8.120668E-05   1.001697E-04   8.646409E-05   6.511998E-05
   9.040331E-05   9.835419E-05   1.676674E-04   2.000000E-04   2.000000E-04   1.850621E-04   2.000000E-04   2.000000E-04   2.000000E-04   2.000000E-04   2.000000E-04   2.000000E-04   1.095356E-04   1.279456E-04   9.833810E-05   8.815296E-05   8.989134E-05   6.107635E-05   6.491513E-05   8.751523E-05
   8.667820E-05   6.964264E-05   1.091990E-04   1.681237E-04   1.605953E-04   1.493846E-04   1.945172E-04   2.000000E-04   1.607720E-04   1.977506E-04   2.000000E-04   1.717434E-04   1.517133E-04   1.165511E-04   9.546895E-05   6.884688E-05   4.721322E-05   4.984454E-05   5.869711E-05   6.112969E-05
   1.706962E-04   7.497215E-05   6.063384E-05   9.389668E-05   1.325865E-04   2.000000E-04   2.000000E-04   2.000000E-04   2.000000E-04   2.000000E-04   1.708202E-04   1.897085E-04   2.000000E-04   1.875369E-04   8.126336E-05   1.030707E-04   5.563002E-05   3.455155E-05   7.716607E-05   1.426133E-04
   9.185627E-05   1.364698E-04   1.401067E-04   1.714257E-04   2.000000E-04   1.867764E-04   1.948032E-04   2.000000E-04   2.000000E-04   2.000000E-04   1.322314E-04   1.508950E-04   1.476579E-04   8.152511E-05   9.175498E-05   6.180124E-05   6.532964E-05   7.132644E-05   8.075998E-05   1.209343E-04
   9.185627E-05   9.185627E-05   1.918751E-04   2.000000E-04   2.000000E-04   2.000000E-04   2.000000E-04   2.000000E-04   1.893674E-04   1.843313E-04   1.234998E-04   1.136106E-04   8.929188E-05   7.421383E-05   7.514039E-05   1.070845E-04   7.768440E-05   8.218227E-05   9.859902E-05   1.184626E-04
   9.185627E-05   9.185627E-05   9.185627E-05   2.000000E-04   2.000000E-04   2.000000E-04   2.000000E-04   1.880247E-04   1.180606E-04   9.487088E-05   1.350278E-04   1.298097E-04   8.849959E-05   7.407847E-05   8.356137E-05   1.100823E-04   8.579383E-05   1.364363E-04   1.242913E-04   1.330577E-04
   9.185627E-05   9.185627E-05   9.185627E-05   9.185627E-05   2.000000E-04   2.000000E-04   1.802078E-04   1.221938E-04   8.427233E-05   6.466571E-05   1.409452E-04   1.587376E-04   1.296127E-04   1.318571E-04   8.497764E-05   1.001441E-04   1.406904E-04   1.831470E-04   2.000000E-04   9.185627E-05
   9.185627E-05   9.185627E-05   9.185627E-05   9.185627E-05   2.000000E-04   1.562202E-04   1.394200E-04   1.029603E-04   7.652219E-05   6.612425E-05   1.488323E-04   2.000000E-04   1.417676E-04   1.198385E-04   8.458472E-05   1.115830E-04   8.586944E-05   1.934477E-04   1.541322E-04   9.185627E-05
   9.185627E-05   9.185627E-05   9.185627E-05   9.185627E-05   9.185627E-05   9.804066E-05   1.210419E-04   6.514431E-05   8.060515E-05   8.038706E-05   1.110720E-04   8.887420E-05   6.593090E-05   1.695119E-04   9.315505E-05   1.847271E-04   1.062088E-04   1.194537E-04   9.185627E-05   9.185627E-05
   9.185627E-05   9.185627E-05   9.185627E-05   9.185627E-05   9.185627E-05   1.015020E-04   1.358919E-04   6.581475E-05   6.822176E-05   7.021483E-05   1.240800E-04   1.014947E-04   6.980036E-05   1.151725E-04   1.272732E-04   1.289305E-04   1.816406E-04   9.185627E-05   9.185627E-05   9.185627E-05
   9.185627E-05   9.185627E-05   9.185627E-05   9.185627E-05   9.185627E-05   1.196393E-04   1.124966E-04   7.384648E-05   6.003976E-05   1.187944E-04   7.692340E-05   1.160856E-04   9.675449E-05   9.454427E-05   7.306442E-05   1.000448E-04   9.185627E-05   9.185627E-05   9.185627E-05   9.185627E-05
