   1.140925E-01   7.785221E-02   7.070787E-02   1.305619E-01   1.991459E-01   3.433184E-01   4.000000E-01   4.000000E-01   2.761259E-01   3.163196E-01   2.935548E-01   2.534575E-01   1.560635E-01   1.462697E-01   2.114937E-01   1.726727E-01   1.498335E-01   9.409276E-02   8.718245E-02   1.057259E-01
   9.337840E-02   8.773599E-02   7.881845E-02   9.314868E-02   2.655735E-01   4.000000E-01   3.207477E-01   2.965974E-01   2.884954E-01   3.119394E-01   2.538813E-01   3.159811E-01   1.994461E-01   1.994699E-01   2.689300E-01   1.415007E-01   1.333818E-01   8.472381E-02   9.030235E-02   9.023912E-02
   7.462392E-02   6.570109E-02   6.882254E-02   1.380658E-01   2.148407E-01   3.191987E-01   3.026764E-01   2.997791E-01   1.781912E-01   2.193343E-01   2.462471E-01   2.058767E-01   2.983813E-01   2.077507E-01   1.281813E-01   2.039728E-01   1.351079E-01   8.318108E-02   1.020304E-01   7.723334E-02
   6.625918E-02   6.630034E-02   1.040887E-01   1.851289E-01   1.207651E-01   1.451173E-01   3.061215E-01   1.677138E-01   1.333741E-01   1.318753E-01   2.553363E-01   2.945774E-01   2.185752E-01   2.049749E-01   2.040478E-01   1.277714E-01   7.636477E-02   7.576149E-02   7.462888E-02   1.424588E-01
   9.716484E-02   8.949878E-02   1.047550E-01   1.064379E-01   1.576754E-01   1.678418E-01   1.204468E-01   1.536543E-01   1.343762E-01   1.476210E-01   1.657428E-01   1.866450E-01   2.146168E-01   1.271993E-01   1.907546E-01   1.581887E-01   9.774886E-02   5.994655E-02   7.020550E-02   7.604498E-02
   8.183556E-02   5.556689E-02   6.888181E-02   8.030010E-02   1.702011E-01   1.174492E-01   8.847510E-02   1.108553E-01   6.944533E-02   1.368465E-01   7.017804E-02   1.706868E-01   1.980995E-01   2.932762E-01   1.347431E-01   9.628363E-02   6.035736E-02   5.991021E-02   1.291326E-01   1.618922E-01
   5.380020E-02   6.256367E-02   8.668166E-02   8.231290E-02   1.833072E-01   1.378250E-01   1.047675E-01   9.297226E-02   6.557450E-02   7.321114E-02   5.281015E-02   1.129762E-01   1.171091E-01   2.097046E-01   1.530958E-01   1.055911E-01   8.315659E-02   1.288420E-01   1.430494E-01   2.615759E-01
   8.010285E-02   7.216241E-02   5.052500E-02   1.238324E-01   2.679609E-01   1.489680E-01   1.267238E-01   1.135119E-01   1.065302E-01   5.909756E-02   9.485790E-02   1.369212E-01   1.596624E-01   2.393059E-01   2.003543E-01   1.547768E-01   1.576696E-01   1.228009E-01   2.222641E-01   2.811797E-01
   4.436528E-02   4.747999E-02   6.018439E-02   1.290895E-01   1.000000E-01   1.000000E-01   1.000000E-01   1.976446E-01   8.778543E-02   5.419789E-02   1.105247E-01   1.709748E-01   2.154340E-01   3.054925E-01   2.718653E-01   3.071247E-01   1.577339E-01   2.511377E-01   1.247691E-01   2.626366E-01
   6.736945E-02   7.154393E-02   6.811171E-02   1.071992E-01   1.000000E-01   1.000000E-01   1.000000E-01   1.000000E-01   1.641665E-01   1.251734E-01   1.050062E-01   2.597763E-01   3.526980E-01   2.523879E-01   3.476481E-01   4.000000E-01   2.486117E-01   3.402220E-01   2.190122E-01   1.825196E-01
   8.927260E-02   6.978663E-02   1.074861E-01   1.023881E-01   1.000000E-01   1.000000E-01   1.000000E-01   1.000000E-01   3.467136E-01   2.686393E-01   1.238906E-01   3.501352E-01   4.000000E-01   3.591953E-01   4.000000E-01   4.000000E-01   2.840722E-01   2.271708E-01   2.797335E-01   1.657379E-01
   8.783129E-02   9.593836E-02   1.627163E-01   9.440602E-02   1.000000E-01   1.000000E-01   1.000000E-01   1.000000E-01   4.000000E-01   3.676679E-01   3.306378E-01   4.000000E-01   4.000000E-01   3.824515E-01   2.891427E-01   1.781976E-01   2.067005E-01   1.657455E-01   3.218671E-01   2.726233E-01
   9.128331E-02   1.298407E-01   1.346524E-01   1.363209E-01   1.000000E-01   1.000000E-01   1.000000E-01   1.000000E-01   4.000000E-01   4.000000E-01   4.000000E-01   4.000000E-01   1.827507E-01   2.521950E-01   1.632856E-01   1.409309E-01   2.023134E-01   2.666595E-01   1.720936E-01   2.601216E-01
   1.266940E-01   1.575852E-01   2.526453E-01   2.126176E-01   1.000000E-01   1.000000E-01   1.000000E-01   1.000000E-01   4.000000E-01   3.441884E-01   4.000000E-01   4.000000E-01   3.657134E-01   3.509723E-01   1.428776E-01   1.492539E-01   2.644520E-01   1.217464E-01   1.224786E-01   1.277675E-01
   1.256047E-01   2.665926E-01   1.504824E-01   3.097998E-01   1.000000E-01   1.000000E-01   1.000000E-01   1.000000E-01   4.000000E-01   4.000000E-01   4.000000E-01   3.953267E-01   3.328181E-01   3.285954E-01   1.424282E-01   2.140966E-01   1.590123E-01   2.013394E-01   1.733312E-01   1.801642E-01
   1.220296E-01   1.669335E-01   1.384415E-01   4.000000E-01   1.000000E-01   1.000000E-01   1.000000E-01   1.000000E-01   4.000000E-01   4.000000E-01   3.349613E-01   3.157800E-01   3.352009E-01   2.706478E-01   2.040639E-01   2.119871E-01   1.987039E-01   2.623215E-01   2.534253E-01   2.012113E-01
   8.293475E-02   1.110490E-01   1.502230E-01   1.905587E-01   1.000000E-01   1.000000E-01   1.000000E-01   1.000000E-01   4.000000E-01   4.000000E-01   4.000000E-01   3.093265E-01   2.912305E-01   2.159834E-01   1.634851E-01   1.287774E-01   1.954517E-01   1.969488E-01   2.080888E-01   1.527909E-01
   1.369829E-01   1.375440E-01   1.703109E-01   1.457112E-01   1.000000E-01   1.000000E-01   1.000000E-01   1.000000E-01   4.000000E-01   3.415363E-01   4.000000E-01   2.440634E-01   1.939113E-01   2.182261E-01   1.863390E-01   1.018832E-01   1.330191E-01   1.497175E-01   2.088957E-01   1.582305E-01
   1.484112E-01   1.148136E-01   1.407221E-01   2.431276E-01   1.000000E-01   1.000000E-01   1.000000E-01   1.000000E-01   2.638265E-01   1.884305E-01   1.345630E-01   1.009142E-01   8.383383E-02   9.824583E-02   1.318139E-01   1.285872E-01   1.161179E-01   1.216355E-01   1.470769E-01   1.210280E-01
   9.302415E-02   1.095005E-01   1.534726E-01   2.675546E-01   1.000000E-01   1.000000E-01   1.000000E-01   1.000000E-01   1.417542E-01   1.357637E-01   1.399497E-01   7.805128E-02   1.026760E-01   1.073087E-01   1.229642E-01   1.272894E-01   1.166982E-01   1.012348E-01   1.355253E-01   1.257952E-01
   8.743273E-02   7.576831E-02   1.176868E-01   1.495110E-01   1.000000E-01   1.000000E-01   1.000000E-01   1.000000E-01   8.825996E-02   7.992041E-02   8.452686E-02   6.000666E-02   8.963608E-02   9.001253E-02   1.455869E-01   1.629459E-01   1.636476E-01   7.892548E-02   9.778473E-02   1.617654E-01
   8.349975E-02   9.333250E-02   6.055862E-02   1.577307E-01   1.000000E-01   1.000000E-01   8.535401E-02   1.274012E-01   1.168480E-01   1.101625E-01   6.260338E-02   7.285854E-02   1.176221E-01   1.071947E-01   1.295878E-01   1.136966E-01   1.135088E-01   8.721396E-02   8.214641E-02   9.354872E-02
   1.532809E-01   7.333088E-02   1.338664E-01   8.383173E-02   1.185051E-01   1.000000E-01   8.448743E-02   1.590295E-01   1.222521E-01   8.480004E-02   5.727538E-02   8.682758E-02   1.531611E-01   1.394933E-01   9.468207E-02   9.140262E-02   1.057645E-01   8.883883E-02   9.720753E-02   1.471915E-01
   1.210906E-01   8.612907E-02   1.178734E-01   1.026177E-01   1.021661E-01   1.041466E-01   9.890325E-02   1.443292E-01   8.120666E-02   8.289701E-02   6.698605E-02   1.445169E-01   1.253654E-01   8.729076E-02   1.455756E-01   1.036194E-01   1.073411E-01   7.833676E-02   1.349410E-01   1.924841E-01
   9.219829E-02   1.511763E-01   1.312265E-01   1.003362E-01   9.614438E-02   8.630313E-02   1.103132E-01   1.208743E-01   1.130700E-01   6.164506E-02   7.795872E-02   7.494927E-02   5.068993E-02   7.523162E-02   7.103866E-02   9.579060E-02   9.373483E-02   7.233366E-02   1.418422E-01   1.098900E-01
   1.503408E-01   1.442928E-01   1.717021E-01   1.256188E-01   1.083698E-01   9.557633E-02   1.248739E-01   1.215390E-01   8.115987E-02   4.449101E-02   7.620981E-02   3.980386E-02   2.505434E-02   5.391736E-02   4.754969E-02   9.508547E-02   9.455764E-02   5.672899E-02   1.331855E-01   1.288348E-01
   2.350902E-01   2.019791E-01   1.877140E-01   1.430189E-01   1.264157E-01   6.685876E-02   1.583201E-01   1.003294E-01   5.594202E-02   3.039818E-02   2.589056E-02   3.729722E-02   2.200681E-02   4.436521E-02   3.996210E-02   8.668700E-02   7.498841E-02   6.404156E-02   1.236270E-01   1.215343E-01
   2.419088E-01   1.911692E-01   1.417308E-01   1.525220E-01   1.259930E-01   9.641160E-02   1.024631E-01   1.094625E-01   7.324963E-02   4.165125E-02   3.618055E-02   3.163817E-02   3.704669E-02   5.336175E-02   7.745531E-02   8.382398E-02   8.050683E-02   1.344005E-01   1.485122E-01   1.736052E-01
   1.961359E-01   1.298472E-01   1.227470E-01   1.362859E-01   8.336283E-02   1.307818E-01   1.121227E-01   7.368315E-02   5.769924E-02   5.404390E-02   3.141193E-02   3.606573E-02   4.583141E-02   1.166720E-01   1.608520E-01   1.411957E-01   1.326186E-01   2.116069E-01   1.121580E-01   1.626566E-01
   2.598221E-01   1.800869E-01   9.114978E-02   1.078197E-01   7.333715E-02   7.194646E-02   7.929264E-02   5.420005E-02   6.865187E-02   4.589101E-02   8.168253E-02   6.487473E-02   6.785295E-02   1.814815E-01   2.114857E-01   1.290383E-01   1.815753E-01   1.373506E-01   1.259654E-01   1.602873E-01
   3.221267E-01   2.494441E-01   1.287926E-01   8.980322E-02   5.461289E-02   7.837319E-02   7.495880E-02   1.037027E-01   7.556956E-02   9.727961E-02   1.278693E-01   7.615096E-02   1.113884E-01   1.339116E-01   2.361114E-01   1.139722E-01   1.205331E-01   1.369199E-01   2.119006E-01   1.136188E-01
   1.912836E-01   1.949506E-01   1.694149E-01   7.618551E-02   8.917372E-02   7.524196E-02   5.699419E-02   8.648433E-02   1.203007E-01   1.354588E-01   9.140525E-02   9.309361E-02   8.326242E-02   1.686375E-01   1.638191E-01   1.740700E-01   1.576735E-01   1.634363E-01   1.122895E-01   1.325169E-01
   1.000000E-01   1.337266E-01   1.044412E-01   9.721857E-02   1.145966E-01   9.861795E-02   1.240211E-01   1.142980E-01   1.245146E-01   1.235003E-01   1.280384E-01   1.025256E-01   7.455136E-02   1.057089E-01   1.282143E-01   1.120766E-01   1.547526E-01   1.494142E-01   1.215723E-01   2.157692E-01
   1.000000E-01   1.000000E-01   1.168708E-01   1.159357E-01   1.075014E-01   9.817034E-02   1.645668E-01   1.439079E-01   9.344067E-02   1.150050E-01   6.738266E-02   5.307043E-02   8.163074E-02   7.976700E-02   1.402743E-01   8.927144E-02   9.648149E-02   1.008427E-01   1.386593E-01   1.174628E-01
   1.000000E-01   1.000000E-01   1.000000E-01   9.304117E-02   8.938092E-02   1.211624E-01   2.113406E-01   1.332487E-01   7.027161E-02   6.898781E-02   3.947936E-02   5.894793E-02   4.662144E-02   5.495190E-02   3.884944E-02   8.416941E-02   9.815125E-02   8.100148E-02   1.390565E-01   1.987817E-01
   1.000000E-01   1.000000E-01   1.000000E-01   1.000000E-01   1.664288E-01   1.414746E-01   1.745981E-01   1.387725E-01   1.698085E-01   7.048189E-02   5.280885E-02   4.454619E-02   3.685396E-02   3.433484E-02   4.495301E-02   6.731277E-02   6.369032E-02   1.114961E-01   1.243716E-01   1.000000E-01
   1.000000E-01   1.000000E-01   1.000000E-01   1.000000E-01   1.659451E-01   1.796255E-01   1.433560E-01   1.330162E-01   1.333421E-01   8.665742E-02   5.799520E-02   3.224212E-02   2.678415E-02   2.727114E-02   4.076006E-02   6.791296E-02   1.000165E-01   1.534930E-01   1.504140E-01   1.000000E-01
   1.000000E-01   1.000000E-01   1.000000E-01   1.000000E-01   1.000000E-01   1.512555E-01   1.662908E-01   1.625278E-01   1.544322E-01   8.222636E-02   6.211721E-02   7.642200E-02   5.508084E-02   3.329519E-02   3.418647E-02   8.676004E-02   8.614358E-02   1.025814E-01   1.000000E-01   1.000000E-01
   1.000000E-01   1.000000E-01   1.000000E-01   1.000000E-01   1.000000E-01   2.068002E-01   2.502538E-01   2.483500E-01   1.498965E-01   9.783480E-02   1.051698E-01   1.129509E-01   8.390410E-02   8.863354E-02   8.969904E-02   7.520850E-02   1.086229E-01   1.000000E-01   1.000000E-01   1.000000E-01
   1.000000E-01   1.000000E-01   1.000000E-01   1.000000E-01   1.000000E-01   1.141780E-01   1.337362E-01   1.264990E-01   1.327934E-01   1.579685E-01   1.346316E-01   8.304646E-02   9.594640E-02   1.784356E-01   1.520558E-01   1.238605E-01   1.000000E-01   1.000000E-01   1.000000E-01   1.000000E-01
