   1.000000E-06   1.000000E-06   1.000000E-06   1.000000E-06   1.036329E-06   1.000000E-06   1.000000E-06   1.000000E-06   1.000000E-06   1.000000E-06   1.000000E-06   1.000000E-06   1.000000E-06   1.354778E-06   1.435314E-06   1.241301E-06   2.370991E-06   1.319492E-06   1.412307E-06   1.956057E-06
   1.000000E-06   1.343202E-06   1.102896E-06   1.000000E-06   1.000000E-06   1.000000E-06   1.000000E-06   1.000000E-06   1.000000E-06   1.000000E-06   1.000000E-06   1.000000E-06   1.000000E-06   1.000000E-06   1.000000E-06   1.146494E-06   1.810051E-06   1.076483E-06   1.455308E-06   1.492310E-06
   1.057950E-06   1.000000E-06   1.000000E-06   1.000000E-06   1.000000E-06   1.000000E-06   1.000000E-06   1.000000E-06   1.000000E-06   1.000000E-06   1.000000E-06   1.000000E-06   1.003881E-06   1.000000E-06   1.298234E-06   1.230376E-06   1.625848E-06   1.511689E-06   2.044911E-06   1.549745E-06
   1.137196E-06   1.090929E-06   1.617742E-06   1.059753E-06   1.321109E-06   1.000000E-06   1.000000E-06   1.000000E-06   1.000000E-06   1.000000E-06   1.000000E-06   1.966999E-06   1.152594E-06   1.000000E-06   1.000000E-06   1.554114E-06   1.918930E-06   2.194258E-06   2.438851E-06   1.455225E-06
   1.655036E-06   1.000000E-06   1.365250E-06   1.745070E-06   1.000000E-06   1.000000E-06   1.000000E-06   1.000000E-06   1.000000E-06   1.000000E-06   1.419498E-06   1.975740E-06   1.803488E-06   1.081606E-06   1.104106E-06   1.315037E-06   1.000000E-06   1.617829E-06   1.809170E-06   1.911247E-06
   1.703770E-06   1.429113E-06   1.382221E-06   1.745624E-06   1.044814E-06   1.000000E-06   1.000000E-06   1.000000E-06   1.000000E-06   1.000000E-06   1.521877E-06   1.299698E-06   1.640690E-06   1.515034E-06   1.036392E-06   1.000000E-06   1.000000E-06   1.000000E-06   1.083465E-06   1.477373E-06
   2.390294E-06   1.976364E-06   2.240928E-06   1.166023E-06   1.243306E-06   1.000000E-06   1.000000E-06   1.000000E-06   1.000000E-06   1.000000E-06   1.000000E-06   1.093813E-06   1.474278E-06   1.208053E-06   1.000000E-06   1.170887E-06   1.037977E-06   1.000000E-06   1.000000E-06   1.048626E-06
   2.647544E-06   2.060593E-06   2.344013E-06   2.182994E-06   1.179287E-06   1.000000E-06   1.293938E-06   1.000000E-06   1.000000E-06   1.000000E-06   1.000000E-06   1.411806E-06   1.145752E-06   1.549523E-06   1.382629E-06   1.113027E-06   1.000000E-06   1.000000E-06   1.000000E-06   1.000000E-06
   3.134836E-06   3.620562E-06   4.629505E-06   4.032802E-06   1.000000E-06   1.000000E-06   1.000000E-06   1.000000E-06   1.000000E-06   1.000000E-06   1.000000E-06   1.361758E-06   2.559683E-06   2.215849E-06   2.240154E-06   1.841516E-06   1.085604E-06   1.164219E-06   1.000000E-06   1.000000E-06
   2.957806E-06   6.011134E-06   4.695353E-06   4.467168E-06   1.000000E-06   1.000000E-06   1.000000E-06   1.000000E-06   1.000000E-06   1.499215E-06   1.143555E-06   1.820481E-06   2.167971E-06   2.848585E-06   1.952843E-06   1.722168E-06   1.721709E-06   1.032118E-06   1.000000E-06   1.000000E-06
   5.221144E-06   5.094780E-06   5.226775E-06   1.935379E-06   1.000000E-06   1.000000E-06   1.000000E-06   1.000000E-06   1.790611E-06   1.927746E-06   1.176049E-06   1.343683E-06   1.585277E-06   2.030120E-06   1.380955E-06   1.729593E-06   1.773297E-06   1.000000E-06   1.000000E-06   1.000000E-06
   4.360887E-06   4.564105E-06   2.063063E-06   1.614697E-06   1.000000E-06   1.000000E-06   1.000000E-06   1.000000E-06   1.311946E-06   1.319035E-06   1.685782E-06   2.657556E-06   2.014006E-06   1.570574E-06   1.590976E-06   1.706884E-06   1.463614E-06   1.108595E-06   1.000000E-06   1.000000E-06
   3.156888E-06   3.036819E-06   1.371240E-06   1.025018E-06   1.000000E-06   1.000000E-06   1.000000E-06   1.000000E-06   1.739005E-06   1.022184E-06   1.991433E-06   2.551206E-06   2.005942E-06   1.536383E-06   1.601837E-06   2.246083E-06   1.390172E-06   1.000000E-06   1.000000E-06   1.023292E-06
   4.279411E-06   2.097776E-06   2.204840E-06   1.082980E-06   1.000000E-06   1.000000E-06   1.000000E-06   1.000000E-06   1.054013E-06   1.332880E-06   1.603669E-06   3.176719E-06   3.064920E-06   1.889908E-06   1.850624E-06   1.048029E-06   1.358850E-06   1.081020E-06   1.000000E-06   1.090892E-06
   3.143460E-06   3.466910E-06   3.174841E-06   1.973119E-06   1.000000E-06   1.000000E-06   1.000000E-06   1.000000E-06   1.046025E-06   1.128625E-06   2.505502E-06   3.516047E-06   5.072719E-06   4.356604E-06   2.980188E-06   1.966793E-06   1.423234E-06   1.043313E-06   1.777611E-06   1.567127E-06
   3.177520E-06   4.271123E-06   3.129264E-06   2.988896E-06   1.000000E-06   1.000000E-06   1.000000E-06   1.000000E-06   1.590743E-06   1.243838E-06   1.484007E-06   2.870966E-06   5.127438E-06   4.245842E-06   4.583025E-06   3.404174E-06   2.273676E-06   1.688004E-06   1.864840E-06   1.109965E-06
   4.727580E-06   4.908938E-06   3.405976E-06   1.888367E-06   1.000000E-06   1.000000E-06   1.000000E-06   1.000000E-06   1.144482E-06   1.114082E-06   2.805531E-06   6.246214E-06   4.745895E-06   3.365481E-06   6.306901E-06   3.030251E-06   3.389216E-06   4.714556E-06   1.685592E-06   1.648887E-06
   5.835214E-06   4.837790E-06   3.443306E-06   2.408338E-06   1.000000E-06   1.000000E-06   1.000000E-06   1.000000E-06   1.302442E-06   2.007907E-06   2.574195E-06   4.841154E-06   8.020563E-06   6.485464E-06   7.913205E-06   3.591228E-06   2.463627E-06   2.743170E-06   2.047436E-06   1.746010E-06
   3.084149E-06   4.305652E-06   4.773522E-06   2.020370E-06   1.000000E-06   1.000000E-06   1.000000E-06   1.000000E-06   1.046824E-06   1.843675E-06   2.742191E-06   3.554678E-06   6.650531E-06   5.445155E-06   7.023806E-06   4.398205E-06   2.533151E-06   2.582331E-06   1.951528E-06   1.000000E-06
   1.826416E-06   2.676585E-06   3.078240E-06   2.625892E-06   1.000000E-06   1.000000E-06   1.000000E-06   1.000000E-06   1.285370E-06   1.549317E-06   3.960949E-06   4.051883E-06   3.764978E-06   3.358846E-06   5.344250E-06   3.494184E-06   2.042963E-06   3.849157E-06   2.331118E-06   1.530220E-06
   2.298397E-06   2.618204E-06   2.285279E-06   2.103275E-06   1.000000E-06   1.000000E-06   1.000000E-06   1.000000E-06   1.620220E-06   2.340296E-06   3.370103E-06   2.839013E-06   2.507356E-06   2.036756E-06   2.784427E-06   1.855304E-06   1.790212E-06   1.755961E-06   2.648032E-06   1.415741E-06
   1.590232E-06   2.115451E-06   1.878127E-06   2.669688E-06   1.000000E-06   1.000000E-06   1.150636E-06   1.388923E-06   2.164292E-06   2.822777E-06   3.534633E-06   4.022277E-06   2.460709E-06   2.003284E-06   1.749116E-06   1.982536E-06   1.310382E-06   1.783176E-06   1.242348E-06   1.179535E-06
   1.585820E-06   1.148188E-06   1.000000E-06   1.641996E-06   1.765464E-06   1.000000E-06   1.280939E-06   1.512865E-06   3.528397E-06   4.554619E-06   4.541683E-06   2.453304E-06   2.511244E-06   2.431020E-06   1.759680E-06   1.414991E-06   1.095601E-06   1.474065E-06   1.000000E-06   1.045565E-06
   1.000000E-06   1.000000E-06   1.068950E-06   1.550709E-06   2.140385E-06   1.429775E-06   1.189481E-06   2.398280E-06   2.888660E-06   3.090022E-06   6.214148E-06   4.864828E-06   2.383881E-06   2.565750E-06   2.079302E-06   1.676778E-06   1.000000E-06   1.000000E-06   1.000000E-06   1.000000E-06
   1.000000E-06   1.000000E-06   1.000000E-06   1.981743E-06   1.486786E-06   2.154787E-06   2.582287E-06   3.403652E-06   3.978689E-06   3.445638E-06   5.668602E-06   4.832284E-06   2.477670E-06   2.825775E-06   1.273995E-06   1.304731E-06   1.288655E-06   1.000000E-06   1.132354E-06   1.010743E-06
   1.482077E-06   1.196261E-06   1.156063E-06   1.000000E-06   2.552512E-06   1.471874E-06   1.154134E-06   2.024728E-06   4.278039E-06   3.465630E-06   4.469945E-06   4.771644E-06   2.676572E-06   1.534406E-06   1.298123E-06   1.215096E-06   1.000000E-06   1.000000E-06   1.133419E-06   1.000000E-06
   1.639724E-06   1.005568E-06   1.245444E-06   1.492802E-06   2.076620E-06   1.186423E-06   2.108650E-06   2.974074E-06   3.176315E-06   3.447211E-06   2.915831E-06   3.929070E-06   2.422603E-06   1.471370E-06   1.201590E-06   1.368647E-06   1.000000E-06   1.000000E-06   1.000000E-06   1.002496E-06
   1.000000E-06   1.407479E-06   1.236452E-06   1.009700E-06   1.154613E-06   1.394872E-06   1.796080E-06   3.286763E-06   3.529760E-06   3.115422E-06   2.170093E-06   2.328765E-06   1.859143E-06   1.711619E-06   1.456537E-06   1.000000E-06   1.000000E-06   1.000000E-06   1.190455E-06   1.334496E-06
   1.248593E-06   1.338001E-06   1.000000E-06   1.000000E-06   1.021511E-06   2.018772E-06   1.800675E-06   2.368438E-06   2.568801E-06   2.354757E-06   2.555435E-06   2.800088E-06   1.696602E-06   2.081384E-06   2.413263E-06   1.394086E-06   1.253851E-06   1.655623E-06   1.759747E-06   1.244881E-06
   1.304959E-06   1.187349E-06   1.476887E-06   1.200244E-06   1.437668E-06   1.000000E-06   1.045925E-06   1.230726E-06   1.055975E-06   1.554025E-06   2.653041E-06   1.774357E-06   2.022350E-06   3.443481E-06   3.298154E-06   1.969481E-06   1.591988E-06   1.387459E-06   1.352853E-06   1.283340E-06
   1.000000E-06   1.014877E-06   1.000000E-06   1.000000E-06   1.000000E-06   1.000000E-06   1.249673E-06   1.000000E-06   1.235952E-06   2.705281E-06   1.816277E-06   1.991977E-06   2.192979E-06   4.979958E-06   3.691863E-06   2.639488E-06   1.969021E-06   2.595903E-06   1.576722E-06   2.115533E-06
   1.000000E-06   1.447037E-06   1.021790E-06   1.000000E-06   1.000000E-06   1.000000E-06   1.056299E-06   1.072073E-06   1.234429E-06   2.721524E-06   2.457097E-06   2.615426E-06   3.189875E-06   2.401666E-06   1.849879E-06   2.547739E-06   1.494240E-06   1.920335E-06   1.617597E-06   1.873534E-06
   1.000000E-06   1.000000E-06   1.000000E-06   1.000000E-06   1.000000E-06   1.000000E-06   1.000000E-06   1.000000E-06   1.745239E-06   2.188925E-06   2.347155E-06   1.922596E-06   1.682664E-06   1.896874E-06   2.053940E-06   1.558246E-06   1.521087E-06   1.380869E-06   1.108375E-06   1.483379E-06
   1.000000E-06   1.000000E-06   1.000000E-06   1.000000E-06   1.000000E-06   1.000000E-06   1.000000E-06   1.453954E-06   1.439558E-06   2.128751E-06   2.196411E-06   1.667794E-06   2.985141E-06   2.127773E-06   2.786006E-06   1.545761E-06   1.526924E-06   1.164241E-06   1.210370E-06   1.143670E-06
   1.000000E-06   1.000000E-06   1.000000E-06   1.000000E-06   1.000000E-06   1.000000E-06   1.000000E-06   1.204493E-06   1.514606E-06   1.739529E-06   2.444945E-06   2.165685E-06   2.002549E-06   2.533133E-06   2.591187E-06   2.261684E-06   2.579183E-06   1.854372E-06   1.668516E-06   1.356844E-06
   1.000000E-06   1.000000E-06   1.000000E-06   1.000000E-06   1.000000E-06   1.000000E-06   1.000000E-06   1.254460E-06   1.206523E-06   1.249360E-06   2.003346E-06   2.323543E-06   2.635588E-06   1.969175E-06   2.339496E-06   1.855370E-06   2.224105E-06   1.000000E-06   1.028645E-06   1.000000E-06
   1.000000E-06   1.000000E-06   1.000000E-06   1.000000E-06   1.000000E-06   1.000000E-06   1.000000E-06   1.000000E-06   1.343711E-06   1.681258E-06   2.740041E-06   2.753904E-06   2.112624E-06   1.109140E-06   1.792450E-06   1.870442E-06   1.635328E-06   2.088393E-06   1.783891E-06   1.000000E-06
   1.000000E-06   1.000000E-06   1.000000E-06   1.000000E-06   1.000000E-06   1.000000E-06   1.000000E-06   1.000000E-06   1.077207E-06   1.606384E-06   2.463746E-06   1.268202E-06   1.263542E-06   1.240597E-06   1.378201E-06   1.797495E-06   1.576808E-06   2.687882E-06   1.000000E-06   1.000000E-06
   1.000000E-06   1.000000E-06   1.000000E-06   1.000000E-06   1.000000E-06   1.000000E-06   1.000000E-06   1.000000E-06   1.000000E-06   1.370763E-06   1.940079E-06   1.936148E-06   1.357701E-06   1.220999E-06   1.379744E-06   2.400943E-06   2.461016E-06   1.000000E-06   1.000000E-06   1.000000E-06
   1.000000E-06   1.000000E-06   1.000000E-06   1.000000E-06   1.000000E-06   1.000000E-06   1.000000E-06   1.000000E-06   1.000000E-06   1.366826E-06   1.434166E-06   1.417222E-06   1.245109E-06   1.123991E-06   1.922700E-06   2.280660E-06   1.000000E-06   1.000000E-06   1.000000E-06   1.000000E-06
