   3.477203E+01    3.476636E+01    3.475526E+01    3.473912E+01    3.471849E+01    3.469402E+01    3.466646E+01    3.463659E+01    3.460514E+01    3.457269E+01    3.453959E+01    3.450579E+01    3.447095E+01    3.443472E+01    3.439679E+01    3.435737E+01    3.436334E+01    3.436814E+01    3.437133E+01    3.437290E+01
   3.477267E+01    3.476689E+01    3.475556E+01    3.473907E+01    3.471797E+01    3.469296E+01    3.466483E+01    3.463439E+01    3.460242E+01    3.456960E+01    3.453632E+01    3.450250E+01    3.446767E+01    3.443143E+01    3.439343E+01    3.435376E+01    3.435998E+01    3.436489E+01    3.436812E+01    3.436971E+01
   3.477399E+01    3.476799E+01    3.475622E+01    3.473903E+01    3.471702E+01    3.469092E+01    3.466162E+01    3.463005E+01    3.459708E+01    3.456349E+01    3.452983E+01    3.449596E+01    3.446108E+01    3.442481E+01    3.438678E+01    3.434694E+01    3.435340E+01    3.435843E+01    3.436174E+01    3.436337E+01
   3.477612E+01    3.476984E+01    3.475743E+01    3.473922E+01    3.471577E+01    3.468796E+01    3.465685E+01    3.462355E+01    3.458912E+01    3.455439E+01    3.452017E+01    3.448611E+01    3.445105E+01    3.441477E+01    3.437684E+01    3.433713E+01    3.434366E+01    3.434883E+01    3.435227E+01    3.435399E+01
   3.477927E+01    3.477268E+01    3.475954E+01    3.473998E+01    3.471449E+01    3.468421E+01    3.465041E+01    3.461454E+01    3.457817E+01    3.454210E+01    3.450699E+01    3.447244E+01    3.443737E+01    3.440125E+01    3.436366E+01    3.432449E+01    3.433091E+01    3.433622E+01    3.433989E+01    3.434177E+01
   3.478365E+01    3.477687E+01    3.476310E+01    3.474200E+01    3.471365E+01    3.467990E+01    3.464218E+01    3.460224E+01    3.456306E+01    3.452562E+01    3.448994E+01    3.445513E+01    3.442018E+01    3.438442E+01    3.434738E+01    3.430910E+01    3.431533E+01    3.432084E+01    3.432491E+01    3.432707E+01
   3.478935E+01    3.478275E+01    3.476898E+01    3.474665E+01    3.471394E+01    3.467562E+01    3.463245E+01    3.458558E+01    3.454277E+01    3.450431E+01    3.446864E+01    3.443416E+01    3.439969E+01    3.436450E+01    3.432819E+01    3.429086E+01    3.429670E+01    3.430279E+01    3.430767E+01    3.431035E+01
   3.479604E+01    3.479041E+01    3.477840E+01    3.475720E+01    3.471579E+01    3.467255E+01    3.462309E+01    3.456170E+01    3.451505E+01    3.447715E+01    3.444292E+01    3.440971E+01    3.437620E+01    3.434182E+01    3.430628E+01    3.426959E+01    3.427432E+01    3.428207E+01    3.428870E+01    3.429232E+01
   3.480258E+01    3.479888E+01    3.479195E+01    3.478399E+01    1.000000E+30    1.000000E+30    1.000000E+30    3.452058E+01    3.447584E+01    3.444343E+01    3.441318E+01    3.438238E+01    3.435025E+01    3.431680E+01    3.428217E+01    3.424518E+01    3.424566E+01    3.425881E+01    3.426896E+01    3.427408E+01
   3.480682E+01    3.480471E+01    3.480108E+01    3.479771E+01    1.000000E+30    1.000000E+30    1.000000E+30    1.000000E+30    3.442182E+01    3.440479E+01    3.438116E+01    3.435345E+01    3.432257E+01    3.428976E+01    3.425735E+01    3.421924E+01    3.420132E+01    3.423510E+01    3.425062E+01    3.425722E+01
   3.480690E+01    3.480579E+01    3.480394E+01    3.480232E+01    1.000000E+30    1.000000E+30    1.000000E+30    1.000000E+30    3.438135E+01    3.436986E+01    3.435049E+01    3.432499E+01    3.429402E+01    3.425928E+01    3.423513E+01    3.420681E+01    3.421107E+01    3.422634E+01    3.423764E+01    3.424328E+01
   3.480181E+01    3.480116E+01    3.480013E+01    3.479931E+01    1.000000E+30    1.000000E+30    1.000000E+30    1.000000E+30    3.434897E+01    3.433994E+01    3.432329E+01    3.429948E+01    3.426657E+01    3.421532E+01    3.421396E+01    3.419511E+01    3.420652E+01    3.421801E+01    3.422672E+01    3.423128E+01
   3.479134E+01    3.479090E+01    3.479026E+01    3.478978E+01    1.000000E+30    1.000000E+30    1.000000E+30    1.000000E+30    3.432226E+01    3.431478E+01    3.430065E+01    3.428052E+01    3.425480E+01    3.422538E+01    3.420713E+01    3.418621E+01    3.419853E+01    3.420884E+01    3.421626E+01    3.422014E+01
   3.477572E+01    3.477539E+01    3.477494E+01    3.477461E+01    1.000000E+30    1.000000E+30    1.000000E+30    1.000000E+30    3.429972E+01    3.429336E+01    3.428135E+01    3.426448E+01    3.424375E+01    3.422091E+01    3.419966E+01    3.417718E+01    3.418917E+01    3.419885E+01    3.420563E+01    3.420912E+01
   3.475527E+01    3.475500E+01    3.475463E+01    3.475437E+01    1.000000E+30    1.000000E+30    1.000000E+30    1.000000E+30    3.428020E+01    3.427466E+01    3.426418E+01    3.424957E+01    3.423162E+01    3.421133E+01    3.418993E+01    3.416693E+01    3.417864E+01    3.418802E+01    3.419449E+01    3.419780E+01
   3.473029E+01    3.473003E+01    3.472969E+01    3.472944E+01    1.000000E+30    1.000000E+30    1.000000E+30    1.000000E+30    3.426285E+01    3.425783E+01    3.424832E+01    3.423496E+01    3.421837E+01    3.419925E+01    3.417817E+01    3.415524E+01    3.416693E+01    3.417628E+01    3.418270E+01    3.418595E+01
   3.470104E+01    3.470075E+01    3.470036E+01    3.470008E+01    1.000000E+30    1.000000E+30    1.000000E+30    1.000000E+30    3.424709E+01    3.424230E+01    3.423318E+01    3.422028E+01    3.420416E+01    3.418544E+01    3.416463E+01    3.414210E+01    3.415403E+01    3.416361E+01    3.417019E+01    3.417352E+01
   3.466777E+01    3.466738E+01    3.466682E+01    3.466642E+01    1.000000E+30    1.000000E+30    1.000000E+30    1.000000E+30    3.423268E+01    3.422783E+01    3.421861E+01    3.420553E+01    3.418913E+01    3.417006E+01    3.414919E+01    3.412748E+01    3.414002E+01    3.415014E+01    3.415709E+01    3.416062E+01
   3.463076E+01    3.463012E+01    3.462917E+01    3.462846E+01    1.000000E+30    1.000000E+30    1.000000E+30    1.000000E+30    3.421969E+01    3.421449E+01    3.420470E+01    3.419085E+01    3.417340E+01    3.415295E+01    3.413106E+01    3.411113E+01    3.412506E+01    3.413616E+01    3.414368E+01    3.414747E+01
   3.459039E+01    3.458923E+01    3.458744E+01    3.458600E+01    1.000000E+30    1.000000E+30    1.000000E+30    1.000000E+30    3.420849E+01    3.420252E+01    3.419170E+01    3.417663E+01    3.415740E+01    3.413389E+01    3.410758E+01    3.409277E+01    3.410957E+01    3.412212E+01    3.413032E+01    3.413437E+01
   3.454732E+01    3.454519E+01    3.454164E+01    3.453838E+01    1.000000E+30    1.000000E+30    1.000000E+30    1.000000E+30    3.419990E+01    3.419224E+01    3.417987E+01    3.416351E+01    3.414256E+01    3.411434E+01    3.406942E+01    3.407374E+01    3.409501E+01    3.410883E+01    3.411744E+01    3.412163E+01
   3.450262E+01    3.449887E+01    3.449190E+01    3.448386E+01    1.000000E+30    1.000000E+30    3.421345E+01    3.420586E+01    3.419567E+01    3.418358E+01    3.416905E+01    3.415198E+01    3.413191E+01    3.410823E+01    3.408214E+01    3.406776E+01    3.408457E+01    3.409713E+01    3.410533E+01    3.410938E+01
   3.445788E+01    3.445206E+01    3.443965E+01    3.441773E+01    3.437558E+01    1.000000E+30    3.421767E+01    3.420531E+01    3.419029E+01    3.417444E+01    3.415787E+01    3.414051E+01    3.412173E+01    3.410121E+01    3.407993E+01    3.406097E+01    3.407499E+01    3.408615E+01    3.409369E+01    3.409748E+01
   3.441521E+01    3.440822E+01    3.439345E+01    3.436877E+01    3.433009E+01    3.427456E+01    3.423097E+01    3.420442E+01    3.418287E+01    3.416318E+01    3.414469E+01    3.412745E+01    3.411003E+01    3.409157E+01    3.407204E+01    3.405202E+01    3.406484E+01    3.407510E+01    3.408211E+01    3.408566E+01
   3.437582E+01    3.436858E+01    3.435374E+01    3.433060E+01    3.429868E+01    3.426013E+01    3.422467E+01    3.419585E+01    3.417088E+01    3.414801E+01    3.412741E+01    3.411147E+01    3.409611E+01    3.407954E+01    3.406126E+01    3.404131E+01    3.405375E+01    3.406357E+01    3.407026E+01    3.407365E+01
   3.434001E+01    3.433295E+01    3.431887E+01    3.429789E+01    3.427076E+01    3.423972E+01    3.420899E+01    3.418078E+01    3.415421E+01    3.412798E+01    3.410262E+01    3.409180E+01    3.408016E+01    3.406580E+01    3.404876E+01    3.402932E+01    3.404176E+01    3.405143E+01    3.405798E+01    3.406129E+01
   3.430762E+01    3.430080E+01    3.428741E+01    3.426795E+01    3.424345E+01    3.421582E+01    3.418780E+01    3.416130E+01    3.413475E+01    3.410457E+01    3.406036E+01    3.406987E+01    3.406369E+01    3.405133E+01    3.403529E+01    3.401642E+01    3.402898E+01    3.403866E+01    3.404518E+01    3.404848E+01
   3.427847E+01    3.427171E+01    3.425856E+01    3.423966E+01    3.421595E+01    3.418905E+01    3.416186E+01    3.413886E+01    3.411650E+01    3.409311E+01    3.406965E+01    3.406041E+01    3.405017E+01    3.403713E+01    3.402129E+01    3.400283E+01    3.401550E+01    3.402526E+01    3.403185E+01    3.403518E+01
   3.425253E+01    3.424551E+01    3.423207E+01    3.421285E+01    3.418841E+01    3.415940E+01    3.412854E+01    3.411302E+01    3.409701E+01    3.407941E+01    3.406215E+01    3.404892E+01    3.403623E+01    3.402235E+01    3.400654E+01    3.398851E+01    3.400131E+01    3.401125E+01    3.401799E+01    3.402141E+01
   3.423009E+01    3.422229E+01    3.420801E+01    3.418806E+01    3.416237E+01    3.412879E+01    3.407754E+01    3.408538E+01    3.407662E+01    3.406277E+01    3.404786E+01    3.403389E+01    3.402027E+01    3.400613E+01    3.399064E+01    3.397330E+01    3.398638E+01    3.399664E+01    3.400366E+01    3.400724E+01
   3.421193E+01    3.420213E+01    3.418631E+01    3.416583E+01    3.414131E+01    3.411337E+01    3.408455E+01    3.407162E+01    3.405867E+01    3.404445E+01    3.402979E+01    3.401550E+01    3.400164E+01    3.398786E+01    3.397323E+01    3.395702E+01    3.397065E+01    3.398145E+01    3.398893E+01    3.399279E+01
   3.420003E+01    3.418456E+01    3.416599E+01    3.414445E+01    3.412070E+01    3.409606E+01    3.407282E+01    3.405509E+01    3.403925E+01    3.402379E+01    3.400851E+01    3.399369E+01    3.397977E+01    3.396704E+01    3.395401E+01    3.393953E+01    3.395409E+01    3.396575E+01    3.397396E+01    3.397832E+01
   1.000000E+30    3.416670E+01    3.414531E+01    3.412209E+01    3.409791E+01    3.407437E+01    3.405267E+01    3.403379E+01    3.401661E+01    3.400014E+01    3.398392E+01    3.396803E+01    3.395358E+01    3.394309E+01    3.393277E+01    3.392078E+01    3.393669E+01    3.394958E+01    3.395896E+01    3.396426E+01
   1.000000E+30    1.000000E+30    3.412314E+01    3.409743E+01    3.407128E+01    3.404774E+01    3.402664E+01    3.400775E+01    3.399028E+01    3.397335E+01    3.395616E+01    3.393814E+01    3.392026E+01    3.391550E+01    3.390968E+01    3.390093E+01    3.391856E+01    3.393299E+01    3.394406E+01    3.395151E+01
   1.000000E+30    1.000000E+30    1.000000E+30    3.406992E+01    3.403877E+01    3.401538E+01    3.399512E+01    3.397702E+01    3.396021E+01    3.394377E+01    3.392637E+01    3.390508E+01    3.387059E+01    3.388540E+01    3.388588E+01    3.388048E+01    3.389979E+01    3.391576E+01    3.392877E+01    3.394217E+01
   1.000000E+30    1.000000E+30    1.000000E+30    1.000000E+30    3.399511E+01    3.397639E+01    3.395796E+01    3.394151E+01    3.392640E+01    3.391191E+01    3.389730E+01    3.388202E+01    3.386718E+01    3.386592E+01    3.386418E+01    3.385999E+01    3.388046E+01    3.389741E+01    3.390904E+01    1.000000E+30
   1.000000E+30    1.000000E+30    1.000000E+30    1.000000E+30    3.396627E+01    3.393334E+01    3.391504E+01    3.390092E+01    3.388836E+01    3.387657E+01    3.386532E+01    3.385484E+01    3.384641E+01    3.384296E+01    3.384095E+01    3.383843E+01    3.386064E+01    3.388024E+01    3.389674E+01    1.000000E+30
   1.000000E+30    1.000000E+30    1.000000E+30    1.000000E+30    1.000000E+30    3.387169E+01    3.386385E+01    3.385467E+01    3.384550E+01    3.383668E+01    3.382853E+01    3.382152E+01    3.381650E+01    3.381431E+01    3.381404E+01    3.381455E+01    3.383925E+01    3.386193E+01    1.000000E+30    1.000000E+30
   1.000000E+30    1.000000E+30    1.000000E+30    1.000000E+30    1.000000E+30    3.381322E+01    3.380937E+01    3.380378E+01    3.379767E+01    3.379164E+01    3.378621E+01    3.378186E+01    3.377932E+01    3.377921E+01    3.378191E+01    3.378743E+01    3.381558E+01    1.000000E+30    1.000000E+30    1.000000E+30
   1.000000E+30    1.000000E+30    1.000000E+30    1.000000E+30    1.000000E+30    3.375370E+01    3.375169E+01    3.374842E+01    3.374468E+01    3.374119E+01    3.373820E+01    3.373601E+01    3.373508E+01    3.373656E+01    3.374234E+01    3.375680E+01    1.000000E+30    1.000000E+30    1.000000E+30    1.000000E+30
