9.088676999999999650e-05 9.088676999999999650e-05 9.088676999999999650e-05 9.088676999999999650e-05 9.088676999999999650e-05 9.088676999999999650e-05 9.088676999999999650e-05 9.088676999999999650e-05 9.088676999999999650e-05 9.088676999999999650e-05 9.088676999999999650e-05 9.088676999999999650e-05 9.088676999999999650e-05 9.088676999999999650e-05 9.088676999999999650e-05 9.088676999999999650e-05 9.088676999999999650e-05 9.088676999999999650e-05 9.088676999999999650e-05 9.088676999999999650e-05
9.088676999999999650e-05 9.088676999999999650e-05 9.088676999999999650e-05 9.088676999999999650e-05 9.088676999999999650e-05 9.088676999999999650e-05 9.088676999999999650e-05 9.088676999999999650e-05 9.088676999999999650e-05 9.088676999999999650e-05 9.088676999999999650e-05 9.088676999999999650e-05 9.088676999999999650e-05 9.088676999999999650e-05 9.088676999999999650e-05 9.088676999999999650e-05 9.088676999999999650e-05 9.088676999999999650e-05 9.088676999999999650e-05 9.088676999999999650e-05
9.088676999999999650e-05 9.088676999999999650e-05 9.088676999999999650e-05 9.088676999999999650e-05 9.088676999999999650e-05 9.088676999999999650e-05 9.088676999999999650e-05 9.088676999999999650e-05 9.088676999999999650e-05 9.088676999999999650e-05 9.088676999999999650e-05 9.088676999999999650e-05 9.088676999999999650e-05 9.088676999999999650e-05 9.088676999999999650e-05 9.088676999999999650e-05 9.088676999999999650e-05 9.088676999999999650e-05 9.088676999999999650e-05 9.088676999999999650e-05
9.088676999999999650e-05 9.088676999999999650e-05 9.088676999999999650e-05 9.088676999999999650e-05 9.088676999999999650e-05 9.088676999999999650e-05 9.088676999999999650e-05 9.088676999999999650e-05 9.088676999999999650e-05 9.088676999999999650e-05 9.088676999999999650e-05 9.088676999999999650e-05 9.088676999999999650e-05 9.088676999999999650e-05 9.088676999999999650e-05 9.088676999999999650e-05 9.088676999999999650e-05 9.088676999999999650e-05 9.088676999999999650e-05 9.088676999999999650e-05
9.088676999999999650e-05 9.088676999999999650e-05 9.088676999999999650e-05 9.088676999999999650e-05 9.088676999999999650e-05 9.088676999999999650e-05 9.088676999999999650e-05 9.088676999999999650e-05 9.088676999999999650e-05 9.088676999999999650e-05 9.088676999999999650e-05 9.088676999999999650e-05 9.088676999999999650e-05 9.088676999999999650e-05 9.088676999999999650e-05 9.088676999999999650e-05 9.088676999999999650e-05 9.088676999999999650e-05 9.088676999999999650e-05 9.088676999999999650e-05
9.088676999999999650e-05 9.088676999999999650e-05 9.088676999999999650e-05 9.088676999999999650e-05 9.088676999999999650e-05 9.088676999999999650e-05 9.088676999999999650e-05 9.088676999999999650e-05 9.088676999999999650e-05 9.088676999999999650e-05 9.088676999999999650e-05 9.088676999999999650e-05 9.088676999999999650e-05 9.088676999999999650e-05 9.088676999999999650e-05 9.088676999999999650e-05 9.088676999999999650e-05 9.088676999999999650e-05 9.088676999999999650e-05 9.088676999999999650e-05
9.088676999999999650e-05 9.088676999999999650e-05 9.088676999999999650e-05 9.088676999999999650e-05 9.088676999999999650e-05 9.088676999999999650e-05 9.088676999999999650e-05 9.088676999999999650e-05 9.088676999999999650e-05 9.088676999999999650e-05 9.088676999999999650e-05 9.088676999999999650e-05 9.088676999999999650e-05 9.088676999999999650e-05 9.088676999999999650e-05 9.088676999999999650e-05 9.088676999999999650e-05 9.088676999999999650e-05 9.088676999999999650e-05 9.088676999999999650e-05
9.088676999999999650e-05 9.088676999999999650e-05 9.088676999999999650e-05 9.088676999999999650e-05 9.088676999999999650e-05 9.088676999999999650e-05 9.088676999999999650e-05 9.088676999999999650e-05 9.088676999999999650e-05 9.088676999999999650e-05 9.088676999999999650e-05 9.088676999999999650e-05 9.088676999999999650e-05 9.088676999999999650e-05 9.088676999999999650e-05 9.088676999999999650e-05 9.088676999999999650e-05 9.088676999999999650e-05 9.088676999999999650e-05 9.088676999999999650e-05
9.088676999999999650e-05 9.088676999999999650e-05 9.088676999999999650e-05 9.088676999999999650e-05 9.088676999999999650e-05 9.088676999999999650e-05 9.088676999999999650e-05 9.088676999999999650e-05 9.088676999999999650e-05 9.088676999999999650e-05 9.088676999999999650e-05 9.088676999999999650e-05 9.088676999999999650e-05 9.088676999999999650e-05 9.088676999999999650e-05 9.088676999999999650e-05 9.088676999999999650e-05 9.088676999999999650e-05 9.088676999999999650e-05 9.088676999999999650e-05
9.088676999999999650e-05 9.088676999999999650e-05 9.088676999999999650e-05 9.088676999999999650e-05 9.088676999999999650e-05 9.088676999999999650e-05 9.088676999999999650e-05 9.088676999999999650e-05 9.088676999999999650e-05 9.088676999999999650e-05 9.088676999999999650e-05 9.088676999999999650e-05 9.088676999999999650e-05 9.088676999999999650e-05 9.088676999999999650e-05 9.088676999999999650e-05 9.088676999999999650e-05 9.088676999999999650e-05 9.088676999999999650e-05 9.088676999999999650e-05
9.088676999999999650e-05 9.088676999999999650e-05 9.088676999999999650e-05 9.088676999999999650e-05 9.088676999999999650e-05 9.088676999999999650e-05 9.088676999999999650e-05 9.088676999999999650e-05 9.088676999999999650e-05 9.088676999999999650e-05 9.088676999999999650e-05 9.088676999999999650e-05 9.088676999999999650e-05 9.088676999999999650e-05 9.088676999999999650e-05 9.088676999999999650e-05 9.088676999999999650e-05 9.088676999999999650e-05 9.088676999999999650e-05 9.088676999999999650e-05
9.088676999999999650e-05 9.088676999999999650e-05 9.088676999999999650e-05 9.088676999999999650e-05 9.088676999999999650e-05 9.088676999999999650e-05 9.088676999999999650e-05 9.088676999999999650e-05 9.088676999999999650e-05 9.088676999999999650e-05 9.088676999999999650e-05 9.088676999999999650e-05 9.088676999999999650e-05 9.088676999999999650e-05 9.088676999999999650e-05 9.088676999999999650e-05 9.088676999999999650e-05 9.088676999999999650e-05 9.088676999999999650e-05 9.088676999999999650e-05
9.088676999999999650e-05 9.088676999999999650e-05 9.088676999999999650e-05 9.088676999999999650e-05 9.088676999999999650e-05 9.088676999999999650e-05 9.088676999999999650e-05 9.088676999999999650e-05 9.088676999999999650e-05 9.088676999999999650e-05 9.088676999999999650e-05 9.088676999999999650e-05 9.088676999999999650e-05 9.088676999999999650e-05 9.088676999999999650e-05 9.088676999999999650e-05 9.088676999999999650e-05 9.088676999999999650e-05 9.088676999999999650e-05 9.088676999999999650e-05
9.088676999999999650e-05 9.088676999999999650e-05 9.088676999999999650e-05 9.088676999999999650e-05 9.088676999999999650e-05 9.088676999999999650e-05 9.088676999999999650e-05 9.088676999999999650e-05 9.088676999999999650e-05 9.088676999999999650e-05 9.088676999999999650e-05 9.088676999999999650e-05 9.088676999999999650e-05 9.088676999999999650e-05 9.088676999999999650e-05 9.088676999999999650e-05 9.088676999999999650e-05 9.088676999999999650e-05 9.088676999999999650e-05 9.088676999999999650e-05
9.088676999999999650e-05 9.088676999999999650e-05 9.088676999999999650e-05 9.088676999999999650e-05 9.088676999999999650e-05 9.088676999999999650e-05 9.088676999999999650e-05 9.088676999999999650e-05 9.088676999999999650e-05 9.088676999999999650e-05 9.088676999999999650e-05 9.088676999999999650e-05 9.088676999999999650e-05 9.088676999999999650e-05 9.088676999999999650e-05 9.088676999999999650e-05 9.088676999999999650e-05 9.088676999999999650e-05 9.088676999999999650e-05 9.088676999999999650e-05
9.088676999999999650e-05 9.088676999999999650e-05 9.088676999999999650e-05 9.088676999999999650e-05 9.088676999999999650e-05 9.088676999999999650e-05 9.088676999999999650e-05 9.088676999999999650e-05 9.088676999999999650e-05 9.088676999999999650e-05 9.088676999999999650e-05 9.088676999999999650e-05 9.088676999999999650e-05 9.088676999999999650e-05 9.088676999999999650e-05 9.088676999999999650e-05 9.088676999999999650e-05 9.088676999999999650e-05 9.088676999999999650e-05 9.088676999999999650e-05
9.088676999999999650e-05 9.088676999999999650e-05 9.088676999999999650e-05 9.088676999999999650e-05 9.088676999999999650e-05 9.088676999999999650e-05 9.088676999999999650e-05 9.088676999999999650e-05 9.088676999999999650e-05 9.088676999999999650e-05 9.088676999999999650e-05 9.088676999999999650e-05 9.088676999999999650e-05 9.088676999999999650e-05 9.088676999999999650e-05 9.088676999999999650e-05 9.088676999999999650e-05 9.088676999999999650e-05 9.088676999999999650e-05 9.088676999999999650e-05
9.088676999999999650e-05 9.088676999999999650e-05 9.088676999999999650e-05 9.088676999999999650e-05 9.088676999999999650e-05 9.088676999999999650e-05 9.088676999999999650e-05 9.088676999999999650e-05 9.088676999999999650e-05 9.088676999999999650e-05 9.088676999999999650e-05 9.088676999999999650e-05 9.088676999999999650e-05 9.088676999999999650e-05 9.088676999999999650e-05 9.088676999999999650e-05 9.088676999999999650e-05 9.088676999999999650e-05 9.088676999999999650e-05 9.088676999999999650e-05
9.088676999999999650e-05 9.088676999999999650e-05 9.088676999999999650e-05 9.088676999999999650e-05 9.088676999999999650e-05 9.088676999999999650e-05 9.088676999999999650e-05 9.088676999999999650e-05 9.088676999999999650e-05 9.088676999999999650e-05 9.088676999999999650e-05 9.088676999999999650e-05 9.088676999999999650e-05 9.088676999999999650e-05 9.088676999999999650e-05 9.088676999999999650e-05 9.088676999999999650e-05 9.088676999999999650e-05 9.088676999999999650e-05 9.088676999999999650e-05
9.088676999999999650e-05 9.088676999999999650e-05 9.088676999999999650e-05 9.088676999999999650e-05 9.088676999999999650e-05 9.088676999999999650e-05 9.088676999999999650e-05 9.088676999999999650e-05 9.088676999999999650e-05 9.088676999999999650e-05 9.088676999999999650e-05 9.088676999999999650e-05 9.088676999999999650e-05 9.088676999999999650e-05 9.088676999999999650e-05 9.088676999999999650e-05 9.088676999999999650e-05 9.088676999999999650e-05 9.088676999999999650e-05 9.088676999999999650e-05
9.088676999999999650e-05 9.088676999999999650e-05 9.088676999999999650e-05 9.088676999999999650e-05 9.088676999999999650e-05 9.088676999999999650e-05 9.088676999999999650e-05 9.088676999999999650e-05 9.088676999999999650e-05 9.088676999999999650e-05 9.088676999999999650e-05 9.088676999999999650e-05 9.088676999999999650e-05 9.088676999999999650e-05 9.088676999999999650e-05 9.088676999999999650e-05 9.088676999999999650e-05 9.088676999999999650e-05 9.088676999999999650e-05 9.088676999999999650e-05
9.088676999999999650e-05 9.088676999999999650e-05 9.088676999999999650e-05 9.088676999999999650e-05 9.088676999999999650e-05 9.088676999999999650e-05 9.088676999999999650e-05 9.088676999999999650e-05 9.088676999999999650e-05 9.088676999999999650e-05 9.088676999999999650e-05 9.088676999999999650e-05 9.088676999999999650e-05 9.088676999999999650e-05 9.088676999999999650e-05 9.088676999999999650e-05 9.088676999999999650e-05 9.088676999999999650e-05 9.088676999999999650e-05 9.088676999999999650e-05
9.088676999999999650e-05 9.088676999999999650e-05 9.088676999999999650e-05 9.088676999999999650e-05 9.088676999999999650e-05 9.088676999999999650e-05 9.088676999999999650e-05 9.088676999999999650e-05 9.088676999999999650e-05 9.088676999999999650e-05 9.088676999999999650e-05 9.088676999999999650e-05 9.088676999999999650e-05 9.088676999999999650e-05 9.088676999999999650e-05 9.088676999999999650e-05 9.088676999999999650e-05 9.088676999999999650e-05 9.088676999999999650e-05 9.088676999999999650e-05
9.088676999999999650e-05 9.088676999999999650e-05 9.088676999999999650e-05 9.088676999999999650e-05 9.088676999999999650e-05 9.088676999999999650e-05 9.088676999999999650e-05 9.088676999999999650e-05 9.088676999999999650e-05 9.088676999999999650e-05 9.088676999999999650e-05 9.088676999999999650e-05 9.088676999999999650e-05 9.088676999999999650e-05 9.088676999999999650e-05 9.088676999999999650e-05 9.088676999999999650e-05 9.088676999999999650e-05 9.088676999999999650e-05 9.088676999999999650e-05
9.088676999999999650e-05 9.088676999999999650e-05 9.088676999999999650e-05 9.088676999999999650e-05 9.088676999999999650e-05 9.088676999999999650e-05 9.088676999999999650e-05 9.088676999999999650e-05 9.088676999999999650e-05 9.088676999999999650e-05 9.088676999999999650e-05 9.088676999999999650e-05 9.088676999999999650e-05 9.088676999999999650e-05 9.088676999999999650e-05 9.088676999999999650e-05 9.088676999999999650e-05 9.088676999999999650e-05 9.088676999999999650e-05 9.088676999999999650e-05
9.088676999999999650e-05 9.088676999999999650e-05 9.088676999999999650e-05 9.088676999999999650e-05 9.088676999999999650e-05 9.088676999999999650e-05 9.088676999999999650e-05 9.088676999999999650e-05 9.088676999999999650e-05 9.088676999999999650e-05 9.088676999999999650e-05 9.088676999999999650e-05 9.088676999999999650e-05 9.088676999999999650e-05 9.088676999999999650e-05 9.088676999999999650e-05 9.088676999999999650e-05 9.088676999999999650e-05 9.088676999999999650e-05 9.088676999999999650e-05
9.088676999999999650e-05 9.088676999999999650e-05 9.088676999999999650e-05 9.088676999999999650e-05 9.088676999999999650e-05 9.088676999999999650e-05 9.088676999999999650e-05 9.088676999999999650e-05 9.088676999999999650e-05 9.088676999999999650e-05 9.088676999999999650e-05 9.088676999999999650e-05 9.088676999999999650e-05 9.088676999999999650e-05 9.088676999999999650e-05 9.088676999999999650e-05 9.088676999999999650e-05 9.088676999999999650e-05 9.088676999999999650e-05 9.088676999999999650e-05
9.088676999999999650e-05 9.088676999999999650e-05 9.088676999999999650e-05 9.088676999999999650e-05 9.088676999999999650e-05 9.088676999999999650e-05 9.088676999999999650e-05 9.088676999999999650e-05 9.088676999999999650e-05 9.088676999999999650e-05 9.088676999999999650e-05 9.088676999999999650e-05 9.088676999999999650e-05 9.088676999999999650e-05 9.088676999999999650e-05 9.088676999999999650e-05 9.088676999999999650e-05 9.088676999999999650e-05 9.088676999999999650e-05 9.088676999999999650e-05
9.088676999999999650e-05 9.088676999999999650e-05 9.088676999999999650e-05 9.088676999999999650e-05 9.088676999999999650e-05 9.088676999999999650e-05 9.088676999999999650e-05 9.088676999999999650e-05 9.088676999999999650e-05 9.088676999999999650e-05 9.088676999999999650e-05 9.088676999999999650e-05 9.088676999999999650e-05 9.088676999999999650e-05 9.088676999999999650e-05 9.088676999999999650e-05 9.088676999999999650e-05 9.088676999999999650e-05 9.088676999999999650e-05 9.088676999999999650e-05
9.088676999999999650e-05 9.088676999999999650e-05 9.088676999999999650e-05 9.088676999999999650e-05 9.088676999999999650e-05 9.088676999999999650e-05 9.088676999999999650e-05 9.088676999999999650e-05 9.088676999999999650e-05 9.088676999999999650e-05 9.088676999999999650e-05 9.088676999999999650e-05 9.088676999999999650e-05 9.088676999999999650e-05 9.088676999999999650e-05 9.088676999999999650e-05 9.088676999999999650e-05 9.088676999999999650e-05 9.088676999999999650e-05 9.088676999999999650e-05
9.088676999999999650e-05 9.088676999999999650e-05 9.088676999999999650e-05 9.088676999999999650e-05 9.088676999999999650e-05 9.088676999999999650e-05 9.088676999999999650e-05 9.088676999999999650e-05 9.088676999999999650e-05 9.088676999999999650e-05 9.088676999999999650e-05 9.088676999999999650e-05 9.088676999999999650e-05 9.088676999999999650e-05 9.088676999999999650e-05 9.088676999999999650e-05 9.088676999999999650e-05 9.088676999999999650e-05 9.088676999999999650e-05 9.088676999999999650e-05
9.088676999999999650e-05 9.088676999999999650e-05 9.088676999999999650e-05 9.088676999999999650e-05 9.088676999999999650e-05 9.088676999999999650e-05 9.088676999999999650e-05 9.088676999999999650e-05 9.088676999999999650e-05 9.088676999999999650e-05 9.088676999999999650e-05 9.088676999999999650e-05 9.088676999999999650e-05 9.088676999999999650e-05 9.088676999999999650e-05 9.088676999999999650e-05 9.088676999999999650e-05 9.088676999999999650e-05 9.088676999999999650e-05 9.088676999999999650e-05
9.088676999999999650e-05 9.088676999999999650e-05 9.088676999999999650e-05 9.088676999999999650e-05 9.088676999999999650e-05 9.088676999999999650e-05 9.088676999999999650e-05 9.088676999999999650e-05 9.088676999999999650e-05 9.088676999999999650e-05 9.088676999999999650e-05 9.088676999999999650e-05 9.088676999999999650e-05 9.088676999999999650e-05 9.088676999999999650e-05 9.088676999999999650e-05 9.088676999999999650e-05 9.088676999999999650e-05 9.088676999999999650e-05 9.088676999999999650e-05
9.088676999999999650e-05 9.088676999999999650e-05 9.088676999999999650e-05 9.088676999999999650e-05 9.088676999999999650e-05 9.088676999999999650e-05 9.088676999999999650e-05 9.088676999999999650e-05 9.088676999999999650e-05 9.088676999999999650e-05 9.088676999999999650e-05 9.088676999999999650e-05 9.088676999999999650e-05 9.088676999999999650e-05 9.088676999999999650e-05 9.088676999999999650e-05 9.088676999999999650e-05 9.088676999999999650e-05 9.088676999999999650e-05 9.088676999999999650e-05
9.088676999999999650e-05 9.088676999999999650e-05 9.088676999999999650e-05 9.088676999999999650e-05 9.088676999999999650e-05 9.088676999999999650e-05 9.088676999999999650e-05 9.088676999999999650e-05 9.088676999999999650e-05 9.088676999999999650e-05 9.088676999999999650e-05 9.088676999999999650e-05 9.088676999999999650e-05 9.088676999999999650e-05 9.088676999999999650e-05 9.088676999999999650e-05 9.088676999999999650e-05 9.088676999999999650e-05 9.088676999999999650e-05 9.088676999999999650e-05
9.088676999999999650e-05 9.088676999999999650e-05 9.088676999999999650e-05 9.088676999999999650e-05 9.088676999999999650e-05 9.088676999999999650e-05 9.088676999999999650e-05 9.088676999999999650e-05 9.088676999999999650e-05 9.088676999999999650e-05 9.088676999999999650e-05 9.088676999999999650e-05 9.088676999999999650e-05 9.088676999999999650e-05 9.088676999999999650e-05 9.088676999999999650e-05 9.088676999999999650e-05 9.088676999999999650e-05 9.088676999999999650e-05 9.088676999999999650e-05
9.088676999999999650e-05 9.088676999999999650e-05 9.088676999999999650e-05 9.088676999999999650e-05 9.088676999999999650e-05 9.088676999999999650e-05 9.088676999999999650e-05 9.088676999999999650e-05 9.088676999999999650e-05 9.088676999999999650e-05 9.088676999999999650e-05 9.088676999999999650e-05 9.088676999999999650e-05 9.088676999999999650e-05 9.088676999999999650e-05 9.088676999999999650e-05 9.088676999999999650e-05 9.088676999999999650e-05 9.088676999999999650e-05 9.088676999999999650e-05
9.088676999999999650e-05 9.088676999999999650e-05 9.088676999999999650e-05 9.088676999999999650e-05 9.088676999999999650e-05 9.088676999999999650e-05 9.088676999999999650e-05 9.088676999999999650e-05 9.088676999999999650e-05 9.088676999999999650e-05 9.088676999999999650e-05 9.088676999999999650e-05 9.088676999999999650e-05 9.088676999999999650e-05 9.088676999999999650e-05 9.088676999999999650e-05 9.088676999999999650e-05 9.088676999999999650e-05 9.088676999999999650e-05 9.088676999999999650e-05
9.088676999999999650e-05 9.088676999999999650e-05 9.088676999999999650e-05 9.088676999999999650e-05 9.088676999999999650e-05 9.088676999999999650e-05 9.088676999999999650e-05 9.088676999999999650e-05 9.088676999999999650e-05 9.088676999999999650e-05 9.088676999999999650e-05 9.088676999999999650e-05 9.088676999999999650e-05 9.088676999999999650e-05 9.088676999999999650e-05 9.088676999999999650e-05 9.088676999999999650e-05 9.088676999999999650e-05 9.088676999999999650e-05 9.088676999999999650e-05
9.088676999999999650e-05 9.088676999999999650e-05 9.088676999999999650e-05 9.088676999999999650e-05 9.088676999999999650e-05 9.088676999999999650e-05 9.088676999999999650e-05 9.088676999999999650e-05 9.088676999999999650e-05 9.088676999999999650e-05 9.088676999999999650e-05 9.088676999999999650e-05 9.088676999999999650e-05 9.088676999999999650e-05 9.088676999999999650e-05 9.088676999999999650e-05 9.088676999999999650e-05 9.088676999999999650e-05 9.088676999999999650e-05 9.088676999999999650e-05
