   5.846935E-06    5.846935E-06    5.846935E-06    5.846935E-06    5.846935E-06    5.846935E-06    5.846935E-06    5.846935E-06    5.846935E-06    5.846935E-06    5.846935E-06    5.846935E-06    5.846935E-06    5.846935E-06    5.846935E-06    5.846935E-06    5.846935E-06    5.846935E-06    5.846935E-06    5.846935E-06
   5.846935E-06    5.846935E-06    5.846935E-06    5.846935E-06    5.846935E-06    5.846935E-06    5.846935E-06    5.846935E-06    5.846935E-06    5.846935E-06    5.846935E-06    5.846935E-06    5.846935E-06    5.846935E-06    5.846935E-06    5.846935E-06    5.846935E-06    5.846935E-06    5.846935E-06    5.846935E-06
   5.846935E-06    5.846935E-06    5.846935E-06    5.846935E-06    5.846935E-06    5.846935E-06    5.846935E-06    5.846935E-06    5.846935E-06    5.846935E-06    5.846935E-06    5.846935E-06    5.846935E-06    5.846935E-06    5.846935E-06    5.846935E-06    5.846935E-06    5.846935E-06    5.846935E-06    5.846935E-06
   5.846935E-06    5.846935E-06    5.846935E-06    5.846935E-06    5.846935E-06    5.846935E-06    5.846935E-06    5.846935E-06    5.846935E-06    5.846935E-06    5.846935E-06    5.846935E-06    5.846935E-06    5.846935E-06    5.846935E-06    5.846935E-06    5.846935E-06    5.846935E-06    5.846935E-06    5.846935E-06
   5.846935E-06    5.846935E-06    5.846935E-06    5.846935E-06    5.846935E-06    5.846935E-06    5.846935E-06    5.846935E-06    5.846935E-06    5.846935E-06    5.846935E-06    5.846935E-06    5.846935E-06    5.846935E-06    5.846935E-06    5.846935E-06    5.846935E-06    5.846935E-06    5.846935E-06    5.846935E-06
   5.846935E-06    5.846935E-06    5.846935E-06    5.846935E-06    5.846935E-06    5.846935E-06    5.846935E-06    5.846935E-06    5.846935E-06    5.846935E-06    5.846935E-06    5.846935E-06    5.846935E-06    5.846935E-06    5.846935E-06    5.846935E-06    5.846935E-06    5.846935E-06    5.846935E-06    5.846935E-06
   5.846935E-06    5.846935E-06    5.846935E-06    5.846935E-06    5.846935E-06    5.846935E-06    5.846935E-06    5.846935E-06    5.846935E-06    5.846935E-06    5.846935E-06    5.846935E-06    5.846935E-06    5.846935E-06    5.846935E-06    5.846935E-06    5.846935E-06    5.846935E-06    5.846935E-06    5.846935E-06
   5.846935E-06    5.846935E-06    5.846935E-06    5.846935E-06    5.846935E-06    5.846935E-06    5.846935E-06    5.846935E-06    5.846935E-06    5.846935E-06    5.846935E-06    5.846935E-06    5.846935E-06    5.846935E-06    5.846935E-06    5.846935E-06    5.846935E-06    5.846935E-06    5.846935E-06    5.846935E-06
   5.846935E-06    5.846935E-06    5.846935E-06    5.846935E-06    5.846935E-06    5.846935E-06    5.846935E-06    5.846935E-06    5.846935E-06    5.846935E-06    5.846935E-06    5.846935E-06    5.846935E-06    5.846935E-06    5.846935E-06    5.846935E-06    5.846935E-06    5.846935E-06    5.846935E-06    5.846935E-06
   5.846935E-06    5.846935E-06    5.846935E-06    5.846935E-06    5.846935E-06    5.846935E-06    5.846935E-06    5.846935E-06    5.846935E-06    5.846935E-06    5.846935E-06    5.846935E-06    5.846935E-06    5.846935E-06    5.846935E-06    5.846935E-06    5.846935E-06    5.846935E-06    5.846935E-06    5.846935E-06
   5.846935E-06    5.846935E-06    5.846935E-06    5.846935E-06    5.846935E-06    5.846935E-06    5.846935E-06    5.846935E-06    5.846935E-06    5.846935E-06    5.846935E-06    5.846935E-06    5.846935E-06    5.846935E-06    5.846935E-06    5.846935E-06    5.846935E-06    5.846935E-06    5.846935E-06    5.846935E-06
   5.846935E-06    5.846935E-06    5.846935E-06    5.846935E-06    5.846935E-06    5.846935E-06    5.846935E-06    5.846935E-06    5.846935E-06    5.846935E-06    5.846935E-06    5.846935E-06    5.846935E-06    5.846935E-06    5.846935E-06    5.846935E-06    5.846935E-06    5.846935E-06    5.846935E-06    5.846935E-06
   5.846935E-06    5.846935E-06    5.846935E-06    5.846935E-06    5.846935E-06    5.846935E-06    5.846935E-06    5.846935E-06    5.846935E-06    5.846935E-06    5.846935E-06    5.846935E-06    5.846935E-06    5.846935E-06    5.846935E-06    5.846935E-06    5.846935E-06    5.846935E-06    5.846935E-06    5.846935E-06
   5.846935E-06    5.846935E-06    5.846935E-06    5.846935E-06    5.846935E-06    5.846935E-06    5.846935E-06    5.846935E-06    5.846935E-06    5.846935E-06    5.846935E-06    5.846935E-06    5.846935E-06    5.846935E-06    5.846935E-06    5.846935E-06    5.846935E-06    5.846935E-06    5.846935E-06    5.846935E-06
   5.846935E-06    5.846935E-06    5.846935E-06    5.846935E-06    5.846935E-06    5.846935E-06    5.846935E-06    5.846935E-06    5.846935E-06    5.846935E-06    5.846935E-06    5.846935E-06    5.846935E-06    5.846935E-06    5.846935E-06    5.846935E-06    5.846935E-06    5.846935E-06    5.846935E-06    5.846935E-06
   5.846935E-06    5.846935E-06    5.846935E-06    5.846935E-06    5.846935E-06    5.846935E-06    5.846935E-06    5.846935E-06    5.846935E-06    5.846935E-06    5.846935E-06    5.846935E-06    5.846935E-06    5.846935E-06    5.846935E-06    5.846935E-06    5.846935E-06    5.846935E-06    5.846935E-06    5.846935E-06
   5.846935E-06    5.846935E-06    5.846935E-06    5.846935E-06    5.846935E-06    5.846935E-06    5.846935E-06    5.846935E-06    5.846935E-06    5.846935E-06    5.846935E-06    5.846935E-06    5.846935E-06    5.846935E-06    5.846935E-06    5.846935E-06    5.846935E-06    5.846935E-06    5.846935E-06    5.846935E-06
   5.846935E-06    5.846935E-06    5.846935E-06    5.846935E-06    5.846935E-06    5.846935E-06    5.846935E-06    5.846935E-06    5.846935E-06    5.846935E-06    5.846935E-06    5.846935E-06    5.846935E-06    5.846935E-06    5.846935E-06    5.846935E-06    5.846935E-06    5.846935E-06    5.846935E-06    5.846935E-06
   5.846935E-06    5.846935E-06    5.846935E-06    5.846935E-06    5.846935E-06    5.846935E-06    5.846935E-06    5.846935E-06    5.846935E-06    5.846935E-06    5.846935E-06    5.846935E-06    5.846935E-06    5.846935E-06    5.846935E-06    5.846935E-06    5.846935E-06    5.846935E-06    5.846935E-06    5.846935E-06
   5.846935E-06    5.846935E-06    5.846935E-06    5.846935E-06    5.846935E-06    5.846935E-06    5.846935E-06    5.846935E-06    5.846935E-06    5.846935E-06    5.846935E-06    5.846935E-06    5.846935E-06    5.846935E-06    5.846935E-06    5.846935E-06    5.846935E-06    5.846935E-06    5.846935E-06    5.846935E-06
   5.846935E-06    5.846935E-06    5.846935E-06    5.846935E-06    5.846935E-06    5.846935E-06    5.846935E-06    5.846935E-06    5.846935E-06    5.846935E-06    5.846935E-06    5.846935E-06    5.846935E-06    5.846935E-06    5.846935E-06    5.846935E-06    5.846935E-06    5.846935E-06    5.846935E-06    5.846935E-06
   5.846935E-06    5.846935E-06    5.846935E-06    5.846935E-06    5.846935E-06    5.846935E-06    5.846935E-06    5.846935E-06    5.846935E-06    5.846935E-06    5.846935E-06    5.846935E-06    5.846935E-06    5.846935E-06    5.846935E-06    5.846935E-06    5.846935E-06    5.846935E-06    5.846935E-06    5.846935E-06
   5.846935E-06    5.846935E-06    5.846935E-06    5.846935E-06    5.846935E-06    5.846935E-06    5.846935E-06    5.846935E-06    5.846935E-06    5.846935E-06    5.846935E-06    5.846935E-06    5.846935E-06    5.846935E-06    5.846935E-06    5.846935E-06    5.846935E-06    5.846935E-06    5.846935E-06    5.846935E-06
   5.846935E-06    5.846935E-06    5.846935E-06    5.846935E-06    5.846935E-06    5.846935E-06    5.846935E-06    5.846935E-06    5.846935E-06    5.846935E-06    5.846935E-06    5.846935E-06    5.846935E-06    5.846935E-06    5.846935E-06    5.846935E-06    5.846935E-06    5.846935E-06    5.846935E-06    5.846935E-06
   5.846935E-06    5.846935E-06    5.846935E-06    5.846935E-06    5.846935E-06    5.846935E-06    5.846935E-06    5.846935E-06    5.846935E-06    5.846935E-06    5.846935E-06    5.846935E-06    5.846935E-06    5.846935E-06    5.846935E-06    5.846935E-06    5.846935E-06    5.846935E-06    5.846935E-06    5.846935E-06
   5.846935E-06    5.846935E-06    5.846935E-06    5.846935E-06    5.846935E-06    5.846935E-06    5.846935E-06    5.846935E-06    5.846935E-06    5.846935E-06    5.846935E-06    5.846935E-06    5.846935E-06    5.846935E-06    5.846935E-06    5.846935E-06    5.846935E-06    5.846935E-06    5.846935E-06    5.846935E-06
   5.846935E-06    5.846935E-06    5.846935E-06    5.846935E-06    5.846935E-06    5.846935E-06    5.846935E-06    5.846935E-06    5.846935E-06    5.846935E-06    5.846935E-06    5.846935E-06    5.846935E-06    5.846935E-06    5.846935E-06    5.846935E-06    5.846935E-06    5.846935E-06    5.846935E-06    5.846935E-06
   5.846935E-06    5.846935E-06    5.846935E-06    5.846935E-06    5.846935E-06    5.846935E-06    5.846935E-06    5.846935E-06    5.846935E-06    5.846935E-06    5.846935E-06    5.846935E-06    5.846935E-06    5.846935E-06    5.846935E-06    5.846935E-06    5.846935E-06    5.846935E-06    5.846935E-06    5.846935E-06
   5.846935E-06    5.846935E-06    5.846935E-06    5.846935E-06    5.846935E-06    5.846935E-06    5.846935E-06    5.846935E-06    5.846935E-06    5.846935E-06    5.846935E-06    5.846935E-06    5.846935E-06    5.846935E-06    5.846935E-06    5.846935E-06    5.846935E-06    5.846935E-06    5.846935E-06    5.846935E-06
   5.846935E-06    5.846935E-06    5.846935E-06    5.846935E-06    5.846935E-06    5.846935E-06    5.846935E-06    5.846935E-06    5.846935E-06    5.846935E-06    5.846935E-06    5.846935E-06    5.846935E-06    5.846935E-06    5.846935E-06    5.846935E-06    5.846935E-06    5.846935E-06    5.846935E-06    5.846935E-06
   5.846935E-06    5.846935E-06    5.846935E-06    5.846935E-06    5.846935E-06    5.846935E-06    5.846935E-06    5.846935E-06    5.846935E-06    5.846935E-06    5.846935E-06    5.846935E-06    5.846935E-06    5.846935E-06    5.846935E-06    5.846935E-06    5.846935E-06    5.846935E-06    5.846935E-06    5.846935E-06
   5.846935E-06    5.846935E-06    5.846935E-06    5.846935E-06    5.846935E-06    5.846935E-06    5.846935E-06    5.846935E-06    5.846935E-06    5.846935E-06    5.846935E-06    5.846935E-06    5.846935E-06    5.846935E-06    5.846935E-06    5.846935E-06    5.846935E-06    5.846935E-06    5.846935E-06    5.846935E-06
   5.846935E-06    5.846935E-06    5.846935E-06    5.846935E-06    5.846935E-06    5.846935E-06    5.846935E-06    5.846935E-06    5.846935E-06    5.846935E-06    5.846935E-06    5.846935E-06    5.846935E-06    5.846935E-06    5.846935E-06    5.846935E-06    5.846935E-06    5.846935E-06    5.846935E-06    5.846935E-06
   5.846935E-06    5.846935E-06    5.846935E-06    5.846935E-06    5.846935E-06    5.846935E-06    5.846935E-06    5.846935E-06    5.846935E-06    5.846935E-06    5.846935E-06    5.846935E-06    5.846935E-06    5.846935E-06    5.846935E-06    5.846935E-06    5.846935E-06    5.846935E-06    5.846935E-06    5.846935E-06
   5.846935E-06    5.846935E-06    5.846935E-06    5.846935E-06    5.846935E-06    5.846935E-06    5.846935E-06    5.846935E-06    5.846935E-06    5.846935E-06    5.846935E-06    5.846935E-06    5.846935E-06    5.846935E-06    5.846935E-06    5.846935E-06    5.846935E-06    5.846935E-06    5.846935E-06    5.846935E-06
   5.846935E-06    5.846935E-06    5.846935E-06    5.846935E-06    5.846935E-06    5.846935E-06    5.846935E-06    5.846935E-06    5.846935E-06    5.846935E-06    5.846935E-06    5.846935E-06    5.846935E-06    5.846935E-06    5.846935E-06    5.846935E-06    5.846935E-06    5.846935E-06    5.846935E-06    5.846935E-06
   5.846935E-06    5.846935E-06    5.846935E-06    5.846935E-06    5.846935E-06    5.846935E-06    5.846935E-06    5.846935E-06    5.846935E-06    5.846935E-06    5.846935E-06    5.846935E-06    5.846935E-06    5.846935E-06    5.846935E-06    5.846935E-06    5.846935E-06    5.846935E-06    5.846935E-06    5.846935E-06
   5.846935E-06    5.846935E-06    5.846935E-06    5.846935E-06    5.846935E-06    5.846935E-06    5.846935E-06    5.846935E-06    5.846935E-06    5.846935E-06    5.846935E-06    5.846935E-06    5.846935E-06    5.846935E-06    5.846935E-06    5.846935E-06    5.846935E-06    5.846935E-06    5.846935E-06    5.846935E-06
   5.846935E-06    5.846935E-06    5.846935E-06    5.846935E-06    5.846935E-06    5.846935E-06    5.846935E-06    5.846935E-06    5.846935E-06    5.846935E-06    5.846935E-06    5.846935E-06    5.846935E-06    5.846935E-06    5.846935E-06    5.846935E-06    5.846935E-06    5.846935E-06    5.846935E-06    5.846935E-06
   5.846935E-06    5.846935E-06    5.846935E-06    5.846935E-06    5.846935E-06    5.846935E-06    5.846935E-06    5.846935E-06    5.846935E-06    5.846935E-06    5.846935E-06    5.846935E-06    5.846935E-06    5.846935E-06    5.846935E-06    5.846935E-06    5.846935E-06    5.846935E-06    5.846935E-06    5.846935E-06
