single point
           ne1                      0.01000000000000000    1.000000000000000   0.0000000000000000
          rch0                      1.000000000000000    1.000000000000000   0.0000000000000000
          rch1                      1.000000000000000    1.000000000000000   0.0000000000000000
hk_i:2_j:12_zone:1.0                      5.000000000000000    1.000000000000000   0.0000000000000000
hk_i:37_j:12_zone:1.0                      5.000000000000000    1.000000000000000   0.0000000000000000
hk_i:17_j:2_zone:1.0                      5.000000000000000    1.000000000000000   0.0000000000000000
hk_i:37_j:17_zone:1.0                      5.000000000000000    1.000000000000000   0.0000000000000000
hk_i:17_j:12_zone:1.0                      5.000000000000000    1.000000000000000   0.0000000000000000
hk_i:22_j:12_zone:1.0                      5.000000000000000    1.000000000000000   0.0000000000000000
hk_i:22_j:17_zone:1.0                      5.000000000000000    1.000000000000000   0.0000000000000000
hk_i:22_j:7_zone:1.0                      5.000000000000000    1.000000000000000   0.0000000000000000
hk_i:12_j:2_zone:1.0                      5.000000000000000    1.000000000000000   0.0000000000000000
hk_i:12_j:17_zone:1.0                      5.000000000000000    1.000000000000000   0.0000000000000000
hk_i:2_j:17_zone:1.0                      5.000000000000000    1.000000000000000   0.0000000000000000
hk_i:7_j:7_zone:1.0                      5.000000000000000    1.000000000000000   0.0000000000000000
hk_i:27_j:12_zone:1.0                      5.000000000000000    1.000000000000000   0.0000000000000000
hk_i:27_j:17_zone:1.0                      5.000000000000000    1.000000000000000   0.0000000000000000
hk_i:7_j:12_zone:1.0                      5.000000000000000    1.000000000000000   0.0000000000000000
hk_i:12_j:12_zone:1.0                      5.000000000000000    1.000000000000000   0.0000000000000000
hk_i:2_j:7_zone:1.0                      5.000000000000000    1.000000000000000   0.0000000000000000
hk_i:27_j:7_zone:1.0                      5.000000000000000    1.000000000000000   0.0000000000000000
hk_i:32_j:12_zone:1.0                      5.000000000000000    1.000000000000000   0.0000000000000000
hk_i:7_j:17_zone:1.0                      5.000000000000000    1.000000000000000   0.0000000000000000
hk_i:7_j:2_zone:1.0                      5.000000000000000    1.000000000000000   0.0000000000000000
hk_i:27_j:2_zone:1.0                      5.000000000000000    1.000000000000000   0.0000000000000000
hk_i:32_j:2_zone:1.0                      5.000000000000000    1.000000000000000   0.0000000000000000
hk_i:32_j:7_zone:1.0                      5.000000000000000    1.000000000000000   0.0000000000000000
hk_i:37_j:7_zone:1.0                      5.000000000000000    1.000000000000000   0.0000000000000000
hk_i:2_j:2_zone:1.0                      5.000000000000000    1.000000000000000   0.0000000000000000
hk_i:17_j:17_zone:1.0                      5.000000000000000    1.000000000000000   0.0000000000000000
hk_i:32_j:17_zone:1.0                      5.000000000000000    1.000000000000000   0.0000000000000000
hk_i:22_j:2_zone:1.0                      5.000000000000000    1.000000000000000   0.0000000000000000
