   2.972613E-05   2.972613E-05   2.972613E-05   2.972613E-05   2.972613E-05   2.972613E-05   2.972613E-05   2.972613E-05   2.972613E-05   2.972613E-05   2.972613E-05   2.972613E-05   2.972613E-05   2.972613E-05   2.972613E-05   2.972613E-05   2.972613E-05   2.972613E-05   2.972613E-05   2.972613E-05
   2.972613E-05   2.972613E-05   2.972613E-05   2.972613E-05   2.972613E-05   2.972613E-05   2.972613E-05   2.972613E-05   2.972613E-05   2.972613E-05   2.972613E-05   2.972613E-05   2.972613E-05   2.972613E-05   2.972613E-05   2.972613E-05   2.972613E-05   2.972613E-05   2.972613E-05   2.972613E-05
   2.972613E-05   2.972613E-05   2.972613E-05   2.972613E-05   2.972613E-05   2.972613E-05   2.972613E-05   2.972613E-05   2.972613E-05   2.972613E-05   2.972613E-05   2.972613E-05   2.972613E-05   2.972613E-05   2.972613E-05   2.972613E-05   2.972613E-05   2.972613E-05   2.972613E-05   2.972613E-05
   2.972613E-05   2.972613E-05   2.972613E-05   2.972613E-05   2.972613E-05   2.972613E-05   2.972613E-05   2.972613E-05   2.972613E-05   2.972613E-05   2.972613E-05   2.972613E-05   2.972613E-05   2.972613E-05   2.972613E-05   2.972613E-05   2.972613E-05   2.972613E-05   2.972613E-05   2.972613E-05
   2.972613E-05   2.972613E-05   2.972613E-05   2.972613E-05   2.972613E-05   2.972613E-05   2.972613E-05   2.972613E-05   2.972613E-05   2.972613E-05   2.972613E-05   2.972613E-05   2.972613E-05   2.972613E-05   2.972613E-05   2.972613E-05   2.972613E-05   2.972613E-05   2.972613E-05   2.972613E-05
   2.972613E-05   2.972613E-05   2.972613E-05   2.972613E-05   2.972613E-05   2.972613E-05   2.972613E-05   2.972613E-05   2.972613E-05   2.972613E-05   2.972613E-05   2.972613E-05   2.972613E-05   2.972613E-05   2.972613E-05   2.972613E-05   2.972613E-05   2.972613E-05   2.972613E-05   2.972613E-05
   2.972613E-05   2.972613E-05   2.972613E-05   2.972613E-05   2.972613E-05   2.972613E-05   2.972613E-05   2.972613E-05   2.972613E-05   2.972613E-05   2.972613E-05   2.972613E-05   2.972613E-05   2.972613E-05   2.972613E-05   2.972613E-05   2.972613E-05   2.972613E-05   2.972613E-05   2.972613E-05
   2.972613E-05   2.972613E-05   2.972613E-05   2.972613E-05   2.972613E-05   2.972613E-05   2.972613E-05   2.972613E-05   2.972613E-05   2.972613E-05   2.972613E-05   2.972613E-05   2.972613E-05   2.972613E-05   2.972613E-05   2.972613E-05   2.972613E-05   2.972613E-05   2.972613E-05   2.972613E-05
   2.972613E-05   2.972613E-05   2.972613E-05   2.972613E-05   2.972613E-05   2.972613E-05   2.972613E-05   2.972613E-05   2.972613E-05   2.972613E-05   2.972613E-05   2.972613E-05   2.972613E-05   2.972613E-05   2.972613E-05   2.972613E-05   2.972613E-05   2.972613E-05   2.972613E-05   2.972613E-05
   2.972613E-05   2.972613E-05   2.972613E-05   2.972613E-05   2.972613E-05   2.972613E-05   2.972613E-05   2.972613E-05   2.972613E-05   2.972613E-05   2.972613E-05   2.972613E-05   2.972613E-05   2.972613E-05   2.972613E-05   2.972613E-05   2.972613E-05   2.972613E-05   2.972613E-05   2.972613E-05
   2.972613E-05   2.972613E-05   2.972613E-05   2.972613E-05   2.972613E-05   2.972613E-05   2.972613E-05   2.972613E-05   2.972613E-05   2.972613E-05   2.972613E-05   2.972613E-05   2.972613E-05   2.972613E-05   2.972613E-05   2.972613E-05   2.972613E-05   2.972613E-05   2.972613E-05   2.972613E-05
   2.972613E-05   2.972613E-05   2.972613E-05   2.972613E-05   2.972613E-05   2.972613E-05   2.972613E-05   2.972613E-05   2.972613E-05   2.972613E-05   2.972613E-05   2.972613E-05   2.972613E-05   2.972613E-05   2.972613E-05   2.972613E-05   2.972613E-05   2.972613E-05   2.972613E-05   2.972613E-05
   2.972613E-05   2.972613E-05   2.972613E-05   2.972613E-05   2.972613E-05   2.972613E-05   2.972613E-05   2.972613E-05   2.972613E-05   2.972613E-05   2.972613E-05   2.972613E-05   2.972613E-05   2.972613E-05   2.972613E-05   2.972613E-05   2.972613E-05   2.972613E-05   2.972613E-05   2.972613E-05
   2.972613E-05   2.972613E-05   2.972613E-05   2.972613E-05   2.972613E-05   2.972613E-05   2.972613E-05   2.972613E-05   2.972613E-05   2.972613E-05   2.972613E-05   2.972613E-05   2.972613E-05   2.972613E-05   2.972613E-05   2.972613E-05   2.972613E-05   2.972613E-05   2.972613E-05   2.972613E-05
   2.972613E-05   2.972613E-05   2.972613E-05   2.972613E-05   2.972613E-05   2.972613E-05   2.972613E-05   2.972613E-05   2.972613E-05   2.972613E-05   2.972613E-05   2.972613E-05   2.972613E-05   2.972613E-05   2.972613E-05   2.972613E-05   2.972613E-05   2.972613E-05   2.972613E-05   2.972613E-05
   2.972613E-05   2.972613E-05   2.972613E-05   2.972613E-05   2.972613E-05   2.972613E-05   2.972613E-05   2.972613E-05   2.972613E-05   2.972613E-05   2.972613E-05   2.972613E-05   2.972613E-05   2.972613E-05   2.972613E-05   2.972613E-05   2.972613E-05   2.972613E-05   2.972613E-05   2.972613E-05
   2.972613E-05   2.972613E-05   2.972613E-05   2.972613E-05   2.972613E-05   2.972613E-05   2.972613E-05   2.972613E-05   2.972613E-05   2.972613E-05   2.972613E-05   2.972613E-05   2.972613E-05   2.972613E-05   2.972613E-05   2.972613E-05   2.972613E-05   2.972613E-05   2.972613E-05   2.972613E-05
   2.972613E-05   2.972613E-05   2.972613E-05   2.972613E-05   2.972613E-05   2.972613E-05   2.972613E-05   2.972613E-05   2.972613E-05   2.972613E-05   2.972613E-05   2.972613E-05   2.972613E-05   2.972613E-05   2.972613E-05   2.972613E-05   2.972613E-05   2.972613E-05   2.972613E-05   2.972613E-05
   2.972613E-05   2.972613E-05   2.972613E-05   2.972613E-05   2.972613E-05   2.972613E-05   2.972613E-05   2.972613E-05   2.972613E-05   2.972613E-05   2.972613E-05   2.972613E-05   2.972613E-05   2.972613E-05   2.972613E-05   2.972613E-05   2.972613E-05   2.972613E-05   2.972613E-05   2.972613E-05
   2.972613E-05   2.972613E-05   2.972613E-05   2.972613E-05   2.972613E-05   2.972613E-05   2.972613E-05   2.972613E-05   2.972613E-05   2.972613E-05   2.972613E-05   2.972613E-05   2.972613E-05   2.972613E-05   2.972613E-05   2.972613E-05   2.972613E-05   2.972613E-05   2.972613E-05   2.972613E-05
   2.972613E-05   2.972613E-05   2.972613E-05   2.972613E-05   2.972613E-05   2.972613E-05   2.972613E-05   2.972613E-05   2.972613E-05   2.972613E-05   2.972613E-05   2.972613E-05   2.972613E-05   2.972613E-05   2.972613E-05   2.972613E-05   2.972613E-05   2.972613E-05   2.972613E-05   2.972613E-05
   2.972613E-05   2.972613E-05   2.972613E-05   2.972613E-05   2.972613E-05   2.972613E-05   2.972613E-05   2.972613E-05   2.972613E-05   2.972613E-05   2.972613E-05   2.972613E-05   2.972613E-05   2.972613E-05   2.972613E-05   2.972613E-05   2.972613E-05   2.972613E-05   2.972613E-05   2.972613E-05
   2.972613E-05   2.972613E-05   2.972613E-05   2.972613E-05   2.972613E-05   2.972613E-05   2.972613E-05   2.972613E-05   2.972613E-05   2.972613E-05   2.972613E-05   2.972613E-05   2.972613E-05   2.972613E-05   2.972613E-05   2.972613E-05   2.972613E-05   2.972613E-05   2.972613E-05   2.972613E-05
   2.972613E-05   2.972613E-05   2.972613E-05   2.972613E-05   2.972613E-05   2.972613E-05   2.972613E-05   2.972613E-05   2.972613E-05   2.972613E-05   2.972613E-05   2.972613E-05   2.972613E-05   2.972613E-05   2.972613E-05   2.972613E-05   2.972613E-05   2.972613E-05   2.972613E-05   2.972613E-05
   2.972613E-05   2.972613E-05   2.972613E-05   2.972613E-05   2.972613E-05   2.972613E-05   2.972613E-05   2.972613E-05   2.972613E-05   2.972613E-05   2.972613E-05   2.972613E-05   2.972613E-05   2.972613E-05   2.972613E-05   2.972613E-05   2.972613E-05   2.972613E-05   2.972613E-05   2.972613E-05
   2.972613E-05   2.972613E-05   2.972613E-05   2.972613E-05   2.972613E-05   2.972613E-05   2.972613E-05   2.972613E-05   2.972613E-05   2.972613E-05   2.972613E-05   2.972613E-05   2.972613E-05   2.972613E-05   2.972613E-05   2.972613E-05   2.972613E-05   2.972613E-05   2.972613E-05   2.972613E-05
   2.972613E-05   2.972613E-05   2.972613E-05   2.972613E-05   2.972613E-05   2.972613E-05   2.972613E-05   2.972613E-05   2.972613E-05   2.972613E-05   2.972613E-05   2.972613E-05   2.972613E-05   2.972613E-05   2.972613E-05   2.972613E-05   2.972613E-05   2.972613E-05   2.972613E-05   2.972613E-05
   2.972613E-05   2.972613E-05   2.972613E-05   2.972613E-05   2.972613E-05   2.972613E-05   2.972613E-05   2.972613E-05   2.972613E-05   2.972613E-05   2.972613E-05   2.972613E-05   2.972613E-05   2.972613E-05   2.972613E-05   2.972613E-05   2.972613E-05   2.972613E-05   2.972613E-05   2.972613E-05
   2.972613E-05   2.972613E-05   2.972613E-05   2.972613E-05   2.972613E-05   2.972613E-05   2.972613E-05   2.972613E-05   2.972613E-05   2.972613E-05   2.972613E-05   2.972613E-05   2.972613E-05   2.972613E-05   2.972613E-05   2.972613E-05   2.972613E-05   2.972613E-05   2.972613E-05   2.972613E-05
   2.972613E-05   2.972613E-05   2.972613E-05   2.972613E-05   2.972613E-05   2.972613E-05   2.972613E-05   2.972613E-05   2.972613E-05   2.972613E-05   2.972613E-05   2.972613E-05   2.972613E-05   2.972613E-05   2.972613E-05   2.972613E-05   2.972613E-05   2.972613E-05   2.972613E-05   2.972613E-05
   2.972613E-05   2.972613E-05   2.972613E-05   2.972613E-05   2.972613E-05   2.972613E-05   2.972613E-05   2.972613E-05   2.972613E-05   2.972613E-05   2.972613E-05   2.972613E-05   2.972613E-05   2.972613E-05   2.972613E-05   2.972613E-05   2.972613E-05   2.972613E-05   2.972613E-05   2.972613E-05
   2.972613E-05   2.972613E-05   2.972613E-05   2.972613E-05   2.972613E-05   2.972613E-05   2.972613E-05   2.972613E-05   2.972613E-05   2.972613E-05   2.972613E-05   2.972613E-05   2.972613E-05   2.972613E-05   2.972613E-05   2.972613E-05   2.972613E-05   2.972613E-05   2.972613E-05   2.972613E-05
   2.972613E-05   2.972613E-05   2.972613E-05   2.972613E-05   2.972613E-05   2.972613E-05   2.972613E-05   2.972613E-05   2.972613E-05   2.972613E-05   2.972613E-05   2.972613E-05   2.972613E-05   2.972613E-05   2.972613E-05   2.972613E-05   2.972613E-05   2.972613E-05   2.972613E-05   2.972613E-05
   2.972613E-05   2.972613E-05   2.972613E-05   2.972613E-05   2.972613E-05   2.972613E-05   2.972613E-05   2.972613E-05   2.972613E-05   2.972613E-05   2.972613E-05   2.972613E-05   2.972613E-05   2.972613E-05   2.972613E-05   2.972613E-05   2.972613E-05   2.972613E-05   2.972613E-05   2.972613E-05
   2.972613E-05   2.972613E-05   2.972613E-05   2.972613E-05   2.972613E-05   2.972613E-05   2.972613E-05   2.972613E-05   2.972613E-05   2.972613E-05   2.972613E-05   2.972613E-05   2.972613E-05   2.972613E-05   2.972613E-05   2.972613E-05   2.972613E-05   2.972613E-05   2.972613E-05   2.972613E-05
   2.972613E-05   2.972613E-05   2.972613E-05   2.972613E-05   2.972613E-05   2.972613E-05   2.972613E-05   2.972613E-05   2.972613E-05   2.972613E-05   2.972613E-05   2.972613E-05   2.972613E-05   2.972613E-05   2.972613E-05   2.972613E-05   2.972613E-05   2.972613E-05   2.972613E-05   2.972613E-05
   2.972613E-05   2.972613E-05   2.972613E-05   2.972613E-05   2.972613E-05   2.972613E-05   2.972613E-05   2.972613E-05   2.972613E-05   2.972613E-05   2.972613E-05   2.972613E-05   2.972613E-05   2.972613E-05   2.972613E-05   2.972613E-05   2.972613E-05   2.972613E-05   2.972613E-05   2.972613E-05
   2.972613E-05   2.972613E-05   2.972613E-05   2.972613E-05   2.972613E-05   2.972613E-05   2.972613E-05   2.972613E-05   2.972613E-05   2.972613E-05   2.972613E-05   2.972613E-05   2.972613E-05   2.972613E-05   2.972613E-05   2.972613E-05   2.972613E-05   2.972613E-05   2.972613E-05   2.972613E-05
   2.972613E-05   2.972613E-05   2.972613E-05   2.972613E-05   2.972613E-05   2.972613E-05   2.972613E-05   2.972613E-05   2.972613E-05   2.972613E-05   2.972613E-05   2.972613E-05   2.972613E-05   2.972613E-05   2.972613E-05   2.972613E-05   2.972613E-05   2.972613E-05   2.972613E-05   2.972613E-05
   2.972613E-05   2.972613E-05   2.972613E-05   2.972613E-05   2.972613E-05   2.972613E-05   2.972613E-05   2.972613E-05   2.972613E-05   2.972613E-05   2.972613E-05   2.972613E-05   2.972613E-05   2.972613E-05   2.972613E-05   2.972613E-05   2.972613E-05   2.972613E-05   2.972613E-05   2.972613E-05
