4.508807999999999810e-05 4.508807999999999810e-05 4.508807999999999810e-05 4.508807999999999810e-05 4.508807999999999810e-05 4.508807999999999810e-05 4.508807999999999810e-05 4.508807999999999810e-05 4.508807999999999810e-05 4.508807999999999810e-05 4.508807999999999810e-05 4.508807999999999810e-05 4.508807999999999810e-05 4.508807999999999810e-05 4.508807999999999810e-05 4.508807999999999810e-05 4.508807999999999810e-05 4.508807999999999810e-05 4.508807999999999810e-05 4.508807999999999810e-05
4.508807999999999810e-05 4.508807999999999810e-05 4.508807999999999810e-05 4.508807999999999810e-05 4.508807999999999810e-05 4.508807999999999810e-05 4.508807999999999810e-05 4.508807999999999810e-05 4.508807999999999810e-05 4.508807999999999810e-05 4.508807999999999810e-05 4.508807999999999810e-05 4.508807999999999810e-05 4.508807999999999810e-05 4.508807999999999810e-05 4.508807999999999810e-05 4.508807999999999810e-05 4.508807999999999810e-05 4.508807999999999810e-05 4.508807999999999810e-05
4.508807999999999810e-05 4.508807999999999810e-05 4.508807999999999810e-05 4.508807999999999810e-05 4.508807999999999810e-05 4.508807999999999810e-05 4.508807999999999810e-05 4.508807999999999810e-05 4.508807999999999810e-05 4.508807999999999810e-05 4.508807999999999810e-05 4.508807999999999810e-05 4.508807999999999810e-05 4.508807999999999810e-05 4.508807999999999810e-05 4.508807999999999810e-05 4.508807999999999810e-05 4.508807999999999810e-05 4.508807999999999810e-05 4.508807999999999810e-05
4.508807999999999810e-05 4.508807999999999810e-05 4.508807999999999810e-05 4.508807999999999810e-05 4.508807999999999810e-05 4.508807999999999810e-05 4.508807999999999810e-05 4.508807999999999810e-05 4.508807999999999810e-05 4.508807999999999810e-05 4.508807999999999810e-05 4.508807999999999810e-05 4.508807999999999810e-05 4.508807999999999810e-05 4.508807999999999810e-05 4.508807999999999810e-05 4.508807999999999810e-05 4.508807999999999810e-05 4.508807999999999810e-05 4.508807999999999810e-05
4.508807999999999810e-05 4.508807999999999810e-05 4.508807999999999810e-05 4.508807999999999810e-05 4.508807999999999810e-05 4.508807999999999810e-05 4.508807999999999810e-05 4.508807999999999810e-05 4.508807999999999810e-05 4.508807999999999810e-05 4.508807999999999810e-05 4.508807999999999810e-05 4.508807999999999810e-05 4.508807999999999810e-05 4.508807999999999810e-05 4.508807999999999810e-05 4.508807999999999810e-05 4.508807999999999810e-05 4.508807999999999810e-05 4.508807999999999810e-05
4.508807999999999810e-05 4.508807999999999810e-05 4.508807999999999810e-05 4.508807999999999810e-05 4.508807999999999810e-05 4.508807999999999810e-05 4.508807999999999810e-05 4.508807999999999810e-05 4.508807999999999810e-05 4.508807999999999810e-05 4.508807999999999810e-05 4.508807999999999810e-05 4.508807999999999810e-05 4.508807999999999810e-05 4.508807999999999810e-05 4.508807999999999810e-05 4.508807999999999810e-05 4.508807999999999810e-05 4.508807999999999810e-05 4.508807999999999810e-05
4.508807999999999810e-05 4.508807999999999810e-05 4.508807999999999810e-05 4.508807999999999810e-05 4.508807999999999810e-05 4.508807999999999810e-05 4.508807999999999810e-05 4.508807999999999810e-05 4.508807999999999810e-05 4.508807999999999810e-05 4.508807999999999810e-05 4.508807999999999810e-05 4.508807999999999810e-05 4.508807999999999810e-05 4.508807999999999810e-05 4.508807999999999810e-05 4.508807999999999810e-05 4.508807999999999810e-05 4.508807999999999810e-05 4.508807999999999810e-05
4.508807999999999810e-05 4.508807999999999810e-05 4.508807999999999810e-05 4.508807999999999810e-05 4.508807999999999810e-05 4.508807999999999810e-05 4.508807999999999810e-05 4.508807999999999810e-05 4.508807999999999810e-05 4.508807999999999810e-05 4.508807999999999810e-05 4.508807999999999810e-05 4.508807999999999810e-05 4.508807999999999810e-05 4.508807999999999810e-05 4.508807999999999810e-05 4.508807999999999810e-05 4.508807999999999810e-05 4.508807999999999810e-05 4.508807999999999810e-05
4.508807999999999810e-05 4.508807999999999810e-05 4.508807999999999810e-05 4.508807999999999810e-05 4.508807999999999810e-05 4.508807999999999810e-05 4.508807999999999810e-05 4.508807999999999810e-05 4.508807999999999810e-05 4.508807999999999810e-05 4.508807999999999810e-05 4.508807999999999810e-05 4.508807999999999810e-05 4.508807999999999810e-05 4.508807999999999810e-05 4.508807999999999810e-05 4.508807999999999810e-05 4.508807999999999810e-05 4.508807999999999810e-05 4.508807999999999810e-05
4.508807999999999810e-05 4.508807999999999810e-05 4.508807999999999810e-05 4.508807999999999810e-05 4.508807999999999810e-05 4.508807999999999810e-05 4.508807999999999810e-05 4.508807999999999810e-05 4.508807999999999810e-05 4.508807999999999810e-05 4.508807999999999810e-05 4.508807999999999810e-05 4.508807999999999810e-05 4.508807999999999810e-05 4.508807999999999810e-05 4.508807999999999810e-05 4.508807999999999810e-05 4.508807999999999810e-05 4.508807999999999810e-05 4.508807999999999810e-05
4.508807999999999810e-05 4.508807999999999810e-05 4.508807999999999810e-05 4.508807999999999810e-05 4.508807999999999810e-05 4.508807999999999810e-05 4.508807999999999810e-05 4.508807999999999810e-05 4.508807999999999810e-05 4.508807999999999810e-05 4.508807999999999810e-05 4.508807999999999810e-05 4.508807999999999810e-05 4.508807999999999810e-05 4.508807999999999810e-05 4.508807999999999810e-05 4.508807999999999810e-05 4.508807999999999810e-05 4.508807999999999810e-05 4.508807999999999810e-05
4.508807999999999810e-05 4.508807999999999810e-05 4.508807999999999810e-05 4.508807999999999810e-05 4.508807999999999810e-05 4.508807999999999810e-05 4.508807999999999810e-05 4.508807999999999810e-05 4.508807999999999810e-05 4.508807999999999810e-05 4.508807999999999810e-05 4.508807999999999810e-05 4.508807999999999810e-05 4.508807999999999810e-05 4.508807999999999810e-05 4.508807999999999810e-05 4.508807999999999810e-05 4.508807999999999810e-05 4.508807999999999810e-05 4.508807999999999810e-05
4.508807999999999810e-05 4.508807999999999810e-05 4.508807999999999810e-05 4.508807999999999810e-05 4.508807999999999810e-05 4.508807999999999810e-05 4.508807999999999810e-05 4.508807999999999810e-05 4.508807999999999810e-05 4.508807999999999810e-05 4.508807999999999810e-05 4.508807999999999810e-05 4.508807999999999810e-05 4.508807999999999810e-05 4.508807999999999810e-05 4.508807999999999810e-05 4.508807999999999810e-05 4.508807999999999810e-05 4.508807999999999810e-05 4.508807999999999810e-05
4.508807999999999810e-05 4.508807999999999810e-05 4.508807999999999810e-05 4.508807999999999810e-05 4.508807999999999810e-05 4.508807999999999810e-05 4.508807999999999810e-05 4.508807999999999810e-05 4.508807999999999810e-05 4.508807999999999810e-05 4.508807999999999810e-05 4.508807999999999810e-05 4.508807999999999810e-05 4.508807999999999810e-05 4.508807999999999810e-05 4.508807999999999810e-05 4.508807999999999810e-05 4.508807999999999810e-05 4.508807999999999810e-05 4.508807999999999810e-05
4.508807999999999810e-05 4.508807999999999810e-05 4.508807999999999810e-05 4.508807999999999810e-05 4.508807999999999810e-05 4.508807999999999810e-05 4.508807999999999810e-05 4.508807999999999810e-05 4.508807999999999810e-05 4.508807999999999810e-05 4.508807999999999810e-05 4.508807999999999810e-05 4.508807999999999810e-05 4.508807999999999810e-05 4.508807999999999810e-05 4.508807999999999810e-05 4.508807999999999810e-05 4.508807999999999810e-05 4.508807999999999810e-05 4.508807999999999810e-05
4.508807999999999810e-05 4.508807999999999810e-05 4.508807999999999810e-05 4.508807999999999810e-05 4.508807999999999810e-05 4.508807999999999810e-05 4.508807999999999810e-05 4.508807999999999810e-05 4.508807999999999810e-05 4.508807999999999810e-05 4.508807999999999810e-05 4.508807999999999810e-05 4.508807999999999810e-05 4.508807999999999810e-05 4.508807999999999810e-05 4.508807999999999810e-05 4.508807999999999810e-05 4.508807999999999810e-05 4.508807999999999810e-05 4.508807999999999810e-05
4.508807999999999810e-05 4.508807999999999810e-05 4.508807999999999810e-05 4.508807999999999810e-05 4.508807999999999810e-05 4.508807999999999810e-05 4.508807999999999810e-05 4.508807999999999810e-05 4.508807999999999810e-05 4.508807999999999810e-05 4.508807999999999810e-05 4.508807999999999810e-05 4.508807999999999810e-05 4.508807999999999810e-05 4.508807999999999810e-05 4.508807999999999810e-05 4.508807999999999810e-05 4.508807999999999810e-05 4.508807999999999810e-05 4.508807999999999810e-05
4.508807999999999810e-05 4.508807999999999810e-05 4.508807999999999810e-05 4.508807999999999810e-05 4.508807999999999810e-05 4.508807999999999810e-05 4.508807999999999810e-05 4.508807999999999810e-05 4.508807999999999810e-05 4.508807999999999810e-05 4.508807999999999810e-05 4.508807999999999810e-05 4.508807999999999810e-05 4.508807999999999810e-05 4.508807999999999810e-05 4.508807999999999810e-05 4.508807999999999810e-05 4.508807999999999810e-05 4.508807999999999810e-05 4.508807999999999810e-05
4.508807999999999810e-05 4.508807999999999810e-05 4.508807999999999810e-05 4.508807999999999810e-05 4.508807999999999810e-05 4.508807999999999810e-05 4.508807999999999810e-05 4.508807999999999810e-05 4.508807999999999810e-05 4.508807999999999810e-05 4.508807999999999810e-05 4.508807999999999810e-05 4.508807999999999810e-05 4.508807999999999810e-05 4.508807999999999810e-05 4.508807999999999810e-05 4.508807999999999810e-05 4.508807999999999810e-05 4.508807999999999810e-05 4.508807999999999810e-05
4.508807999999999810e-05 4.508807999999999810e-05 4.508807999999999810e-05 4.508807999999999810e-05 4.508807999999999810e-05 4.508807999999999810e-05 4.508807999999999810e-05 4.508807999999999810e-05 4.508807999999999810e-05 4.508807999999999810e-05 4.508807999999999810e-05 4.508807999999999810e-05 4.508807999999999810e-05 4.508807999999999810e-05 4.508807999999999810e-05 4.508807999999999810e-05 4.508807999999999810e-05 4.508807999999999810e-05 4.508807999999999810e-05 4.508807999999999810e-05
4.508807999999999810e-05 4.508807999999999810e-05 4.508807999999999810e-05 4.508807999999999810e-05 4.508807999999999810e-05 4.508807999999999810e-05 4.508807999999999810e-05 4.508807999999999810e-05 4.508807999999999810e-05 4.508807999999999810e-05 4.508807999999999810e-05 4.508807999999999810e-05 4.508807999999999810e-05 4.508807999999999810e-05 4.508807999999999810e-05 4.508807999999999810e-05 4.508807999999999810e-05 4.508807999999999810e-05 4.508807999999999810e-05 4.508807999999999810e-05
4.508807999999999810e-05 4.508807999999999810e-05 4.508807999999999810e-05 4.508807999999999810e-05 4.508807999999999810e-05 4.508807999999999810e-05 4.508807999999999810e-05 4.508807999999999810e-05 4.508807999999999810e-05 4.508807999999999810e-05 4.508807999999999810e-05 4.508807999999999810e-05 4.508807999999999810e-05 4.508807999999999810e-05 4.508807999999999810e-05 4.508807999999999810e-05 4.508807999999999810e-05 4.508807999999999810e-05 4.508807999999999810e-05 4.508807999999999810e-05
4.508807999999999810e-05 4.508807999999999810e-05 4.508807999999999810e-05 4.508807999999999810e-05 4.508807999999999810e-05 4.508807999999999810e-05 4.508807999999999810e-05 4.508807999999999810e-05 4.508807999999999810e-05 4.508807999999999810e-05 4.508807999999999810e-05 4.508807999999999810e-05 4.508807999999999810e-05 4.508807999999999810e-05 4.508807999999999810e-05 4.508807999999999810e-05 4.508807999999999810e-05 4.508807999999999810e-05 4.508807999999999810e-05 4.508807999999999810e-05
4.508807999999999810e-05 4.508807999999999810e-05 4.508807999999999810e-05 4.508807999999999810e-05 4.508807999999999810e-05 4.508807999999999810e-05 4.508807999999999810e-05 4.508807999999999810e-05 4.508807999999999810e-05 4.508807999999999810e-05 4.508807999999999810e-05 4.508807999999999810e-05 4.508807999999999810e-05 4.508807999999999810e-05 4.508807999999999810e-05 4.508807999999999810e-05 4.508807999999999810e-05 4.508807999999999810e-05 4.508807999999999810e-05 4.508807999999999810e-05
4.508807999999999810e-05 4.508807999999999810e-05 4.508807999999999810e-05 4.508807999999999810e-05 4.508807999999999810e-05 4.508807999999999810e-05 4.508807999999999810e-05 4.508807999999999810e-05 4.508807999999999810e-05 4.508807999999999810e-05 4.508807999999999810e-05 4.508807999999999810e-05 4.508807999999999810e-05 4.508807999999999810e-05 4.508807999999999810e-05 4.508807999999999810e-05 4.508807999999999810e-05 4.508807999999999810e-05 4.508807999999999810e-05 4.508807999999999810e-05
4.508807999999999810e-05 4.508807999999999810e-05 4.508807999999999810e-05 4.508807999999999810e-05 4.508807999999999810e-05 4.508807999999999810e-05 4.508807999999999810e-05 4.508807999999999810e-05 4.508807999999999810e-05 4.508807999999999810e-05 4.508807999999999810e-05 4.508807999999999810e-05 4.508807999999999810e-05 4.508807999999999810e-05 4.508807999999999810e-05 4.508807999999999810e-05 4.508807999999999810e-05 4.508807999999999810e-05 4.508807999999999810e-05 4.508807999999999810e-05
4.508807999999999810e-05 4.508807999999999810e-05 4.508807999999999810e-05 4.508807999999999810e-05 4.508807999999999810e-05 4.508807999999999810e-05 4.508807999999999810e-05 4.508807999999999810e-05 4.508807999999999810e-05 4.508807999999999810e-05 4.508807999999999810e-05 4.508807999999999810e-05 4.508807999999999810e-05 4.508807999999999810e-05 4.508807999999999810e-05 4.508807999999999810e-05 4.508807999999999810e-05 4.508807999999999810e-05 4.508807999999999810e-05 4.508807999999999810e-05
4.508807999999999810e-05 4.508807999999999810e-05 4.508807999999999810e-05 4.508807999999999810e-05 4.508807999999999810e-05 4.508807999999999810e-05 4.508807999999999810e-05 4.508807999999999810e-05 4.508807999999999810e-05 4.508807999999999810e-05 4.508807999999999810e-05 4.508807999999999810e-05 4.508807999999999810e-05 4.508807999999999810e-05 4.508807999999999810e-05 4.508807999999999810e-05 4.508807999999999810e-05 4.508807999999999810e-05 4.508807999999999810e-05 4.508807999999999810e-05
4.508807999999999810e-05 4.508807999999999810e-05 4.508807999999999810e-05 4.508807999999999810e-05 4.508807999999999810e-05 4.508807999999999810e-05 4.508807999999999810e-05 4.508807999999999810e-05 4.508807999999999810e-05 4.508807999999999810e-05 4.508807999999999810e-05 4.508807999999999810e-05 4.508807999999999810e-05 4.508807999999999810e-05 4.508807999999999810e-05 4.508807999999999810e-05 4.508807999999999810e-05 4.508807999999999810e-05 4.508807999999999810e-05 4.508807999999999810e-05
4.508807999999999810e-05 4.508807999999999810e-05 4.508807999999999810e-05 4.508807999999999810e-05 4.508807999999999810e-05 4.508807999999999810e-05 4.508807999999999810e-05 4.508807999999999810e-05 4.508807999999999810e-05 4.508807999999999810e-05 4.508807999999999810e-05 4.508807999999999810e-05 4.508807999999999810e-05 4.508807999999999810e-05 4.508807999999999810e-05 4.508807999999999810e-05 4.508807999999999810e-05 4.508807999999999810e-05 4.508807999999999810e-05 4.508807999999999810e-05
4.508807999999999810e-05 4.508807999999999810e-05 4.508807999999999810e-05 4.508807999999999810e-05 4.508807999999999810e-05 4.508807999999999810e-05 4.508807999999999810e-05 4.508807999999999810e-05 4.508807999999999810e-05 4.508807999999999810e-05 4.508807999999999810e-05 4.508807999999999810e-05 4.508807999999999810e-05 4.508807999999999810e-05 4.508807999999999810e-05 4.508807999999999810e-05 4.508807999999999810e-05 4.508807999999999810e-05 4.508807999999999810e-05 4.508807999999999810e-05
4.508807999999999810e-05 4.508807999999999810e-05 4.508807999999999810e-05 4.508807999999999810e-05 4.508807999999999810e-05 4.508807999999999810e-05 4.508807999999999810e-05 4.508807999999999810e-05 4.508807999999999810e-05 4.508807999999999810e-05 4.508807999999999810e-05 4.508807999999999810e-05 4.508807999999999810e-05 4.508807999999999810e-05 4.508807999999999810e-05 4.508807999999999810e-05 4.508807999999999810e-05 4.508807999999999810e-05 4.508807999999999810e-05 4.508807999999999810e-05
4.508807999999999810e-05 4.508807999999999810e-05 4.508807999999999810e-05 4.508807999999999810e-05 4.508807999999999810e-05 4.508807999999999810e-05 4.508807999999999810e-05 4.508807999999999810e-05 4.508807999999999810e-05 4.508807999999999810e-05 4.508807999999999810e-05 4.508807999999999810e-05 4.508807999999999810e-05 4.508807999999999810e-05 4.508807999999999810e-05 4.508807999999999810e-05 4.508807999999999810e-05 4.508807999999999810e-05 4.508807999999999810e-05 4.508807999999999810e-05
4.508807999999999810e-05 4.508807999999999810e-05 4.508807999999999810e-05 4.508807999999999810e-05 4.508807999999999810e-05 4.508807999999999810e-05 4.508807999999999810e-05 4.508807999999999810e-05 4.508807999999999810e-05 4.508807999999999810e-05 4.508807999999999810e-05 4.508807999999999810e-05 4.508807999999999810e-05 4.508807999999999810e-05 4.508807999999999810e-05 4.508807999999999810e-05 4.508807999999999810e-05 4.508807999999999810e-05 4.508807999999999810e-05 4.508807999999999810e-05
4.508807999999999810e-05 4.508807999999999810e-05 4.508807999999999810e-05 4.508807999999999810e-05 4.508807999999999810e-05 4.508807999999999810e-05 4.508807999999999810e-05 4.508807999999999810e-05 4.508807999999999810e-05 4.508807999999999810e-05 4.508807999999999810e-05 4.508807999999999810e-05 4.508807999999999810e-05 4.508807999999999810e-05 4.508807999999999810e-05 4.508807999999999810e-05 4.508807999999999810e-05 4.508807999999999810e-05 4.508807999999999810e-05 4.508807999999999810e-05
4.508807999999999810e-05 4.508807999999999810e-05 4.508807999999999810e-05 4.508807999999999810e-05 4.508807999999999810e-05 4.508807999999999810e-05 4.508807999999999810e-05 4.508807999999999810e-05 4.508807999999999810e-05 4.508807999999999810e-05 4.508807999999999810e-05 4.508807999999999810e-05 4.508807999999999810e-05 4.508807999999999810e-05 4.508807999999999810e-05 4.508807999999999810e-05 4.508807999999999810e-05 4.508807999999999810e-05 4.508807999999999810e-05 4.508807999999999810e-05
4.508807999999999810e-05 4.508807999999999810e-05 4.508807999999999810e-05 4.508807999999999810e-05 4.508807999999999810e-05 4.508807999999999810e-05 4.508807999999999810e-05 4.508807999999999810e-05 4.508807999999999810e-05 4.508807999999999810e-05 4.508807999999999810e-05 4.508807999999999810e-05 4.508807999999999810e-05 4.508807999999999810e-05 4.508807999999999810e-05 4.508807999999999810e-05 4.508807999999999810e-05 4.508807999999999810e-05 4.508807999999999810e-05 4.508807999999999810e-05
4.508807999999999810e-05 4.508807999999999810e-05 4.508807999999999810e-05 4.508807999999999810e-05 4.508807999999999810e-05 4.508807999999999810e-05 4.508807999999999810e-05 4.508807999999999810e-05 4.508807999999999810e-05 4.508807999999999810e-05 4.508807999999999810e-05 4.508807999999999810e-05 4.508807999999999810e-05 4.508807999999999810e-05 4.508807999999999810e-05 4.508807999999999810e-05 4.508807999999999810e-05 4.508807999999999810e-05 4.508807999999999810e-05 4.508807999999999810e-05
4.508807999999999810e-05 4.508807999999999810e-05 4.508807999999999810e-05 4.508807999999999810e-05 4.508807999999999810e-05 4.508807999999999810e-05 4.508807999999999810e-05 4.508807999999999810e-05 4.508807999999999810e-05 4.508807999999999810e-05 4.508807999999999810e-05 4.508807999999999810e-05 4.508807999999999810e-05 4.508807999999999810e-05 4.508807999999999810e-05 4.508807999999999810e-05 4.508807999999999810e-05 4.508807999999999810e-05 4.508807999999999810e-05 4.508807999999999810e-05
4.508807999999999810e-05 4.508807999999999810e-05 4.508807999999999810e-05 4.508807999999999810e-05 4.508807999999999810e-05 4.508807999999999810e-05 4.508807999999999810e-05 4.508807999999999810e-05 4.508807999999999810e-05 4.508807999999999810e-05 4.508807999999999810e-05 4.508807999999999810e-05 4.508807999999999810e-05 4.508807999999999810e-05 4.508807999999999810e-05 4.508807999999999810e-05 4.508807999999999810e-05 4.508807999999999810e-05 4.508807999999999810e-05 4.508807999999999810e-05
