single point
          hk00                      6.256870600000000    1.000000000000000    0.000000000000000
          hk01                      3.025305300000000    1.000000000000000    0.000000000000000
          hk02                      8.692258400000000    1.000000000000000    0.000000000000000
          hk03                      15.06258400000000    1.000000000000000    0.000000000000000
          hk04                      14.82359600000000    1.000000000000000    0.000000000000000
          hk05                      31.83265400000000    1.000000000000000    0.000000000000000
          hk06                      8.640633299999999    1.000000000000000    0.000000000000000
          hk07                      5.588773700000000    1.000000000000000    0.000000000000000
          hk08                      9.200840500000000    1.000000000000000    0.000000000000000
          hk09                      8.309996900000000    1.000000000000000    0.000000000000000
          hk10                      2.009340700000000    1.000000000000000    0.000000000000000
          hk11                      5.793512500000000    1.000000000000000    0.000000000000000
          hk12                      0.5620923700000000    1.000000000000000    0.000000000000000
          hk13                      4.694405600000000    1.000000000000000    0.000000000000000
          hk14                      5.485118700000000    1.000000000000000    0.000000000000000
          hk15                      0.5641808400000000    1.000000000000000    0.000000000000000
          hk16                      18.73098300000000    1.000000000000000    0.000000000000000
          hk17                      10.24864400000000    1.000000000000000    0.000000000000000
          hk18                      50.00000000000000    1.000000000000000    0.000000000000000
          hk19                      1.687896100000000    1.000000000000000    0.000000000000000
          hk20                      1.787972700000000    1.000000000000000    0.000000000000000
          hk21                      22.90740400000000    1.000000000000000    0.000000000000000
          hk22                      50.00000000000000    1.000000000000000    0.000000000000000
          hk23                      2.768382600000000    1.000000000000000    0.000000000000000
          hk24                      1.731663100000000    1.000000000000000    0.000000000000000
          hk25                      7.817165100000000    1.000000000000000    0.000000000000000
          hk26                      5.971380900000000    1.000000000000000    0.000000000000000
          hk27                      3.418165100000000    1.000000000000000    0.000000000000000
          hk28                      3.619164000000000    1.000000000000000    0.000000000000000
          hk29                      9.151032100000000    1.000000000000000    0.000000000000000
          hk30                      7.739329000000000    1.000000000000000    0.000000000000000
          hk31                      5.859366700000000    1.000000000000000    0.000000000000000
      porosity                      0.01000000000000000    1.000000000000000    0.000000000000000
         rch_0                      1.095296537900000    1.000000000000000    0.000000000000000
         rch_1                      1.000000000000000    1.000000000000000    0.000000000000000
           sfr                      2.076508000000000    1.000000000000000    0.000000000000000
    w0_r09_c16                      1.000000000000000    1.000000000000000    0.000000000000000
    w0_r11_c13                      1.000000000000000    1.000000000000000    0.000000000000000
    w0_r20_c14                      1.000000000000000    1.000000000000000    0.000000000000000
    w0_r26_c10                      1.000000000000000    1.000000000000000    0.000000000000000
    w0_r29_c06                      1.000000000000000    1.000000000000000    0.000000000000000
    w0_r34_c12                      1.000000000000000    1.000000000000000    0.000000000000000
    w1_r09_c16                      1.000000000000000    1.000000000000000    0.000000000000000
    w1_r11_c13                      1.000000000000000    1.000000000000000    0.000000000000000
    w1_r20_c14                      1.000000000000000    1.000000000000000    0.000000000000000
    w1_r26_c10                      1.000000000000000    1.000000000000000    0.000000000000000
    w1_r29_c06                      1.000000000000000    1.000000000000000    0.000000000000000
    w1_r34_c12                      1.000000000000000    1.000000000000000    0.000000000000000
