   2.240923E-05    2.240923E-05    2.240923E-05    2.240923E-05    2.240923E-05    2.240923E-05    2.240923E-05    2.240923E-05    2.240923E-05    2.240923E-05    2.240923E-05    2.240923E-05    2.240923E-05    2.240923E-05    2.240923E-05    2.240923E-05    2.240923E-05    2.240923E-05    2.240923E-05    2.240923E-05
   2.240923E-05    2.240923E-05    2.240923E-05    2.240923E-05    2.240923E-05    2.240923E-05    2.240923E-05    2.240923E-05    2.240923E-05    2.240923E-05    2.240923E-05    2.240923E-05    2.240923E-05    2.240923E-05    2.240923E-05    2.240923E-05    2.240923E-05    2.240923E-05    2.240923E-05    2.240923E-05
   2.240923E-05    2.240923E-05    2.240923E-05    2.240923E-05    2.240923E-05    2.240923E-05    2.240923E-05    2.240923E-05    2.240923E-05    2.240923E-05    2.240923E-05    2.240923E-05    2.240923E-05    2.240923E-05    2.240923E-05    2.240923E-05    2.240923E-05    2.240923E-05    2.240923E-05    2.240923E-05
   2.240923E-05    2.240923E-05    2.240923E-05    2.240923E-05    2.240923E-05    2.240923E-05    2.240923E-05    2.240923E-05    2.240923E-05    2.240923E-05    2.240923E-05    2.240923E-05    2.240923E-05    2.240923E-05    2.240923E-05    2.240923E-05    2.240923E-05    2.240923E-05    2.240923E-05    2.240923E-05
   2.240923E-05    2.240923E-05    2.240923E-05    2.240923E-05    2.240923E-05    2.240923E-05    2.240923E-05    2.240923E-05    2.240923E-05    2.240923E-05    2.240923E-05    2.240923E-05    2.240923E-05    2.240923E-05    2.240923E-05    2.240923E-05    2.240923E-05    2.240923E-05    2.240923E-05    2.240923E-05
   2.240923E-05    2.240923E-05    2.240923E-05    2.240923E-05    2.240923E-05    2.240923E-05    2.240923E-05    2.240923E-05    2.240923E-05    2.240923E-05    2.240923E-05    2.240923E-05    2.240923E-05    2.240923E-05    2.240923E-05    2.240923E-05    2.240923E-05    2.240923E-05    2.240923E-05    2.240923E-05
   2.240923E-05    2.240923E-05    2.240923E-05    2.240923E-05    2.240923E-05    2.240923E-05    2.240923E-05    2.240923E-05    2.240923E-05    2.240923E-05    2.240923E-05    2.240923E-05    2.240923E-05    2.240923E-05    2.240923E-05    2.240923E-05    2.240923E-05    2.240923E-05    2.240923E-05    2.240923E-05
   2.240923E-05    2.240923E-05    2.240923E-05    2.240923E-05    2.240923E-05    2.240923E-05    2.240923E-05    2.240923E-05    2.240923E-05    2.240923E-05    2.240923E-05    2.240923E-05    2.240923E-05    2.240923E-05    2.240923E-05    2.240923E-05    2.240923E-05    2.240923E-05    2.240923E-05    2.240923E-05
   2.240923E-05    2.240923E-05    2.240923E-05    2.240923E-05    2.240923E-05    2.240923E-05    2.240923E-05    2.240923E-05    2.240923E-05    2.240923E-05    2.240923E-05    2.240923E-05    2.240923E-05    2.240923E-05    2.240923E-05    2.240923E-05    2.240923E-05    2.240923E-05    2.240923E-05    2.240923E-05
   2.240923E-05    2.240923E-05    2.240923E-05    2.240923E-05    2.240923E-05    2.240923E-05    2.240923E-05    2.240923E-05    2.240923E-05    2.240923E-05    2.240923E-05    2.240923E-05    2.240923E-05    2.240923E-05    2.240923E-05    2.240923E-05    2.240923E-05    2.240923E-05    2.240923E-05    2.240923E-05
   2.240923E-05    2.240923E-05    2.240923E-05    2.240923E-05    2.240923E-05    2.240923E-05    2.240923E-05    2.240923E-05    2.240923E-05    2.240923E-05    2.240923E-05    2.240923E-05    2.240923E-05    2.240923E-05    2.240923E-05    2.240923E-05    2.240923E-05    2.240923E-05    2.240923E-05    2.240923E-05
   2.240923E-05    2.240923E-05    2.240923E-05    2.240923E-05    2.240923E-05    2.240923E-05    2.240923E-05    2.240923E-05    2.240923E-05    2.240923E-05    2.240923E-05    2.240923E-05    2.240923E-05    2.240923E-05    2.240923E-05    2.240923E-05    2.240923E-05    2.240923E-05    2.240923E-05    2.240923E-05
   2.240923E-05    2.240923E-05    2.240923E-05    2.240923E-05    2.240923E-05    2.240923E-05    2.240923E-05    2.240923E-05    2.240923E-05    2.240923E-05    2.240923E-05    2.240923E-05    2.240923E-05    2.240923E-05    2.240923E-05    2.240923E-05    2.240923E-05    2.240923E-05    2.240923E-05    2.240923E-05
   2.240923E-05    2.240923E-05    2.240923E-05    2.240923E-05    2.240923E-05    2.240923E-05    2.240923E-05    2.240923E-05    2.240923E-05    2.240923E-05    2.240923E-05    2.240923E-05    2.240923E-05    2.240923E-05    2.240923E-05    2.240923E-05    2.240923E-05    2.240923E-05    2.240923E-05    2.240923E-05
   2.240923E-05    2.240923E-05    2.240923E-05    2.240923E-05    2.240923E-05    2.240923E-05    2.240923E-05    2.240923E-05    2.240923E-05    2.240923E-05    2.240923E-05    2.240923E-05    2.240923E-05    2.240923E-05    2.240923E-05    2.240923E-05    2.240923E-05    2.240923E-05    2.240923E-05    2.240923E-05
   2.240923E-05    2.240923E-05    2.240923E-05    2.240923E-05    2.240923E-05    2.240923E-05    2.240923E-05    2.240923E-05    2.240923E-05    2.240923E-05    2.240923E-05    2.240923E-05    2.240923E-05    2.240923E-05    2.240923E-05    2.240923E-05    2.240923E-05    2.240923E-05    2.240923E-05    2.240923E-05
   2.240923E-05    2.240923E-05    2.240923E-05    2.240923E-05    2.240923E-05    2.240923E-05    2.240923E-05    2.240923E-05    2.240923E-05    2.240923E-05    2.240923E-05    2.240923E-05    2.240923E-05    2.240923E-05    2.240923E-05    2.240923E-05    2.240923E-05    2.240923E-05    2.240923E-05    2.240923E-05
   2.240923E-05    2.240923E-05    2.240923E-05    2.240923E-05    2.240923E-05    2.240923E-05    2.240923E-05    2.240923E-05    2.240923E-05    2.240923E-05    2.240923E-05    2.240923E-05    2.240923E-05    2.240923E-05    2.240923E-05    2.240923E-05    2.240923E-05    2.240923E-05    2.240923E-05    2.240923E-05
   2.240923E-05    2.240923E-05    2.240923E-05    2.240923E-05    2.240923E-05    2.240923E-05    2.240923E-05    2.240923E-05    2.240923E-05    2.240923E-05    2.240923E-05    2.240923E-05    2.240923E-05    2.240923E-05    2.240923E-05    2.240923E-05    2.240923E-05    2.240923E-05    2.240923E-05    2.240923E-05
   2.240923E-05    2.240923E-05    2.240923E-05    2.240923E-05    2.240923E-05    2.240923E-05    2.240923E-05    2.240923E-05    2.240923E-05    2.240923E-05    2.240923E-05    2.240923E-05    2.240923E-05    2.240923E-05    2.240923E-05    2.240923E-05    2.240923E-05    2.240923E-05    2.240923E-05    2.240923E-05
   2.240923E-05    2.240923E-05    2.240923E-05    2.240923E-05    2.240923E-05    2.240923E-05    2.240923E-05    2.240923E-05    2.240923E-05    2.240923E-05    2.240923E-05    2.240923E-05    2.240923E-05    2.240923E-05    2.240923E-05    2.240923E-05    2.240923E-05    2.240923E-05    2.240923E-05    2.240923E-05
   2.240923E-05    2.240923E-05    2.240923E-05    2.240923E-05    2.240923E-05    2.240923E-05    2.240923E-05    2.240923E-05    2.240923E-05    2.240923E-05    2.240923E-05    2.240923E-05    2.240923E-05    2.240923E-05    2.240923E-05    2.240923E-05    2.240923E-05    2.240923E-05    2.240923E-05    2.240923E-05
   2.240923E-05    2.240923E-05    2.240923E-05    2.240923E-05    2.240923E-05    2.240923E-05    2.240923E-05    2.240923E-05    2.240923E-05    2.240923E-05    2.240923E-05    2.240923E-05    2.240923E-05    2.240923E-05    2.240923E-05    2.240923E-05    2.240923E-05    2.240923E-05    2.240923E-05    2.240923E-05
   2.240923E-05    2.240923E-05    2.240923E-05    2.240923E-05    2.240923E-05    2.240923E-05    2.240923E-05    2.240923E-05    2.240923E-05    2.240923E-05    2.240923E-05    2.240923E-05    2.240923E-05    2.240923E-05    2.240923E-05    2.240923E-05    2.240923E-05    2.240923E-05    2.240923E-05    2.240923E-05
   2.240923E-05    2.240923E-05    2.240923E-05    2.240923E-05    2.240923E-05    2.240923E-05    2.240923E-05    2.240923E-05    2.240923E-05    2.240923E-05    2.240923E-05    2.240923E-05    2.240923E-05    2.240923E-05    2.240923E-05    2.240923E-05    2.240923E-05    2.240923E-05    2.240923E-05    2.240923E-05
   2.240923E-05    2.240923E-05    2.240923E-05    2.240923E-05    2.240923E-05    2.240923E-05    2.240923E-05    2.240923E-05    2.240923E-05    2.240923E-05    2.240923E-05    2.240923E-05    2.240923E-05    2.240923E-05    2.240923E-05    2.240923E-05    2.240923E-05    2.240923E-05    2.240923E-05    2.240923E-05
   2.240923E-05    2.240923E-05    2.240923E-05    2.240923E-05    2.240923E-05    2.240923E-05    2.240923E-05    2.240923E-05    2.240923E-05    2.240923E-05    2.240923E-05    2.240923E-05    2.240923E-05    2.240923E-05    2.240923E-05    2.240923E-05    2.240923E-05    2.240923E-05    2.240923E-05    2.240923E-05
   2.240923E-05    2.240923E-05    2.240923E-05    2.240923E-05    2.240923E-05    2.240923E-05    2.240923E-05    2.240923E-05    2.240923E-05    2.240923E-05    2.240923E-05    2.240923E-05    2.240923E-05    2.240923E-05    2.240923E-05    2.240923E-05    2.240923E-05    2.240923E-05    2.240923E-05    2.240923E-05
   2.240923E-05    2.240923E-05    2.240923E-05    2.240923E-05    2.240923E-05    2.240923E-05    2.240923E-05    2.240923E-05    2.240923E-05    2.240923E-05    2.240923E-05    2.240923E-05    2.240923E-05    2.240923E-05    2.240923E-05    2.240923E-05    2.240923E-05    2.240923E-05    2.240923E-05    2.240923E-05
   2.240923E-05    2.240923E-05    2.240923E-05    2.240923E-05    2.240923E-05    2.240923E-05    2.240923E-05    2.240923E-05    2.240923E-05    2.240923E-05    2.240923E-05    2.240923E-05    2.240923E-05    2.240923E-05    2.240923E-05    2.240923E-05    2.240923E-05    2.240923E-05    2.240923E-05    2.240923E-05
   2.240923E-05    2.240923E-05    2.240923E-05    2.240923E-05    2.240923E-05    2.240923E-05    2.240923E-05    2.240923E-05    2.240923E-05    2.240923E-05    2.240923E-05    2.240923E-05    2.240923E-05    2.240923E-05    2.240923E-05    2.240923E-05    2.240923E-05    2.240923E-05    2.240923E-05    2.240923E-05
   2.240923E-05    2.240923E-05    2.240923E-05    2.240923E-05    2.240923E-05    2.240923E-05    2.240923E-05    2.240923E-05    2.240923E-05    2.240923E-05    2.240923E-05    2.240923E-05    2.240923E-05    2.240923E-05    2.240923E-05    2.240923E-05    2.240923E-05    2.240923E-05    2.240923E-05    2.240923E-05
   2.240923E-05    2.240923E-05    2.240923E-05    2.240923E-05    2.240923E-05    2.240923E-05    2.240923E-05    2.240923E-05    2.240923E-05    2.240923E-05    2.240923E-05    2.240923E-05    2.240923E-05    2.240923E-05    2.240923E-05    2.240923E-05    2.240923E-05    2.240923E-05    2.240923E-05    2.240923E-05
   2.240923E-05    2.240923E-05    2.240923E-05    2.240923E-05    2.240923E-05    2.240923E-05    2.240923E-05    2.240923E-05    2.240923E-05    2.240923E-05    2.240923E-05    2.240923E-05    2.240923E-05    2.240923E-05    2.240923E-05    2.240923E-05    2.240923E-05    2.240923E-05    2.240923E-05    2.240923E-05
   2.240923E-05    2.240923E-05    2.240923E-05    2.240923E-05    2.240923E-05    2.240923E-05    2.240923E-05    2.240923E-05    2.240923E-05    2.240923E-05    2.240923E-05    2.240923E-05    2.240923E-05    2.240923E-05    2.240923E-05    2.240923E-05    2.240923E-05    2.240923E-05    2.240923E-05    2.240923E-05
   2.240923E-05    2.240923E-05    2.240923E-05    2.240923E-05    2.240923E-05    2.240923E-05    2.240923E-05    2.240923E-05    2.240923E-05    2.240923E-05    2.240923E-05    2.240923E-05    2.240923E-05    2.240923E-05    2.240923E-05    2.240923E-05    2.240923E-05    2.240923E-05    2.240923E-05    2.240923E-05
   2.240923E-05    2.240923E-05    2.240923E-05    2.240923E-05    2.240923E-05    2.240923E-05    2.240923E-05    2.240923E-05    2.240923E-05    2.240923E-05    2.240923E-05    2.240923E-05    2.240923E-05    2.240923E-05    2.240923E-05    2.240923E-05    2.240923E-05    2.240923E-05    2.240923E-05    2.240923E-05
   2.240923E-05    2.240923E-05    2.240923E-05    2.240923E-05    2.240923E-05    2.240923E-05    2.240923E-05    2.240923E-05    2.240923E-05    2.240923E-05    2.240923E-05    2.240923E-05    2.240923E-05    2.240923E-05    2.240923E-05    2.240923E-05    2.240923E-05    2.240923E-05    2.240923E-05    2.240923E-05
   2.240923E-05    2.240923E-05    2.240923E-05    2.240923E-05    2.240923E-05    2.240923E-05    2.240923E-05    2.240923E-05    2.240923E-05    2.240923E-05    2.240923E-05    2.240923E-05    2.240923E-05    2.240923E-05    2.240923E-05    2.240923E-05    2.240923E-05    2.240923E-05    2.240923E-05    2.240923E-05
   2.240923E-05    2.240923E-05    2.240923E-05    2.240923E-05    2.240923E-05    2.240923E-05    2.240923E-05    2.240923E-05    2.240923E-05    2.240923E-05    2.240923E-05    2.240923E-05    2.240923E-05    2.240923E-05    2.240923E-05    2.240923E-05    2.240923E-05    2.240923E-05    2.240923E-05    2.240923E-05
