9.185627000000000137e-05 9.185627000000000137e-05 9.185627000000000137e-05 9.185627000000000137e-05 9.185627000000000137e-05 9.185627000000000137e-05 9.185627000000000137e-05 9.185627000000000137e-05 9.185627000000000137e-05 9.185627000000000137e-05 9.185627000000000137e-05 9.185627000000000137e-05 9.185627000000000137e-05 9.185627000000000137e-05 9.185627000000000137e-05 9.185627000000000137e-05 9.185627000000000137e-05 9.185627000000000137e-05 9.185627000000000137e-05 9.185627000000000137e-05
9.185627000000000137e-05 9.185627000000000137e-05 9.185627000000000137e-05 9.185627000000000137e-05 9.185627000000000137e-05 9.185627000000000137e-05 9.185627000000000137e-05 9.185627000000000137e-05 9.185627000000000137e-05 9.185627000000000137e-05 9.185627000000000137e-05 9.185627000000000137e-05 9.185627000000000137e-05 9.185627000000000137e-05 9.185627000000000137e-05 9.185627000000000137e-05 9.185627000000000137e-05 9.185627000000000137e-05 9.185627000000000137e-05 9.185627000000000137e-05
9.185627000000000137e-05 9.185627000000000137e-05 9.185627000000000137e-05 9.185627000000000137e-05 9.185627000000000137e-05 9.185627000000000137e-05 9.185627000000000137e-05 9.185627000000000137e-05 9.185627000000000137e-05 9.185627000000000137e-05 9.185627000000000137e-05 9.185627000000000137e-05 9.185627000000000137e-05 9.185627000000000137e-05 9.185627000000000137e-05 9.185627000000000137e-05 9.185627000000000137e-05 9.185627000000000137e-05 9.185627000000000137e-05 9.185627000000000137e-05
9.185627000000000137e-05 9.185627000000000137e-05 9.185627000000000137e-05 9.185627000000000137e-05 9.185627000000000137e-05 9.185627000000000137e-05 9.185627000000000137e-05 9.185627000000000137e-05 9.185627000000000137e-05 9.185627000000000137e-05 9.185627000000000137e-05 9.185627000000000137e-05 9.185627000000000137e-05 9.185627000000000137e-05 9.185627000000000137e-05 9.185627000000000137e-05 9.185627000000000137e-05 9.185627000000000137e-05 9.185627000000000137e-05 9.185627000000000137e-05
9.185627000000000137e-05 9.185627000000000137e-05 9.185627000000000137e-05 9.185627000000000137e-05 9.185627000000000137e-05 9.185627000000000137e-05 9.185627000000000137e-05 9.185627000000000137e-05 9.185627000000000137e-05 9.185627000000000137e-05 9.185627000000000137e-05 9.185627000000000137e-05 9.185627000000000137e-05 9.185627000000000137e-05 9.185627000000000137e-05 9.185627000000000137e-05 9.185627000000000137e-05 9.185627000000000137e-05 9.185627000000000137e-05 9.185627000000000137e-05
9.185627000000000137e-05 9.185627000000000137e-05 9.185627000000000137e-05 9.185627000000000137e-05 9.185627000000000137e-05 9.185627000000000137e-05 9.185627000000000137e-05 9.185627000000000137e-05 9.185627000000000137e-05 9.185627000000000137e-05 9.185627000000000137e-05 9.185627000000000137e-05 9.185627000000000137e-05 9.185627000000000137e-05 9.185627000000000137e-05 9.185627000000000137e-05 9.185627000000000137e-05 9.185627000000000137e-05 9.185627000000000137e-05 9.185627000000000137e-05
9.185627000000000137e-05 9.185627000000000137e-05 9.185627000000000137e-05 9.185627000000000137e-05 9.185627000000000137e-05 9.185627000000000137e-05 9.185627000000000137e-05 9.185627000000000137e-05 9.185627000000000137e-05 9.185627000000000137e-05 9.185627000000000137e-05 9.185627000000000137e-05 9.185627000000000137e-05 9.185627000000000137e-05 9.185627000000000137e-05 9.185627000000000137e-05 9.185627000000000137e-05 9.185627000000000137e-05 9.185627000000000137e-05 9.185627000000000137e-05
9.185627000000000137e-05 9.185627000000000137e-05 9.185627000000000137e-05 9.185627000000000137e-05 9.185627000000000137e-05 9.185627000000000137e-05 9.185627000000000137e-05 9.185627000000000137e-05 9.185627000000000137e-05 9.185627000000000137e-05 9.185627000000000137e-05 9.185627000000000137e-05 9.185627000000000137e-05 9.185627000000000137e-05 9.185627000000000137e-05 9.185627000000000137e-05 9.185627000000000137e-05 9.185627000000000137e-05 9.185627000000000137e-05 9.185627000000000137e-05
9.185627000000000137e-05 9.185627000000000137e-05 9.185627000000000137e-05 9.185627000000000137e-05 9.185627000000000137e-05 9.185627000000000137e-05 9.185627000000000137e-05 9.185627000000000137e-05 9.185627000000000137e-05 9.185627000000000137e-05 9.185627000000000137e-05 9.185627000000000137e-05 9.185627000000000137e-05 9.185627000000000137e-05 9.185627000000000137e-05 9.185627000000000137e-05 9.185627000000000137e-05 9.185627000000000137e-05 9.185627000000000137e-05 9.185627000000000137e-05
9.185627000000000137e-05 9.185627000000000137e-05 9.185627000000000137e-05 9.185627000000000137e-05 9.185627000000000137e-05 9.185627000000000137e-05 9.185627000000000137e-05 9.185627000000000137e-05 9.185627000000000137e-05 9.185627000000000137e-05 9.185627000000000137e-05 9.185627000000000137e-05 9.185627000000000137e-05 9.185627000000000137e-05 9.185627000000000137e-05 9.185627000000000137e-05 9.185627000000000137e-05 9.185627000000000137e-05 9.185627000000000137e-05 9.185627000000000137e-05
9.185627000000000137e-05 9.185627000000000137e-05 9.185627000000000137e-05 9.185627000000000137e-05 9.185627000000000137e-05 9.185627000000000137e-05 9.185627000000000137e-05 9.185627000000000137e-05 9.185627000000000137e-05 9.185627000000000137e-05 9.185627000000000137e-05 9.185627000000000137e-05 9.185627000000000137e-05 9.185627000000000137e-05 9.185627000000000137e-05 9.185627000000000137e-05 9.185627000000000137e-05 9.185627000000000137e-05 9.185627000000000137e-05 9.185627000000000137e-05
9.185627000000000137e-05 9.185627000000000137e-05 9.185627000000000137e-05 9.185627000000000137e-05 9.185627000000000137e-05 9.185627000000000137e-05 9.185627000000000137e-05 9.185627000000000137e-05 9.185627000000000137e-05 9.185627000000000137e-05 9.185627000000000137e-05 9.185627000000000137e-05 9.185627000000000137e-05 9.185627000000000137e-05 9.185627000000000137e-05 9.185627000000000137e-05 9.185627000000000137e-05 9.185627000000000137e-05 9.185627000000000137e-05 9.185627000000000137e-05
9.185627000000000137e-05 9.185627000000000137e-05 9.185627000000000137e-05 9.185627000000000137e-05 9.185627000000000137e-05 9.185627000000000137e-05 9.185627000000000137e-05 9.185627000000000137e-05 9.185627000000000137e-05 9.185627000000000137e-05 9.185627000000000137e-05 9.185627000000000137e-05 9.185627000000000137e-05 9.185627000000000137e-05 9.185627000000000137e-05 9.185627000000000137e-05 9.185627000000000137e-05 9.185627000000000137e-05 9.185627000000000137e-05 9.185627000000000137e-05
9.185627000000000137e-05 9.185627000000000137e-05 9.185627000000000137e-05 9.185627000000000137e-05 9.185627000000000137e-05 9.185627000000000137e-05 9.185627000000000137e-05 9.185627000000000137e-05 9.185627000000000137e-05 9.185627000000000137e-05 9.185627000000000137e-05 9.185627000000000137e-05 9.185627000000000137e-05 9.185627000000000137e-05 9.185627000000000137e-05 9.185627000000000137e-05 9.185627000000000137e-05 9.185627000000000137e-05 9.185627000000000137e-05 9.185627000000000137e-05
9.185627000000000137e-05 9.185627000000000137e-05 9.185627000000000137e-05 9.185627000000000137e-05 9.185627000000000137e-05 9.185627000000000137e-05 9.185627000000000137e-05 9.185627000000000137e-05 9.185627000000000137e-05 9.185627000000000137e-05 9.185627000000000137e-05 9.185627000000000137e-05 9.185627000000000137e-05 9.185627000000000137e-05 9.185627000000000137e-05 9.185627000000000137e-05 9.185627000000000137e-05 9.185627000000000137e-05 9.185627000000000137e-05 9.185627000000000137e-05
9.185627000000000137e-05 9.185627000000000137e-05 9.185627000000000137e-05 9.185627000000000137e-05 9.185627000000000137e-05 9.185627000000000137e-05 9.185627000000000137e-05 9.185627000000000137e-05 9.185627000000000137e-05 9.185627000000000137e-05 9.185627000000000137e-05 9.185627000000000137e-05 9.185627000000000137e-05 9.185627000000000137e-05 9.185627000000000137e-05 9.185627000000000137e-05 9.185627000000000137e-05 9.185627000000000137e-05 9.185627000000000137e-05 9.185627000000000137e-05
9.185627000000000137e-05 9.185627000000000137e-05 9.185627000000000137e-05 9.185627000000000137e-05 9.185627000000000137e-05 9.185627000000000137e-05 9.185627000000000137e-05 9.185627000000000137e-05 9.185627000000000137e-05 9.185627000000000137e-05 9.185627000000000137e-05 9.185627000000000137e-05 9.185627000000000137e-05 9.185627000000000137e-05 9.185627000000000137e-05 9.185627000000000137e-05 9.185627000000000137e-05 9.185627000000000137e-05 9.185627000000000137e-05 9.185627000000000137e-05
9.185627000000000137e-05 9.185627000000000137e-05 9.185627000000000137e-05 9.185627000000000137e-05 9.185627000000000137e-05 9.185627000000000137e-05 9.185627000000000137e-05 9.185627000000000137e-05 9.185627000000000137e-05 9.185627000000000137e-05 9.185627000000000137e-05 9.185627000000000137e-05 9.185627000000000137e-05 9.185627000000000137e-05 9.185627000000000137e-05 9.185627000000000137e-05 9.185627000000000137e-05 9.185627000000000137e-05 9.185627000000000137e-05 9.185627000000000137e-05
9.185627000000000137e-05 9.185627000000000137e-05 9.185627000000000137e-05 9.185627000000000137e-05 9.185627000000000137e-05 9.185627000000000137e-05 9.185627000000000137e-05 9.185627000000000137e-05 9.185627000000000137e-05 9.185627000000000137e-05 9.185627000000000137e-05 9.185627000000000137e-05 9.185627000000000137e-05 9.185627000000000137e-05 9.185627000000000137e-05 9.185627000000000137e-05 9.185627000000000137e-05 9.185627000000000137e-05 9.185627000000000137e-05 9.185627000000000137e-05
9.185627000000000137e-05 9.185627000000000137e-05 9.185627000000000137e-05 9.185627000000000137e-05 9.185627000000000137e-05 9.185627000000000137e-05 9.185627000000000137e-05 9.185627000000000137e-05 9.185627000000000137e-05 9.185627000000000137e-05 9.185627000000000137e-05 9.185627000000000137e-05 9.185627000000000137e-05 9.185627000000000137e-05 9.185627000000000137e-05 9.185627000000000137e-05 9.185627000000000137e-05 9.185627000000000137e-05 9.185627000000000137e-05 9.185627000000000137e-05
9.185627000000000137e-05 9.185627000000000137e-05 9.185627000000000137e-05 9.185627000000000137e-05 9.185627000000000137e-05 9.185627000000000137e-05 9.185627000000000137e-05 9.185627000000000137e-05 9.185627000000000137e-05 9.185627000000000137e-05 9.185627000000000137e-05 9.185627000000000137e-05 9.185627000000000137e-05 9.185627000000000137e-05 9.185627000000000137e-05 9.185627000000000137e-05 9.185627000000000137e-05 9.185627000000000137e-05 9.185627000000000137e-05 9.185627000000000137e-05
9.185627000000000137e-05 9.185627000000000137e-05 9.185627000000000137e-05 9.185627000000000137e-05 9.185627000000000137e-05 9.185627000000000137e-05 9.185627000000000137e-05 9.185627000000000137e-05 9.185627000000000137e-05 9.185627000000000137e-05 9.185627000000000137e-05 9.185627000000000137e-05 9.185627000000000137e-05 9.185627000000000137e-05 9.185627000000000137e-05 9.185627000000000137e-05 9.185627000000000137e-05 9.185627000000000137e-05 9.185627000000000137e-05 9.185627000000000137e-05
9.185627000000000137e-05 9.185627000000000137e-05 9.185627000000000137e-05 9.185627000000000137e-05 9.185627000000000137e-05 9.185627000000000137e-05 9.185627000000000137e-05 9.185627000000000137e-05 9.185627000000000137e-05 9.185627000000000137e-05 9.185627000000000137e-05 9.185627000000000137e-05 9.185627000000000137e-05 9.185627000000000137e-05 9.185627000000000137e-05 9.185627000000000137e-05 9.185627000000000137e-05 9.185627000000000137e-05 9.185627000000000137e-05 9.185627000000000137e-05
9.185627000000000137e-05 9.185627000000000137e-05 9.185627000000000137e-05 9.185627000000000137e-05 9.185627000000000137e-05 9.185627000000000137e-05 9.185627000000000137e-05 9.185627000000000137e-05 9.185627000000000137e-05 9.185627000000000137e-05 9.185627000000000137e-05 9.185627000000000137e-05 9.185627000000000137e-05 9.185627000000000137e-05 9.185627000000000137e-05 9.185627000000000137e-05 9.185627000000000137e-05 9.185627000000000137e-05 9.185627000000000137e-05 9.185627000000000137e-05
9.185627000000000137e-05 9.185627000000000137e-05 9.185627000000000137e-05 9.185627000000000137e-05 9.185627000000000137e-05 9.185627000000000137e-05 9.185627000000000137e-05 9.185627000000000137e-05 9.185627000000000137e-05 9.185627000000000137e-05 9.185627000000000137e-05 9.185627000000000137e-05 9.185627000000000137e-05 9.185627000000000137e-05 9.185627000000000137e-05 9.185627000000000137e-05 9.185627000000000137e-05 9.185627000000000137e-05 9.185627000000000137e-05 9.185627000000000137e-05
9.185627000000000137e-05 9.185627000000000137e-05 9.185627000000000137e-05 9.185627000000000137e-05 9.185627000000000137e-05 9.185627000000000137e-05 9.185627000000000137e-05 9.185627000000000137e-05 9.185627000000000137e-05 9.185627000000000137e-05 9.185627000000000137e-05 9.185627000000000137e-05 9.185627000000000137e-05 9.185627000000000137e-05 9.185627000000000137e-05 9.185627000000000137e-05 9.185627000000000137e-05 9.185627000000000137e-05 9.185627000000000137e-05 9.185627000000000137e-05
9.185627000000000137e-05 9.185627000000000137e-05 9.185627000000000137e-05 9.185627000000000137e-05 9.185627000000000137e-05 9.185627000000000137e-05 9.185627000000000137e-05 9.185627000000000137e-05 9.185627000000000137e-05 9.185627000000000137e-05 9.185627000000000137e-05 9.185627000000000137e-05 9.185627000000000137e-05 9.185627000000000137e-05 9.185627000000000137e-05 9.185627000000000137e-05 9.185627000000000137e-05 9.185627000000000137e-05 9.185627000000000137e-05 9.185627000000000137e-05
9.185627000000000137e-05 9.185627000000000137e-05 9.185627000000000137e-05 9.185627000000000137e-05 9.185627000000000137e-05 9.185627000000000137e-05 9.185627000000000137e-05 9.185627000000000137e-05 9.185627000000000137e-05 9.185627000000000137e-05 9.185627000000000137e-05 9.185627000000000137e-05 9.185627000000000137e-05 9.185627000000000137e-05 9.185627000000000137e-05 9.185627000000000137e-05 9.185627000000000137e-05 9.185627000000000137e-05 9.185627000000000137e-05 9.185627000000000137e-05
9.185627000000000137e-05 9.185627000000000137e-05 9.185627000000000137e-05 9.185627000000000137e-05 9.185627000000000137e-05 9.185627000000000137e-05 9.185627000000000137e-05 9.185627000000000137e-05 9.185627000000000137e-05 9.185627000000000137e-05 9.185627000000000137e-05 9.185627000000000137e-05 9.185627000000000137e-05 9.185627000000000137e-05 9.185627000000000137e-05 9.185627000000000137e-05 9.185627000000000137e-05 9.185627000000000137e-05 9.185627000000000137e-05 9.185627000000000137e-05
9.185627000000000137e-05 9.185627000000000137e-05 9.185627000000000137e-05 9.185627000000000137e-05 9.185627000000000137e-05 9.185627000000000137e-05 9.185627000000000137e-05 9.185627000000000137e-05 9.185627000000000137e-05 9.185627000000000137e-05 9.185627000000000137e-05 9.185627000000000137e-05 9.185627000000000137e-05 9.185627000000000137e-05 9.185627000000000137e-05 9.185627000000000137e-05 9.185627000000000137e-05 9.185627000000000137e-05 9.185627000000000137e-05 9.185627000000000137e-05
9.185627000000000137e-05 9.185627000000000137e-05 9.185627000000000137e-05 9.185627000000000137e-05 9.185627000000000137e-05 9.185627000000000137e-05 9.185627000000000137e-05 9.185627000000000137e-05 9.185627000000000137e-05 9.185627000000000137e-05 9.185627000000000137e-05 9.185627000000000137e-05 9.185627000000000137e-05 9.185627000000000137e-05 9.185627000000000137e-05 9.185627000000000137e-05 9.185627000000000137e-05 9.185627000000000137e-05 9.185627000000000137e-05 9.185627000000000137e-05
9.185627000000000137e-05 9.185627000000000137e-05 9.185627000000000137e-05 9.185627000000000137e-05 9.185627000000000137e-05 9.185627000000000137e-05 9.185627000000000137e-05 9.185627000000000137e-05 9.185627000000000137e-05 9.185627000000000137e-05 9.185627000000000137e-05 9.185627000000000137e-05 9.185627000000000137e-05 9.185627000000000137e-05 9.185627000000000137e-05 9.185627000000000137e-05 9.185627000000000137e-05 9.185627000000000137e-05 9.185627000000000137e-05 9.185627000000000137e-05
9.185627000000000137e-05 9.185627000000000137e-05 9.185627000000000137e-05 9.185627000000000137e-05 9.185627000000000137e-05 9.185627000000000137e-05 9.185627000000000137e-05 9.185627000000000137e-05 9.185627000000000137e-05 9.185627000000000137e-05 9.185627000000000137e-05 9.185627000000000137e-05 9.185627000000000137e-05 9.185627000000000137e-05 9.185627000000000137e-05 9.185627000000000137e-05 9.185627000000000137e-05 9.185627000000000137e-05 9.185627000000000137e-05 9.185627000000000137e-05
9.185627000000000137e-05 9.185627000000000137e-05 9.185627000000000137e-05 9.185627000000000137e-05 9.185627000000000137e-05 9.185627000000000137e-05 9.185627000000000137e-05 9.185627000000000137e-05 9.185627000000000137e-05 9.185627000000000137e-05 9.185627000000000137e-05 9.185627000000000137e-05 9.185627000000000137e-05 9.185627000000000137e-05 9.185627000000000137e-05 9.185627000000000137e-05 9.185627000000000137e-05 9.185627000000000137e-05 9.185627000000000137e-05 9.185627000000000137e-05
9.185627000000000137e-05 9.185627000000000137e-05 9.185627000000000137e-05 9.185627000000000137e-05 9.185627000000000137e-05 9.185627000000000137e-05 9.185627000000000137e-05 9.185627000000000137e-05 9.185627000000000137e-05 9.185627000000000137e-05 9.185627000000000137e-05 9.185627000000000137e-05 9.185627000000000137e-05 9.185627000000000137e-05 9.185627000000000137e-05 9.185627000000000137e-05 9.185627000000000137e-05 9.185627000000000137e-05 9.185627000000000137e-05 9.185627000000000137e-05
9.185627000000000137e-05 9.185627000000000137e-05 9.185627000000000137e-05 9.185627000000000137e-05 9.185627000000000137e-05 9.185627000000000137e-05 9.185627000000000137e-05 9.185627000000000137e-05 9.185627000000000137e-05 9.185627000000000137e-05 9.185627000000000137e-05 9.185627000000000137e-05 9.185627000000000137e-05 9.185627000000000137e-05 9.185627000000000137e-05 9.185627000000000137e-05 9.185627000000000137e-05 9.185627000000000137e-05 9.185627000000000137e-05 9.185627000000000137e-05
9.185627000000000137e-05 9.185627000000000137e-05 9.185627000000000137e-05 9.185627000000000137e-05 9.185627000000000137e-05 9.185627000000000137e-05 9.185627000000000137e-05 9.185627000000000137e-05 9.185627000000000137e-05 9.185627000000000137e-05 9.185627000000000137e-05 9.185627000000000137e-05 9.185627000000000137e-05 9.185627000000000137e-05 9.185627000000000137e-05 9.185627000000000137e-05 9.185627000000000137e-05 9.185627000000000137e-05 9.185627000000000137e-05 9.185627000000000137e-05
9.185627000000000137e-05 9.185627000000000137e-05 9.185627000000000137e-05 9.185627000000000137e-05 9.185627000000000137e-05 9.185627000000000137e-05 9.185627000000000137e-05 9.185627000000000137e-05 9.185627000000000137e-05 9.185627000000000137e-05 9.185627000000000137e-05 9.185627000000000137e-05 9.185627000000000137e-05 9.185627000000000137e-05 9.185627000000000137e-05 9.185627000000000137e-05 9.185627000000000137e-05 9.185627000000000137e-05 9.185627000000000137e-05 9.185627000000000137e-05
9.185627000000000137e-05 9.185627000000000137e-05 9.185627000000000137e-05 9.185627000000000137e-05 9.185627000000000137e-05 9.185627000000000137e-05 9.185627000000000137e-05 9.185627000000000137e-05 9.185627000000000137e-05 9.185627000000000137e-05 9.185627000000000137e-05 9.185627000000000137e-05 9.185627000000000137e-05 9.185627000000000137e-05 9.185627000000000137e-05 9.185627000000000137e-05 9.185627000000000137e-05 9.185627000000000137e-05 9.185627000000000137e-05 9.185627000000000137e-05
9.185627000000000137e-05 9.185627000000000137e-05 9.185627000000000137e-05 9.185627000000000137e-05 9.185627000000000137e-05 9.185627000000000137e-05 9.185627000000000137e-05 9.185627000000000137e-05 9.185627000000000137e-05 9.185627000000000137e-05 9.185627000000000137e-05 9.185627000000000137e-05 9.185627000000000137e-05 9.185627000000000137e-05 9.185627000000000137e-05 9.185627000000000137e-05 9.185627000000000137e-05 9.185627000000000137e-05 9.185627000000000137e-05 9.185627000000000137e-05
