   2.000000E-04   2.000000E-04   2.000000E-04   2.000000E-04   2.000000E-04   2.000000E-04   2.000000E-04   2.000000E-04   2.000000E-04   2.000000E-04   2.000000E-04   2.000000E-04   2.000000E-04   2.000000E-04   2.000000E-04   2.000000E-04   2.000000E-04   2.000000E-04   2.000000E-04   2.000000E-04
   2.000000E-04   2.000000E-04   2.000000E-04   2.000000E-04   2.000000E-04   2.000000E-04   2.000000E-04   2.000000E-04   2.000000E-04   2.000000E-04   2.000000E-04   2.000000E-04   2.000000E-04   2.000000E-04   2.000000E-04   2.000000E-04   2.000000E-04   2.000000E-04   2.000000E-04   2.000000E-04
   2.000000E-04   2.000000E-04   2.000000E-04   2.000000E-04   2.000000E-04   2.000000E-04   2.000000E-04   2.000000E-04   2.000000E-04   2.000000E-04   2.000000E-04   2.000000E-04   2.000000E-04   2.000000E-04   2.000000E-04   2.000000E-04   2.000000E-04   2.000000E-04   2.000000E-04   2.000000E-04
   2.000000E-04   2.000000E-04   2.000000E-04   2.000000E-04   2.000000E-04   2.000000E-04   2.000000E-04   2.000000E-04   2.000000E-04   2.000000E-04   2.000000E-04   2.000000E-04   2.000000E-04   2.000000E-04   2.000000E-04   2.000000E-04   2.000000E-04   2.000000E-04   2.000000E-04   2.000000E-04
   2.000000E-04   2.000000E-04   2.000000E-04   2.000000E-04   2.000000E-04   2.000000E-04   2.000000E-04   2.000000E-04   2.000000E-04   2.000000E-04   2.000000E-04   2.000000E-04   2.000000E-04   2.000000E-04   2.000000E-04   2.000000E-04   2.000000E-04   2.000000E-04   2.000000E-04   2.000000E-04
   2.000000E-04   2.000000E-04   2.000000E-04   2.000000E-04   2.000000E-04   2.000000E-04   2.000000E-04   2.000000E-04   2.000000E-04   2.000000E-04   2.000000E-04   2.000000E-04   2.000000E-04   2.000000E-04   2.000000E-04   2.000000E-04   2.000000E-04   2.000000E-04   2.000000E-04   2.000000E-04
   2.000000E-04   2.000000E-04   2.000000E-04   2.000000E-04   2.000000E-04   2.000000E-04   2.000000E-04   2.000000E-04   2.000000E-04   2.000000E-04   2.000000E-04   2.000000E-04   2.000000E-04   2.000000E-04   2.000000E-04   2.000000E-04   2.000000E-04   2.000000E-04   2.000000E-04   2.000000E-04
   2.000000E-04   2.000000E-04   2.000000E-04   2.000000E-04   2.000000E-04   2.000000E-04   2.000000E-04   2.000000E-04   2.000000E-04   2.000000E-04   2.000000E-04   2.000000E-04   2.000000E-04   2.000000E-04   2.000000E-04   2.000000E-04   2.000000E-04   2.000000E-04   2.000000E-04   2.000000E-04
   2.000000E-04   2.000000E-04   2.000000E-04   2.000000E-04   2.410694E-05   2.410694E-05   2.410694E-05   2.000000E-04   2.000000E-04   2.000000E-04   2.000000E-04   2.000000E-04   2.000000E-04   2.000000E-04   2.000000E-04   2.000000E-04   2.000000E-04   2.000000E-04   2.000000E-04   2.000000E-04
   2.000000E-04   2.000000E-04   2.000000E-04   2.000000E-04   2.410694E-05   2.410694E-05   2.410694E-05   2.410694E-05   2.000000E-04   2.000000E-04   2.000000E-04   2.000000E-04   2.000000E-04   2.000000E-04   2.000000E-04   2.000000E-04   2.000000E-04   2.000000E-04   2.000000E-04   2.000000E-04
   2.000000E-04   2.000000E-04   2.000000E-04   2.000000E-04   2.410694E-05   2.410694E-05   2.410694E-05   2.410694E-05   2.000000E-04   2.000000E-04   2.000000E-04   2.000000E-04   2.000000E-04   2.000000E-04   2.000000E-04   2.000000E-04   2.000000E-04   2.000000E-04   2.000000E-04   2.000000E-04
   2.000000E-04   2.000000E-04   2.000000E-04   2.000000E-04   2.410694E-05   2.410694E-05   2.410694E-05   2.410694E-05   2.000000E-04   2.000000E-04   2.000000E-04   2.000000E-04   2.000000E-04   2.000000E-04   2.000000E-04   2.000000E-04   2.000000E-04   2.000000E-04   2.000000E-04   2.000000E-04
   2.000000E-04   2.000000E-04   2.000000E-04   2.000000E-04   2.410694E-05   2.410694E-05   2.410694E-05   2.410694E-05   2.000000E-04   2.000000E-04   2.000000E-04   2.000000E-04   2.000000E-04   2.000000E-04   2.000000E-04   2.000000E-04   2.000000E-04   2.000000E-04   2.000000E-04   2.000000E-04
   2.000000E-04   2.000000E-04   2.000000E-04   2.000000E-04   2.410694E-05   2.410694E-05   2.410694E-05   2.410694E-05   2.000000E-04   2.000000E-04   2.000000E-04   2.000000E-04   2.000000E-04   2.000000E-04   2.000000E-04   2.000000E-04   2.000000E-04   2.000000E-04   2.000000E-04   2.000000E-04
   2.000000E-04   2.000000E-04   2.000000E-04   2.000000E-04   2.410694E-05   2.410694E-05   2.410694E-05   2.410694E-05   2.000000E-04   2.000000E-04   2.000000E-04   2.000000E-04   2.000000E-04   2.000000E-04   2.000000E-04   2.000000E-04   2.000000E-04   2.000000E-04   2.000000E-04   2.000000E-04
   2.000000E-04   2.000000E-04   2.000000E-04   2.000000E-04   2.410694E-05   2.410694E-05   2.410694E-05   2.410694E-05   2.000000E-04   2.000000E-04   2.000000E-04   2.000000E-04   2.000000E-04   2.000000E-04   2.000000E-04   2.000000E-04   2.000000E-04   2.000000E-04   2.000000E-04   2.000000E-04
   2.000000E-04   2.000000E-04   2.000000E-04   2.000000E-04   2.410694E-05   2.410694E-05   2.410694E-05   2.410694E-05   2.000000E-04   2.000000E-04   2.000000E-04   2.000000E-04   2.000000E-04   2.000000E-04   2.000000E-04   2.000000E-04   2.000000E-04   2.000000E-04   2.000000E-04   2.000000E-04
   2.000000E-04   2.000000E-04   2.000000E-04   2.000000E-04   2.410694E-05   2.410694E-05   2.410694E-05   2.410694E-05   2.000000E-04   2.000000E-04   2.000000E-04   2.000000E-04   2.000000E-04   2.000000E-04   2.000000E-04   2.000000E-04   2.000000E-04   2.000000E-04   2.000000E-04   2.000000E-04
   2.000000E-04   2.000000E-04   2.000000E-04   2.000000E-04   2.410694E-05   2.410694E-05   2.410694E-05   2.410694E-05   2.000000E-04   2.000000E-04   2.000000E-04   2.000000E-04   2.000000E-04   2.000000E-04   2.000000E-04   2.000000E-04   2.000000E-04   2.000000E-04   2.000000E-04   2.000000E-04
   2.000000E-04   2.000000E-04   2.000000E-04   2.000000E-04   2.410694E-05   2.410694E-05   2.410694E-05   2.410694E-05   2.000000E-04   2.000000E-04   2.000000E-04   2.000000E-04   2.000000E-04   2.000000E-04   2.000000E-04   2.000000E-04   2.000000E-04   2.000000E-04   2.000000E-04   2.000000E-04
   2.000000E-04   2.000000E-04   2.000000E-04   2.000000E-04   2.410694E-05   2.410694E-05   2.410694E-05   2.410694E-05   2.000000E-04   2.000000E-04   2.000000E-04   2.000000E-04   2.000000E-04   2.000000E-04   2.000000E-04   2.000000E-04   2.000000E-04   2.000000E-04   2.000000E-04   2.000000E-04
   2.000000E-04   2.000000E-04   2.000000E-04   2.000000E-04   2.410694E-05   2.410694E-05   2.000000E-04   2.000000E-04   2.000000E-04   2.000000E-04   2.000000E-04   2.000000E-04   2.000000E-04   2.000000E-04   2.000000E-04   2.000000E-04   2.000000E-04   2.000000E-04   2.000000E-04   2.000000E-04
   2.000000E-04   2.000000E-04   2.000000E-04   2.000000E-04   2.000000E-04   2.410694E-05   2.000000E-04   2.000000E-04   2.000000E-04   2.000000E-04   2.000000E-04   2.000000E-04   2.000000E-04   2.000000E-04   2.000000E-04   2.000000E-04   2.000000E-04   2.000000E-04   2.000000E-04   2.000000E-04
   2.000000E-04   2.000000E-04   2.000000E-04   2.000000E-04   2.000000E-04   2.000000E-04   2.000000E-04   2.000000E-04   2.000000E-04   2.000000E-04   2.000000E-04   2.000000E-04   2.000000E-04   2.000000E-04   2.000000E-04   2.000000E-04   2.000000E-04   2.000000E-04   2.000000E-04   2.000000E-04
   2.000000E-04   2.000000E-04   2.000000E-04   2.000000E-04   2.000000E-04   2.000000E-04   2.000000E-04   2.000000E-04   2.000000E-04   2.000000E-04   2.000000E-04   2.000000E-04   2.000000E-04   2.000000E-04   2.000000E-04   2.000000E-04   2.000000E-04   2.000000E-04   2.000000E-04   2.000000E-04
   2.000000E-04   2.000000E-04   2.000000E-04   2.000000E-04   2.000000E-04   2.000000E-04   2.000000E-04   2.000000E-04   2.000000E-04   2.000000E-04   2.000000E-04   2.000000E-04   2.000000E-04   2.000000E-04   2.000000E-04   2.000000E-04   2.000000E-04   2.000000E-04   2.000000E-04   2.000000E-04
   2.000000E-04   2.000000E-04   2.000000E-04   2.000000E-04   2.000000E-04   2.000000E-04   2.000000E-04   2.000000E-04   2.000000E-04   2.000000E-04   2.000000E-04   2.000000E-04   2.000000E-04   2.000000E-04   2.000000E-04   2.000000E-04   2.000000E-04   2.000000E-04   2.000000E-04   2.000000E-04
   2.000000E-04   2.000000E-04   2.000000E-04   2.000000E-04   2.000000E-04   2.000000E-04   2.000000E-04   2.000000E-04   2.000000E-04   2.000000E-04   2.000000E-04   2.000000E-04   2.000000E-04   2.000000E-04   2.000000E-04   2.000000E-04   2.000000E-04   2.000000E-04   2.000000E-04   2.000000E-04
   2.000000E-04   2.000000E-04   2.000000E-04   2.000000E-04   2.000000E-04   2.000000E-04   2.000000E-04   2.000000E-04   2.000000E-04   2.000000E-04   2.000000E-04   2.000000E-04   2.000000E-04   2.000000E-04   2.000000E-04   2.000000E-04   2.000000E-04   2.000000E-04   2.000000E-04   2.000000E-04
   2.000000E-04   2.000000E-04   2.000000E-04   2.000000E-04   2.000000E-04   2.000000E-04   2.000000E-04   2.000000E-04   2.000000E-04   2.000000E-04   2.000000E-04   2.000000E-04   2.000000E-04   2.000000E-04   2.000000E-04   2.000000E-04   2.000000E-04   2.000000E-04   2.000000E-04   2.000000E-04
   2.000000E-04   2.000000E-04   2.000000E-04   2.000000E-04   2.000000E-04   2.000000E-04   2.000000E-04   2.000000E-04   2.000000E-04   2.000000E-04   2.000000E-04   2.000000E-04   2.000000E-04   2.000000E-04   2.000000E-04   2.000000E-04   2.000000E-04   2.000000E-04   2.000000E-04   2.000000E-04
   2.000000E-04   2.000000E-04   2.000000E-04   2.000000E-04   2.000000E-04   2.000000E-04   2.000000E-04   2.000000E-04   2.000000E-04   2.000000E-04   2.000000E-04   2.000000E-04   2.000000E-04   2.000000E-04   2.000000E-04   2.000000E-04   2.000000E-04   2.000000E-04   2.000000E-04   2.000000E-04
   2.410694E-05   2.000000E-04   2.000000E-04   2.000000E-04   2.000000E-04   2.000000E-04   2.000000E-04   2.000000E-04   2.000000E-04   2.000000E-04   2.000000E-04   2.000000E-04   2.000000E-04   2.000000E-04   2.000000E-04   2.000000E-04   2.000000E-04   2.000000E-04   2.000000E-04   2.000000E-04
   2.410694E-05   2.410694E-05   2.000000E-04   2.000000E-04   2.000000E-04   2.000000E-04   2.000000E-04   2.000000E-04   2.000000E-04   2.000000E-04   2.000000E-04   2.000000E-04   2.000000E-04   2.000000E-04   2.000000E-04   2.000000E-04   2.000000E-04   2.000000E-04   2.000000E-04   2.000000E-04
   2.410694E-05   2.410694E-05   2.410694E-05   2.000000E-04   2.000000E-04   2.000000E-04   2.000000E-04   2.000000E-04   2.000000E-04   2.000000E-04   2.000000E-04   2.000000E-04   2.000000E-04   2.000000E-04   2.000000E-04   2.000000E-04   2.000000E-04   2.000000E-04   2.000000E-04   2.000000E-04
   2.410694E-05   2.410694E-05   2.410694E-05   2.410694E-05   2.000000E-04   2.000000E-04   2.000000E-04   2.000000E-04   2.000000E-04   2.000000E-04   2.000000E-04   2.000000E-04   2.000000E-04   2.000000E-04   2.000000E-04   2.000000E-04   2.000000E-04   2.000000E-04   2.000000E-04   2.410694E-05
   2.410694E-05   2.410694E-05   2.410694E-05   2.410694E-05   2.000000E-04   2.000000E-04   2.000000E-04   2.000000E-04   2.000000E-04   2.000000E-04   2.000000E-04   2.000000E-04   2.000000E-04   2.000000E-04   2.000000E-04   2.000000E-04   2.000000E-04   2.000000E-04   2.000000E-04   2.410694E-05
   2.410694E-05   2.410694E-05   2.410694E-05   2.410694E-05   2.410694E-05   2.000000E-04   2.000000E-04   2.000000E-04   2.000000E-04   2.000000E-04   2.000000E-04   2.000000E-04   2.000000E-04   2.000000E-04   2.000000E-04   2.000000E-04   2.000000E-04   2.000000E-04   2.410694E-05   2.410694E-05
   2.410694E-05   2.410694E-05   2.410694E-05   2.410694E-05   2.410694E-05   2.000000E-04   2.000000E-04   2.000000E-04   2.000000E-04   2.000000E-04   2.000000E-04   2.000000E-04   2.000000E-04   2.000000E-04   2.000000E-04   2.000000E-04   2.000000E-04   2.410694E-05   2.410694E-05   2.410694E-05
   2.410694E-05   2.410694E-05   2.410694E-05   2.410694E-05   2.410694E-05   2.000000E-04   2.000000E-04   2.000000E-04   2.000000E-04   2.000000E-04   2.000000E-04   2.000000E-04   2.000000E-04   2.000000E-04   2.000000E-04   2.000000E-04   2.410694E-05   2.410694E-05   2.410694E-05   2.410694E-05
