   3.420660E-05   3.420660E-05   3.420660E-05   3.420660E-05   3.420660E-05   3.420660E-05   3.420660E-05   3.420660E-05   3.420660E-05   3.420660E-05   3.420660E-05   3.420660E-05   3.420660E-05   3.420660E-05   3.420660E-05   3.420660E-05   3.420660E-05   3.420660E-05   3.420660E-05   3.420660E-05
   3.420660E-05   3.420660E-05   3.420660E-05   3.420660E-05   3.420660E-05   3.420660E-05   3.420660E-05   3.420660E-05   3.420660E-05   3.420660E-05   3.420660E-05   3.420660E-05   3.420660E-05   3.420660E-05   3.420660E-05   3.420660E-05   3.420660E-05   3.420660E-05   3.420660E-05   3.420660E-05
   3.420660E-05   3.420660E-05   3.420660E-05   3.420660E-05   3.420660E-05   3.420660E-05   3.420660E-05   3.420660E-05   3.420660E-05   3.420660E-05   3.420660E-05   3.420660E-05   3.420660E-05   3.420660E-05   3.420660E-05   3.420660E-05   3.420660E-05   3.420660E-05   3.420660E-05   3.420660E-05
   3.420660E-05   3.420660E-05   3.420660E-05   3.420660E-05   3.420660E-05   3.420660E-05   3.420660E-05   3.420660E-05   3.420660E-05   3.420660E-05   3.420660E-05   3.420660E-05   3.420660E-05   3.420660E-05   3.420660E-05   3.420660E-05   3.420660E-05   3.420660E-05   3.420660E-05   3.420660E-05
   3.420660E-05   3.420660E-05   3.420660E-05   3.420660E-05   3.420660E-05   3.420660E-05   3.420660E-05   3.420660E-05   3.420660E-05   3.420660E-05   3.420660E-05   3.420660E-05   3.420660E-05   3.420660E-05   3.420660E-05   3.420660E-05   3.420660E-05   3.420660E-05   3.420660E-05   3.420660E-05
   3.420660E-05   3.420660E-05   3.420660E-05   3.420660E-05   3.420660E-05   3.420660E-05   3.420660E-05   3.420660E-05   3.420660E-05   3.420660E-05   3.420660E-05   3.420660E-05   3.420660E-05   3.420660E-05   3.420660E-05   3.420660E-05   3.420660E-05   3.420660E-05   3.420660E-05   3.420660E-05
   3.420660E-05   3.420660E-05   3.420660E-05   3.420660E-05   3.420660E-05   3.420660E-05   3.420660E-05   3.420660E-05   3.420660E-05   3.420660E-05   3.420660E-05   3.420660E-05   3.420660E-05   3.420660E-05   3.420660E-05   3.420660E-05   3.420660E-05   3.420660E-05   3.420660E-05   3.420660E-05
   3.420660E-05   3.420660E-05   3.420660E-05   3.420660E-05   3.420660E-05   3.420660E-05   3.420660E-05   3.420660E-05   3.420660E-05   3.420660E-05   3.420660E-05   3.420660E-05   3.420660E-05   3.420660E-05   3.420660E-05   3.420660E-05   3.420660E-05   3.420660E-05   3.420660E-05   3.420660E-05
   3.420660E-05   3.420660E-05   3.420660E-05   3.420660E-05   2.336357E-05   2.336357E-05   2.336357E-05   3.420660E-05   3.420660E-05   3.420660E-05   3.420660E-05   3.420660E-05   3.420660E-05   3.420660E-05   3.420660E-05   3.420660E-05   3.420660E-05   3.420660E-05   3.420660E-05   3.420660E-05
   3.420660E-05   3.420660E-05   3.420660E-05   3.420660E-05   2.336357E-05   2.336357E-05   2.336357E-05   2.336357E-05   3.420660E-05   3.420660E-05   3.420660E-05   3.420660E-05   3.420660E-05   3.420660E-05   3.420660E-05   3.420660E-05   3.420660E-05   3.420660E-05   3.420660E-05   3.420660E-05
   3.420660E-05   3.420660E-05   3.420660E-05   3.420660E-05   2.336357E-05   2.336357E-05   2.336357E-05   2.336357E-05   3.420660E-05   3.420660E-05   3.420660E-05   3.420660E-05   3.420660E-05   3.420660E-05   3.420660E-05   3.420660E-05   3.420660E-05   3.420660E-05   3.420660E-05   3.420660E-05
   3.420660E-05   3.420660E-05   3.420660E-05   3.420660E-05   2.336357E-05   2.336357E-05   2.336357E-05   2.336357E-05   3.420660E-05   3.420660E-05   3.420660E-05   3.420660E-05   3.420660E-05   3.420660E-05   3.420660E-05   3.420660E-05   3.420660E-05   3.420660E-05   3.420660E-05   3.420660E-05
   3.420660E-05   3.420660E-05   3.420660E-05   3.420660E-05   2.336357E-05   2.336357E-05   2.336357E-05   2.336357E-05   3.420660E-05   3.420660E-05   3.420660E-05   3.420660E-05   3.420660E-05   3.420660E-05   3.420660E-05   3.420660E-05   3.420660E-05   3.420660E-05   3.420660E-05   3.420660E-05
   3.420660E-05   3.420660E-05   3.420660E-05   3.420660E-05   2.336357E-05   2.336357E-05   2.336357E-05   2.336357E-05   3.420660E-05   3.420660E-05   3.420660E-05   3.420660E-05   3.420660E-05   3.420660E-05   3.420660E-05   3.420660E-05   3.420660E-05   3.420660E-05   3.420660E-05   3.420660E-05
   3.420660E-05   3.420660E-05   3.420660E-05   3.420660E-05   2.336357E-05   2.336357E-05   2.336357E-05   2.336357E-05   3.420660E-05   3.420660E-05   3.420660E-05   3.420660E-05   3.420660E-05   3.420660E-05   3.420660E-05   3.420660E-05   3.420660E-05   3.420660E-05   3.420660E-05   3.420660E-05
   3.420660E-05   3.420660E-05   3.420660E-05   3.420660E-05   2.336357E-05   2.336357E-05   2.336357E-05   2.336357E-05   3.420660E-05   3.420660E-05   3.420660E-05   3.420660E-05   3.420660E-05   3.420660E-05   3.420660E-05   3.420660E-05   3.420660E-05   3.420660E-05   3.420660E-05   3.420660E-05
   3.420660E-05   3.420660E-05   3.420660E-05   3.420660E-05   2.336357E-05   2.336357E-05   2.336357E-05   2.336357E-05   3.420660E-05   3.420660E-05   3.420660E-05   3.420660E-05   3.420660E-05   3.420660E-05   3.420660E-05   3.420660E-05   3.420660E-05   3.420660E-05   3.420660E-05   3.420660E-05
   3.420660E-05   3.420660E-05   3.420660E-05   3.420660E-05   2.336357E-05   2.336357E-05   2.336357E-05   2.336357E-05   3.420660E-05   3.420660E-05   3.420660E-05   3.420660E-05   3.420660E-05   3.420660E-05   3.420660E-05   3.420660E-05   3.420660E-05   3.420660E-05   3.420660E-05   3.420660E-05
   3.420660E-05   3.420660E-05   3.420660E-05   3.420660E-05   2.336357E-05   2.336357E-05   2.336357E-05   2.336357E-05   3.420660E-05   3.420660E-05   3.420660E-05   3.420660E-05   3.420660E-05   3.420660E-05   3.420660E-05   3.420660E-05   3.420660E-05   3.420660E-05   3.420660E-05   3.420660E-05
   3.420660E-05   3.420660E-05   3.420660E-05   3.420660E-05   2.336357E-05   2.336357E-05   2.336357E-05   2.336357E-05   3.420660E-05   3.420660E-05   3.420660E-05   3.420660E-05   3.420660E-05   3.420660E-05   3.420660E-05   3.420660E-05   3.420660E-05   3.420660E-05   3.420660E-05   3.420660E-05
   3.420660E-05   3.420660E-05   3.420660E-05   3.420660E-05   2.336357E-05   2.336357E-05   2.336357E-05   2.336357E-05   3.420660E-05   3.420660E-05   3.420660E-05   3.420660E-05   3.420660E-05   3.420660E-05   3.420660E-05   3.420660E-05   3.420660E-05   3.420660E-05   3.420660E-05   3.420660E-05
   3.420660E-05   3.420660E-05   3.420660E-05   3.420660E-05   2.336357E-05   2.336357E-05   3.420660E-05   3.420660E-05   3.420660E-05   3.420660E-05   3.420660E-05   3.420660E-05   3.420660E-05   3.420660E-05   3.420660E-05   3.420660E-05   3.420660E-05   3.420660E-05   3.420660E-05   3.420660E-05
   3.420660E-05   3.420660E-05   3.420660E-05   3.420660E-05   3.420660E-05   2.336357E-05   3.420660E-05   3.420660E-05   3.420660E-05   3.420660E-05   3.420660E-05   3.420660E-05   3.420660E-05   3.420660E-05   3.420660E-05   3.420660E-05   3.420660E-05   3.420660E-05   3.420660E-05   3.420660E-05
   3.420660E-05   3.420660E-05   3.420660E-05   3.420660E-05   3.420660E-05   3.420660E-05   3.420660E-05   3.420660E-05   3.420660E-05   3.420660E-05   3.420660E-05   3.420660E-05   3.420660E-05   3.420660E-05   3.420660E-05   3.420660E-05   3.420660E-05   3.420660E-05   3.420660E-05   3.420660E-05
   3.420660E-05   3.420660E-05   3.420660E-05   3.420660E-05   3.420660E-05   3.420660E-05   3.420660E-05   3.420660E-05   3.420660E-05   3.420660E-05   3.420660E-05   3.420660E-05   3.420660E-05   3.420660E-05   3.420660E-05   3.420660E-05   3.420660E-05   3.420660E-05   3.420660E-05   3.420660E-05
   3.420660E-05   3.420660E-05   3.420660E-05   3.420660E-05   3.420660E-05   3.420660E-05   3.420660E-05   3.420660E-05   3.420660E-05   3.420660E-05   3.420660E-05   3.420660E-05   3.420660E-05   3.420660E-05   3.420660E-05   3.420660E-05   3.420660E-05   3.420660E-05   3.420660E-05   3.420660E-05
   3.420660E-05   3.420660E-05   3.420660E-05   3.420660E-05   3.420660E-05   3.420660E-05   3.420660E-05   3.420660E-05   3.420660E-05   3.420660E-05   3.420660E-05   3.420660E-05   3.420660E-05   3.420660E-05   3.420660E-05   3.420660E-05   3.420660E-05   3.420660E-05   3.420660E-05   3.420660E-05
   3.420660E-05   3.420660E-05   3.420660E-05   3.420660E-05   3.420660E-05   3.420660E-05   3.420660E-05   3.420660E-05   3.420660E-05   3.420660E-05   3.420660E-05   3.420660E-05   3.420660E-05   3.420660E-05   3.420660E-05   3.420660E-05   3.420660E-05   3.420660E-05   3.420660E-05   3.420660E-05
   3.420660E-05   3.420660E-05   3.420660E-05   3.420660E-05   3.420660E-05   3.420660E-05   3.420660E-05   3.420660E-05   3.420660E-05   3.420660E-05   3.420660E-05   3.420660E-05   3.420660E-05   3.420660E-05   3.420660E-05   3.420660E-05   3.420660E-05   3.420660E-05   3.420660E-05   3.420660E-05
   3.420660E-05   3.420660E-05   3.420660E-05   3.420660E-05   3.420660E-05   3.420660E-05   3.420660E-05   3.420660E-05   3.420660E-05   3.420660E-05   3.420660E-05   3.420660E-05   3.420660E-05   3.420660E-05   3.420660E-05   3.420660E-05   3.420660E-05   3.420660E-05   3.420660E-05   3.420660E-05
   3.420660E-05   3.420660E-05   3.420660E-05   3.420660E-05   3.420660E-05   3.420660E-05   3.420660E-05   3.420660E-05   3.420660E-05   3.420660E-05   3.420660E-05   3.420660E-05   3.420660E-05   3.420660E-05   3.420660E-05   3.420660E-05   3.420660E-05   3.420660E-05   3.420660E-05   3.420660E-05
   3.420660E-05   3.420660E-05   3.420660E-05   3.420660E-05   3.420660E-05   3.420660E-05   3.420660E-05   3.420660E-05   3.420660E-05   3.420660E-05   3.420660E-05   3.420660E-05   3.420660E-05   3.420660E-05   3.420660E-05   3.420660E-05   3.420660E-05   3.420660E-05   3.420660E-05   3.420660E-05
   2.336357E-05   3.420660E-05   3.420660E-05   3.420660E-05   3.420660E-05   3.420660E-05   3.420660E-05   3.420660E-05   3.420660E-05   3.420660E-05   3.420660E-05   3.420660E-05   3.420660E-05   3.420660E-05   3.420660E-05   3.420660E-05   3.420660E-05   3.420660E-05   3.420660E-05   3.420660E-05
   2.336357E-05   2.336357E-05   3.420660E-05   3.420660E-05   3.420660E-05   3.420660E-05   3.420660E-05   3.420660E-05   3.420660E-05   3.420660E-05   3.420660E-05   3.420660E-05   3.420660E-05   3.420660E-05   3.420660E-05   3.420660E-05   3.420660E-05   3.420660E-05   3.420660E-05   3.420660E-05
   2.336357E-05   2.336357E-05   2.336357E-05   3.420660E-05   3.420660E-05   3.420660E-05   3.420660E-05   3.420660E-05   3.420660E-05   3.420660E-05   3.420660E-05   3.420660E-05   3.420660E-05   3.420660E-05   3.420660E-05   3.420660E-05   3.420660E-05   3.420660E-05   3.420660E-05   3.420660E-05
   2.336357E-05   2.336357E-05   2.336357E-05   2.336357E-05   3.420660E-05   3.420660E-05   3.420660E-05   3.420660E-05   3.420660E-05   3.420660E-05   3.420660E-05   3.420660E-05   3.420660E-05   3.420660E-05   3.420660E-05   3.420660E-05   3.420660E-05   3.420660E-05   3.420660E-05   2.336357E-05
   2.336357E-05   2.336357E-05   2.336357E-05   2.336357E-05   3.420660E-05   3.420660E-05   3.420660E-05   3.420660E-05   3.420660E-05   3.420660E-05   3.420660E-05   3.420660E-05   3.420660E-05   3.420660E-05   3.420660E-05   3.420660E-05   3.420660E-05   3.420660E-05   3.420660E-05   2.336357E-05
   2.336357E-05   2.336357E-05   2.336357E-05   2.336357E-05   2.336357E-05   3.420660E-05   3.420660E-05   3.420660E-05   3.420660E-05   3.420660E-05   3.420660E-05   3.420660E-05   3.420660E-05   3.420660E-05   3.420660E-05   3.420660E-05   3.420660E-05   3.420660E-05   2.336357E-05   2.336357E-05
   2.336357E-05   2.336357E-05   2.336357E-05   2.336357E-05   2.336357E-05   3.420660E-05   3.420660E-05   3.420660E-05   3.420660E-05   3.420660E-05   3.420660E-05   3.420660E-05   3.420660E-05   3.420660E-05   3.420660E-05   3.420660E-05   3.420660E-05   2.336357E-05   2.336357E-05   2.336357E-05
   2.336357E-05   2.336357E-05   2.336357E-05   2.336357E-05   2.336357E-05   3.420660E-05   3.420660E-05   3.420660E-05   3.420660E-05   3.420660E-05   3.420660E-05   3.420660E-05   3.420660E-05   3.420660E-05   3.420660E-05   3.420660E-05   2.336357E-05   2.336357E-05   2.336357E-05   2.336357E-05
