   6.858759E-05   6.858759E-05   6.858759E-05   6.858759E-05   6.858759E-05   6.858759E-05   6.858759E-05   6.858759E-05   6.858759E-05   6.858759E-05   6.858759E-05   6.858759E-05   6.858759E-05   6.858759E-05   6.858759E-05   6.858759E-05   6.858759E-05   6.858759E-05   6.858759E-05   6.858759E-05
   6.858759E-05   6.858759E-05   6.858759E-05   6.858759E-05   6.858759E-05   6.858759E-05   6.858759E-05   6.858759E-05   6.858759E-05   6.858759E-05   6.858759E-05   6.858759E-05   6.858759E-05   6.858759E-05   6.858759E-05   6.858759E-05   6.858759E-05   6.858759E-05   6.858759E-05   6.858759E-05
   6.858759E-05   6.858759E-05   6.858759E-05   6.858759E-05   6.858759E-05   6.858759E-05   6.858759E-05   6.858759E-05   6.858759E-05   6.858759E-05   6.858759E-05   6.858759E-05   6.858759E-05   6.858759E-05   6.858759E-05   6.858759E-05   6.858759E-05   6.858759E-05   6.858759E-05   6.858759E-05
   6.858759E-05   6.858759E-05   6.858759E-05   6.858759E-05   6.858759E-05   6.858759E-05   6.858759E-05   6.858759E-05   6.858759E-05   6.858759E-05   6.858759E-05   6.858759E-05   6.858759E-05   6.858759E-05   6.858759E-05   6.858759E-05   6.858759E-05   6.858759E-05   6.858759E-05   6.858759E-05
   6.858759E-05   6.858759E-05   6.858759E-05   6.858759E-05   6.858759E-05   6.858759E-05   6.858759E-05   6.858759E-05   6.858759E-05   6.858759E-05   6.858759E-05   6.858759E-05   6.858759E-05   6.858759E-05   6.858759E-05   6.858759E-05   6.858759E-05   6.858759E-05   6.858759E-05   6.858759E-05
   6.858759E-05   6.858759E-05   6.858759E-05   6.858759E-05   6.858759E-05   6.858759E-05   6.858759E-05   6.858759E-05   6.858759E-05   6.858759E-05   6.858759E-05   6.858759E-05   6.858759E-05   6.858759E-05   6.858759E-05   6.858759E-05   6.858759E-05   6.858759E-05   6.858759E-05   6.858759E-05
   6.858759E-05   6.858759E-05   6.858759E-05   6.858759E-05   6.858759E-05   6.858759E-05   6.858759E-05   6.858759E-05   6.858759E-05   6.858759E-05   6.858759E-05   6.858759E-05   6.858759E-05   6.858759E-05   6.858759E-05   6.858759E-05   6.858759E-05   6.858759E-05   6.858759E-05   6.858759E-05
   6.858759E-05   6.858759E-05   6.858759E-05   6.858759E-05   6.858759E-05   6.858759E-05   6.858759E-05   6.858759E-05   6.858759E-05   6.858759E-05   6.858759E-05   6.858759E-05   6.858759E-05   6.858759E-05   6.858759E-05   6.858759E-05   6.858759E-05   6.858759E-05   6.858759E-05   6.858759E-05
   6.858759E-05   6.858759E-05   6.858759E-05   6.858759E-05   4.684625E-05   4.684625E-05   4.684625E-05   6.858759E-05   6.858759E-05   6.858759E-05   6.858759E-05   6.858759E-05   6.858759E-05   6.858759E-05   6.858759E-05   6.858759E-05   6.858759E-05   6.858759E-05   6.858759E-05   6.858759E-05
   6.858759E-05   6.858759E-05   6.858759E-05   6.858759E-05   4.684625E-05   4.684625E-05   4.684625E-05   4.684625E-05   6.858759E-05   6.858759E-05   6.858759E-05   6.858759E-05   6.858759E-05   6.858759E-05   6.858759E-05   6.858759E-05   6.858759E-05   6.858759E-05   6.858759E-05   6.858759E-05
   6.858759E-05   6.858759E-05   6.858759E-05   6.858759E-05   4.684625E-05   4.684625E-05   4.684625E-05   4.684625E-05   6.858759E-05   6.858759E-05   6.858759E-05   6.858759E-05   6.858759E-05   6.858759E-05   6.858759E-05   6.858759E-05   6.858759E-05   6.858759E-05   6.858759E-05   6.858759E-05
   6.858759E-05   6.858759E-05   6.858759E-05   6.858759E-05   4.684625E-05   4.684625E-05   4.684625E-05   4.684625E-05   6.858759E-05   6.858759E-05   6.858759E-05   6.858759E-05   6.858759E-05   6.858759E-05   6.858759E-05   6.858759E-05   6.858759E-05   6.858759E-05   6.858759E-05   6.858759E-05
   6.858759E-05   6.858759E-05   6.858759E-05   6.858759E-05   4.684625E-05   4.684625E-05   4.684625E-05   4.684625E-05   6.858759E-05   6.858759E-05   6.858759E-05   6.858759E-05   6.858759E-05   6.858759E-05   6.858759E-05   6.858759E-05   6.858759E-05   6.858759E-05   6.858759E-05   6.858759E-05
   6.858759E-05   6.858759E-05   6.858759E-05   6.858759E-05   4.684625E-05   4.684625E-05   4.684625E-05   4.684625E-05   6.858759E-05   6.858759E-05   6.858759E-05   6.858759E-05   6.858759E-05   6.858759E-05   6.858759E-05   6.858759E-05   6.858759E-05   6.858759E-05   6.858759E-05   6.858759E-05
   6.858759E-05   6.858759E-05   6.858759E-05   6.858759E-05   4.684625E-05   4.684625E-05   4.684625E-05   4.684625E-05   6.858759E-05   6.858759E-05   6.858759E-05   6.858759E-05   6.858759E-05   6.858759E-05   6.858759E-05   6.858759E-05   6.858759E-05   6.858759E-05   6.858759E-05   6.858759E-05
   6.858759E-05   6.858759E-05   6.858759E-05   6.858759E-05   4.684625E-05   4.684625E-05   4.684625E-05   4.684625E-05   6.858759E-05   6.858759E-05   6.858759E-05   6.858759E-05   6.858759E-05   6.858759E-05   6.858759E-05   6.858759E-05   6.858759E-05   6.858759E-05   6.858759E-05   6.858759E-05
   6.858759E-05   6.858759E-05   6.858759E-05   6.858759E-05   4.684625E-05   4.684625E-05   4.684625E-05   4.684625E-05   6.858759E-05   6.858759E-05   6.858759E-05   6.858759E-05   6.858759E-05   6.858759E-05   6.858759E-05   6.858759E-05   6.858759E-05   6.858759E-05   6.858759E-05   6.858759E-05
   6.858759E-05   6.858759E-05   6.858759E-05   6.858759E-05   4.684625E-05   4.684625E-05   4.684625E-05   4.684625E-05   6.858759E-05   6.858759E-05   6.858759E-05   6.858759E-05   6.858759E-05   6.858759E-05   6.858759E-05   6.858759E-05   6.858759E-05   6.858759E-05   6.858759E-05   6.858759E-05
   6.858759E-05   6.858759E-05   6.858759E-05   6.858759E-05   4.684625E-05   4.684625E-05   4.684625E-05   4.684625E-05   6.858759E-05   6.858759E-05   6.858759E-05   6.858759E-05   6.858759E-05   6.858759E-05   6.858759E-05   6.858759E-05   6.858759E-05   6.858759E-05   6.858759E-05   6.858759E-05
   6.858759E-05   6.858759E-05   6.858759E-05   6.858759E-05   4.684625E-05   4.684625E-05   4.684625E-05   4.684625E-05   6.858759E-05   6.858759E-05   6.858759E-05   6.858759E-05   6.858759E-05   6.858759E-05   6.858759E-05   6.858759E-05   6.858759E-05   6.858759E-05   6.858759E-05   6.858759E-05
   6.858759E-05   6.858759E-05   6.858759E-05   6.858759E-05   4.684625E-05   4.684625E-05   4.684625E-05   4.684625E-05   6.858759E-05   6.858759E-05   6.858759E-05   6.858759E-05   6.858759E-05   6.858759E-05   6.858759E-05   6.858759E-05   6.858759E-05   6.858759E-05   6.858759E-05   6.858759E-05
   6.858759E-05   6.858759E-05   6.858759E-05   6.858759E-05   4.684625E-05   4.684625E-05   6.858759E-05   6.858759E-05   6.858759E-05   6.858759E-05   6.858759E-05   6.858759E-05   6.858759E-05   6.858759E-05   6.858759E-05   6.858759E-05   6.858759E-05   6.858759E-05   6.858759E-05   6.858759E-05
   6.858759E-05   6.858759E-05   6.858759E-05   6.858759E-05   6.858759E-05   4.684625E-05   6.858759E-05   6.858759E-05   6.858759E-05   6.858759E-05   6.858759E-05   6.858759E-05   6.858759E-05   6.858759E-05   6.858759E-05   6.858759E-05   6.858759E-05   6.858759E-05   6.858759E-05   6.858759E-05
   6.858759E-05   6.858759E-05   6.858759E-05   6.858759E-05   6.858759E-05   6.858759E-05   6.858759E-05   6.858759E-05   6.858759E-05   6.858759E-05   6.858759E-05   6.858759E-05   6.858759E-05   6.858759E-05   6.858759E-05   6.858759E-05   6.858759E-05   6.858759E-05   6.858759E-05   6.858759E-05
   6.858759E-05   6.858759E-05   6.858759E-05   6.858759E-05   6.858759E-05   6.858759E-05   6.858759E-05   6.858759E-05   6.858759E-05   6.858759E-05   6.858759E-05   6.858759E-05   6.858759E-05   6.858759E-05   6.858759E-05   6.858759E-05   6.858759E-05   6.858759E-05   6.858759E-05   6.858759E-05
   6.858759E-05   6.858759E-05   6.858759E-05   6.858759E-05   6.858759E-05   6.858759E-05   6.858759E-05   6.858759E-05   6.858759E-05   6.858759E-05   6.858759E-05   6.858759E-05   6.858759E-05   6.858759E-05   6.858759E-05   6.858759E-05   6.858759E-05   6.858759E-05   6.858759E-05   6.858759E-05
   6.858759E-05   6.858759E-05   6.858759E-05   6.858759E-05   6.858759E-05   6.858759E-05   6.858759E-05   6.858759E-05   6.858759E-05   6.858759E-05   6.858759E-05   6.858759E-05   6.858759E-05   6.858759E-05   6.858759E-05   6.858759E-05   6.858759E-05   6.858759E-05   6.858759E-05   6.858759E-05
   6.858759E-05   6.858759E-05   6.858759E-05   6.858759E-05   6.858759E-05   6.858759E-05   6.858759E-05   6.858759E-05   6.858759E-05   6.858759E-05   6.858759E-05   6.858759E-05   6.858759E-05   6.858759E-05   6.858759E-05   6.858759E-05   6.858759E-05   6.858759E-05   6.858759E-05   6.858759E-05
   6.858759E-05   6.858759E-05   6.858759E-05   6.858759E-05   6.858759E-05   6.858759E-05   6.858759E-05   6.858759E-05   6.858759E-05   6.858759E-05   6.858759E-05   6.858759E-05   6.858759E-05   6.858759E-05   6.858759E-05   6.858759E-05   6.858759E-05   6.858759E-05   6.858759E-05   6.858759E-05
   6.858759E-05   6.858759E-05   6.858759E-05   6.858759E-05   6.858759E-05   6.858759E-05   6.858759E-05   6.858759E-05   6.858759E-05   6.858759E-05   6.858759E-05   6.858759E-05   6.858759E-05   6.858759E-05   6.858759E-05   6.858759E-05   6.858759E-05   6.858759E-05   6.858759E-05   6.858759E-05
   6.858759E-05   6.858759E-05   6.858759E-05   6.858759E-05   6.858759E-05   6.858759E-05   6.858759E-05   6.858759E-05   6.858759E-05   6.858759E-05   6.858759E-05   6.858759E-05   6.858759E-05   6.858759E-05   6.858759E-05   6.858759E-05   6.858759E-05   6.858759E-05   6.858759E-05   6.858759E-05
   6.858759E-05   6.858759E-05   6.858759E-05   6.858759E-05   6.858759E-05   6.858759E-05   6.858759E-05   6.858759E-05   6.858759E-05   6.858759E-05   6.858759E-05   6.858759E-05   6.858759E-05   6.858759E-05   6.858759E-05   6.858759E-05   6.858759E-05   6.858759E-05   6.858759E-05   6.858759E-05
   4.684625E-05   6.858759E-05   6.858759E-05   6.858759E-05   6.858759E-05   6.858759E-05   6.858759E-05   6.858759E-05   6.858759E-05   6.858759E-05   6.858759E-05   6.858759E-05   6.858759E-05   6.858759E-05   6.858759E-05   6.858759E-05   6.858759E-05   6.858759E-05   6.858759E-05   6.858759E-05
   4.684625E-05   4.684625E-05   6.858759E-05   6.858759E-05   6.858759E-05   6.858759E-05   6.858759E-05   6.858759E-05   6.858759E-05   6.858759E-05   6.858759E-05   6.858759E-05   6.858759E-05   6.858759E-05   6.858759E-05   6.858759E-05   6.858759E-05   6.858759E-05   6.858759E-05   6.858759E-05
   4.684625E-05   4.684625E-05   4.684625E-05   6.858759E-05   6.858759E-05   6.858759E-05   6.858759E-05   6.858759E-05   6.858759E-05   6.858759E-05   6.858759E-05   6.858759E-05   6.858759E-05   6.858759E-05   6.858759E-05   6.858759E-05   6.858759E-05   6.858759E-05   6.858759E-05   6.858759E-05
   4.684625E-05   4.684625E-05   4.684625E-05   4.684625E-05   6.858759E-05   6.858759E-05   6.858759E-05   6.858759E-05   6.858759E-05   6.858759E-05   6.858759E-05   6.858759E-05   6.858759E-05   6.858759E-05   6.858759E-05   6.858759E-05   6.858759E-05   6.858759E-05   6.858759E-05   4.684625E-05
   4.684625E-05   4.684625E-05   4.684625E-05   4.684625E-05   6.858759E-05   6.858759E-05   6.858759E-05   6.858759E-05   6.858759E-05   6.858759E-05   6.858759E-05   6.858759E-05   6.858759E-05   6.858759E-05   6.858759E-05   6.858759E-05   6.858759E-05   6.858759E-05   6.858759E-05   4.684625E-05
   4.684625E-05   4.684625E-05   4.684625E-05   4.684625E-05   4.684625E-05   6.858759E-05   6.858759E-05   6.858759E-05   6.858759E-05   6.858759E-05   6.858759E-05   6.858759E-05   6.858759E-05   6.858759E-05   6.858759E-05   6.858759E-05   6.858759E-05   6.858759E-05   4.684625E-05   4.684625E-05
   4.684625E-05   4.684625E-05   4.684625E-05   4.684625E-05   4.684625E-05   6.858759E-05   6.858759E-05   6.858759E-05   6.858759E-05   6.858759E-05   6.858759E-05   6.858759E-05   6.858759E-05   6.858759E-05   6.858759E-05   6.858759E-05   6.858759E-05   4.684625E-05   4.684625E-05   4.684625E-05
   4.684625E-05   4.684625E-05   4.684625E-05   4.684625E-05   4.684625E-05   6.858759E-05   6.858759E-05   6.858759E-05   6.858759E-05   6.858759E-05   6.858759E-05   6.858759E-05   6.858759E-05   6.858759E-05   6.858759E-05   6.858759E-05   4.684625E-05   4.684625E-05   4.684625E-05   4.684625E-05
