   1.419143E-04   1.419143E-04   1.419143E-04   1.419143E-04   1.419143E-04   1.419143E-04   1.419143E-04   1.419143E-04   1.419143E-04   1.419143E-04   1.419143E-04   1.419143E-04   1.419143E-04   1.419143E-04   1.419143E-04   1.419143E-04   1.419143E-04   1.419143E-04   1.419143E-04   1.419143E-04
   1.419143E-04   1.419143E-04   1.419143E-04   1.419143E-04   1.419143E-04   1.419143E-04   1.419143E-04   1.419143E-04   1.419143E-04   1.419143E-04   1.419143E-04   1.419143E-04   1.419143E-04   1.419143E-04   1.419143E-04   1.419143E-04   1.419143E-04   1.419143E-04   1.419143E-04   1.419143E-04
   1.419143E-04   1.419143E-04   1.419143E-04   1.419143E-04   1.419143E-04   1.419143E-04   1.419143E-04   1.419143E-04   1.419143E-04   1.419143E-04   1.419143E-04   1.419143E-04   1.419143E-04   1.419143E-04   1.419143E-04   1.419143E-04   1.419143E-04   1.419143E-04   1.419143E-04   1.419143E-04
   1.419143E-04   1.419143E-04   1.419143E-04   1.419143E-04   1.419143E-04   1.419143E-04   1.419143E-04   1.419143E-04   1.419143E-04   1.419143E-04   1.419143E-04   1.419143E-04   1.419143E-04   1.419143E-04   1.419143E-04   1.419143E-04   1.419143E-04   1.419143E-04   1.419143E-04   1.419143E-04
   1.419143E-04   1.419143E-04   1.419143E-04   1.419143E-04   1.419143E-04   1.419143E-04   1.419143E-04   1.419143E-04   1.419143E-04   1.419143E-04   1.419143E-04   1.419143E-04   1.419143E-04   1.419143E-04   1.419143E-04   1.419143E-04   1.419143E-04   1.419143E-04   1.419143E-04   1.419143E-04
   1.419143E-04   1.419143E-04   1.419143E-04   1.419143E-04   1.419143E-04   1.419143E-04   1.419143E-04   1.419143E-04   1.419143E-04   1.419143E-04   1.419143E-04   1.419143E-04   1.419143E-04   1.419143E-04   1.419143E-04   1.419143E-04   1.419143E-04   1.419143E-04   1.419143E-04   1.419143E-04
   1.419143E-04   1.419143E-04   1.419143E-04   1.419143E-04   1.419143E-04   1.419143E-04   1.419143E-04   1.419143E-04   1.419143E-04   1.419143E-04   1.419143E-04   1.419143E-04   1.419143E-04   1.419143E-04   1.419143E-04   1.419143E-04   1.419143E-04   1.419143E-04   1.419143E-04   1.419143E-04
   1.419143E-04   1.419143E-04   1.419143E-04   1.419143E-04   1.419143E-04   1.419143E-04   1.419143E-04   1.419143E-04   1.419143E-04   1.419143E-04   1.419143E-04   1.419143E-04   1.419143E-04   1.419143E-04   1.419143E-04   1.419143E-04   1.419143E-04   1.419143E-04   1.419143E-04   1.419143E-04
   1.419143E-04   1.419143E-04   1.419143E-04   1.419143E-04   9.692941E-05   9.692941E-05   9.692941E-05   1.419143E-04   1.419143E-04   1.419143E-04   1.419143E-04   1.419143E-04   1.419143E-04   1.419143E-04   1.419143E-04   1.419143E-04   1.419143E-04   1.419143E-04   1.419143E-04   1.419143E-04
   1.419143E-04   1.419143E-04   1.419143E-04   1.419143E-04   9.692941E-05   9.692941E-05   9.692941E-05   9.692941E-05   1.419143E-04   1.419143E-04   1.419143E-04   1.419143E-04   1.419143E-04   1.419143E-04   1.419143E-04   1.419143E-04   1.419143E-04   1.419143E-04   1.419143E-04   1.419143E-04
   1.419143E-04   1.419143E-04   1.419143E-04   1.419143E-04   9.692941E-05   9.692941E-05   9.692941E-05   9.692941E-05   1.419143E-04   1.419143E-04   1.419143E-04   1.419143E-04   1.419143E-04   1.419143E-04   1.419143E-04   1.419143E-04   1.419143E-04   1.419143E-04   1.419143E-04   1.419143E-04
   1.419143E-04   1.419143E-04   1.419143E-04   1.419143E-04   9.692941E-05   9.692941E-05   9.692941E-05   9.692941E-05   1.419143E-04   1.419143E-04   1.419143E-04   1.419143E-04   1.419143E-04   1.419143E-04   1.419143E-04   1.419143E-04   1.419143E-04   1.419143E-04   1.419143E-04   1.419143E-04
   1.419143E-04   1.419143E-04   1.419143E-04   1.419143E-04   9.692941E-05   9.692941E-05   9.692941E-05   9.692941E-05   1.419143E-04   1.419143E-04   1.419143E-04   1.419143E-04   1.419143E-04   1.419143E-04   1.419143E-04   1.419143E-04   1.419143E-04   1.419143E-04   1.419143E-04   1.419143E-04
   1.419143E-04   1.419143E-04   1.419143E-04   1.419143E-04   9.692941E-05   9.692941E-05   9.692941E-05   9.692941E-05   1.419143E-04   1.419143E-04   1.419143E-04   1.419143E-04   1.419143E-04   1.419143E-04   1.419143E-04   1.419143E-04   1.419143E-04   1.419143E-04   1.419143E-04   1.419143E-04
   1.419143E-04   1.419143E-04   1.419143E-04   1.419143E-04   9.692941E-05   9.692941E-05   9.692941E-05   9.692941E-05   1.419143E-04   1.419143E-04   1.419143E-04   1.419143E-04   1.419143E-04   1.419143E-04   1.419143E-04   1.419143E-04   1.419143E-04   1.419143E-04   1.419143E-04   1.419143E-04
   1.419143E-04   1.419143E-04   1.419143E-04   1.419143E-04   9.692941E-05   9.692941E-05   9.692941E-05   9.692941E-05   1.419143E-04   1.419143E-04   1.419143E-04   1.419143E-04   1.419143E-04   1.419143E-04   1.419143E-04   1.419143E-04   1.419143E-04   1.419143E-04   1.419143E-04   1.419143E-04
   1.419143E-04   1.419143E-04   1.419143E-04   1.419143E-04   9.692941E-05   9.692941E-05   9.692941E-05   9.692941E-05   1.419143E-04   1.419143E-04   1.419143E-04   1.419143E-04   1.419143E-04   1.419143E-04   1.419143E-04   1.419143E-04   1.419143E-04   1.419143E-04   1.419143E-04   1.419143E-04
   1.419143E-04   1.419143E-04   1.419143E-04   1.419143E-04   9.692941E-05   9.692941E-05   9.692941E-05   9.692941E-05   1.419143E-04   1.419143E-04   1.419143E-04   1.419143E-04   1.419143E-04   1.419143E-04   1.419143E-04   1.419143E-04   1.419143E-04   1.419143E-04   1.419143E-04   1.419143E-04
   1.419143E-04   1.419143E-04   1.419143E-04   1.419143E-04   9.692941E-05   9.692941E-05   9.692941E-05   9.692941E-05   1.419143E-04   1.419143E-04   1.419143E-04   1.419143E-04   1.419143E-04   1.419143E-04   1.419143E-04   1.419143E-04   1.419143E-04   1.419143E-04   1.419143E-04   1.419143E-04
   1.419143E-04   1.419143E-04   1.419143E-04   1.419143E-04   9.692941E-05   9.692941E-05   9.692941E-05   9.692941E-05   1.419143E-04   1.419143E-04   1.419143E-04   1.419143E-04   1.419143E-04   1.419143E-04   1.419143E-04   1.419143E-04   1.419143E-04   1.419143E-04   1.419143E-04   1.419143E-04
   1.419143E-04   1.419143E-04   1.419143E-04   1.419143E-04   9.692941E-05   9.692941E-05   9.692941E-05   9.692941E-05   1.419143E-04   1.419143E-04   1.419143E-04   1.419143E-04   1.419143E-04   1.419143E-04   1.419143E-04   1.419143E-04   1.419143E-04   1.419143E-04   1.419143E-04   1.419143E-04
   1.419143E-04   1.419143E-04   1.419143E-04   1.419143E-04   9.692941E-05   9.692941E-05   1.419143E-04   1.419143E-04   1.419143E-04   1.419143E-04   1.419143E-04   1.419143E-04   1.419143E-04   1.419143E-04   1.419143E-04   1.419143E-04   1.419143E-04   1.419143E-04   1.419143E-04   1.419143E-04
   1.419143E-04   1.419143E-04   1.419143E-04   1.419143E-04   1.419143E-04   9.692941E-05   1.419143E-04   1.419143E-04   1.419143E-04   1.419143E-04   1.419143E-04   1.419143E-04   1.419143E-04   1.419143E-04   1.419143E-04   1.419143E-04   1.419143E-04   1.419143E-04   1.419143E-04   1.419143E-04
   1.419143E-04   1.419143E-04   1.419143E-04   1.419143E-04   1.419143E-04   1.419143E-04   1.419143E-04   1.419143E-04   1.419143E-04   1.419143E-04   1.419143E-04   1.419143E-04   1.419143E-04   1.419143E-04   1.419143E-04   1.419143E-04   1.419143E-04   1.419143E-04   1.419143E-04   1.419143E-04
   1.419143E-04   1.419143E-04   1.419143E-04   1.419143E-04   1.419143E-04   1.419143E-04   1.419143E-04   1.419143E-04   1.419143E-04   1.419143E-04   1.419143E-04   1.419143E-04   1.419143E-04   1.419143E-04   1.419143E-04   1.419143E-04   1.419143E-04   1.419143E-04   1.419143E-04   1.419143E-04
   1.419143E-04   1.419143E-04   1.419143E-04   1.419143E-04   1.419143E-04   1.419143E-04   1.419143E-04   1.419143E-04   1.419143E-04   1.419143E-04   1.419143E-04   1.419143E-04   1.419143E-04   1.419143E-04   1.419143E-04   1.419143E-04   1.419143E-04   1.419143E-04   1.419143E-04   1.419143E-04
   1.419143E-04   1.419143E-04   1.419143E-04   1.419143E-04   1.419143E-04   1.419143E-04   1.419143E-04   1.419143E-04   1.419143E-04   1.419143E-04   1.419143E-04   1.419143E-04   1.419143E-04   1.419143E-04   1.419143E-04   1.419143E-04   1.419143E-04   1.419143E-04   1.419143E-04   1.419143E-04
   1.419143E-04   1.419143E-04   1.419143E-04   1.419143E-04   1.419143E-04   1.419143E-04   1.419143E-04   1.419143E-04   1.419143E-04   1.419143E-04   1.419143E-04   1.419143E-04   1.419143E-04   1.419143E-04   1.419143E-04   1.419143E-04   1.419143E-04   1.419143E-04   1.419143E-04   1.419143E-04
   1.419143E-04   1.419143E-04   1.419143E-04   1.419143E-04   1.419143E-04   1.419143E-04   1.419143E-04   1.419143E-04   1.419143E-04   1.419143E-04   1.419143E-04   1.419143E-04   1.419143E-04   1.419143E-04   1.419143E-04   1.419143E-04   1.419143E-04   1.419143E-04   1.419143E-04   1.419143E-04
   1.419143E-04   1.419143E-04   1.419143E-04   1.419143E-04   1.419143E-04   1.419143E-04   1.419143E-04   1.419143E-04   1.419143E-04   1.419143E-04   1.419143E-04   1.419143E-04   1.419143E-04   1.419143E-04   1.419143E-04   1.419143E-04   1.419143E-04   1.419143E-04   1.419143E-04   1.419143E-04
   1.419143E-04   1.419143E-04   1.419143E-04   1.419143E-04   1.419143E-04   1.419143E-04   1.419143E-04   1.419143E-04   1.419143E-04   1.419143E-04   1.419143E-04   1.419143E-04   1.419143E-04   1.419143E-04   1.419143E-04   1.419143E-04   1.419143E-04   1.419143E-04   1.419143E-04   1.419143E-04
   1.419143E-04   1.419143E-04   1.419143E-04   1.419143E-04   1.419143E-04   1.419143E-04   1.419143E-04   1.419143E-04   1.419143E-04   1.419143E-04   1.419143E-04   1.419143E-04   1.419143E-04   1.419143E-04   1.419143E-04   1.419143E-04   1.419143E-04   1.419143E-04   1.419143E-04   1.419143E-04
   9.692941E-05   1.419143E-04   1.419143E-04   1.419143E-04   1.419143E-04   1.419143E-04   1.419143E-04   1.419143E-04   1.419143E-04   1.419143E-04   1.419143E-04   1.419143E-04   1.419143E-04   1.419143E-04   1.419143E-04   1.419143E-04   1.419143E-04   1.419143E-04   1.419143E-04   1.419143E-04
   9.692941E-05   9.692941E-05   1.419143E-04   1.419143E-04   1.419143E-04   1.419143E-04   1.419143E-04   1.419143E-04   1.419143E-04   1.419143E-04   1.419143E-04   1.419143E-04   1.419143E-04   1.419143E-04   1.419143E-04   1.419143E-04   1.419143E-04   1.419143E-04   1.419143E-04   1.419143E-04
   9.692941E-05   9.692941E-05   9.692941E-05   1.419143E-04   1.419143E-04   1.419143E-04   1.419143E-04   1.419143E-04   1.419143E-04   1.419143E-04   1.419143E-04   1.419143E-04   1.419143E-04   1.419143E-04   1.419143E-04   1.419143E-04   1.419143E-04   1.419143E-04   1.419143E-04   1.419143E-04
   9.692941E-05   9.692941E-05   9.692941E-05   9.692941E-05   1.419143E-04   1.419143E-04   1.419143E-04   1.419143E-04   1.419143E-04   1.419143E-04   1.419143E-04   1.419143E-04   1.419143E-04   1.419143E-04   1.419143E-04   1.419143E-04   1.419143E-04   1.419143E-04   1.419143E-04   9.692941E-05
   9.692941E-05   9.692941E-05   9.692941E-05   9.692941E-05   1.419143E-04   1.419143E-04   1.419143E-04   1.419143E-04   1.419143E-04   1.419143E-04   1.419143E-04   1.419143E-04   1.419143E-04   1.419143E-04   1.419143E-04   1.419143E-04   1.419143E-04   1.419143E-04   1.419143E-04   9.692941E-05
   9.692941E-05   9.692941E-05   9.692941E-05   9.692941E-05   9.692941E-05   1.419143E-04   1.419143E-04   1.419143E-04   1.419143E-04   1.419143E-04   1.419143E-04   1.419143E-04   1.419143E-04   1.419143E-04   1.419143E-04   1.419143E-04   1.419143E-04   1.419143E-04   9.692941E-05   9.692941E-05
   9.692941E-05   9.692941E-05   9.692941E-05   9.692941E-05   9.692941E-05   1.419143E-04   1.419143E-04   1.419143E-04   1.419143E-04   1.419143E-04   1.419143E-04   1.419143E-04   1.419143E-04   1.419143E-04   1.419143E-04   1.419143E-04   1.419143E-04   9.692941E-05   9.692941E-05   9.692941E-05
   9.692941E-05   9.692941E-05   9.692941E-05   9.692941E-05   9.692941E-05   1.419143E-04   1.419143E-04   1.419143E-04   1.419143E-04   1.419143E-04   1.419143E-04   1.419143E-04   1.419143E-04   1.419143E-04   1.419143E-04   1.419143E-04   9.692941E-05   9.692941E-05   9.692941E-05   9.692941E-05
