   4.000000E-01   4.000000E-01   4.000000E-01   4.000000E-01   4.000000E-01   4.000000E-01   4.000000E-01   4.000000E-01   4.000000E-01   4.000000E-01   4.000000E-01   4.000000E-01   4.000000E-01   4.000000E-01   4.000000E-01   4.000000E-01   4.000000E-01   4.000000E-01   4.000000E-01   4.000000E-01
   4.000000E-01   4.000000E-01   4.000000E-01   4.000000E-01   4.000000E-01   4.000000E-01   4.000000E-01   4.000000E-01   4.000000E-01   4.000000E-01   4.000000E-01   4.000000E-01   4.000000E-01   4.000000E-01   4.000000E-01   4.000000E-01   4.000000E-01   4.000000E-01   4.000000E-01   4.000000E-01
   4.000000E-01   4.000000E-01   4.000000E-01   4.000000E-01   4.000000E-01   4.000000E-01   4.000000E-01   4.000000E-01   4.000000E-01   4.000000E-01   4.000000E-01   4.000000E-01   4.000000E-01   4.000000E-01   4.000000E-01   4.000000E-01   4.000000E-01   4.000000E-01   4.000000E-01   4.000000E-01
   4.000000E-01   4.000000E-01   4.000000E-01   4.000000E-01   4.000000E-01   4.000000E-01   4.000000E-01   4.000000E-01   4.000000E-01   4.000000E-01   4.000000E-01   4.000000E-01   4.000000E-01   4.000000E-01   4.000000E-01   4.000000E-01   4.000000E-01   4.000000E-01   4.000000E-01   4.000000E-01
   4.000000E-01   4.000000E-01   4.000000E-01   4.000000E-01   4.000000E-01   4.000000E-01   4.000000E-01   4.000000E-01   4.000000E-01   4.000000E-01   4.000000E-01   4.000000E-01   4.000000E-01   4.000000E-01   4.000000E-01   4.000000E-01   4.000000E-01   4.000000E-01   4.000000E-01   4.000000E-01
   4.000000E-01   4.000000E-01   4.000000E-01   4.000000E-01   4.000000E-01   4.000000E-01   4.000000E-01   4.000000E-01   4.000000E-01   4.000000E-01   4.000000E-01   4.000000E-01   4.000000E-01   4.000000E-01   4.000000E-01   4.000000E-01   4.000000E-01   4.000000E-01   4.000000E-01   4.000000E-01
   4.000000E-01   4.000000E-01   4.000000E-01   4.000000E-01   4.000000E-01   4.000000E-01   4.000000E-01   4.000000E-01   4.000000E-01   4.000000E-01   4.000000E-01   4.000000E-01   4.000000E-01   4.000000E-01   4.000000E-01   4.000000E-01   4.000000E-01   4.000000E-01   4.000000E-01   4.000000E-01
   4.000000E-01   4.000000E-01   4.000000E-01   4.000000E-01   4.000000E-01   4.000000E-01   4.000000E-01   4.000000E-01   4.000000E-01   4.000000E-01   4.000000E-01   4.000000E-01   4.000000E-01   4.000000E-01   4.000000E-01   4.000000E-01   4.000000E-01   4.000000E-01   4.000000E-01   4.000000E-01
   4.000000E-01   4.000000E-01   4.000000E-01   4.000000E-01   1.000000E-02   1.000000E-02   1.000000E-02   4.000000E-01   4.000000E-01   4.000000E-01   4.000000E-01   4.000000E-01   4.000000E-01   4.000000E-01   4.000000E-01   4.000000E-01   4.000000E-01   4.000000E-01   4.000000E-01   4.000000E-01
   4.000000E-01   4.000000E-01   4.000000E-01   4.000000E-01   1.000000E-02   1.000000E-02   1.000000E-02   1.000000E-02   4.000000E-01   4.000000E-01   4.000000E-01   4.000000E-01   4.000000E-01   4.000000E-01   4.000000E-01   4.000000E-01   4.000000E-01   4.000000E-01   4.000000E-01   4.000000E-01
   4.000000E-01   4.000000E-01   4.000000E-01   4.000000E-01   1.000000E-02   1.000000E-02   1.000000E-02   1.000000E-02   4.000000E-01   4.000000E-01   4.000000E-01   4.000000E-01   4.000000E-01   4.000000E-01   4.000000E-01   4.000000E-01   4.000000E-01   4.000000E-01   4.000000E-01   4.000000E-01
   4.000000E-01   4.000000E-01   4.000000E-01   4.000000E-01   1.000000E-02   1.000000E-02   1.000000E-02   1.000000E-02   4.000000E-01   4.000000E-01   4.000000E-01   4.000000E-01   4.000000E-01   4.000000E-01   4.000000E-01   4.000000E-01   4.000000E-01   4.000000E-01   4.000000E-01   4.000000E-01
   4.000000E-01   4.000000E-01   4.000000E-01   4.000000E-01   1.000000E-02   1.000000E-02   1.000000E-02   1.000000E-02   4.000000E-01   4.000000E-01   4.000000E-01   4.000000E-01   4.000000E-01   4.000000E-01   4.000000E-01   4.000000E-01   4.000000E-01   4.000000E-01   4.000000E-01   4.000000E-01
   4.000000E-01   4.000000E-01   4.000000E-01   4.000000E-01   1.000000E-02   1.000000E-02   1.000000E-02   1.000000E-02   4.000000E-01   4.000000E-01   4.000000E-01   4.000000E-01   4.000000E-01   4.000000E-01   4.000000E-01   4.000000E-01   4.000000E-01   4.000000E-01   4.000000E-01   4.000000E-01
   4.000000E-01   4.000000E-01   4.000000E-01   4.000000E-01   1.000000E-02   1.000000E-02   1.000000E-02   1.000000E-02   4.000000E-01   4.000000E-01   4.000000E-01   4.000000E-01   4.000000E-01   4.000000E-01   4.000000E-01   4.000000E-01   4.000000E-01   4.000000E-01   4.000000E-01   4.000000E-01
   4.000000E-01   4.000000E-01   4.000000E-01   4.000000E-01   1.000000E-02   1.000000E-02   1.000000E-02   1.000000E-02   4.000000E-01   4.000000E-01   4.000000E-01   4.000000E-01   4.000000E-01   4.000000E-01   4.000000E-01   4.000000E-01   4.000000E-01   4.000000E-01   4.000000E-01   4.000000E-01
   4.000000E-01   4.000000E-01   4.000000E-01   4.000000E-01   1.000000E-02   1.000000E-02   1.000000E-02   1.000000E-02   4.000000E-01   4.000000E-01   4.000000E-01   4.000000E-01   4.000000E-01   4.000000E-01   4.000000E-01   4.000000E-01   4.000000E-01   4.000000E-01   4.000000E-01   4.000000E-01
   4.000000E-01   4.000000E-01   4.000000E-01   4.000000E-01   1.000000E-02   1.000000E-02   1.000000E-02   1.000000E-02   4.000000E-01   4.000000E-01   4.000000E-01   4.000000E-01   4.000000E-01   4.000000E-01   4.000000E-01   4.000000E-01   4.000000E-01   4.000000E-01   4.000000E-01   4.000000E-01
   4.000000E-01   4.000000E-01   4.000000E-01   4.000000E-01   1.000000E-02   1.000000E-02   1.000000E-02   1.000000E-02   4.000000E-01   4.000000E-01   4.000000E-01   4.000000E-01   4.000000E-01   4.000000E-01   4.000000E-01   4.000000E-01   4.000000E-01   4.000000E-01   4.000000E-01   4.000000E-01
   4.000000E-01   4.000000E-01   4.000000E-01   4.000000E-01   1.000000E-02   1.000000E-02   1.000000E-02   1.000000E-02   4.000000E-01   4.000000E-01   4.000000E-01   4.000000E-01   4.000000E-01   4.000000E-01   4.000000E-01   4.000000E-01   4.000000E-01   4.000000E-01   4.000000E-01   4.000000E-01
   4.000000E-01   4.000000E-01   4.000000E-01   4.000000E-01   1.000000E-02   1.000000E-02   1.000000E-02   1.000000E-02   4.000000E-01   4.000000E-01   4.000000E-01   4.000000E-01   4.000000E-01   4.000000E-01   4.000000E-01   4.000000E-01   4.000000E-01   4.000000E-01   4.000000E-01   4.000000E-01
   4.000000E-01   4.000000E-01   4.000000E-01   4.000000E-01   1.000000E-02   1.000000E-02   4.000000E-01   4.000000E-01   4.000000E-01   4.000000E-01   4.000000E-01   4.000000E-01   4.000000E-01   4.000000E-01   4.000000E-01   4.000000E-01   4.000000E-01   4.000000E-01   4.000000E-01   4.000000E-01
   4.000000E-01   4.000000E-01   4.000000E-01   4.000000E-01   4.000000E-01   1.000000E-02   4.000000E-01   4.000000E-01   4.000000E-01   4.000000E-01   4.000000E-01   4.000000E-01   4.000000E-01   4.000000E-01   4.000000E-01   4.000000E-01   4.000000E-01   4.000000E-01   4.000000E-01   4.000000E-01
   4.000000E-01   4.000000E-01   4.000000E-01   4.000000E-01   4.000000E-01   4.000000E-01   4.000000E-01   4.000000E-01   4.000000E-01   4.000000E-01   4.000000E-01   4.000000E-01   4.000000E-01   4.000000E-01   4.000000E-01   4.000000E-01   4.000000E-01   4.000000E-01   4.000000E-01   4.000000E-01
   4.000000E-01   4.000000E-01   4.000000E-01   4.000000E-01   4.000000E-01   4.000000E-01   4.000000E-01   4.000000E-01   4.000000E-01   4.000000E-01   4.000000E-01   4.000000E-01   4.000000E-01   4.000000E-01   4.000000E-01   4.000000E-01   4.000000E-01   4.000000E-01   4.000000E-01   4.000000E-01
   4.000000E-01   4.000000E-01   4.000000E-01   4.000000E-01   4.000000E-01   4.000000E-01   4.000000E-01   4.000000E-01   4.000000E-01   4.000000E-01   4.000000E-01   4.000000E-01   4.000000E-01   4.000000E-01   4.000000E-01   4.000000E-01   4.000000E-01   4.000000E-01   4.000000E-01   4.000000E-01
   4.000000E-01   4.000000E-01   4.000000E-01   4.000000E-01   4.000000E-01   4.000000E-01   4.000000E-01   4.000000E-01   4.000000E-01   4.000000E-01   4.000000E-01   4.000000E-01   4.000000E-01   4.000000E-01   4.000000E-01   4.000000E-01   4.000000E-01   4.000000E-01   4.000000E-01   4.000000E-01
   4.000000E-01   4.000000E-01   4.000000E-01   4.000000E-01   4.000000E-01   4.000000E-01   4.000000E-01   4.000000E-01   4.000000E-01   4.000000E-01   4.000000E-01   4.000000E-01   4.000000E-01   4.000000E-01   4.000000E-01   4.000000E-01   4.000000E-01   4.000000E-01   4.000000E-01   4.000000E-01
   4.000000E-01   4.000000E-01   4.000000E-01   4.000000E-01   4.000000E-01   4.000000E-01   4.000000E-01   4.000000E-01   4.000000E-01   4.000000E-01   4.000000E-01   4.000000E-01   4.000000E-01   4.000000E-01   4.000000E-01   4.000000E-01   4.000000E-01   4.000000E-01   4.000000E-01   4.000000E-01
   4.000000E-01   4.000000E-01   4.000000E-01   4.000000E-01   4.000000E-01   4.000000E-01   4.000000E-01   4.000000E-01   4.000000E-01   4.000000E-01   4.000000E-01   4.000000E-01   4.000000E-01   4.000000E-01   4.000000E-01   4.000000E-01   4.000000E-01   4.000000E-01   4.000000E-01   4.000000E-01
   4.000000E-01   4.000000E-01   4.000000E-01   4.000000E-01   4.000000E-01   4.000000E-01   4.000000E-01   4.000000E-01   4.000000E-01   4.000000E-01   4.000000E-01   4.000000E-01   4.000000E-01   4.000000E-01   4.000000E-01   4.000000E-01   4.000000E-01   4.000000E-01   4.000000E-01   4.000000E-01
   4.000000E-01   4.000000E-01   4.000000E-01   4.000000E-01   4.000000E-01   4.000000E-01   4.000000E-01   4.000000E-01   4.000000E-01   4.000000E-01   4.000000E-01   4.000000E-01   4.000000E-01   4.000000E-01   4.000000E-01   4.000000E-01   4.000000E-01   4.000000E-01   4.000000E-01   4.000000E-01
   1.000000E-02   4.000000E-01   4.000000E-01   4.000000E-01   4.000000E-01   4.000000E-01   4.000000E-01   4.000000E-01   4.000000E-01   4.000000E-01   4.000000E-01   4.000000E-01   4.000000E-01   4.000000E-01   4.000000E-01   4.000000E-01   4.000000E-01   4.000000E-01   4.000000E-01   4.000000E-01
   1.000000E-02   1.000000E-02   4.000000E-01   4.000000E-01   4.000000E-01   4.000000E-01   4.000000E-01   4.000000E-01   4.000000E-01   4.000000E-01   4.000000E-01   4.000000E-01   4.000000E-01   4.000000E-01   4.000000E-01   4.000000E-01   4.000000E-01   4.000000E-01   4.000000E-01   4.000000E-01
   1.000000E-02   1.000000E-02   1.000000E-02   4.000000E-01   4.000000E-01   4.000000E-01   4.000000E-01   4.000000E-01   4.000000E-01   4.000000E-01   4.000000E-01   4.000000E-01   4.000000E-01   4.000000E-01   4.000000E-01   4.000000E-01   4.000000E-01   4.000000E-01   4.000000E-01   4.000000E-01
   1.000000E-02   1.000000E-02   1.000000E-02   1.000000E-02   4.000000E-01   4.000000E-01   4.000000E-01   4.000000E-01   4.000000E-01   4.000000E-01   4.000000E-01   4.000000E-01   4.000000E-01   4.000000E-01   4.000000E-01   4.000000E-01   4.000000E-01   4.000000E-01   4.000000E-01   1.000000E-02
   1.000000E-02   1.000000E-02   1.000000E-02   1.000000E-02   4.000000E-01   4.000000E-01   4.000000E-01   4.000000E-01   4.000000E-01   4.000000E-01   4.000000E-01   4.000000E-01   4.000000E-01   4.000000E-01   4.000000E-01   4.000000E-01   4.000000E-01   4.000000E-01   4.000000E-01   1.000000E-02
   1.000000E-02   1.000000E-02   1.000000E-02   1.000000E-02   1.000000E-02   4.000000E-01   4.000000E-01   4.000000E-01   4.000000E-01   4.000000E-01   4.000000E-01   4.000000E-01   4.000000E-01   4.000000E-01   4.000000E-01   4.000000E-01   4.000000E-01   4.000000E-01   1.000000E-02   1.000000E-02
   1.000000E-02   1.000000E-02   1.000000E-02   1.000000E-02   1.000000E-02   4.000000E-01   4.000000E-01   4.000000E-01   4.000000E-01   4.000000E-01   4.000000E-01   4.000000E-01   4.000000E-01   4.000000E-01   4.000000E-01   4.000000E-01   4.000000E-01   1.000000E-02   1.000000E-02   1.000000E-02
   1.000000E-02   1.000000E-02   1.000000E-02   1.000000E-02   1.000000E-02   4.000000E-01   4.000000E-01   4.000000E-01   4.000000E-01   4.000000E-01   4.000000E-01   4.000000E-01   4.000000E-01   4.000000E-01   4.000000E-01   4.000000E-01   1.000000E-02   1.000000E-02   1.000000E-02   1.000000E-02
