   3.993000E-01   3.993000E-01   3.993000E-01   3.993000E-01   3.993000E-01   3.993000E-01   3.993000E-01   3.993000E-01   3.993000E-01   3.993000E-01   3.993000E-01   3.993000E-01   3.993000E-01   3.993000E-01   3.993000E-01   3.993000E-01   3.993000E-01   3.993000E-01   3.993000E-01   3.993000E-01
   3.993000E-01   3.993000E-01   3.993000E-01   3.993000E-01   3.993000E-01   3.993000E-01   3.993000E-01   3.993000E-01   3.993000E-01   3.993000E-01   3.993000E-01   3.993000E-01   3.993000E-01   3.993000E-01   3.993000E-01   3.993000E-01   3.993000E-01   3.993000E-01   3.993000E-01   3.993000E-01
   3.993000E-01   3.993000E-01   3.993000E-01   3.993000E-01   3.993000E-01   3.993000E-01   3.993000E-01   3.993000E-01   3.993000E-01   3.993000E-01   3.993000E-01   3.993000E-01   3.993000E-01   3.993000E-01   3.993000E-01   3.993000E-01   3.993000E-01   3.993000E-01   3.993000E-01   3.993000E-01
   3.993000E-01   3.993000E-01   3.993000E-01   3.993000E-01   3.993000E-01   3.993000E-01   3.993000E-01   3.993000E-01   3.993000E-01   3.993000E-01   3.993000E-01   3.993000E-01   3.993000E-01   3.993000E-01   3.993000E-01   3.993000E-01   3.993000E-01   3.993000E-01   3.993000E-01   3.993000E-01
   3.993000E-01   3.993000E-01   3.993000E-01   3.993000E-01   3.993000E-01   3.993000E-01   3.993000E-01   3.993000E-01   3.993000E-01   3.993000E-01   3.993000E-01   3.993000E-01   3.993000E-01   3.993000E-01   3.993000E-01   3.993000E-01   3.993000E-01   3.993000E-01   3.993000E-01   3.993000E-01
   3.993000E-01   3.993000E-01   3.993000E-01   3.993000E-01   3.993000E-01   3.993000E-01   3.993000E-01   3.993000E-01   3.993000E-01   3.993000E-01   3.993000E-01   3.993000E-01   3.993000E-01   3.993000E-01   3.993000E-01   3.993000E-01   3.993000E-01   3.993000E-01   3.993000E-01   3.993000E-01
   3.993000E-01   3.993000E-01   3.993000E-01   3.993000E-01   3.993000E-01   3.993000E-01   3.993000E-01   3.993000E-01   3.993000E-01   3.993000E-01   3.993000E-01   3.993000E-01   3.993000E-01   3.993000E-01   3.993000E-01   3.993000E-01   3.993000E-01   3.993000E-01   3.993000E-01   3.993000E-01
   3.993000E-01   3.993000E-01   3.993000E-01   3.993000E-01   3.993000E-01   3.993000E-01   3.993000E-01   3.993000E-01   3.993000E-01   3.993000E-01   3.993000E-01   3.993000E-01   3.993000E-01   3.993000E-01   3.993000E-01   3.993000E-01   3.993000E-01   3.993000E-01   3.993000E-01   3.993000E-01
   3.993000E-01   3.993000E-01   3.993000E-01   3.993000E-01   3.000000E-01   3.000000E-01   3.000000E-01   3.993000E-01   3.993000E-01   3.993000E-01   3.993000E-01   3.993000E-01   3.993000E-01   3.993000E-01   3.993000E-01   3.993000E-01   3.993000E-01   3.993000E-01   3.993000E-01   3.993000E-01
   3.993000E-01   3.993000E-01   3.993000E-01   3.993000E-01   3.000000E-01   3.000000E-01   3.000000E-01   3.000000E-01   3.993000E-01   3.993000E-01   3.993000E-01   3.993000E-01   3.993000E-01   3.993000E-01   3.993000E-01   3.993000E-01   3.993000E-01   3.993000E-01   3.993000E-01   3.993000E-01
   3.993000E-01   3.993000E-01   3.993000E-01   3.993000E-01   3.000000E-01   3.000000E-01   3.000000E-01   3.000000E-01   3.993000E-01   3.993000E-01   3.993000E-01   3.993000E-01   3.993000E-01   3.993000E-01   3.993000E-01   3.993000E-01   3.993000E-01   3.993000E-01   3.993000E-01   3.993000E-01
   3.993000E-01   3.993000E-01   3.993000E-01   3.993000E-01   3.000000E-01   3.000000E-01   3.000000E-01   3.000000E-01   3.993000E-01   3.993000E-01   3.993000E-01   3.993000E-01   3.993000E-01   3.993000E-01   3.993000E-01   3.993000E-01   3.993000E-01   3.993000E-01   3.993000E-01   3.993000E-01
   3.993000E-01   3.993000E-01   3.993000E-01   3.993000E-01   3.000000E-01   3.000000E-01   3.000000E-01   3.000000E-01   3.993000E-01   3.993000E-01   3.993000E-01   3.993000E-01   3.993000E-01   3.993000E-01   3.993000E-01   3.993000E-01   3.993000E-01   3.993000E-01   3.993000E-01   3.993000E-01
   3.993000E-01   3.993000E-01   3.993000E-01   3.993000E-01   3.000000E-01   3.000000E-01   3.000000E-01   3.000000E-01   3.993000E-01   3.993000E-01   3.993000E-01   3.993000E-01   3.993000E-01   3.993000E-01   3.993000E-01   3.993000E-01   3.993000E-01   3.993000E-01   3.993000E-01   3.993000E-01
   3.993000E-01   3.993000E-01   3.993000E-01   3.993000E-01   3.000000E-01   3.000000E-01   3.000000E-01   3.000000E-01   3.993000E-01   3.993000E-01   3.993000E-01   3.993000E-01   3.993000E-01   3.993000E-01   3.993000E-01   3.993000E-01   3.993000E-01   3.993000E-01   3.993000E-01   3.993000E-01
   3.993000E-01   3.993000E-01   3.993000E-01   3.993000E-01   3.000000E-01   3.000000E-01   3.000000E-01   3.000000E-01   3.993000E-01   3.993000E-01   3.993000E-01   3.993000E-01   3.993000E-01   3.993000E-01   3.993000E-01   3.993000E-01   3.993000E-01   3.993000E-01   3.993000E-01   3.993000E-01
   3.993000E-01   3.993000E-01   3.993000E-01   3.993000E-01   3.000000E-01   3.000000E-01   3.000000E-01   3.000000E-01   3.993000E-01   3.993000E-01   3.993000E-01   3.993000E-01   3.993000E-01   3.993000E-01   3.993000E-01   3.993000E-01   3.993000E-01   3.993000E-01   3.993000E-01   3.993000E-01
   3.993000E-01   3.993000E-01   3.993000E-01   3.993000E-01   3.000000E-01   3.000000E-01   3.000000E-01   3.000000E-01   3.993000E-01   3.993000E-01   3.993000E-01   3.993000E-01   3.993000E-01   3.993000E-01   3.993000E-01   3.993000E-01   3.993000E-01   3.993000E-01   3.993000E-01   3.993000E-01
   3.993000E-01   3.993000E-01   3.993000E-01   3.993000E-01   3.000000E-01   3.000000E-01   3.000000E-01   3.000000E-01   3.993000E-01   3.993000E-01   3.993000E-01   3.993000E-01   3.993000E-01   3.993000E-01   3.993000E-01   3.993000E-01   3.993000E-01   3.993000E-01   3.993000E-01   3.993000E-01
   3.993000E-01   3.993000E-01   3.993000E-01   3.993000E-01   3.000000E-01   3.000000E-01   3.000000E-01   3.000000E-01   3.993000E-01   3.993000E-01   3.993000E-01   3.993000E-01   3.993000E-01   3.993000E-01   3.993000E-01   3.993000E-01   3.993000E-01   3.993000E-01   3.993000E-01   3.993000E-01
   3.993000E-01   3.993000E-01   3.993000E-01   3.993000E-01   3.000000E-01   3.000000E-01   3.000000E-01   3.000000E-01   3.993000E-01   3.993000E-01   3.993000E-01   3.993000E-01   3.993000E-01   3.993000E-01   3.993000E-01   3.993000E-01   3.993000E-01   3.993000E-01   3.993000E-01   3.993000E-01
   3.993000E-01   3.993000E-01   3.993000E-01   3.993000E-01   3.000000E-01   3.000000E-01   3.993000E-01   3.993000E-01   3.993000E-01   3.993000E-01   3.993000E-01   3.993000E-01   3.993000E-01   3.993000E-01   3.993000E-01   3.993000E-01   3.993000E-01   3.993000E-01   3.993000E-01   3.993000E-01
   3.993000E-01   3.993000E-01   3.993000E-01   3.993000E-01   3.993000E-01   3.000000E-01   3.993000E-01   3.993000E-01   3.993000E-01   3.993000E-01   3.993000E-01   3.993000E-01   3.993000E-01   3.993000E-01   3.993000E-01   3.993000E-01   3.993000E-01   3.993000E-01   3.993000E-01   3.993000E-01
   3.993000E-01   3.993000E-01   3.993000E-01   3.993000E-01   3.993000E-01   3.993000E-01   3.993000E-01   3.993000E-01   3.993000E-01   3.993000E-01   3.993000E-01   3.993000E-01   3.993000E-01   3.993000E-01   3.993000E-01   3.993000E-01   3.993000E-01   3.993000E-01   3.993000E-01   3.993000E-01
   3.993000E-01   3.993000E-01   3.993000E-01   3.993000E-01   3.993000E-01   3.993000E-01   3.993000E-01   3.993000E-01   3.993000E-01   3.993000E-01   3.993000E-01   3.993000E-01   3.993000E-01   3.993000E-01   3.993000E-01   3.993000E-01   3.993000E-01   3.993000E-01   3.993000E-01   3.993000E-01
   3.993000E-01   3.993000E-01   3.993000E-01   3.993000E-01   3.993000E-01   3.993000E-01   3.993000E-01   3.993000E-01   3.993000E-01   3.993000E-01   3.993000E-01   3.993000E-01   3.993000E-01   3.993000E-01   3.993000E-01   3.993000E-01   3.993000E-01   3.993000E-01   3.993000E-01   3.993000E-01
   3.993000E-01   3.993000E-01   3.993000E-01   3.993000E-01   3.993000E-01   3.993000E-01   3.993000E-01   3.993000E-01   3.993000E-01   3.993000E-01   3.993000E-01   3.993000E-01   3.993000E-01   3.993000E-01   3.993000E-01   3.993000E-01   3.993000E-01   3.993000E-01   3.993000E-01   3.993000E-01
   3.993000E-01   3.993000E-01   3.993000E-01   3.993000E-01   3.993000E-01   3.993000E-01   3.993000E-01   3.993000E-01   3.993000E-01   3.993000E-01   3.993000E-01   3.993000E-01   3.993000E-01   3.993000E-01   3.993000E-01   3.993000E-01   3.993000E-01   3.993000E-01   3.993000E-01   3.993000E-01
   3.993000E-01   3.993000E-01   3.993000E-01   3.993000E-01   3.993000E-01   3.993000E-01   3.993000E-01   3.993000E-01   3.993000E-01   3.993000E-01   3.993000E-01   3.993000E-01   3.993000E-01   3.993000E-01   3.993000E-01   3.993000E-01   3.993000E-01   3.993000E-01   3.993000E-01   3.993000E-01
   3.993000E-01   3.993000E-01   3.993000E-01   3.993000E-01   3.993000E-01   3.993000E-01   3.993000E-01   3.993000E-01   3.993000E-01   3.993000E-01   3.993000E-01   3.993000E-01   3.993000E-01   3.993000E-01   3.993000E-01   3.993000E-01   3.993000E-01   3.993000E-01   3.993000E-01   3.993000E-01
   3.993000E-01   3.993000E-01   3.993000E-01   3.993000E-01   3.993000E-01   3.993000E-01   3.993000E-01   3.993000E-01   3.993000E-01   3.993000E-01   3.993000E-01   3.993000E-01   3.993000E-01   3.993000E-01   3.993000E-01   3.993000E-01   3.993000E-01   3.993000E-01   3.993000E-01   3.993000E-01
   3.993000E-01   3.993000E-01   3.993000E-01   3.993000E-01   3.993000E-01   3.993000E-01   3.993000E-01   3.993000E-01   3.993000E-01   3.993000E-01   3.993000E-01   3.993000E-01   3.993000E-01   3.993000E-01   3.993000E-01   3.993000E-01   3.993000E-01   3.993000E-01   3.993000E-01   3.993000E-01
   3.000000E-01   3.993000E-01   3.993000E-01   3.993000E-01   3.993000E-01   3.993000E-01   3.993000E-01   3.993000E-01   3.993000E-01   3.993000E-01   3.993000E-01   3.993000E-01   3.993000E-01   3.993000E-01   3.993000E-01   3.993000E-01   3.993000E-01   3.993000E-01   3.993000E-01   3.993000E-01
   3.000000E-01   3.000000E-01   3.993000E-01   3.993000E-01   3.993000E-01   3.993000E-01   3.993000E-01   3.993000E-01   3.993000E-01   3.993000E-01   3.993000E-01   3.993000E-01   3.993000E-01   3.993000E-01   3.993000E-01   3.993000E-01   3.993000E-01   3.993000E-01   3.993000E-01   3.993000E-01
   3.000000E-01   3.000000E-01   3.000000E-01   3.993000E-01   3.993000E-01   3.993000E-01   3.993000E-01   3.993000E-01   3.993000E-01   3.993000E-01   3.993000E-01   3.993000E-01   3.993000E-01   3.993000E-01   3.993000E-01   3.993000E-01   3.993000E-01   3.993000E-01   3.993000E-01   3.993000E-01
   3.000000E-01   3.000000E-01   3.000000E-01   3.000000E-01   3.993000E-01   3.993000E-01   3.993000E-01   3.993000E-01   3.993000E-01   3.993000E-01   3.993000E-01   3.993000E-01   3.993000E-01   3.993000E-01   3.993000E-01   3.993000E-01   3.993000E-01   3.993000E-01   3.993000E-01   3.000000E-01
   3.000000E-01   3.000000E-01   3.000000E-01   3.000000E-01   3.993000E-01   3.993000E-01   3.993000E-01   3.993000E-01   3.993000E-01   3.993000E-01   3.993000E-01   3.993000E-01   3.993000E-01   3.993000E-01   3.993000E-01   3.993000E-01   3.993000E-01   3.993000E-01   3.993000E-01   3.000000E-01
   3.000000E-01   3.000000E-01   3.000000E-01   3.000000E-01   3.000000E-01   3.993000E-01   3.993000E-01   3.993000E-01   3.993000E-01   3.993000E-01   3.993000E-01   3.993000E-01   3.993000E-01   3.993000E-01   3.993000E-01   3.993000E-01   3.993000E-01   3.993000E-01   3.000000E-01   3.000000E-01
   3.000000E-01   3.000000E-01   3.000000E-01   3.000000E-01   3.000000E-01   3.993000E-01   3.993000E-01   3.993000E-01   3.993000E-01   3.993000E-01   3.993000E-01   3.993000E-01   3.993000E-01   3.993000E-01   3.993000E-01   3.993000E-01   3.993000E-01   3.000000E-01   3.000000E-01   3.000000E-01
   3.000000E-01   3.000000E-01   3.000000E-01   3.000000E-01   3.000000E-01   3.993000E-01   3.993000E-01   3.993000E-01   3.993000E-01   3.993000E-01   3.993000E-01   3.993000E-01   3.993000E-01   3.993000E-01   3.993000E-01   3.993000E-01   3.000000E-01   3.000000E-01   3.000000E-01   3.000000E-01
