   2.000000E-04   2.000000E-04   2.000000E-04   2.000000E-04   2.000000E-04   2.000000E-04   2.000000E-04   2.000000E-04   2.000000E-04   2.000000E-04   2.000000E-04   2.000000E-04   2.000000E-04   2.000000E-04   2.000000E-04   2.000000E-04   2.000000E-04   2.000000E-04   2.000000E-04   2.000000E-04
   2.000000E-04   2.000000E-04   2.000000E-04   2.000000E-04   2.000000E-04   2.000000E-04   2.000000E-04   2.000000E-04   2.000000E-04   2.000000E-04   2.000000E-04   2.000000E-04   2.000000E-04   2.000000E-04   2.000000E-04   2.000000E-04   2.000000E-04   2.000000E-04   2.000000E-04   2.000000E-04
   2.000000E-04   2.000000E-04   2.000000E-04   2.000000E-04   2.000000E-04   2.000000E-04   2.000000E-04   2.000000E-04   2.000000E-04   2.000000E-04   2.000000E-04   2.000000E-04   2.000000E-04   2.000000E-04   2.000000E-04   2.000000E-04   2.000000E-04   2.000000E-04   2.000000E-04   2.000000E-04
   2.000000E-04   2.000000E-04   2.000000E-04   2.000000E-04   2.000000E-04   2.000000E-04   2.000000E-04   2.000000E-04   2.000000E-04   2.000000E-04   2.000000E-04   2.000000E-04   2.000000E-04   2.000000E-04   2.000000E-04   2.000000E-04   2.000000E-04   2.000000E-04   2.000000E-04   2.000000E-04
   2.000000E-04   2.000000E-04   2.000000E-04   2.000000E-04   2.000000E-04   2.000000E-04   2.000000E-04   2.000000E-04   2.000000E-04   2.000000E-04   2.000000E-04   2.000000E-04   2.000000E-04   2.000000E-04   2.000000E-04   2.000000E-04   2.000000E-04   2.000000E-04   2.000000E-04   2.000000E-04
   2.000000E-04   2.000000E-04   2.000000E-04   2.000000E-04   2.000000E-04   2.000000E-04   2.000000E-04   2.000000E-04   2.000000E-04   2.000000E-04   2.000000E-04   2.000000E-04   2.000000E-04   2.000000E-04   2.000000E-04   2.000000E-04   2.000000E-04   2.000000E-04   2.000000E-04   2.000000E-04
   2.000000E-04   2.000000E-04   2.000000E-04   2.000000E-04   2.000000E-04   2.000000E-04   2.000000E-04   2.000000E-04   2.000000E-04   2.000000E-04   2.000000E-04   2.000000E-04   2.000000E-04   2.000000E-04   2.000000E-04   2.000000E-04   2.000000E-04   2.000000E-04   2.000000E-04   2.000000E-04
   2.000000E-04   2.000000E-04   2.000000E-04   2.000000E-04   2.000000E-04   2.000000E-04   2.000000E-04   2.000000E-04   2.000000E-04   2.000000E-04   2.000000E-04   2.000000E-04   2.000000E-04   2.000000E-04   2.000000E-04   2.000000E-04   2.000000E-04   2.000000E-04   2.000000E-04   2.000000E-04
   2.000000E-04   2.000000E-04   2.000000E-04   2.000000E-04   9.088677E-05   9.088677E-05   9.088677E-05   2.000000E-04   2.000000E-04   2.000000E-04   2.000000E-04   2.000000E-04   2.000000E-04   2.000000E-04   2.000000E-04   2.000000E-04   2.000000E-04   2.000000E-04   2.000000E-04   2.000000E-04
   2.000000E-04   2.000000E-04   2.000000E-04   2.000000E-04   9.088677E-05   9.088677E-05   9.088677E-05   9.088677E-05   2.000000E-04   2.000000E-04   2.000000E-04   2.000000E-04   2.000000E-04   2.000000E-04   2.000000E-04   2.000000E-04   2.000000E-04   2.000000E-04   2.000000E-04   2.000000E-04
   2.000000E-04   2.000000E-04   2.000000E-04   2.000000E-04   9.088677E-05   9.088677E-05   9.088677E-05   9.088677E-05   2.000000E-04   2.000000E-04   2.000000E-04   2.000000E-04   2.000000E-04   2.000000E-04   2.000000E-04   2.000000E-04   2.000000E-04   2.000000E-04   2.000000E-04   2.000000E-04
   2.000000E-04   2.000000E-04   2.000000E-04   2.000000E-04   9.088677E-05   9.088677E-05   9.088677E-05   9.088677E-05   2.000000E-04   2.000000E-04   2.000000E-04   2.000000E-04   2.000000E-04   2.000000E-04   2.000000E-04   2.000000E-04   2.000000E-04   2.000000E-04   2.000000E-04   2.000000E-04
   2.000000E-04   2.000000E-04   2.000000E-04   2.000000E-04   9.088677E-05   9.088677E-05   9.088677E-05   9.088677E-05   2.000000E-04   2.000000E-04   2.000000E-04   2.000000E-04   2.000000E-04   2.000000E-04   2.000000E-04   2.000000E-04   2.000000E-04   2.000000E-04   2.000000E-04   2.000000E-04
   2.000000E-04   2.000000E-04   2.000000E-04   2.000000E-04   9.088677E-05   9.088677E-05   9.088677E-05   9.088677E-05   2.000000E-04   2.000000E-04   2.000000E-04   2.000000E-04   2.000000E-04   2.000000E-04   2.000000E-04   2.000000E-04   2.000000E-04   2.000000E-04   2.000000E-04   2.000000E-04
   2.000000E-04   2.000000E-04   2.000000E-04   2.000000E-04   9.088677E-05   9.088677E-05   9.088677E-05   9.088677E-05   2.000000E-04   2.000000E-04   2.000000E-04   2.000000E-04   2.000000E-04   2.000000E-04   2.000000E-04   2.000000E-04   2.000000E-04   2.000000E-04   2.000000E-04   2.000000E-04
   2.000000E-04   2.000000E-04   2.000000E-04   2.000000E-04   9.088677E-05   9.088677E-05   9.088677E-05   9.088677E-05   2.000000E-04   2.000000E-04   2.000000E-04   2.000000E-04   2.000000E-04   2.000000E-04   2.000000E-04   2.000000E-04   2.000000E-04   2.000000E-04   2.000000E-04   2.000000E-04
   2.000000E-04   2.000000E-04   2.000000E-04   2.000000E-04   9.088677E-05   9.088677E-05   9.088677E-05   9.088677E-05   2.000000E-04   2.000000E-04   2.000000E-04   2.000000E-04   2.000000E-04   2.000000E-04   2.000000E-04   2.000000E-04   2.000000E-04   2.000000E-04   2.000000E-04   2.000000E-04
   2.000000E-04   2.000000E-04   2.000000E-04   2.000000E-04   9.088677E-05   9.088677E-05   9.088677E-05   9.088677E-05   2.000000E-04   2.000000E-04   2.000000E-04   2.000000E-04   2.000000E-04   2.000000E-04   2.000000E-04   2.000000E-04   2.000000E-04   2.000000E-04   2.000000E-04   2.000000E-04
   2.000000E-04   2.000000E-04   2.000000E-04   2.000000E-04   9.088677E-05   9.088677E-05   9.088677E-05   9.088677E-05   2.000000E-04   2.000000E-04   2.000000E-04   2.000000E-04   2.000000E-04   2.000000E-04   2.000000E-04   2.000000E-04   2.000000E-04   2.000000E-04   2.000000E-04   2.000000E-04
   2.000000E-04   2.000000E-04   2.000000E-04   2.000000E-04   9.088677E-05   9.088677E-05   9.088677E-05   9.088677E-05   2.000000E-04   2.000000E-04   2.000000E-04   2.000000E-04   2.000000E-04   2.000000E-04   2.000000E-04   2.000000E-04   2.000000E-04   2.000000E-04   2.000000E-04   2.000000E-04
   2.000000E-04   2.000000E-04   2.000000E-04   2.000000E-04   9.088677E-05   9.088677E-05   9.088677E-05   9.088677E-05   2.000000E-04   2.000000E-04   2.000000E-04   2.000000E-04   2.000000E-04   2.000000E-04   2.000000E-04   2.000000E-04   2.000000E-04   2.000000E-04   2.000000E-04   2.000000E-04
   2.000000E-04   2.000000E-04   2.000000E-04   2.000000E-04   9.088677E-05   9.088677E-05   2.000000E-04   2.000000E-04   2.000000E-04   2.000000E-04   2.000000E-04   2.000000E-04   2.000000E-04   2.000000E-04   2.000000E-04   2.000000E-04   2.000000E-04   2.000000E-04   2.000000E-04   2.000000E-04
   2.000000E-04   2.000000E-04   2.000000E-04   2.000000E-04   2.000000E-04   9.088677E-05   2.000000E-04   2.000000E-04   2.000000E-04   2.000000E-04   2.000000E-04   2.000000E-04   2.000000E-04   2.000000E-04   2.000000E-04   2.000000E-04   2.000000E-04   2.000000E-04   2.000000E-04   2.000000E-04
   2.000000E-04   2.000000E-04   2.000000E-04   2.000000E-04   2.000000E-04   2.000000E-04   2.000000E-04   2.000000E-04   2.000000E-04   2.000000E-04   2.000000E-04   2.000000E-04   2.000000E-04   2.000000E-04   2.000000E-04   2.000000E-04   2.000000E-04   2.000000E-04   2.000000E-04   2.000000E-04
   2.000000E-04   2.000000E-04   2.000000E-04   2.000000E-04   2.000000E-04   2.000000E-04   2.000000E-04   2.000000E-04   2.000000E-04   2.000000E-04   2.000000E-04   2.000000E-04   2.000000E-04   2.000000E-04   2.000000E-04   2.000000E-04   2.000000E-04   2.000000E-04   2.000000E-04   2.000000E-04
   2.000000E-04   2.000000E-04   2.000000E-04   2.000000E-04   2.000000E-04   2.000000E-04   2.000000E-04   2.000000E-04   2.000000E-04   2.000000E-04   2.000000E-04   2.000000E-04   2.000000E-04   2.000000E-04   2.000000E-04   2.000000E-04   2.000000E-04   2.000000E-04   2.000000E-04   2.000000E-04
   2.000000E-04   2.000000E-04   2.000000E-04   2.000000E-04   2.000000E-04   2.000000E-04   2.000000E-04   2.000000E-04   2.000000E-04   2.000000E-04   2.000000E-04   2.000000E-04   2.000000E-04   2.000000E-04   2.000000E-04   2.000000E-04   2.000000E-04   2.000000E-04   2.000000E-04   2.000000E-04
   2.000000E-04   2.000000E-04   2.000000E-04   2.000000E-04   2.000000E-04   2.000000E-04   2.000000E-04   2.000000E-04   2.000000E-04   2.000000E-04   2.000000E-04   2.000000E-04   2.000000E-04   2.000000E-04   2.000000E-04   2.000000E-04   2.000000E-04   2.000000E-04   2.000000E-04   2.000000E-04
   2.000000E-04   2.000000E-04   2.000000E-04   2.000000E-04   2.000000E-04   2.000000E-04   2.000000E-04   2.000000E-04   2.000000E-04   2.000000E-04   2.000000E-04   2.000000E-04   2.000000E-04   2.000000E-04   2.000000E-04   2.000000E-04   2.000000E-04   2.000000E-04   2.000000E-04   2.000000E-04
   2.000000E-04   2.000000E-04   2.000000E-04   2.000000E-04   2.000000E-04   2.000000E-04   2.000000E-04   2.000000E-04   2.000000E-04   2.000000E-04   2.000000E-04   2.000000E-04   2.000000E-04   2.000000E-04   2.000000E-04   2.000000E-04   2.000000E-04   2.000000E-04   2.000000E-04   2.000000E-04
   2.000000E-04   2.000000E-04   2.000000E-04   2.000000E-04   2.000000E-04   2.000000E-04   2.000000E-04   2.000000E-04   2.000000E-04   2.000000E-04   2.000000E-04   2.000000E-04   2.000000E-04   2.000000E-04   2.000000E-04   2.000000E-04   2.000000E-04   2.000000E-04   2.000000E-04   2.000000E-04
   2.000000E-04   2.000000E-04   2.000000E-04   2.000000E-04   2.000000E-04   2.000000E-04   2.000000E-04   2.000000E-04   2.000000E-04   2.000000E-04   2.000000E-04   2.000000E-04   2.000000E-04   2.000000E-04   2.000000E-04   2.000000E-04   2.000000E-04   2.000000E-04   2.000000E-04   2.000000E-04
   9.088677E-05   2.000000E-04   2.000000E-04   2.000000E-04   2.000000E-04   2.000000E-04   2.000000E-04   2.000000E-04   2.000000E-04   2.000000E-04   2.000000E-04   2.000000E-04   2.000000E-04   2.000000E-04   2.000000E-04   2.000000E-04   2.000000E-04   2.000000E-04   2.000000E-04   2.000000E-04
   9.088677E-05   9.088677E-05   2.000000E-04   2.000000E-04   2.000000E-04   2.000000E-04   2.000000E-04   2.000000E-04   2.000000E-04   2.000000E-04   2.000000E-04   2.000000E-04   2.000000E-04   2.000000E-04   2.000000E-04   2.000000E-04   2.000000E-04   2.000000E-04   2.000000E-04   2.000000E-04
   9.088677E-05   9.088677E-05   9.088677E-05   2.000000E-04   2.000000E-04   2.000000E-04   2.000000E-04   2.000000E-04   2.000000E-04   2.000000E-04   2.000000E-04   2.000000E-04   2.000000E-04   2.000000E-04   2.000000E-04   2.000000E-04   2.000000E-04   2.000000E-04   2.000000E-04   2.000000E-04
   9.088677E-05   9.088677E-05   9.088677E-05   9.088677E-05   2.000000E-04   2.000000E-04   2.000000E-04   2.000000E-04   2.000000E-04   2.000000E-04   2.000000E-04   2.000000E-04   2.000000E-04   2.000000E-04   2.000000E-04   2.000000E-04   2.000000E-04   2.000000E-04   2.000000E-04   9.088677E-05
   9.088677E-05   9.088677E-05   9.088677E-05   9.088677E-05   2.000000E-04   2.000000E-04   2.000000E-04   2.000000E-04   2.000000E-04   2.000000E-04   2.000000E-04   2.000000E-04   2.000000E-04   2.000000E-04   2.000000E-04   2.000000E-04   2.000000E-04   2.000000E-04   2.000000E-04   9.088677E-05
   9.088677E-05   9.088677E-05   9.088677E-05   9.088677E-05   9.088677E-05   2.000000E-04   2.000000E-04   2.000000E-04   2.000000E-04   2.000000E-04   2.000000E-04   2.000000E-04   2.000000E-04   2.000000E-04   2.000000E-04   2.000000E-04   2.000000E-04   2.000000E-04   9.088677E-05   9.088677E-05
   9.088677E-05   9.088677E-05   9.088677E-05   9.088677E-05   9.088677E-05   2.000000E-04   2.000000E-04   2.000000E-04   2.000000E-04   2.000000E-04   2.000000E-04   2.000000E-04   2.000000E-04   2.000000E-04   2.000000E-04   2.000000E-04   2.000000E-04   9.088677E-05   9.088677E-05   9.088677E-05
   9.088677E-05   9.088677E-05   9.088677E-05   9.088677E-05   9.088677E-05   2.000000E-04   2.000000E-04   2.000000E-04   2.000000E-04   2.000000E-04   2.000000E-04   2.000000E-04   2.000000E-04   2.000000E-04   2.000000E-04   2.000000E-04   9.088677E-05   9.088677E-05   9.088677E-05   9.088677E-05
