   1.000000E+02   1.000000E+02   1.000000E+02   1.000000E+02   1.000000E+02   1.000000E+02   1.000000E+02   1.000000E+02   1.000000E+02   1.000000E+02   1.000000E+02   1.000000E+02   1.000000E+02   1.000000E+02   1.000000E+02   1.000000E+02   1.000000E+02   1.000000E+02   1.000000E+02   1.000000E+02
   1.000000E+02   1.000000E+02   1.000000E+02   1.000000E+02   1.000000E+02   1.000000E+02   1.000000E+02   1.000000E+02   1.000000E+02   1.000000E+02   1.000000E+02   1.000000E+02   1.000000E+02   1.000000E+02   1.000000E+02   1.000000E+02   1.000000E+02   1.000000E+02   1.000000E+02   1.000000E+02
   1.000000E+02   1.000000E+02   1.000000E+02   1.000000E+02   1.000000E+02   1.000000E+02   1.000000E+02   1.000000E+02   1.000000E+02   1.000000E+02   1.000000E+02   1.000000E+02   1.000000E+02   1.000000E+02   1.000000E+02   1.000000E+02   1.000000E+02   1.000000E+02   1.000000E+02   1.000000E+02
   1.000000E+02   1.000000E+02   1.000000E+02   1.000000E+02   1.000000E+02   1.000000E+02   1.000000E+02   1.000000E+02   1.000000E+02   1.000000E+02   1.000000E+02   1.000000E+02   1.000000E+02   1.000000E+02   1.000000E+02   1.000000E+02   1.000000E+02   1.000000E+02   1.000000E+02   1.000000E+02
   1.000000E+02   1.000000E+02   1.000000E+02   1.000000E+02   1.000000E+02   1.000000E+02   1.000000E+02   1.000000E+02   1.000000E+02   1.000000E+02   1.000000E+02   1.000000E+02   1.000000E+02   1.000000E+02   1.000000E+02   1.000000E+02   1.000000E+02   1.000000E+02   1.000000E+02   1.000000E+02
   1.000000E+02   1.000000E+02   1.000000E+02   1.000000E+02   1.000000E+02   1.000000E+02   1.000000E+02   1.000000E+02   1.000000E+02   1.000000E+02   1.000000E+02   1.000000E+02   1.000000E+02   1.000000E+02   1.000000E+02   1.000000E+02   1.000000E+02   1.000000E+02   1.000000E+02   1.000000E+02
   1.000000E+02   1.000000E+02   1.000000E+02   1.000000E+02   1.000000E+02   1.000000E+02   1.000000E+02   1.000000E+02   1.000000E+02   1.000000E+02   1.000000E+02   1.000000E+02   1.000000E+02   1.000000E+02   1.000000E+02   1.000000E+02   1.000000E+02   1.000000E+02   1.000000E+02   1.000000E+02
   1.000000E+02   1.000000E+02   1.000000E+02   1.000000E+02   1.000000E+02   1.000000E+02   1.000000E+02   1.000000E+02   1.000000E+02   1.000000E+02   1.000000E+02   1.000000E+02   1.000000E+02   1.000000E+02   1.000000E+02   1.000000E+02   1.000000E+02   1.000000E+02   1.000000E+02   1.000000E+02
   1.000000E+02   1.000000E+02   1.000000E+02   1.000000E+02   3.000000E-01   3.000000E-01   3.000000E-01   1.000000E+02   1.000000E+02   1.000000E+02   1.000000E+02   1.000000E+02   1.000000E+02   1.000000E+02   1.000000E+02   1.000000E+02   1.000000E+02   1.000000E+02   1.000000E+02   1.000000E+02
   1.000000E+02   1.000000E+02   1.000000E+02   1.000000E+02   3.000000E-01   3.000000E-01   3.000000E-01   3.000000E-01   1.000000E+02   1.000000E+02   1.000000E+02   1.000000E+02   1.000000E+02   1.000000E+02   1.000000E+02   1.000000E+02   1.000000E+02   1.000000E+02   1.000000E+02   1.000000E+02
   1.000000E+02   1.000000E+02   1.000000E+02   1.000000E+02   3.000000E-01   3.000000E-01   3.000000E-01   3.000000E-01   1.000000E+02   1.000000E+02   1.000000E+02   1.000000E+02   1.000000E+02   1.000000E+02   1.000000E+02   1.000000E+02   1.000000E+02   1.000000E+02   1.000000E+02   1.000000E+02
   1.000000E+02   1.000000E+02   1.000000E+02   1.000000E+02   3.000000E-01   3.000000E-01   3.000000E-01   3.000000E-01   1.000000E+02   1.000000E+02   1.000000E+02   1.000000E+02   1.000000E+02   1.000000E+02   1.000000E+02   1.000000E+02   1.000000E+02   1.000000E+02   1.000000E+02   1.000000E+02
   1.000000E+02   1.000000E+02   1.000000E+02   1.000000E+02   3.000000E-01   3.000000E-01   3.000000E-01   3.000000E-01   1.000000E+02   1.000000E+02   1.000000E+02   1.000000E+02   1.000000E+02   1.000000E+02   1.000000E+02   1.000000E+02   1.000000E+02   1.000000E+02   1.000000E+02   1.000000E+02
   1.000000E+02   1.000000E+02   1.000000E+02   1.000000E+02   3.000000E-01   3.000000E-01   3.000000E-01   3.000000E-01   1.000000E+02   1.000000E+02   1.000000E+02   1.000000E+02   1.000000E+02   1.000000E+02   1.000000E+02   1.000000E+02   1.000000E+02   1.000000E+02   1.000000E+02   1.000000E+02
   1.000000E+02   1.000000E+02   1.000000E+02   1.000000E+02   3.000000E-01   3.000000E-01   3.000000E-01   3.000000E-01   1.000000E+02   1.000000E+02   1.000000E+02   1.000000E+02   1.000000E+02   1.000000E+02   1.000000E+02   1.000000E+02   1.000000E+02   1.000000E+02   1.000000E+02   1.000000E+02
   1.000000E+02   1.000000E+02   1.000000E+02   1.000000E+02   3.000000E-01   3.000000E-01   3.000000E-01   3.000000E-01   1.000000E+02   1.000000E+02   1.000000E+02   1.000000E+02   1.000000E+02   1.000000E+02   1.000000E+02   1.000000E+02   1.000000E+02   1.000000E+02   1.000000E+02   1.000000E+02
   1.000000E+02   1.000000E+02   1.000000E+02   1.000000E+02   3.000000E-01   3.000000E-01   3.000000E-01   3.000000E-01   1.000000E+02   1.000000E+02   1.000000E+02   1.000000E+02   1.000000E+02   1.000000E+02   1.000000E+02   1.000000E+02   1.000000E+02   1.000000E+02   1.000000E+02   1.000000E+02
   1.000000E+02   1.000000E+02   1.000000E+02   1.000000E+02   3.000000E-01   3.000000E-01   3.000000E-01   3.000000E-01   1.000000E+02   1.000000E+02   1.000000E+02   1.000000E+02   1.000000E+02   1.000000E+02   1.000000E+02   1.000000E+02   1.000000E+02   1.000000E+02   1.000000E+02   1.000000E+02
   1.000000E+02   1.000000E+02   1.000000E+02   1.000000E+02   3.000000E-01   3.000000E-01   3.000000E-01   3.000000E-01   1.000000E+02   1.000000E+02   1.000000E+02   1.000000E+02   1.000000E+02   1.000000E+02   1.000000E+02   1.000000E+02   1.000000E+02   1.000000E+02   1.000000E+02   1.000000E+02
   1.000000E+02   1.000000E+02   1.000000E+02   1.000000E+02   3.000000E-01   3.000000E-01   3.000000E-01   3.000000E-01   1.000000E+02   1.000000E+02   1.000000E+02   1.000000E+02   1.000000E+02   1.000000E+02   1.000000E+02   1.000000E+02   1.000000E+02   1.000000E+02   1.000000E+02   1.000000E+02
   1.000000E+02   1.000000E+02   1.000000E+02   1.000000E+02   3.000000E-01   3.000000E-01   3.000000E-01   3.000000E-01   1.000000E+02   1.000000E+02   1.000000E+02   1.000000E+02   1.000000E+02   1.000000E+02   1.000000E+02   1.000000E+02   1.000000E+02   1.000000E+02   1.000000E+02   1.000000E+02
   1.000000E+02   1.000000E+02   1.000000E+02   1.000000E+02   3.000000E-01   3.000000E-01   1.000000E+02   1.000000E+02   1.000000E+02   1.000000E+02   1.000000E+02   1.000000E+02   1.000000E+02   1.000000E+02   1.000000E+02   1.000000E+02   1.000000E+02   1.000000E+02   1.000000E+02   1.000000E+02
   1.000000E+02   1.000000E+02   1.000000E+02   1.000000E+02   1.000000E+02   3.000000E-01   1.000000E+02   1.000000E+02   1.000000E+02   1.000000E+02   1.000000E+02   1.000000E+02   1.000000E+02   1.000000E+02   1.000000E+02   1.000000E+02   1.000000E+02   1.000000E+02   1.000000E+02   1.000000E+02
   1.000000E+02   1.000000E+02   1.000000E+02   1.000000E+02   1.000000E+02   1.000000E+02   1.000000E+02   1.000000E+02   1.000000E+02   1.000000E+02   1.000000E+02   1.000000E+02   1.000000E+02   1.000000E+02   1.000000E+02   1.000000E+02   1.000000E+02   1.000000E+02   1.000000E+02   1.000000E+02
   1.000000E+02   1.000000E+02   1.000000E+02   1.000000E+02   1.000000E+02   1.000000E+02   1.000000E+02   1.000000E+02   1.000000E+02   1.000000E+02   1.000000E+02   1.000000E+02   1.000000E+02   1.000000E+02   1.000000E+02   1.000000E+02   1.000000E+02   1.000000E+02   1.000000E+02   1.000000E+02
   1.000000E+02   1.000000E+02   1.000000E+02   1.000000E+02   1.000000E+02   1.000000E+02   1.000000E+02   1.000000E+02   1.000000E+02   1.000000E+02   1.000000E+02   1.000000E+02   1.000000E+02   1.000000E+02   1.000000E+02   1.000000E+02   1.000000E+02   1.000000E+02   1.000000E+02   1.000000E+02
   1.000000E+02   1.000000E+02   1.000000E+02   1.000000E+02   1.000000E+02   1.000000E+02   1.000000E+02   1.000000E+02   1.000000E+02   1.000000E+02   1.000000E+02   1.000000E+02   1.000000E+02   1.000000E+02   1.000000E+02   1.000000E+02   1.000000E+02   1.000000E+02   1.000000E+02   1.000000E+02
   1.000000E+02   1.000000E+02   1.000000E+02   1.000000E+02   1.000000E+02   1.000000E+02   1.000000E+02   1.000000E+02   1.000000E+02   1.000000E+02   1.000000E+02   1.000000E+02   1.000000E+02   1.000000E+02   1.000000E+02   1.000000E+02   1.000000E+02   1.000000E+02   1.000000E+02   1.000000E+02
   1.000000E+02   1.000000E+02   1.000000E+02   1.000000E+02   1.000000E+02   1.000000E+02   1.000000E+02   1.000000E+02   1.000000E+02   1.000000E+02   1.000000E+02   1.000000E+02   1.000000E+02   1.000000E+02   1.000000E+02   1.000000E+02   1.000000E+02   1.000000E+02   1.000000E+02   1.000000E+02
   1.000000E+02   1.000000E+02   1.000000E+02   1.000000E+02   1.000000E+02   1.000000E+02   1.000000E+02   1.000000E+02   1.000000E+02   1.000000E+02   1.000000E+02   1.000000E+02   1.000000E+02   1.000000E+02   1.000000E+02   1.000000E+02   1.000000E+02   1.000000E+02   1.000000E+02   1.000000E+02
   1.000000E+02   1.000000E+02   1.000000E+02   1.000000E+02   1.000000E+02   1.000000E+02   1.000000E+02   1.000000E+02   1.000000E+02   1.000000E+02   1.000000E+02   1.000000E+02   1.000000E+02   1.000000E+02   1.000000E+02   1.000000E+02   1.000000E+02   1.000000E+02   1.000000E+02   1.000000E+02
   1.000000E+02   1.000000E+02   1.000000E+02   1.000000E+02   1.000000E+02   1.000000E+02   1.000000E+02   1.000000E+02   1.000000E+02   1.000000E+02   1.000000E+02   1.000000E+02   1.000000E+02   1.000000E+02   1.000000E+02   1.000000E+02   1.000000E+02   1.000000E+02   1.000000E+02   1.000000E+02
   3.000000E-01   1.000000E+02   1.000000E+02   1.000000E+02   1.000000E+02   1.000000E+02   1.000000E+02   1.000000E+02   1.000000E+02   1.000000E+02   1.000000E+02   1.000000E+02   1.000000E+02   1.000000E+02   1.000000E+02   1.000000E+02   1.000000E+02   1.000000E+02   1.000000E+02   1.000000E+02
   3.000000E-01   3.000000E-01   1.000000E+02   1.000000E+02   1.000000E+02   1.000000E+02   1.000000E+02   1.000000E+02   1.000000E+02   1.000000E+02   1.000000E+02   1.000000E+02   1.000000E+02   1.000000E+02   1.000000E+02   1.000000E+02   1.000000E+02   1.000000E+02   1.000000E+02   1.000000E+02
   3.000000E-01   3.000000E-01   3.000000E-01   1.000000E+02   1.000000E+02   1.000000E+02   1.000000E+02   1.000000E+02   1.000000E+02   1.000000E+02   1.000000E+02   1.000000E+02   1.000000E+02   1.000000E+02   1.000000E+02   1.000000E+02   1.000000E+02   1.000000E+02   1.000000E+02   1.000000E+02
   3.000000E-01   3.000000E-01   3.000000E-01   3.000000E-01   1.000000E+02   1.000000E+02   1.000000E+02   1.000000E+02   1.000000E+02   1.000000E+02   1.000000E+02   1.000000E+02   1.000000E+02   1.000000E+02   1.000000E+02   1.000000E+02   1.000000E+02   1.000000E+02   1.000000E+02   3.000000E-01
   3.000000E-01   3.000000E-01   3.000000E-01   3.000000E-01   1.000000E+02   1.000000E+02   1.000000E+02   1.000000E+02   1.000000E+02   1.000000E+02   1.000000E+02   1.000000E+02   1.000000E+02   1.000000E+02   1.000000E+02   1.000000E+02   1.000000E+02   1.000000E+02   1.000000E+02   3.000000E-01
   3.000000E-01   3.000000E-01   3.000000E-01   3.000000E-01   3.000000E-01   1.000000E+02   1.000000E+02   1.000000E+02   1.000000E+02   1.000000E+02   1.000000E+02   1.000000E+02   1.000000E+02   1.000000E+02   1.000000E+02   1.000000E+02   1.000000E+02   1.000000E+02   3.000000E-01   3.000000E-01
   3.000000E-01   3.000000E-01   3.000000E-01   3.000000E-01   3.000000E-01   1.000000E+02   1.000000E+02   1.000000E+02   1.000000E+02   1.000000E+02   1.000000E+02   1.000000E+02   1.000000E+02   1.000000E+02   1.000000E+02   1.000000E+02   1.000000E+02   3.000000E-01   3.000000E-01   3.000000E-01
   3.000000E-01   3.000000E-01   3.000000E-01   3.000000E-01   3.000000E-01   1.000000E+02   1.000000E+02   1.000000E+02   1.000000E+02   1.000000E+02   1.000000E+02   1.000000E+02   1.000000E+02   1.000000E+02   1.000000E+02   1.000000E+02   3.000000E-01   3.000000E-01   3.000000E-01   3.000000E-01
