   4.352203E-05   4.352203E-05   4.352203E-05   4.352203E-05   4.352203E-05   4.352203E-05   4.352203E-05   4.352203E-05   4.352203E-05   4.352203E-05   4.352203E-05   4.352203E-05   4.352203E-05   4.352203E-05   4.352203E-05   4.352203E-05   4.352203E-05   4.352203E-05   4.352203E-05   4.352203E-05
   4.352203E-05   4.352203E-05   4.352203E-05   4.352203E-05   4.352203E-05   4.352203E-05   4.352203E-05   4.352203E-05   4.352203E-05   4.352203E-05   4.352203E-05   4.352203E-05   4.352203E-05   4.352203E-05   4.352203E-05   4.352203E-05   4.352203E-05   4.352203E-05   4.352203E-05   4.352203E-05
   4.352203E-05   4.352203E-05   4.352203E-05   4.352203E-05   4.352203E-05   4.352203E-05   4.352203E-05   4.352203E-05   4.352203E-05   4.352203E-05   4.352203E-05   4.352203E-05   4.352203E-05   4.352203E-05   4.352203E-05   4.352203E-05   4.352203E-05   4.352203E-05   4.352203E-05   4.352203E-05
   4.352203E-05   4.352203E-05   4.352203E-05   4.352203E-05   4.352203E-05   4.352203E-05   4.352203E-05   4.352203E-05   4.352203E-05   4.352203E-05   4.352203E-05   4.352203E-05   4.352203E-05   4.352203E-05   4.352203E-05   4.352203E-05   4.352203E-05   4.352203E-05   4.352203E-05   4.352203E-05
   4.352203E-05   4.352203E-05   4.352203E-05   4.352203E-05   4.352203E-05   4.352203E-05   4.352203E-05   4.352203E-05   4.352203E-05   4.352203E-05   4.352203E-05   4.352203E-05   4.352203E-05   4.352203E-05   4.352203E-05   4.352203E-05   4.352203E-05   4.352203E-05   4.352203E-05   4.352203E-05
   4.352203E-05   4.352203E-05   4.352203E-05   4.352203E-05   4.352203E-05   4.352203E-05   4.352203E-05   4.352203E-05   4.352203E-05   4.352203E-05   4.352203E-05   4.352203E-05   4.352203E-05   4.352203E-05   4.352203E-05   4.352203E-05   4.352203E-05   4.352203E-05   4.352203E-05   4.352203E-05
   4.352203E-05   4.352203E-05   4.352203E-05   4.352203E-05   4.352203E-05   4.352203E-05   4.352203E-05   4.352203E-05   4.352203E-05   4.352203E-05   4.352203E-05   4.352203E-05   4.352203E-05   4.352203E-05   4.352203E-05   4.352203E-05   4.352203E-05   4.352203E-05   4.352203E-05   4.352203E-05
   4.352203E-05   4.352203E-05   4.352203E-05   4.352203E-05   4.352203E-05   4.352203E-05   4.352203E-05   4.352203E-05   4.352203E-05   4.352203E-05   4.352203E-05   4.352203E-05   4.352203E-05   4.352203E-05   4.352203E-05   4.352203E-05   4.352203E-05   4.352203E-05   4.352203E-05   4.352203E-05
   4.352203E-05   4.352203E-05   4.352203E-05   4.352203E-05   2.972613E-05   2.972613E-05   2.972613E-05   4.352203E-05   4.352203E-05   4.352203E-05   4.352203E-05   4.352203E-05   4.352203E-05   4.352203E-05   4.352203E-05   4.352203E-05   4.352203E-05   4.352203E-05   4.352203E-05   4.352203E-05
   4.352203E-05   4.352203E-05   4.352203E-05   4.352203E-05   2.972613E-05   2.972613E-05   2.972613E-05   2.972613E-05   4.352203E-05   4.352203E-05   4.352203E-05   4.352203E-05   4.352203E-05   4.352203E-05   4.352203E-05   4.352203E-05   4.352203E-05   4.352203E-05   4.352203E-05   4.352203E-05
   4.352203E-05   4.352203E-05   4.352203E-05   4.352203E-05   2.972613E-05   2.972613E-05   2.972613E-05   2.972613E-05   4.352203E-05   4.352203E-05   4.352203E-05   4.352203E-05   4.352203E-05   4.352203E-05   4.352203E-05   4.352203E-05   4.352203E-05   4.352203E-05   4.352203E-05   4.352203E-05
   4.352203E-05   4.352203E-05   4.352203E-05   4.352203E-05   2.972613E-05   2.972613E-05   2.972613E-05   2.972613E-05   4.352203E-05   4.352203E-05   4.352203E-05   4.352203E-05   4.352203E-05   4.352203E-05   4.352203E-05   4.352203E-05   4.352203E-05   4.352203E-05   4.352203E-05   4.352203E-05
   4.352203E-05   4.352203E-05   4.352203E-05   4.352203E-05   2.972613E-05   2.972613E-05   2.972613E-05   2.972613E-05   4.352203E-05   4.352203E-05   4.352203E-05   4.352203E-05   4.352203E-05   4.352203E-05   4.352203E-05   4.352203E-05   4.352203E-05   4.352203E-05   4.352203E-05   4.352203E-05
   4.352203E-05   4.352203E-05   4.352203E-05   4.352203E-05   2.972613E-05   2.972613E-05   2.972613E-05   2.972613E-05   4.352203E-05   4.352203E-05   4.352203E-05   4.352203E-05   4.352203E-05   4.352203E-05   4.352203E-05   4.352203E-05   4.352203E-05   4.352203E-05   4.352203E-05   4.352203E-05
   4.352203E-05   4.352203E-05   4.352203E-05   4.352203E-05   2.972613E-05   2.972613E-05   2.972613E-05   2.972613E-05   4.352203E-05   4.352203E-05   4.352203E-05   4.352203E-05   4.352203E-05   4.352203E-05   4.352203E-05   4.352203E-05   4.352203E-05   4.352203E-05   4.352203E-05   4.352203E-05
   4.352203E-05   4.352203E-05   4.352203E-05   4.352203E-05   2.972613E-05   2.972613E-05   2.972613E-05   2.972613E-05   4.352203E-05   4.352203E-05   4.352203E-05   4.352203E-05   4.352203E-05   4.352203E-05   4.352203E-05   4.352203E-05   4.352203E-05   4.352203E-05   4.352203E-05   4.352203E-05
   4.352203E-05   4.352203E-05   4.352203E-05   4.352203E-05   2.972613E-05   2.972613E-05   2.972613E-05   2.972613E-05   4.352203E-05   4.352203E-05   4.352203E-05   4.352203E-05   4.352203E-05   4.352203E-05   4.352203E-05   4.352203E-05   4.352203E-05   4.352203E-05   4.352203E-05   4.352203E-05
   4.352203E-05   4.352203E-05   4.352203E-05   4.352203E-05   2.972613E-05   2.972613E-05   2.972613E-05   2.972613E-05   4.352203E-05   4.352203E-05   4.352203E-05   4.352203E-05   4.352203E-05   4.352203E-05   4.352203E-05   4.352203E-05   4.352203E-05   4.352203E-05   4.352203E-05   4.352203E-05
   4.352203E-05   4.352203E-05   4.352203E-05   4.352203E-05   2.972613E-05   2.972613E-05   2.972613E-05   2.972613E-05   4.352203E-05   4.352203E-05   4.352203E-05   4.352203E-05   4.352203E-05   4.352203E-05   4.352203E-05   4.352203E-05   4.352203E-05   4.352203E-05   4.352203E-05   4.352203E-05
   4.352203E-05   4.352203E-05   4.352203E-05   4.352203E-05   2.972613E-05   2.972613E-05   2.972613E-05   2.972613E-05   4.352203E-05   4.352203E-05   4.352203E-05   4.352203E-05   4.352203E-05   4.352203E-05   4.352203E-05   4.352203E-05   4.352203E-05   4.352203E-05   4.352203E-05   4.352203E-05
   4.352203E-05   4.352203E-05   4.352203E-05   4.352203E-05   2.972613E-05   2.972613E-05   2.972613E-05   2.972613E-05   4.352203E-05   4.352203E-05   4.352203E-05   4.352203E-05   4.352203E-05   4.352203E-05   4.352203E-05   4.352203E-05   4.352203E-05   4.352203E-05   4.352203E-05   4.352203E-05
   4.352203E-05   4.352203E-05   4.352203E-05   4.352203E-05   2.972613E-05   2.972613E-05   4.352203E-05   4.352203E-05   4.352203E-05   4.352203E-05   4.352203E-05   4.352203E-05   4.352203E-05   4.352203E-05   4.352203E-05   4.352203E-05   4.352203E-05   4.352203E-05   4.352203E-05   4.352203E-05
   4.352203E-05   4.352203E-05   4.352203E-05   4.352203E-05   4.352203E-05   2.972613E-05   4.352203E-05   4.352203E-05   4.352203E-05   4.352203E-05   4.352203E-05   4.352203E-05   4.352203E-05   4.352203E-05   4.352203E-05   4.352203E-05   4.352203E-05   4.352203E-05   4.352203E-05   4.352203E-05
   4.352203E-05   4.352203E-05   4.352203E-05   4.352203E-05   4.352203E-05   4.352203E-05   4.352203E-05   4.352203E-05   4.352203E-05   4.352203E-05   4.352203E-05   4.352203E-05   4.352203E-05   4.352203E-05   4.352203E-05   4.352203E-05   4.352203E-05   4.352203E-05   4.352203E-05   4.352203E-05
   4.352203E-05   4.352203E-05   4.352203E-05   4.352203E-05   4.352203E-05   4.352203E-05   4.352203E-05   4.352203E-05   4.352203E-05   4.352203E-05   4.352203E-05   4.352203E-05   4.352203E-05   4.352203E-05   4.352203E-05   4.352203E-05   4.352203E-05   4.352203E-05   4.352203E-05   4.352203E-05
   4.352203E-05   4.352203E-05   4.352203E-05   4.352203E-05   4.352203E-05   4.352203E-05   4.352203E-05   4.352203E-05   4.352203E-05   4.352203E-05   4.352203E-05   4.352203E-05   4.352203E-05   4.352203E-05   4.352203E-05   4.352203E-05   4.352203E-05   4.352203E-05   4.352203E-05   4.352203E-05
   4.352203E-05   4.352203E-05   4.352203E-05   4.352203E-05   4.352203E-05   4.352203E-05   4.352203E-05   4.352203E-05   4.352203E-05   4.352203E-05   4.352203E-05   4.352203E-05   4.352203E-05   4.352203E-05   4.352203E-05   4.352203E-05   4.352203E-05   4.352203E-05   4.352203E-05   4.352203E-05
   4.352203E-05   4.352203E-05   4.352203E-05   4.352203E-05   4.352203E-05   4.352203E-05   4.352203E-05   4.352203E-05   4.352203E-05   4.352203E-05   4.352203E-05   4.352203E-05   4.352203E-05   4.352203E-05   4.352203E-05   4.352203E-05   4.352203E-05   4.352203E-05   4.352203E-05   4.352203E-05
   4.352203E-05   4.352203E-05   4.352203E-05   4.352203E-05   4.352203E-05   4.352203E-05   4.352203E-05   4.352203E-05   4.352203E-05   4.352203E-05   4.352203E-05   4.352203E-05   4.352203E-05   4.352203E-05   4.352203E-05   4.352203E-05   4.352203E-05   4.352203E-05   4.352203E-05   4.352203E-05
   4.352203E-05   4.352203E-05   4.352203E-05   4.352203E-05   4.352203E-05   4.352203E-05   4.352203E-05   4.352203E-05   4.352203E-05   4.352203E-05   4.352203E-05   4.352203E-05   4.352203E-05   4.352203E-05   4.352203E-05   4.352203E-05   4.352203E-05   4.352203E-05   4.352203E-05   4.352203E-05
   4.352203E-05   4.352203E-05   4.352203E-05   4.352203E-05   4.352203E-05   4.352203E-05   4.352203E-05   4.352203E-05   4.352203E-05   4.352203E-05   4.352203E-05   4.352203E-05   4.352203E-05   4.352203E-05   4.352203E-05   4.352203E-05   4.352203E-05   4.352203E-05   4.352203E-05   4.352203E-05
   4.352203E-05   4.352203E-05   4.352203E-05   4.352203E-05   4.352203E-05   4.352203E-05   4.352203E-05   4.352203E-05   4.352203E-05   4.352203E-05   4.352203E-05   4.352203E-05   4.352203E-05   4.352203E-05   4.352203E-05   4.352203E-05   4.352203E-05   4.352203E-05   4.352203E-05   4.352203E-05
   2.972613E-05   4.352203E-05   4.352203E-05   4.352203E-05   4.352203E-05   4.352203E-05   4.352203E-05   4.352203E-05   4.352203E-05   4.352203E-05   4.352203E-05   4.352203E-05   4.352203E-05   4.352203E-05   4.352203E-05   4.352203E-05   4.352203E-05   4.352203E-05   4.352203E-05   4.352203E-05
   2.972613E-05   2.972613E-05   4.352203E-05   4.352203E-05   4.352203E-05   4.352203E-05   4.352203E-05   4.352203E-05   4.352203E-05   4.352203E-05   4.352203E-05   4.352203E-05   4.352203E-05   4.352203E-05   4.352203E-05   4.352203E-05   4.352203E-05   4.352203E-05   4.352203E-05   4.352203E-05
   2.972613E-05   2.972613E-05   2.972613E-05   4.352203E-05   4.352203E-05   4.352203E-05   4.352203E-05   4.352203E-05   4.352203E-05   4.352203E-05   4.352203E-05   4.352203E-05   4.352203E-05   4.352203E-05   4.352203E-05   4.352203E-05   4.352203E-05   4.352203E-05   4.352203E-05   4.352203E-05
   2.972613E-05   2.972613E-05   2.972613E-05   2.972613E-05   4.352203E-05   4.352203E-05   4.352203E-05   4.352203E-05   4.352203E-05   4.352203E-05   4.352203E-05   4.352203E-05   4.352203E-05   4.352203E-05   4.352203E-05   4.352203E-05   4.352203E-05   4.352203E-05   4.352203E-05   2.972613E-05
   2.972613E-05   2.972613E-05   2.972613E-05   2.972613E-05   4.352203E-05   4.352203E-05   4.352203E-05   4.352203E-05   4.352203E-05   4.352203E-05   4.352203E-05   4.352203E-05   4.352203E-05   4.352203E-05   4.352203E-05   4.352203E-05   4.352203E-05   4.352203E-05   4.352203E-05   2.972613E-05
   2.972613E-05   2.972613E-05   2.972613E-05   2.972613E-05   2.972613E-05   4.352203E-05   4.352203E-05   4.352203E-05   4.352203E-05   4.352203E-05   4.352203E-05   4.352203E-05   4.352203E-05   4.352203E-05   4.352203E-05   4.352203E-05   4.352203E-05   4.352203E-05   2.972613E-05   2.972613E-05
   2.972613E-05   2.972613E-05   2.972613E-05   2.972613E-05   2.972613E-05   4.352203E-05   4.352203E-05   4.352203E-05   4.352203E-05   4.352203E-05   4.352203E-05   4.352203E-05   4.352203E-05   4.352203E-05   4.352203E-05   4.352203E-05   4.352203E-05   2.972613E-05   2.972613E-05   2.972613E-05
   2.972613E-05   2.972613E-05   2.972613E-05   2.972613E-05   2.972613E-05   4.352203E-05   4.352203E-05   4.352203E-05   4.352203E-05   4.352203E-05   4.352203E-05   4.352203E-05   4.352203E-05   4.352203E-05   4.352203E-05   4.352203E-05   2.972613E-05   2.972613E-05   2.972613E-05   2.972613E-05
