2.972612999999999859e-05 2.972612999999999859e-05 2.972612999999999859e-05 2.972612999999999859e-05 2.972612999999999859e-05 2.972612999999999859e-05 2.972612999999999859e-05 2.972612999999999859e-05 2.972612999999999859e-05 2.972612999999999859e-05 2.972612999999999859e-05 2.972612999999999859e-05 2.972612999999999859e-05 2.972612999999999859e-05 2.972612999999999859e-05 2.972612999999999859e-05 2.972612999999999859e-05 2.972612999999999859e-05 2.972612999999999859e-05 2.972612999999999859e-05
2.972612999999999859e-05 2.972612999999999859e-05 2.972612999999999859e-05 2.972612999999999859e-05 2.972612999999999859e-05 2.972612999999999859e-05 2.972612999999999859e-05 2.972612999999999859e-05 2.972612999999999859e-05 2.972612999999999859e-05 2.972612999999999859e-05 2.972612999999999859e-05 2.972612999999999859e-05 2.972612999999999859e-05 2.972612999999999859e-05 2.972612999999999859e-05 2.972612999999999859e-05 2.972612999999999859e-05 2.972612999999999859e-05 2.972612999999999859e-05
2.972612999999999859e-05 2.972612999999999859e-05 2.972612999999999859e-05 2.972612999999999859e-05 2.972612999999999859e-05 2.972612999999999859e-05 2.972612999999999859e-05 2.972612999999999859e-05 2.972612999999999859e-05 2.972612999999999859e-05 2.972612999999999859e-05 2.972612999999999859e-05 2.972612999999999859e-05 2.972612999999999859e-05 2.972612999999999859e-05 2.972612999999999859e-05 2.972612999999999859e-05 2.972612999999999859e-05 2.972612999999999859e-05 2.972612999999999859e-05
2.972612999999999859e-05 2.972612999999999859e-05 2.972612999999999859e-05 2.972612999999999859e-05 2.972612999999999859e-05 2.972612999999999859e-05 2.972612999999999859e-05 2.972612999999999859e-05 2.972612999999999859e-05 2.972612999999999859e-05 2.972612999999999859e-05 2.972612999999999859e-05 2.972612999999999859e-05 2.972612999999999859e-05 2.972612999999999859e-05 2.972612999999999859e-05 2.972612999999999859e-05 2.972612999999999859e-05 2.972612999999999859e-05 2.972612999999999859e-05
2.972612999999999859e-05 2.972612999999999859e-05 2.972612999999999859e-05 2.972612999999999859e-05 2.972612999999999859e-05 2.972612999999999859e-05 2.972612999999999859e-05 2.972612999999999859e-05 2.972612999999999859e-05 2.972612999999999859e-05 2.972612999999999859e-05 2.972612999999999859e-05 2.972612999999999859e-05 2.972612999999999859e-05 2.972612999999999859e-05 2.972612999999999859e-05 2.972612999999999859e-05 2.972612999999999859e-05 2.972612999999999859e-05 2.972612999999999859e-05
2.972612999999999859e-05 2.972612999999999859e-05 2.972612999999999859e-05 2.972612999999999859e-05 2.972612999999999859e-05 2.972612999999999859e-05 2.972612999999999859e-05 2.972612999999999859e-05 2.972612999999999859e-05 2.972612999999999859e-05 2.972612999999999859e-05 2.972612999999999859e-05 2.972612999999999859e-05 2.972612999999999859e-05 2.972612999999999859e-05 2.972612999999999859e-05 2.972612999999999859e-05 2.972612999999999859e-05 2.972612999999999859e-05 2.972612999999999859e-05
2.972612999999999859e-05 2.972612999999999859e-05 2.972612999999999859e-05 2.972612999999999859e-05 2.972612999999999859e-05 2.972612999999999859e-05 2.972612999999999859e-05 2.972612999999999859e-05 2.972612999999999859e-05 2.972612999999999859e-05 2.972612999999999859e-05 2.972612999999999859e-05 2.972612999999999859e-05 2.972612999999999859e-05 2.972612999999999859e-05 2.972612999999999859e-05 2.972612999999999859e-05 2.972612999999999859e-05 2.972612999999999859e-05 2.972612999999999859e-05
2.972612999999999859e-05 2.972612999999999859e-05 2.972612999999999859e-05 2.972612999999999859e-05 2.972612999999999859e-05 2.972612999999999859e-05 2.972612999999999859e-05 2.972612999999999859e-05 2.972612999999999859e-05 2.972612999999999859e-05 2.972612999999999859e-05 2.972612999999999859e-05 2.972612999999999859e-05 2.972612999999999859e-05 2.972612999999999859e-05 2.972612999999999859e-05 2.972612999999999859e-05 2.972612999999999859e-05 2.972612999999999859e-05 2.972612999999999859e-05
2.972612999999999859e-05 2.972612999999999859e-05 2.972612999999999859e-05 2.972612999999999859e-05 2.972612999999999859e-05 2.972612999999999859e-05 2.972612999999999859e-05 2.972612999999999859e-05 2.972612999999999859e-05 2.972612999999999859e-05 2.972612999999999859e-05 2.972612999999999859e-05 2.972612999999999859e-05 2.972612999999999859e-05 2.972612999999999859e-05 2.972612999999999859e-05 2.972612999999999859e-05 2.972612999999999859e-05 2.972612999999999859e-05 2.972612999999999859e-05
2.972612999999999859e-05 2.972612999999999859e-05 2.972612999999999859e-05 2.972612999999999859e-05 2.972612999999999859e-05 2.972612999999999859e-05 2.972612999999999859e-05 2.972612999999999859e-05 2.972612999999999859e-05 2.972612999999999859e-05 2.972612999999999859e-05 2.972612999999999859e-05 2.972612999999999859e-05 2.972612999999999859e-05 2.972612999999999859e-05 2.972612999999999859e-05 2.972612999999999859e-05 2.972612999999999859e-05 2.972612999999999859e-05 2.972612999999999859e-05
2.972612999999999859e-05 2.972612999999999859e-05 2.972612999999999859e-05 2.972612999999999859e-05 2.972612999999999859e-05 2.972612999999999859e-05 2.972612999999999859e-05 2.972612999999999859e-05 2.972612999999999859e-05 2.972612999999999859e-05 2.972612999999999859e-05 2.972612999999999859e-05 2.972612999999999859e-05 2.972612999999999859e-05 2.972612999999999859e-05 2.972612999999999859e-05 2.972612999999999859e-05 2.972612999999999859e-05 2.972612999999999859e-05 2.972612999999999859e-05
2.972612999999999859e-05 2.972612999999999859e-05 2.972612999999999859e-05 2.972612999999999859e-05 2.972612999999999859e-05 2.972612999999999859e-05 2.972612999999999859e-05 2.972612999999999859e-05 2.972612999999999859e-05 2.972612999999999859e-05 2.972612999999999859e-05 2.972612999999999859e-05 2.972612999999999859e-05 2.972612999999999859e-05 2.972612999999999859e-05 2.972612999999999859e-05 2.972612999999999859e-05 2.972612999999999859e-05 2.972612999999999859e-05 2.972612999999999859e-05
2.972612999999999859e-05 2.972612999999999859e-05 2.972612999999999859e-05 2.972612999999999859e-05 2.972612999999999859e-05 2.972612999999999859e-05 2.972612999999999859e-05 2.972612999999999859e-05 2.972612999999999859e-05 2.972612999999999859e-05 2.972612999999999859e-05 2.972612999999999859e-05 2.972612999999999859e-05 2.972612999999999859e-05 2.972612999999999859e-05 2.972612999999999859e-05 2.972612999999999859e-05 2.972612999999999859e-05 2.972612999999999859e-05 2.972612999999999859e-05
2.972612999999999859e-05 2.972612999999999859e-05 2.972612999999999859e-05 2.972612999999999859e-05 2.972612999999999859e-05 2.972612999999999859e-05 2.972612999999999859e-05 2.972612999999999859e-05 2.972612999999999859e-05 2.972612999999999859e-05 2.972612999999999859e-05 2.972612999999999859e-05 2.972612999999999859e-05 2.972612999999999859e-05 2.972612999999999859e-05 2.972612999999999859e-05 2.972612999999999859e-05 2.972612999999999859e-05 2.972612999999999859e-05 2.972612999999999859e-05
2.972612999999999859e-05 2.972612999999999859e-05 2.972612999999999859e-05 2.972612999999999859e-05 2.972612999999999859e-05 2.972612999999999859e-05 2.972612999999999859e-05 2.972612999999999859e-05 2.972612999999999859e-05 2.972612999999999859e-05 2.972612999999999859e-05 2.972612999999999859e-05 2.972612999999999859e-05 2.972612999999999859e-05 2.972612999999999859e-05 2.972612999999999859e-05 2.972612999999999859e-05 2.972612999999999859e-05 2.972612999999999859e-05 2.972612999999999859e-05
2.972612999999999859e-05 2.972612999999999859e-05 2.972612999999999859e-05 2.972612999999999859e-05 2.972612999999999859e-05 2.972612999999999859e-05 2.972612999999999859e-05 2.972612999999999859e-05 2.972612999999999859e-05 2.972612999999999859e-05 2.972612999999999859e-05 2.972612999999999859e-05 2.972612999999999859e-05 2.972612999999999859e-05 2.972612999999999859e-05 2.972612999999999859e-05 2.972612999999999859e-05 2.972612999999999859e-05 2.972612999999999859e-05 2.972612999999999859e-05
2.972612999999999859e-05 2.972612999999999859e-05 2.972612999999999859e-05 2.972612999999999859e-05 2.972612999999999859e-05 2.972612999999999859e-05 2.972612999999999859e-05 2.972612999999999859e-05 2.972612999999999859e-05 2.972612999999999859e-05 2.972612999999999859e-05 2.972612999999999859e-05 2.972612999999999859e-05 2.972612999999999859e-05 2.972612999999999859e-05 2.972612999999999859e-05 2.972612999999999859e-05 2.972612999999999859e-05 2.972612999999999859e-05 2.972612999999999859e-05
2.972612999999999859e-05 2.972612999999999859e-05 2.972612999999999859e-05 2.972612999999999859e-05 2.972612999999999859e-05 2.972612999999999859e-05 2.972612999999999859e-05 2.972612999999999859e-05 2.972612999999999859e-05 2.972612999999999859e-05 2.972612999999999859e-05 2.972612999999999859e-05 2.972612999999999859e-05 2.972612999999999859e-05 2.972612999999999859e-05 2.972612999999999859e-05 2.972612999999999859e-05 2.972612999999999859e-05 2.972612999999999859e-05 2.972612999999999859e-05
2.972612999999999859e-05 2.972612999999999859e-05 2.972612999999999859e-05 2.972612999999999859e-05 2.972612999999999859e-05 2.972612999999999859e-05 2.972612999999999859e-05 2.972612999999999859e-05 2.972612999999999859e-05 2.972612999999999859e-05 2.972612999999999859e-05 2.972612999999999859e-05 2.972612999999999859e-05 2.972612999999999859e-05 2.972612999999999859e-05 2.972612999999999859e-05 2.972612999999999859e-05 2.972612999999999859e-05 2.972612999999999859e-05 2.972612999999999859e-05
2.972612999999999859e-05 2.972612999999999859e-05 2.972612999999999859e-05 2.972612999999999859e-05 2.972612999999999859e-05 2.972612999999999859e-05 2.972612999999999859e-05 2.972612999999999859e-05 2.972612999999999859e-05 2.972612999999999859e-05 2.972612999999999859e-05 2.972612999999999859e-05 2.972612999999999859e-05 2.972612999999999859e-05 2.972612999999999859e-05 2.972612999999999859e-05 2.972612999999999859e-05 2.972612999999999859e-05 2.972612999999999859e-05 2.972612999999999859e-05
2.972612999999999859e-05 2.972612999999999859e-05 2.972612999999999859e-05 2.972612999999999859e-05 2.972612999999999859e-05 2.972612999999999859e-05 2.972612999999999859e-05 2.972612999999999859e-05 2.972612999999999859e-05 2.972612999999999859e-05 2.972612999999999859e-05 2.972612999999999859e-05 2.972612999999999859e-05 2.972612999999999859e-05 2.972612999999999859e-05 2.972612999999999859e-05 2.972612999999999859e-05 2.972612999999999859e-05 2.972612999999999859e-05 2.972612999999999859e-05
2.972612999999999859e-05 2.972612999999999859e-05 2.972612999999999859e-05 2.972612999999999859e-05 2.972612999999999859e-05 2.972612999999999859e-05 2.972612999999999859e-05 2.972612999999999859e-05 2.972612999999999859e-05 2.972612999999999859e-05 2.972612999999999859e-05 2.972612999999999859e-05 2.972612999999999859e-05 2.972612999999999859e-05 2.972612999999999859e-05 2.972612999999999859e-05 2.972612999999999859e-05 2.972612999999999859e-05 2.972612999999999859e-05 2.972612999999999859e-05
2.972612999999999859e-05 2.972612999999999859e-05 2.972612999999999859e-05 2.972612999999999859e-05 2.972612999999999859e-05 2.972612999999999859e-05 2.972612999999999859e-05 2.972612999999999859e-05 2.972612999999999859e-05 2.972612999999999859e-05 2.972612999999999859e-05 2.972612999999999859e-05 2.972612999999999859e-05 2.972612999999999859e-05 2.972612999999999859e-05 2.972612999999999859e-05 2.972612999999999859e-05 2.972612999999999859e-05 2.972612999999999859e-05 2.972612999999999859e-05
2.972612999999999859e-05 2.972612999999999859e-05 2.972612999999999859e-05 2.972612999999999859e-05 2.972612999999999859e-05 2.972612999999999859e-05 2.972612999999999859e-05 2.972612999999999859e-05 2.972612999999999859e-05 2.972612999999999859e-05 2.972612999999999859e-05 2.972612999999999859e-05 2.972612999999999859e-05 2.972612999999999859e-05 2.972612999999999859e-05 2.972612999999999859e-05 2.972612999999999859e-05 2.972612999999999859e-05 2.972612999999999859e-05 2.972612999999999859e-05
2.972612999999999859e-05 2.972612999999999859e-05 2.972612999999999859e-05 2.972612999999999859e-05 2.972612999999999859e-05 2.972612999999999859e-05 2.972612999999999859e-05 2.972612999999999859e-05 2.972612999999999859e-05 2.972612999999999859e-05 2.972612999999999859e-05 2.972612999999999859e-05 2.972612999999999859e-05 2.972612999999999859e-05 2.972612999999999859e-05 2.972612999999999859e-05 2.972612999999999859e-05 2.972612999999999859e-05 2.972612999999999859e-05 2.972612999999999859e-05
2.972612999999999859e-05 2.972612999999999859e-05 2.972612999999999859e-05 2.972612999999999859e-05 2.972612999999999859e-05 2.972612999999999859e-05 2.972612999999999859e-05 2.972612999999999859e-05 2.972612999999999859e-05 2.972612999999999859e-05 2.972612999999999859e-05 2.972612999999999859e-05 2.972612999999999859e-05 2.972612999999999859e-05 2.972612999999999859e-05 2.972612999999999859e-05 2.972612999999999859e-05 2.972612999999999859e-05 2.972612999999999859e-05 2.972612999999999859e-05
2.972612999999999859e-05 2.972612999999999859e-05 2.972612999999999859e-05 2.972612999999999859e-05 2.972612999999999859e-05 2.972612999999999859e-05 2.972612999999999859e-05 2.972612999999999859e-05 2.972612999999999859e-05 2.972612999999999859e-05 2.972612999999999859e-05 2.972612999999999859e-05 2.972612999999999859e-05 2.972612999999999859e-05 2.972612999999999859e-05 2.972612999999999859e-05 2.972612999999999859e-05 2.972612999999999859e-05 2.972612999999999859e-05 2.972612999999999859e-05
2.972612999999999859e-05 2.972612999999999859e-05 2.972612999999999859e-05 2.972612999999999859e-05 2.972612999999999859e-05 2.972612999999999859e-05 2.972612999999999859e-05 2.972612999999999859e-05 2.972612999999999859e-05 2.972612999999999859e-05 2.972612999999999859e-05 2.972612999999999859e-05 2.972612999999999859e-05 2.972612999999999859e-05 2.972612999999999859e-05 2.972612999999999859e-05 2.972612999999999859e-05 2.972612999999999859e-05 2.972612999999999859e-05 2.972612999999999859e-05
2.972612999999999859e-05 2.972612999999999859e-05 2.972612999999999859e-05 2.972612999999999859e-05 2.972612999999999859e-05 2.972612999999999859e-05 2.972612999999999859e-05 2.972612999999999859e-05 2.972612999999999859e-05 2.972612999999999859e-05 2.972612999999999859e-05 2.972612999999999859e-05 2.972612999999999859e-05 2.972612999999999859e-05 2.972612999999999859e-05 2.972612999999999859e-05 2.972612999999999859e-05 2.972612999999999859e-05 2.972612999999999859e-05 2.972612999999999859e-05
2.972612999999999859e-05 2.972612999999999859e-05 2.972612999999999859e-05 2.972612999999999859e-05 2.972612999999999859e-05 2.972612999999999859e-05 2.972612999999999859e-05 2.972612999999999859e-05 2.972612999999999859e-05 2.972612999999999859e-05 2.972612999999999859e-05 2.972612999999999859e-05 2.972612999999999859e-05 2.972612999999999859e-05 2.972612999999999859e-05 2.972612999999999859e-05 2.972612999999999859e-05 2.972612999999999859e-05 2.972612999999999859e-05 2.972612999999999859e-05
2.972612999999999859e-05 2.972612999999999859e-05 2.972612999999999859e-05 2.972612999999999859e-05 2.972612999999999859e-05 2.972612999999999859e-05 2.972612999999999859e-05 2.972612999999999859e-05 2.972612999999999859e-05 2.972612999999999859e-05 2.972612999999999859e-05 2.972612999999999859e-05 2.972612999999999859e-05 2.972612999999999859e-05 2.972612999999999859e-05 2.972612999999999859e-05 2.972612999999999859e-05 2.972612999999999859e-05 2.972612999999999859e-05 2.972612999999999859e-05
2.972612999999999859e-05 2.972612999999999859e-05 2.972612999999999859e-05 2.972612999999999859e-05 2.972612999999999859e-05 2.972612999999999859e-05 2.972612999999999859e-05 2.972612999999999859e-05 2.972612999999999859e-05 2.972612999999999859e-05 2.972612999999999859e-05 2.972612999999999859e-05 2.972612999999999859e-05 2.972612999999999859e-05 2.972612999999999859e-05 2.972612999999999859e-05 2.972612999999999859e-05 2.972612999999999859e-05 2.972612999999999859e-05 2.972612999999999859e-05
2.972612999999999859e-05 2.972612999999999859e-05 2.972612999999999859e-05 2.972612999999999859e-05 2.972612999999999859e-05 2.972612999999999859e-05 2.972612999999999859e-05 2.972612999999999859e-05 2.972612999999999859e-05 2.972612999999999859e-05 2.972612999999999859e-05 2.972612999999999859e-05 2.972612999999999859e-05 2.972612999999999859e-05 2.972612999999999859e-05 2.972612999999999859e-05 2.972612999999999859e-05 2.972612999999999859e-05 2.972612999999999859e-05 2.972612999999999859e-05
2.972612999999999859e-05 2.972612999999999859e-05 2.972612999999999859e-05 2.972612999999999859e-05 2.972612999999999859e-05 2.972612999999999859e-05 2.972612999999999859e-05 2.972612999999999859e-05 2.972612999999999859e-05 2.972612999999999859e-05 2.972612999999999859e-05 2.972612999999999859e-05 2.972612999999999859e-05 2.972612999999999859e-05 2.972612999999999859e-05 2.972612999999999859e-05 2.972612999999999859e-05 2.972612999999999859e-05 2.972612999999999859e-05 2.972612999999999859e-05
2.972612999999999859e-05 2.972612999999999859e-05 2.972612999999999859e-05 2.972612999999999859e-05 2.972612999999999859e-05 2.972612999999999859e-05 2.972612999999999859e-05 2.972612999999999859e-05 2.972612999999999859e-05 2.972612999999999859e-05 2.972612999999999859e-05 2.972612999999999859e-05 2.972612999999999859e-05 2.972612999999999859e-05 2.972612999999999859e-05 2.972612999999999859e-05 2.972612999999999859e-05 2.972612999999999859e-05 2.972612999999999859e-05 2.972612999999999859e-05
2.972612999999999859e-05 2.972612999999999859e-05 2.972612999999999859e-05 2.972612999999999859e-05 2.972612999999999859e-05 2.972612999999999859e-05 2.972612999999999859e-05 2.972612999999999859e-05 2.972612999999999859e-05 2.972612999999999859e-05 2.972612999999999859e-05 2.972612999999999859e-05 2.972612999999999859e-05 2.972612999999999859e-05 2.972612999999999859e-05 2.972612999999999859e-05 2.972612999999999859e-05 2.972612999999999859e-05 2.972612999999999859e-05 2.972612999999999859e-05
2.972612999999999859e-05 2.972612999999999859e-05 2.972612999999999859e-05 2.972612999999999859e-05 2.972612999999999859e-05 2.972612999999999859e-05 2.972612999999999859e-05 2.972612999999999859e-05 2.972612999999999859e-05 2.972612999999999859e-05 2.972612999999999859e-05 2.972612999999999859e-05 2.972612999999999859e-05 2.972612999999999859e-05 2.972612999999999859e-05 2.972612999999999859e-05 2.972612999999999859e-05 2.972612999999999859e-05 2.972612999999999859e-05 2.972612999999999859e-05
2.972612999999999859e-05 2.972612999999999859e-05 2.972612999999999859e-05 2.972612999999999859e-05 2.972612999999999859e-05 2.972612999999999859e-05 2.972612999999999859e-05 2.972612999999999859e-05 2.972612999999999859e-05 2.972612999999999859e-05 2.972612999999999859e-05 2.972612999999999859e-05 2.972612999999999859e-05 2.972612999999999859e-05 2.972612999999999859e-05 2.972612999999999859e-05 2.972612999999999859e-05 2.972612999999999859e-05 2.972612999999999859e-05 2.972612999999999859e-05
2.972612999999999859e-05 2.972612999999999859e-05 2.972612999999999859e-05 2.972612999999999859e-05 2.972612999999999859e-05 2.972612999999999859e-05 2.972612999999999859e-05 2.972612999999999859e-05 2.972612999999999859e-05 2.972612999999999859e-05 2.972612999999999859e-05 2.972612999999999859e-05 2.972612999999999859e-05 2.972612999999999859e-05 2.972612999999999859e-05 2.972612999999999859e-05 2.972612999999999859e-05 2.972612999999999859e-05 2.972612999999999859e-05 2.972612999999999859e-05
2.972612999999999859e-05 2.972612999999999859e-05 2.972612999999999859e-05 2.972612999999999859e-05 2.972612999999999859e-05 2.972612999999999859e-05 2.972612999999999859e-05 2.972612999999999859e-05 2.972612999999999859e-05 2.972612999999999859e-05 2.972612999999999859e-05 2.972612999999999859e-05 2.972612999999999859e-05 2.972612999999999859e-05 2.972612999999999859e-05 2.972612999999999859e-05 2.972612999999999859e-05 2.972612999999999859e-05 2.972612999999999859e-05 2.972612999999999859e-05
