9.526196999999999486e-05 9.526196999999999486e-05 9.526196999999999486e-05 9.526196999999999486e-05 9.526196999999999486e-05 9.526196999999999486e-05 9.526196999999999486e-05 9.526196999999999486e-05 9.526196999999999486e-05 9.526196999999999486e-05 9.526196999999999486e-05 9.526196999999999486e-05 9.526196999999999486e-05 9.526196999999999486e-05 9.526196999999999486e-05 9.526196999999999486e-05 9.526196999999999486e-05 9.526196999999999486e-05 9.526196999999999486e-05 9.526196999999999486e-05
9.526196999999999486e-05 9.526196999999999486e-05 9.526196999999999486e-05 9.526196999999999486e-05 9.526196999999999486e-05 9.526196999999999486e-05 9.526196999999999486e-05 9.526196999999999486e-05 9.526196999999999486e-05 9.526196999999999486e-05 9.526196999999999486e-05 9.526196999999999486e-05 9.526196999999999486e-05 9.526196999999999486e-05 9.526196999999999486e-05 9.526196999999999486e-05 9.526196999999999486e-05 9.526196999999999486e-05 9.526196999999999486e-05 9.526196999999999486e-05
9.526196999999999486e-05 9.526196999999999486e-05 9.526196999999999486e-05 9.526196999999999486e-05 9.526196999999999486e-05 9.526196999999999486e-05 9.526196999999999486e-05 9.526196999999999486e-05 9.526196999999999486e-05 9.526196999999999486e-05 9.526196999999999486e-05 9.526196999999999486e-05 9.526196999999999486e-05 9.526196999999999486e-05 9.526196999999999486e-05 9.526196999999999486e-05 9.526196999999999486e-05 9.526196999999999486e-05 9.526196999999999486e-05 9.526196999999999486e-05
9.526196999999999486e-05 9.526196999999999486e-05 9.526196999999999486e-05 9.526196999999999486e-05 9.526196999999999486e-05 9.526196999999999486e-05 9.526196999999999486e-05 9.526196999999999486e-05 9.526196999999999486e-05 9.526196999999999486e-05 9.526196999999999486e-05 9.526196999999999486e-05 9.526196999999999486e-05 9.526196999999999486e-05 9.526196999999999486e-05 9.526196999999999486e-05 9.526196999999999486e-05 9.526196999999999486e-05 9.526196999999999486e-05 9.526196999999999486e-05
9.526196999999999486e-05 9.526196999999999486e-05 9.526196999999999486e-05 9.526196999999999486e-05 9.526196999999999486e-05 9.526196999999999486e-05 9.526196999999999486e-05 9.526196999999999486e-05 9.526196999999999486e-05 9.526196999999999486e-05 9.526196999999999486e-05 9.526196999999999486e-05 9.526196999999999486e-05 9.526196999999999486e-05 9.526196999999999486e-05 9.526196999999999486e-05 9.526196999999999486e-05 9.526196999999999486e-05 9.526196999999999486e-05 9.526196999999999486e-05
9.526196999999999486e-05 9.526196999999999486e-05 9.526196999999999486e-05 9.526196999999999486e-05 9.526196999999999486e-05 9.526196999999999486e-05 9.526196999999999486e-05 9.526196999999999486e-05 9.526196999999999486e-05 9.526196999999999486e-05 9.526196999999999486e-05 9.526196999999999486e-05 9.526196999999999486e-05 9.526196999999999486e-05 9.526196999999999486e-05 9.526196999999999486e-05 9.526196999999999486e-05 9.526196999999999486e-05 9.526196999999999486e-05 9.526196999999999486e-05
9.526196999999999486e-05 9.526196999999999486e-05 9.526196999999999486e-05 9.526196999999999486e-05 9.526196999999999486e-05 9.526196999999999486e-05 9.526196999999999486e-05 9.526196999999999486e-05 9.526196999999999486e-05 9.526196999999999486e-05 9.526196999999999486e-05 9.526196999999999486e-05 9.526196999999999486e-05 9.526196999999999486e-05 9.526196999999999486e-05 9.526196999999999486e-05 9.526196999999999486e-05 9.526196999999999486e-05 9.526196999999999486e-05 9.526196999999999486e-05
9.526196999999999486e-05 9.526196999999999486e-05 9.526196999999999486e-05 9.526196999999999486e-05 9.526196999999999486e-05 9.526196999999999486e-05 9.526196999999999486e-05 9.526196999999999486e-05 9.526196999999999486e-05 9.526196999999999486e-05 9.526196999999999486e-05 9.526196999999999486e-05 9.526196999999999486e-05 9.526196999999999486e-05 9.526196999999999486e-05 9.526196999999999486e-05 9.526196999999999486e-05 9.526196999999999486e-05 9.526196999999999486e-05 9.526196999999999486e-05
9.526196999999999486e-05 9.526196999999999486e-05 9.526196999999999486e-05 9.526196999999999486e-05 9.526196999999999486e-05 9.526196999999999486e-05 9.526196999999999486e-05 9.526196999999999486e-05 9.526196999999999486e-05 9.526196999999999486e-05 9.526196999999999486e-05 9.526196999999999486e-05 9.526196999999999486e-05 9.526196999999999486e-05 9.526196999999999486e-05 9.526196999999999486e-05 9.526196999999999486e-05 9.526196999999999486e-05 9.526196999999999486e-05 9.526196999999999486e-05
9.526196999999999486e-05 9.526196999999999486e-05 9.526196999999999486e-05 9.526196999999999486e-05 9.526196999999999486e-05 9.526196999999999486e-05 9.526196999999999486e-05 9.526196999999999486e-05 9.526196999999999486e-05 9.526196999999999486e-05 9.526196999999999486e-05 9.526196999999999486e-05 9.526196999999999486e-05 9.526196999999999486e-05 9.526196999999999486e-05 9.526196999999999486e-05 9.526196999999999486e-05 9.526196999999999486e-05 9.526196999999999486e-05 9.526196999999999486e-05
9.526196999999999486e-05 9.526196999999999486e-05 9.526196999999999486e-05 9.526196999999999486e-05 9.526196999999999486e-05 9.526196999999999486e-05 9.526196999999999486e-05 9.526196999999999486e-05 9.526196999999999486e-05 9.526196999999999486e-05 9.526196999999999486e-05 9.526196999999999486e-05 9.526196999999999486e-05 9.526196999999999486e-05 9.526196999999999486e-05 9.526196999999999486e-05 9.526196999999999486e-05 9.526196999999999486e-05 9.526196999999999486e-05 9.526196999999999486e-05
9.526196999999999486e-05 9.526196999999999486e-05 9.526196999999999486e-05 9.526196999999999486e-05 9.526196999999999486e-05 9.526196999999999486e-05 9.526196999999999486e-05 9.526196999999999486e-05 9.526196999999999486e-05 9.526196999999999486e-05 9.526196999999999486e-05 9.526196999999999486e-05 9.526196999999999486e-05 9.526196999999999486e-05 9.526196999999999486e-05 9.526196999999999486e-05 9.526196999999999486e-05 9.526196999999999486e-05 9.526196999999999486e-05 9.526196999999999486e-05
9.526196999999999486e-05 9.526196999999999486e-05 9.526196999999999486e-05 9.526196999999999486e-05 9.526196999999999486e-05 9.526196999999999486e-05 9.526196999999999486e-05 9.526196999999999486e-05 9.526196999999999486e-05 9.526196999999999486e-05 9.526196999999999486e-05 9.526196999999999486e-05 9.526196999999999486e-05 9.526196999999999486e-05 9.526196999999999486e-05 9.526196999999999486e-05 9.526196999999999486e-05 9.526196999999999486e-05 9.526196999999999486e-05 9.526196999999999486e-05
9.526196999999999486e-05 9.526196999999999486e-05 9.526196999999999486e-05 9.526196999999999486e-05 9.526196999999999486e-05 9.526196999999999486e-05 9.526196999999999486e-05 9.526196999999999486e-05 9.526196999999999486e-05 9.526196999999999486e-05 9.526196999999999486e-05 9.526196999999999486e-05 9.526196999999999486e-05 9.526196999999999486e-05 9.526196999999999486e-05 9.526196999999999486e-05 9.526196999999999486e-05 9.526196999999999486e-05 9.526196999999999486e-05 9.526196999999999486e-05
9.526196999999999486e-05 9.526196999999999486e-05 9.526196999999999486e-05 9.526196999999999486e-05 9.526196999999999486e-05 9.526196999999999486e-05 9.526196999999999486e-05 9.526196999999999486e-05 9.526196999999999486e-05 9.526196999999999486e-05 9.526196999999999486e-05 9.526196999999999486e-05 9.526196999999999486e-05 9.526196999999999486e-05 9.526196999999999486e-05 9.526196999999999486e-05 9.526196999999999486e-05 9.526196999999999486e-05 9.526196999999999486e-05 9.526196999999999486e-05
9.526196999999999486e-05 9.526196999999999486e-05 9.526196999999999486e-05 9.526196999999999486e-05 9.526196999999999486e-05 9.526196999999999486e-05 9.526196999999999486e-05 9.526196999999999486e-05 9.526196999999999486e-05 9.526196999999999486e-05 9.526196999999999486e-05 9.526196999999999486e-05 9.526196999999999486e-05 9.526196999999999486e-05 9.526196999999999486e-05 9.526196999999999486e-05 9.526196999999999486e-05 9.526196999999999486e-05 9.526196999999999486e-05 9.526196999999999486e-05
9.526196999999999486e-05 9.526196999999999486e-05 9.526196999999999486e-05 9.526196999999999486e-05 9.526196999999999486e-05 9.526196999999999486e-05 9.526196999999999486e-05 9.526196999999999486e-05 9.526196999999999486e-05 9.526196999999999486e-05 9.526196999999999486e-05 9.526196999999999486e-05 9.526196999999999486e-05 9.526196999999999486e-05 9.526196999999999486e-05 9.526196999999999486e-05 9.526196999999999486e-05 9.526196999999999486e-05 9.526196999999999486e-05 9.526196999999999486e-05
9.526196999999999486e-05 9.526196999999999486e-05 9.526196999999999486e-05 9.526196999999999486e-05 9.526196999999999486e-05 9.526196999999999486e-05 9.526196999999999486e-05 9.526196999999999486e-05 9.526196999999999486e-05 9.526196999999999486e-05 9.526196999999999486e-05 9.526196999999999486e-05 9.526196999999999486e-05 9.526196999999999486e-05 9.526196999999999486e-05 9.526196999999999486e-05 9.526196999999999486e-05 9.526196999999999486e-05 9.526196999999999486e-05 9.526196999999999486e-05
9.526196999999999486e-05 9.526196999999999486e-05 9.526196999999999486e-05 9.526196999999999486e-05 9.526196999999999486e-05 9.526196999999999486e-05 9.526196999999999486e-05 9.526196999999999486e-05 9.526196999999999486e-05 9.526196999999999486e-05 9.526196999999999486e-05 9.526196999999999486e-05 9.526196999999999486e-05 9.526196999999999486e-05 9.526196999999999486e-05 9.526196999999999486e-05 9.526196999999999486e-05 9.526196999999999486e-05 9.526196999999999486e-05 9.526196999999999486e-05
9.526196999999999486e-05 9.526196999999999486e-05 9.526196999999999486e-05 9.526196999999999486e-05 9.526196999999999486e-05 9.526196999999999486e-05 9.526196999999999486e-05 9.526196999999999486e-05 9.526196999999999486e-05 9.526196999999999486e-05 9.526196999999999486e-05 9.526196999999999486e-05 9.526196999999999486e-05 9.526196999999999486e-05 9.526196999999999486e-05 9.526196999999999486e-05 9.526196999999999486e-05 9.526196999999999486e-05 9.526196999999999486e-05 9.526196999999999486e-05
9.526196999999999486e-05 9.526196999999999486e-05 9.526196999999999486e-05 9.526196999999999486e-05 9.526196999999999486e-05 9.526196999999999486e-05 9.526196999999999486e-05 9.526196999999999486e-05 9.526196999999999486e-05 9.526196999999999486e-05 9.526196999999999486e-05 9.526196999999999486e-05 9.526196999999999486e-05 9.526196999999999486e-05 9.526196999999999486e-05 9.526196999999999486e-05 9.526196999999999486e-05 9.526196999999999486e-05 9.526196999999999486e-05 9.526196999999999486e-05
9.526196999999999486e-05 9.526196999999999486e-05 9.526196999999999486e-05 9.526196999999999486e-05 9.526196999999999486e-05 9.526196999999999486e-05 9.526196999999999486e-05 9.526196999999999486e-05 9.526196999999999486e-05 9.526196999999999486e-05 9.526196999999999486e-05 9.526196999999999486e-05 9.526196999999999486e-05 9.526196999999999486e-05 9.526196999999999486e-05 9.526196999999999486e-05 9.526196999999999486e-05 9.526196999999999486e-05 9.526196999999999486e-05 9.526196999999999486e-05
9.526196999999999486e-05 9.526196999999999486e-05 9.526196999999999486e-05 9.526196999999999486e-05 9.526196999999999486e-05 9.526196999999999486e-05 9.526196999999999486e-05 9.526196999999999486e-05 9.526196999999999486e-05 9.526196999999999486e-05 9.526196999999999486e-05 9.526196999999999486e-05 9.526196999999999486e-05 9.526196999999999486e-05 9.526196999999999486e-05 9.526196999999999486e-05 9.526196999999999486e-05 9.526196999999999486e-05 9.526196999999999486e-05 9.526196999999999486e-05
9.526196999999999486e-05 9.526196999999999486e-05 9.526196999999999486e-05 9.526196999999999486e-05 9.526196999999999486e-05 9.526196999999999486e-05 9.526196999999999486e-05 9.526196999999999486e-05 9.526196999999999486e-05 9.526196999999999486e-05 9.526196999999999486e-05 9.526196999999999486e-05 9.526196999999999486e-05 9.526196999999999486e-05 9.526196999999999486e-05 9.526196999999999486e-05 9.526196999999999486e-05 9.526196999999999486e-05 9.526196999999999486e-05 9.526196999999999486e-05
9.526196999999999486e-05 9.526196999999999486e-05 9.526196999999999486e-05 9.526196999999999486e-05 9.526196999999999486e-05 9.526196999999999486e-05 9.526196999999999486e-05 9.526196999999999486e-05 9.526196999999999486e-05 9.526196999999999486e-05 9.526196999999999486e-05 9.526196999999999486e-05 9.526196999999999486e-05 9.526196999999999486e-05 9.526196999999999486e-05 9.526196999999999486e-05 9.526196999999999486e-05 9.526196999999999486e-05 9.526196999999999486e-05 9.526196999999999486e-05
9.526196999999999486e-05 9.526196999999999486e-05 9.526196999999999486e-05 9.526196999999999486e-05 9.526196999999999486e-05 9.526196999999999486e-05 9.526196999999999486e-05 9.526196999999999486e-05 9.526196999999999486e-05 9.526196999999999486e-05 9.526196999999999486e-05 9.526196999999999486e-05 9.526196999999999486e-05 9.526196999999999486e-05 9.526196999999999486e-05 9.526196999999999486e-05 9.526196999999999486e-05 9.526196999999999486e-05 9.526196999999999486e-05 9.526196999999999486e-05
9.526196999999999486e-05 9.526196999999999486e-05 9.526196999999999486e-05 9.526196999999999486e-05 9.526196999999999486e-05 9.526196999999999486e-05 9.526196999999999486e-05 9.526196999999999486e-05 9.526196999999999486e-05 9.526196999999999486e-05 9.526196999999999486e-05 9.526196999999999486e-05 9.526196999999999486e-05 9.526196999999999486e-05 9.526196999999999486e-05 9.526196999999999486e-05 9.526196999999999486e-05 9.526196999999999486e-05 9.526196999999999486e-05 9.526196999999999486e-05
9.526196999999999486e-05 9.526196999999999486e-05 9.526196999999999486e-05 9.526196999999999486e-05 9.526196999999999486e-05 9.526196999999999486e-05 9.526196999999999486e-05 9.526196999999999486e-05 9.526196999999999486e-05 9.526196999999999486e-05 9.526196999999999486e-05 9.526196999999999486e-05 9.526196999999999486e-05 9.526196999999999486e-05 9.526196999999999486e-05 9.526196999999999486e-05 9.526196999999999486e-05 9.526196999999999486e-05 9.526196999999999486e-05 9.526196999999999486e-05
9.526196999999999486e-05 9.526196999999999486e-05 9.526196999999999486e-05 9.526196999999999486e-05 9.526196999999999486e-05 9.526196999999999486e-05 9.526196999999999486e-05 9.526196999999999486e-05 9.526196999999999486e-05 9.526196999999999486e-05 9.526196999999999486e-05 9.526196999999999486e-05 9.526196999999999486e-05 9.526196999999999486e-05 9.526196999999999486e-05 9.526196999999999486e-05 9.526196999999999486e-05 9.526196999999999486e-05 9.526196999999999486e-05 9.526196999999999486e-05
9.526196999999999486e-05 9.526196999999999486e-05 9.526196999999999486e-05 9.526196999999999486e-05 9.526196999999999486e-05 9.526196999999999486e-05 9.526196999999999486e-05 9.526196999999999486e-05 9.526196999999999486e-05 9.526196999999999486e-05 9.526196999999999486e-05 9.526196999999999486e-05 9.526196999999999486e-05 9.526196999999999486e-05 9.526196999999999486e-05 9.526196999999999486e-05 9.526196999999999486e-05 9.526196999999999486e-05 9.526196999999999486e-05 9.526196999999999486e-05
9.526196999999999486e-05 9.526196999999999486e-05 9.526196999999999486e-05 9.526196999999999486e-05 9.526196999999999486e-05 9.526196999999999486e-05 9.526196999999999486e-05 9.526196999999999486e-05 9.526196999999999486e-05 9.526196999999999486e-05 9.526196999999999486e-05 9.526196999999999486e-05 9.526196999999999486e-05 9.526196999999999486e-05 9.526196999999999486e-05 9.526196999999999486e-05 9.526196999999999486e-05 9.526196999999999486e-05 9.526196999999999486e-05 9.526196999999999486e-05
9.526196999999999486e-05 9.526196999999999486e-05 9.526196999999999486e-05 9.526196999999999486e-05 9.526196999999999486e-05 9.526196999999999486e-05 9.526196999999999486e-05 9.526196999999999486e-05 9.526196999999999486e-05 9.526196999999999486e-05 9.526196999999999486e-05 9.526196999999999486e-05 9.526196999999999486e-05 9.526196999999999486e-05 9.526196999999999486e-05 9.526196999999999486e-05 9.526196999999999486e-05 9.526196999999999486e-05 9.526196999999999486e-05 9.526196999999999486e-05
9.526196999999999486e-05 9.526196999999999486e-05 9.526196999999999486e-05 9.526196999999999486e-05 9.526196999999999486e-05 9.526196999999999486e-05 9.526196999999999486e-05 9.526196999999999486e-05 9.526196999999999486e-05 9.526196999999999486e-05 9.526196999999999486e-05 9.526196999999999486e-05 9.526196999999999486e-05 9.526196999999999486e-05 9.526196999999999486e-05 9.526196999999999486e-05 9.526196999999999486e-05 9.526196999999999486e-05 9.526196999999999486e-05 9.526196999999999486e-05
9.526196999999999486e-05 9.526196999999999486e-05 9.526196999999999486e-05 9.526196999999999486e-05 9.526196999999999486e-05 9.526196999999999486e-05 9.526196999999999486e-05 9.526196999999999486e-05 9.526196999999999486e-05 9.526196999999999486e-05 9.526196999999999486e-05 9.526196999999999486e-05 9.526196999999999486e-05 9.526196999999999486e-05 9.526196999999999486e-05 9.526196999999999486e-05 9.526196999999999486e-05 9.526196999999999486e-05 9.526196999999999486e-05 9.526196999999999486e-05
9.526196999999999486e-05 9.526196999999999486e-05 9.526196999999999486e-05 9.526196999999999486e-05 9.526196999999999486e-05 9.526196999999999486e-05 9.526196999999999486e-05 9.526196999999999486e-05 9.526196999999999486e-05 9.526196999999999486e-05 9.526196999999999486e-05 9.526196999999999486e-05 9.526196999999999486e-05 9.526196999999999486e-05 9.526196999999999486e-05 9.526196999999999486e-05 9.526196999999999486e-05 9.526196999999999486e-05 9.526196999999999486e-05 9.526196999999999486e-05
9.526196999999999486e-05 9.526196999999999486e-05 9.526196999999999486e-05 9.526196999999999486e-05 9.526196999999999486e-05 9.526196999999999486e-05 9.526196999999999486e-05 9.526196999999999486e-05 9.526196999999999486e-05 9.526196999999999486e-05 9.526196999999999486e-05 9.526196999999999486e-05 9.526196999999999486e-05 9.526196999999999486e-05 9.526196999999999486e-05 9.526196999999999486e-05 9.526196999999999486e-05 9.526196999999999486e-05 9.526196999999999486e-05 9.526196999999999486e-05
9.526196999999999486e-05 9.526196999999999486e-05 9.526196999999999486e-05 9.526196999999999486e-05 9.526196999999999486e-05 9.526196999999999486e-05 9.526196999999999486e-05 9.526196999999999486e-05 9.526196999999999486e-05 9.526196999999999486e-05 9.526196999999999486e-05 9.526196999999999486e-05 9.526196999999999486e-05 9.526196999999999486e-05 9.526196999999999486e-05 9.526196999999999486e-05 9.526196999999999486e-05 9.526196999999999486e-05 9.526196999999999486e-05 9.526196999999999486e-05
9.526196999999999486e-05 9.526196999999999486e-05 9.526196999999999486e-05 9.526196999999999486e-05 9.526196999999999486e-05 9.526196999999999486e-05 9.526196999999999486e-05 9.526196999999999486e-05 9.526196999999999486e-05 9.526196999999999486e-05 9.526196999999999486e-05 9.526196999999999486e-05 9.526196999999999486e-05 9.526196999999999486e-05 9.526196999999999486e-05 9.526196999999999486e-05 9.526196999999999486e-05 9.526196999999999486e-05 9.526196999999999486e-05 9.526196999999999486e-05
9.526196999999999486e-05 9.526196999999999486e-05 9.526196999999999486e-05 9.526196999999999486e-05 9.526196999999999486e-05 9.526196999999999486e-05 9.526196999999999486e-05 9.526196999999999486e-05 9.526196999999999486e-05 9.526196999999999486e-05 9.526196999999999486e-05 9.526196999999999486e-05 9.526196999999999486e-05 9.526196999999999486e-05 9.526196999999999486e-05 9.526196999999999486e-05 9.526196999999999486e-05 9.526196999999999486e-05 9.526196999999999486e-05 9.526196999999999486e-05
9.526196999999999486e-05 9.526196999999999486e-05 9.526196999999999486e-05 9.526196999999999486e-05 9.526196999999999486e-05 9.526196999999999486e-05 9.526196999999999486e-05 9.526196999999999486e-05 9.526196999999999486e-05 9.526196999999999486e-05 9.526196999999999486e-05 9.526196999999999486e-05 9.526196999999999486e-05 9.526196999999999486e-05 9.526196999999999486e-05 9.526196999999999486e-05 9.526196999999999486e-05 9.526196999999999486e-05 9.526196999999999486e-05 9.526196999999999486e-05
