   7.991830E-05   9.595472E-05   1.366856E-04   1.688383E-04   1.142934E-04   8.799334E-05   8.093252E-05   9.986469E-05   1.257586E-04   6.582728E-05   6.914258E-05   9.066918E-05   8.923881E-05   6.893242E-05   3.659790E-05   2.453640E-05   2.000000E-05   2.890726E-05   2.078378E-05   2.000000E-05
   7.678754E-05   8.819937E-05   1.309566E-04   1.363886E-04   1.080012E-04   4.408274E-05   7.133358E-05   7.038169E-05   1.263448E-04   9.519626E-05   8.957882E-05   8.732560E-05   5.471064E-05   3.896173E-05   2.943170E-05   2.276512E-05   2.919434E-05   3.640873E-05   2.538994E-05   2.547599E-05
   6.654962E-05   1.003217E-04   1.157719E-04   9.271942E-05   5.562562E-05   6.162828E-05   7.207722E-05   7.937941E-05   9.654863E-05   9.205774E-05   7.846865E-05   9.321954E-05   4.763402E-05   6.132490E-05   5.109611E-05   4.869569E-05   4.504368E-05   2.809102E-05   2.000000E-05   2.226232E-05
   5.942356E-05   8.651156E-05   9.274067E-05   7.049605E-05   3.698207E-05   4.272473E-05   9.837184E-05   8.299607E-05   1.122787E-04   6.546081E-05   6.315069E-05   7.079918E-05   9.957491E-05   7.604694E-05   9.604485E-05   5.927494E-05   4.360727E-05   2.605380E-05   2.000000E-05   2.115186E-05
   4.553089E-05   5.100326E-05   5.906860E-05   6.013556E-05   3.905216E-05   5.784986E-05   6.937805E-05   9.166852E-05   6.840232E-05   3.267391E-05   3.695666E-05   3.756304E-05   5.795149E-05   7.903555E-05   1.023446E-04   5.531830E-05   2.434413E-05   2.511490E-05   2.000000E-05   2.000000E-05
   4.837243E-05   6.622273E-05   4.862765E-05   3.749243E-05   4.343840E-05   5.691257E-05   7.535475E-05   8.170393E-05   7.598965E-05   6.303903E-05   3.274053E-05   4.225109E-05   3.771408E-05   6.781543E-05   1.102584E-04   6.823686E-05   3.953258E-05   3.022118E-05   2.797637E-05   2.312045E-05
   4.677385E-05   8.184935E-05   5.472337E-05   3.129757E-05   4.811564E-05   4.303387E-05   4.669689E-05   6.815424E-05   6.103422E-05   5.837119E-05   3.217562E-05   2.409586E-05   4.567938E-05   7.169803E-05   9.289678E-05   7.804818E-05   4.011602E-05   3.756699E-05   2.997943E-05   2.920343E-05
   3.813687E-05   3.303127E-05   5.663027E-05   3.004799E-05   3.285299E-05   3.338878E-05   4.255382E-05   6.149655E-05   7.462436E-05   5.728349E-05   3.948465E-05   2.592797E-05   3.610329E-05   3.429910E-05   5.472268E-05   4.450310E-05   3.780560E-05   4.307413E-05   2.722097E-05   2.313898E-05
   3.046950E-05   3.073529E-05   4.460494E-05   2.980883E-05   5.707746E-05   5.707746E-05   5.707746E-05   4.527103E-05   3.679883E-05   4.841051E-05   5.336668E-05   2.421451E-05   2.272056E-05   3.205296E-05   3.015316E-05   6.509692E-05   3.386631E-05   5.583493E-05   2.867737E-05   2.818653E-05
   2.095327E-05   2.323668E-05   4.034316E-05   2.753249E-05   5.707746E-05   5.707746E-05   5.707746E-05   5.707746E-05   4.125951E-05   5.941237E-05   4.461828E-05   3.138381E-05   3.818017E-05   2.967224E-05   2.809920E-05   3.153263E-05   2.000000E-05   2.000000E-05   2.882931E-05   2.777987E-05
   2.000000E-05   2.000000E-05   2.243638E-05   2.188535E-05   5.707746E-05   5.707746E-05   5.707746E-05   5.707746E-05   8.351132E-05   9.649948E-05   8.766240E-05   4.817805E-05   7.060054E-05   4.320669E-05   2.441461E-05   2.716667E-05   2.000000E-05   2.000000E-05   2.147732E-05   2.958722E-05
   2.000000E-05   2.000000E-05   2.000000E-05   2.000000E-05   5.707746E-05   5.707746E-05   5.707746E-05   5.707746E-05   9.724405E-05   9.750892E-05   1.106110E-04   4.260635E-05   3.634521E-05   6.855321E-05   6.074563E-05   4.819647E-05   3.223712E-05   3.179604E-05   2.683819E-05   3.952223E-05
   2.000000E-05   2.000000E-05   2.096985E-05   3.664276E-05   5.707746E-05   5.707746E-05   5.707746E-05   5.707746E-05   1.171933E-04   6.517903E-05   8.098493E-05   1.057790E-04   6.368368E-05   6.007497E-05   8.256456E-05   5.659949E-05   6.329950E-05   4.682414E-05   3.004605E-05   4.882320E-05
   2.000000E-05   2.000000E-05   2.000000E-05   2.644380E-05   5.707746E-05   5.707746E-05   5.707746E-05   5.707746E-05   8.795687E-05   4.893076E-05   9.477144E-05   8.490652E-05   6.690857E-05   4.624804E-05   5.797784E-05   7.909830E-05   5.678537E-05   3.471135E-05   3.894854E-05   4.784211E-05
   2.000000E-05   2.000000E-05   2.615147E-05   5.511351E-05   5.707746E-05   5.707746E-05   5.707746E-05   5.707746E-05   5.146914E-05   7.578750E-05   1.002685E-04   9.082388E-05   6.847554E-05   6.468714E-05   5.328722E-05   5.597428E-05   7.389626E-05   5.827007E-05   4.870150E-05   3.557930E-05
   2.000000E-05   2.395086E-05   2.508960E-05   4.119774E-05   5.707746E-05   5.707746E-05   5.707746E-05   5.707746E-05   5.292016E-05   9.172514E-05   1.307380E-04   5.523765E-05   5.990905E-05   6.168973E-05   5.016539E-05   3.593592E-05   3.970474E-05   3.933079E-05   4.948180E-05   4.686147E-05
   3.437934E-05   2.292313E-05   4.181159E-05   3.952083E-05   5.707746E-05   5.707746E-05   5.707746E-05   5.707746E-05   7.987487E-05   1.606149E-04   1.468130E-04   8.053891E-05   9.133143E-05   7.306089E-05   5.085089E-05   5.259324E-05   6.984124E-05   6.658437E-05   9.916597E-05   5.781386E-05
   2.526783E-05   2.000000E-05   2.000000E-05   3.847391E-05   5.707746E-05   5.707746E-05   5.707746E-05   5.707746E-05   1.087918E-04   1.346309E-04   1.248863E-04   1.104008E-04   9.398192E-05   5.371452E-05   5.236862E-05   6.687206E-05   1.055920E-04   1.003986E-04   8.919822E-05   6.209374E-05
   2.156539E-05   3.335143E-05   3.526082E-05   4.124014E-05   5.707746E-05   5.707746E-05   5.707746E-05   5.707746E-05   9.644163E-05   1.320773E-04   1.144443E-04   5.005212E-05   4.818361E-05   3.649961E-05   4.627862E-05   6.159225E-05   8.100512E-05   6.895886E-05   8.253581E-05   6.071953E-05
   2.367558E-05   2.509511E-05   4.208732E-05   3.992000E-05   5.707746E-05   5.707746E-05   5.707746E-05   5.707746E-05   1.077944E-04   1.031868E-04   8.751894E-05   4.774806E-05   2.834350E-05   2.344857E-05   2.022564E-05   4.620636E-05   4.791646E-05   8.892133E-05   9.500752E-05   9.053746E-05
   2.337651E-05   3.189638E-05   3.421182E-05   3.764889E-05   5.707746E-05   5.707746E-05   5.707746E-05   5.707746E-05   7.243773E-05   5.736435E-05   6.029207E-05   4.470669E-05   4.417117E-05   4.983169E-05   3.915148E-05   3.621630E-05   5.004264E-05   7.676229E-05   7.417978E-05   4.760679E-05
   4.125489E-05   5.901520E-05   4.657531E-05   5.348157E-05   5.707746E-05   5.707746E-05   6.534601E-05   5.276090E-05   9.527156E-05   8.289820E-05   7.349839E-05   4.755355E-05   5.555842E-05   5.091522E-05   3.211427E-05   3.215650E-05   4.373015E-05   6.536126E-05   5.092873E-05   4.511447E-05
   6.850241E-05   5.091708E-05   3.540856E-05   5.582071E-05   6.521478E-05   5.707746E-05   3.009293E-05   5.149044E-05   6.172141E-05   6.252394E-05   6.269605E-05   7.673117E-05   3.871124E-05   5.161550E-05   2.027344E-05   2.890188E-05   2.886654E-05   3.209688E-05   5.045209E-05   2.961250E-05
   7.773780E-05   6.137056E-05   4.026513E-05   3.051033E-05   4.445953E-05   2.827992E-05   2.527931E-05   3.156887E-05   4.721874E-05   4.975761E-05   4.117155E-05   3.343142E-05   4.323454E-05   2.932891E-05   3.012563E-05   2.068118E-05   2.712798E-05   2.959393E-05   2.825868E-05   3.131861E-05
   5.688311E-05   4.076672E-05   2.045810E-05   3.059686E-05   3.077501E-05   2.697373E-05   2.504196E-05   3.446689E-05   3.469648E-05   3.452814E-05   2.251013E-05   3.099122E-05   2.718792E-05   2.756486E-05   3.267653E-05   2.924745E-05   2.767233E-05   2.571564E-05   2.560884E-05   3.864237E-05
   2.300874E-05   2.000000E-05   2.000000E-05   2.000000E-05   2.117848E-05   3.190627E-05   3.572022E-05   2.537802E-05   2.000000E-05   2.000000E-05   2.317760E-05   2.574068E-05   2.674216E-05   3.672721E-05   4.739099E-05   3.236756E-05   2.000000E-05   2.391397E-05   2.996930E-05   3.299324E-05
   2.337270E-05   2.608946E-05   2.232429E-05   2.000000E-05   2.000000E-05   2.000000E-05   2.000000E-05   2.000000E-05   2.362697E-05   2.237625E-05   2.350280E-05   3.467389E-05   2.428712E-05   2.233185E-05   2.826463E-05   2.000000E-05   2.287066E-05   2.350137E-05   2.826272E-05   2.549618E-05
   4.366870E-05   3.375793E-05   2.116785E-05   2.109814E-05   2.000000E-05   2.044567E-05   2.000000E-05   2.000000E-05   2.188862E-05   3.023933E-05   2.546109E-05   3.506224E-05   2.505846E-05   2.680372E-05   2.000000E-05   2.000000E-05   2.000000E-05   2.535017E-05   2.000000E-05   2.142694E-05
   4.599329E-05   3.267961E-05   3.098359E-05   5.292232E-05   3.029446E-05   2.000000E-05   2.000000E-05   2.000000E-05   2.000000E-05   2.039734E-05   2.231893E-05   2.644253E-05   2.000000E-05   2.000000E-05   2.000000E-05   2.000000E-05   2.519346E-05   3.701254E-05   2.301893E-05   2.000000E-05
   5.381091E-05   6.968224E-05   9.114613E-05   7.369671E-05   3.870771E-05   2.646984E-05   2.015917E-05   2.000000E-05   2.000000E-05   2.210726E-05   2.325301E-05   2.035706E-05   2.000000E-05   2.000000E-05   2.000000E-05   2.000000E-05   3.033835E-05   3.466109E-05   2.000000E-05   2.000000E-05
   1.203672E-04   1.308441E-04   9.654041E-05   4.780883E-05   4.059209E-05   2.269333E-05   2.000000E-05   2.000000E-05   2.000000E-05   2.000000E-05   2.000000E-05   2.000000E-05   2.794475E-05   2.000000E-05   2.000000E-05   2.000000E-05   3.609612E-05   2.655606E-05   2.000000E-05   2.000000E-05
   7.845736E-05   8.431988E-05   9.535972E-05   3.993352E-05   3.990691E-05   2.671961E-05   2.128827E-05   2.000000E-05   2.000000E-05   2.074488E-05   2.211253E-05   2.000000E-05   2.350391E-05   2.000000E-05   2.621205E-05   2.554094E-05   2.559625E-05   2.255509E-05   2.000000E-05   2.000000E-05
   5.707746E-05   7.259504E-05   5.159104E-05   3.964722E-05   3.041782E-05   2.975599E-05   3.169207E-05   2.000000E-05   2.000000E-05   2.479293E-05   2.575571E-05   2.494093E-05   3.027271E-05   2.351788E-05   2.272093E-05   2.771789E-05   2.000000E-05   2.308150E-05   2.225838E-05   2.461259E-05
   5.707746E-05   5.707746E-05   9.007879E-05   4.026546E-05   3.272685E-05   2.465512E-05   2.111686E-05   2.220730E-05   2.143803E-05   2.691099E-05   2.000000E-05   2.485259E-05   2.292134E-05   2.000000E-05   2.650215E-05   2.653191E-05   3.436179E-05   2.000000E-05   2.000000E-05   2.000000E-05
   5.707746E-05   5.707746E-05   5.707746E-05   2.193533E-05   2.000000E-05   2.000000E-05   2.488409E-05   2.000000E-05   2.000000E-05   2.393189E-05   2.000000E-05   2.629526E-05   2.015723E-05   2.000000E-05   2.581691E-05   2.267872E-05   2.000000E-05   2.007604E-05   2.000000E-05   2.366953E-05
   5.707746E-05   5.707746E-05   5.707746E-05   5.707746E-05   2.662391E-05   2.088310E-05   2.000000E-05   2.000000E-05   2.000000E-05   2.180567E-05   2.000000E-05   2.390817E-05   2.502056E-05   2.646868E-05   2.873452E-05   2.000000E-05   2.000000E-05   2.318367E-05   2.000000E-05   5.707746E-05
   5.707746E-05   5.707746E-05   5.707746E-05   5.707746E-05   2.301314E-05   2.000000E-05   2.000000E-05   2.000000E-05   2.000000E-05   2.000000E-05   2.000000E-05   2.000000E-05   2.000000E-05   2.588780E-05   2.000000E-05   2.000000E-05   2.000000E-05   3.130539E-05   4.308148E-05   5.707746E-05
   5.707746E-05   5.707746E-05   5.707746E-05   5.707746E-05   5.707746E-05   2.000000E-05   2.000000E-05   2.000000E-05   2.000000E-05   2.000000E-05   2.000000E-05   2.000000E-05   2.000000E-05   2.000000E-05   2.000000E-05   2.000000E-05   2.035435E-05   3.256195E-05   5.707746E-05   5.707746E-05
   5.707746E-05   5.707746E-05   5.707746E-05   5.707746E-05   5.707746E-05   2.549547E-05   2.000000E-05   2.564062E-05   2.315668E-05   2.000000E-05   2.000000E-05   2.000000E-05   2.033493E-05   2.000000E-05   2.000000E-05   2.000000E-05   2.000000E-05   5.707746E-05   5.707746E-05   5.707746E-05
   5.707746E-05   5.707746E-05   5.707746E-05   5.707746E-05   5.707746E-05   2.093054E-05   2.649668E-05   2.179252E-05   2.000000E-05   2.333112E-05   2.000000E-05   2.000000E-05   2.000000E-05   2.103601E-05   2.000000E-05   2.000000E-05   5.707746E-05   5.707746E-05   5.707746E-05   5.707746E-05
