   1.094376E+00   6.959148E-01   4.194968E-01   5.523379E-01   4.620829E-01   4.052100E-01   3.364504E-01   3.665907E-01   3.959601E-01   4.680856E-01   5.826870E-01   7.417228E-01   5.676450E-01   3.647316E-01   4.806719E-01   4.011110E-01   4.255972E-01   3.283566E-01   3.550447E-01   4.239092E-01
   8.240317E-01   4.967316E-01   4.797639E-01   4.935917E-01   4.498231E-01   4.380758E-01   6.112706E-01   5.861537E-01   6.334857E-01   6.991061E-01   4.806070E-01   4.441961E-01   3.661252E-01   4.926115E-01   6.005179E-01   4.239868E-01   3.458420E-01   3.638064E-01   3.515362E-01   5.806449E-01
   7.086862E-01   6.143320E-01   6.533645E-01   4.024483E-01   4.592971E-01   4.550343E-01   3.546853E-01   5.710870E-01   7.672944E-01   8.124780E-01   4.595466E-01   5.315404E-01   5.777562E-01   4.145547E-01   4.838202E-01   5.301335E-01   3.263923E-01   3.492576E-01   3.849571E-01   2.303026E-01
   6.738796E-01   7.203673E-01   6.931229E-01   4.097804E-01   3.516978E-01   4.633071E-01   4.069520E-01   5.951179E-01   6.698301E-01   1.024484E+00   8.274484E-01   4.153781E-01   4.463650E-01   6.286365E-01   5.180168E-01   3.855396E-01   2.852357E-01   2.871959E-01   3.319102E-01   2.312237E-01
   7.344271E-01   9.819691E-01   1.372229E+00   6.873826E-01   3.240023E-01   3.785041E-01   3.462442E-01   4.202923E-01   5.318450E-01   5.544543E-01   5.166507E-01   2.423206E-01   3.281493E-01   3.377298E-01   2.606300E-01   3.278007E-01   2.090380E-01   9.669537E-02   1.266171E-01   1.486434E-01
   6.390995E-01   1.309828E+00   1.024304E+00   5.824261E-01   3.828263E-01   3.107142E-01   3.173656E-01   4.058157E-01   4.466285E-01   4.220192E-01   5.080657E-01   4.104131E-01   3.191645E-01   2.633614E-01   2.564954E-01   2.352142E-01   2.813768E-01   1.493770E-01   1.458310E-01   1.552009E-01
   9.983708E-01   7.897473E-01   7.815495E-01   5.990604E-01   3.722978E-01   2.465218E-01   2.451415E-01   5.758480E-01   8.477216E-01   4.511475E-01   3.486045E-01   3.476011E-01   3.790746E-01   2.871880E-01   2.655856E-01   3.329449E-01   3.275870E-01   2.334316E-01   1.223800E-01   1.620888E-01
   9.818663E-01   9.717776E-01   6.820740E-01   4.911691E-01   2.212181E-01   2.498103E-01   2.771874E-01   4.366893E-01   5.003707E-01   4.509581E-01   3.309187E-01   2.373001E-01   3.823435E-01   5.379113E-01   3.521691E-01   3.630729E-01   1.823935E-01   1.274521E-01   1.501607E-01   2.183258E-01
   7.944222E-01   7.913496E-01   4.302904E-01   3.950031E-01   3.000000E-01   3.000000E-01   3.000000E-01   2.394080E-01   1.955378E-01   2.153031E-01   3.861949E-01   3.269114E-01   7.380137E-01   5.584172E-01   4.301890E-01   3.118790E-01   2.579818E-01   2.237477E-01   2.297010E-01   2.114429E-01
   4.794104E-01   5.890291E-01   5.541114E-01   3.433181E-01   3.000000E-01   3.000000E-01   3.000000E-01   3.000000E-01   3.212393E-01   3.787874E-01   4.460336E-01   5.779700E-01   5.200396E-01   4.434210E-01   5.063993E-01   2.231962E-01   1.931748E-01   1.662461E-01   2.461450E-01   2.061404E-01
   6.466458E-01   4.714610E-01   3.610188E-01   3.557381E-01   3.000000E-01   3.000000E-01   3.000000E-01   3.000000E-01   2.346229E-01   4.375796E-01   6.308310E-01   8.793647E-01   5.516877E-01   3.590914E-01   2.687396E-01   2.495966E-01   1.087018E-01   1.665148E-01   1.450836E-01   1.896481E-01
   4.707830E-01   4.734417E-01   3.033888E-01   2.816424E-01   3.000000E-01   3.000000E-01   3.000000E-01   3.000000E-01   2.648786E-01   3.737480E-01   2.741391E-01   2.848859E-01   1.582372E-01   2.845207E-01   1.696391E-01   1.639338E-01   1.356720E-01   1.061221E-01   1.534677E-01   2.169976E-01
   4.207869E-01   3.275632E-01   2.830082E-01   3.360233E-01   3.000000E-01   3.000000E-01   3.000000E-01   3.000000E-01   2.980399E-01   3.422395E-01   2.182448E-01   1.489969E-01   1.373602E-01   1.701721E-01   2.468575E-01   1.852586E-01   7.780200E-02   1.199662E-01   1.400200E-01   1.687710E-01
   5.584800E-01   2.845794E-01   2.542580E-01   2.451644E-01   3.000000E-01   3.000000E-01   3.000000E-01   3.000000E-01   2.575931E-01   1.834378E-01   1.636195E-01   1.397680E-01   1.928203E-01   1.998609E-01   2.931681E-01   1.987691E-01   1.543583E-01   1.375202E-01   1.697352E-01   2.161969E-01
   5.898404E-01   4.554605E-01   2.911545E-01   3.655531E-01   3.000000E-01   3.000000E-01   3.000000E-01   3.000000E-01   1.520606E-01   1.184053E-01   1.534729E-01   1.861539E-01   2.502340E-01   2.710637E-01   3.411902E-01   2.443371E-01   2.017411E-01   1.705861E-01   2.609310E-01   3.287570E-01
   6.615022E-01   7.030631E-01   3.795156E-01   3.643217E-01   3.000000E-01   3.000000E-01   3.000000E-01   3.000000E-01   1.116925E-01   9.677900E-02   2.301387E-01   2.610380E-01   3.177728E-01   4.063708E-01   4.557203E-01   2.627273E-01   2.217760E-01   1.838424E-01   3.896627E-01   5.049138E-01
   6.608128E-01   8.511305E-01   6.112175E-01   4.550099E-01   3.000000E-01   3.000000E-01   3.000000E-01   3.000000E-01   1.067561E-01   1.371947E-01   2.914171E-01   2.412619E-01   4.056550E-01   5.421650E-01   3.678239E-01   3.933448E-01   3.845234E-01   5.421481E-01   5.014605E-01   9.296197E-01
   5.072093E-01   3.677566E-01   3.131367E-01   2.442124E-01   3.000000E-01   3.000000E-01   3.000000E-01   3.000000E-01   2.238987E-01   2.533042E-01   3.133519E-01   4.028125E-01   4.096733E-01   5.431218E-01   7.287471E-01   5.991599E-01   5.557817E-01   6.052706E-01   6.504020E-01   9.289648E-01
   3.863445E-01   3.089843E-01   3.737570E-01   3.361888E-01   3.000000E-01   3.000000E-01   3.000000E-01   3.000000E-01   2.973596E-01   2.639318E-01   3.145411E-01   3.117349E-01   2.680182E-01   4.073599E-01   4.273789E-01   5.157145E-01   5.817004E-01   5.591127E-01   5.169459E-01   7.866785E-01
   3.332147E-01   2.996810E-01   3.210607E-01   2.383080E-01   3.000000E-01   3.000000E-01   3.000000E-01   3.000000E-01   3.472265E-01   3.206075E-01   3.107746E-01   4.472945E-01   2.970366E-01   5.182229E-01   4.984466E-01   5.381289E-01   3.818568E-01   5.743739E-01   5.235819E-01   5.507874E-01
   2.291483E-01   1.554543E-01   2.806972E-01   4.286450E-01   3.000000E-01   3.000000E-01   3.000000E-01   3.000000E-01   3.951707E-01   3.345933E-01   2.644699E-01   2.848772E-01   2.559209E-01   2.185280E-01   2.705061E-01   2.874909E-01   5.477454E-01   5.844459E-01   5.333023E-01   4.729631E-01
   2.602529E-01   2.227120E-01   4.097750E-01   2.582149E-01   3.000000E-01   3.000000E-01   5.748541E-01   4.622494E-01   3.916761E-01   1.849296E-01   1.713714E-01   1.319156E-01   1.285726E-01   1.559496E-01   1.945665E-01   3.052890E-01   4.620582E-01   6.442206E-01   6.196352E-01   3.829736E-01
   3.700017E-01   3.814419E-01   3.950519E-01   3.676393E-01   5.587042E-01   3.000000E-01   1.017630E+00   6.236652E-01   5.826214E-01   2.909500E-01   1.306201E-01   1.386679E-01   1.394353E-01   1.230925E-01   1.924595E-01   2.191578E-01   3.801485E-01   6.284236E-01   5.777649E-01   5.427642E-01
   4.197973E-01   4.349700E-01   7.570570E-01   6.021137E-01   8.704478E-01   5.348184E-01   5.559298E-01   4.518041E-01   1.948845E-01   9.963891E-02   8.000957E-02   6.444643E-02   1.721118E-01   1.351087E-01   1.631156E-01   2.146372E-01   2.541087E-01   3.616938E-01   3.341002E-01   5.105973E-01
   5.869951E-01   6.798924E-01   7.913815E-01   7.188730E-01   4.946560E-01   3.180394E-01   4.250000E-01   4.842603E-01   1.876915E-01   1.241491E-01   7.356119E-02   4.756725E-02   8.624882E-02   1.263013E-01   1.215149E-01   2.155091E-01   1.679198E-01   2.429859E-01   2.932919E-01   4.319460E-01
   1.084859E+00   1.803553E+00   1.099715E+00   8.290358E-01   3.997427E-01   3.015850E-01   2.682278E-01   2.807397E-01   1.703948E-01   7.877999E-02   8.007922E-02   1.174345E-01   1.445747E-01   1.104069E-01   1.193790E-01   1.165789E-01   1.781075E-01   3.163960E-01   1.993639E-01   4.406137E-01
   9.804581E-01   1.537358E+00   1.358788E+00   5.658835E-01   2.928638E-01   2.639887E-01   3.329942E-01   2.294668E-01   1.587132E-01   1.182098E-01   1.055368E-01   1.463595E-01   1.918088E-01   1.193667E-01   1.733777E-01   3.052677E-01   3.525880E-01   5.922682E-01   3.484737E-01   6.144962E-01
   8.413897E-01   1.357488E+00   5.694496E-01   5.231359E-01   2.932338E-01   2.328829E-01   1.771998E-01   1.311130E-01   1.956650E-01   2.713271E-01   1.643943E-01   2.307177E-01   2.357481E-01   2.781034E-01   3.315484E-01   6.754404E-01   7.493395E-01   1.027886E+00   9.882571E-01   1.455906E+00
   1.010010E+00   5.786373E-01   6.283210E-01   5.249310E-01   3.076190E-01   1.962134E-01   1.960333E-01   2.276066E-01   2.200351E-01   2.011021E-01   1.661856E-01   1.216133E-01   2.908682E-01   4.638000E-01   4.279117E-01   7.333148E-01   9.812734E-01   1.121221E+00   9.270145E-01   1.621894E+00
   5.370574E-01   3.630760E-01   3.355220E-01   3.624900E-01   5.455456E-01   1.489081E-01   1.368198E-01   2.423794E-01   2.536485E-01   1.983867E-01   2.510451E-01   2.889968E-01   3.537209E-01   4.283758E-01   7.909138E-01   7.462354E-01   6.973055E-01   5.630653E-01   7.074576E-01   8.558710E-01
   4.772945E-01   4.135366E-01   5.143958E-01   2.740789E-01   2.022046E-01   1.908435E-01   1.328602E-01   2.394370E-01   2.663424E-01   2.834427E-01   4.615101E-01   3.406590E-01   7.719252E-01   5.182155E-01   5.276804E-01   5.613586E-01   8.445162E-01   5.286180E-01   4.171459E-01   2.378877E-01
   6.337993E-01   3.491230E-01   4.601690E-01   3.389237E-01   2.193038E-01   1.478716E-01   2.316963E-01   3.631787E-01   6.455925E-01   6.170425E-01   6.076294E-01   3.714638E-01   4.303150E-01   5.650063E-01   6.310725E-01   6.277970E-01   7.506498E-01   5.623637E-01   4.091996E-01   4.459669E-01
   3.000000E-01   3.884855E-01   2.803348E-01   3.039202E-01   1.669785E-01   1.392021E-01   1.827298E-01   2.836748E-01   5.578820E-01   5.642237E-01   8.020743E-01   7.977196E-01   4.744823E-01   7.601607E-01   6.605432E-01   8.721782E-01   7.494446E-01   5.140063E-01   5.337066E-01   2.774386E-01
   3.000000E-01   3.000000E-01   3.337617E-01   2.464520E-01   2.155288E-01   1.782118E-01   1.880002E-01   2.162284E-01   3.761850E-01   5.320212E-01   6.420937E-01   5.092629E-01   4.566084E-01   7.412033E-01   7.747706E-01   4.708213E-01   5.034529E-01   4.729527E-01   4.079226E-01   3.054579E-01
   3.000000E-01   3.000000E-01   3.000000E-01   4.338596E-01   2.452531E-01   1.530887E-01   1.472745E-01   2.830049E-01   4.001915E-01   3.911184E-01   7.296849E-01   6.600195E-01   4.778130E-01   5.396065E-01   5.988178E-01   5.902319E-01   4.142237E-01   4.455679E-01   2.831434E-01   1.640047E-01
   3.000000E-01   3.000000E-01   3.000000E-01   3.000000E-01   3.214951E-01   2.559594E-01   3.184337E-01   3.085237E-01   3.039691E-01   4.993060E-01   6.164340E-01   6.711041E-01   5.667625E-01   5.032036E-01   6.084701E-01   6.924736E-01   6.010268E-01   5.455021E-01   4.577968E-01   3.000000E-01
   3.000000E-01   3.000000E-01   3.000000E-01   3.000000E-01   2.465619E-01   3.303627E-01   3.604002E-01   3.539496E-01   5.010111E-01   8.131472E-01   8.541679E-01   9.147471E-01   5.609611E-01   5.321935E-01   6.184033E-01   5.794556E-01   9.541515E-01   1.101995E+00   5.924423E-01   3.000000E-01
   3.000000E-01   3.000000E-01   3.000000E-01   3.000000E-01   3.000000E-01   1.967011E-01   3.092763E-01   4.179601E-01   7.491109E-01   1.362425E+00   1.594700E+00   7.209130E-01   5.015143E-01   3.329227E-01   6.338368E-01   8.206209E-01   5.940313E-01   6.320610E-01   3.000000E-01   3.000000E-01
   3.000000E-01   3.000000E-01   3.000000E-01   3.000000E-01   3.000000E-01   2.690164E-01   2.805200E-01   4.575289E-01   7.874228E-01   1.404962E+00   1.225719E+00   6.560437E-01   2.980923E-01   3.714255E-01   4.180256E-01   9.189057E-01   5.750651E-01   3.000000E-01   3.000000E-01   3.000000E-01
   3.000000E-01   3.000000E-01   3.000000E-01   3.000000E-01   3.000000E-01   2.559151E-01   4.020072E-01   5.231294E-01   1.405294E+00   1.265831E+00   1.187486E+00   5.689041E-01   3.341821E-01   2.786196E-01   4.323113E-01   7.568093E-01   3.000000E-01   3.000000E-01   3.000000E-01   3.000000E-01
