   1.310172E-04   1.520085E-04   1.154031E-04   2.000000E-04   1.233029E-04   1.113526E-04   1.187148E-04   7.024320E-05   8.847759E-05   6.361498E-05   4.354127E-05   5.712050E-05   8.748606E-05   7.223008E-05   1.141411E-04   4.739895E-05   6.336396E-05   5.492162E-05   3.207951E-05   5.063024E-05
   1.091355E-04   1.378885E-04   1.688913E-04   1.490797E-04   1.210303E-04   8.187721E-05   7.857831E-05   8.635966E-05   5.750606E-05   9.685477E-05   3.960367E-05   4.613985E-05   6.012151E-05   6.677520E-05   6.937373E-05   6.593328E-05   8.662063E-05   7.800531E-05   5.209474E-05   3.258519E-05
   9.368366E-05   1.174668E-04   2.000000E-04   1.286810E-04   8.783357E-05   7.117611E-05   4.332507E-05   4.724927E-05   4.587770E-05   6.291674E-05   3.667025E-05   4.946088E-05   1.209420E-04   1.423924E-04   5.615978E-05   7.562902E-05   1.146848E-04   7.958236E-05   4.057906E-05   2.821433E-05
   6.092651E-05   1.535072E-04   1.424533E-04   7.848185E-05   6.227710E-05   6.849077E-05   6.322737E-05   4.749577E-05   2.946442E-05   3.476816E-05   5.965032E-05   7.963458E-05   8.816025E-05   9.830418E-05   1.383544E-04   1.202394E-04   5.599914E-05   7.040530E-05   5.008356E-05   4.972174E-05
   7.373329E-05   1.319571E-04   6.463173E-05   5.739941E-05   4.844561E-05   7.356289E-05   7.125009E-05   5.972521E-05   4.921369E-05   7.072336E-05   9.551505E-05   1.019449E-04   7.154470E-05   1.122106E-04   1.360931E-04   1.172408E-04   7.592053E-05   4.241977E-05   4.914883E-05   5.394476E-05
   1.011505E-04   1.106790E-04   7.591420E-05   8.722022E-05   1.010851E-04   8.658358E-05   5.915332E-05   5.545447E-05   6.866883E-05   9.906215E-05   1.278154E-04   1.086685E-04   9.619984E-05   1.091623E-04   1.505412E-04   1.429528E-04   1.176369E-04   5.793350E-05   3.165059E-05   2.824989E-05
   6.059788E-05   7.107243E-05   6.418151E-05   9.225639E-05   2.000000E-04   1.409358E-04   8.781733E-05   6.889274E-05   7.023823E-05   1.131508E-04   1.118716E-04   7.257677E-05   6.745397E-05   1.222176E-04   1.254583E-04   1.022159E-04   5.436185E-05   4.616734E-05   3.925638E-05   2.871328E-05
   3.629035E-05   5.712709E-05   8.561735E-05   5.646559E-05   1.062307E-04   1.147023E-04   1.282328E-04   9.801976E-05   2.000000E-04   7.581986E-05   7.092963E-05   8.350547E-05   7.371982E-05   8.198942E-05   7.624464E-05   6.206376E-05   5.149747E-05   3.553749E-05   2.307633E-05   2.051955E-05
   4.447236E-05   4.558149E-05   4.670650E-05   6.182846E-05   7.714444E-05   7.714444E-05   7.714444E-05   1.287086E-04   1.566792E-04   9.940281E-05   9.053505E-05   7.693509E-05   5.420821E-05   6.824067E-05   4.969000E-05   5.385573E-05   4.837081E-05   3.059925E-05   2.133416E-05   2.000000E-05
   4.324332E-05   5.138757E-05   7.157226E-05   1.848122E-04   7.714444E-05   7.714444E-05   7.714444E-05   7.714444E-05   1.439532E-04   6.822682E-05   7.943725E-05   4.509646E-05   4.828081E-05   4.586300E-05   6.865612E-05   8.123109E-05   9.667100E-05   3.552985E-05   2.740487E-05   2.000000E-05
   4.647233E-05   4.490622E-05   9.276048E-05   1.485612E-04   7.714444E-05   7.714444E-05   7.714444E-05   7.714444E-05   1.090113E-04   6.938768E-05   4.444103E-05   3.239498E-05   2.412363E-05   5.591728E-05   4.619253E-05   6.521168E-05   5.072278E-05   3.405402E-05   2.085359E-05   2.648707E-05
   7.752076E-05   6.573787E-05   7.002880E-05   8.274401E-05   7.714444E-05   7.714444E-05   7.714444E-05   7.714444E-05   1.092353E-04   5.775612E-05   5.526649E-05   4.275831E-05   2.903131E-05   3.470931E-05   4.873811E-05   3.535422E-05   4.159407E-05   2.617977E-05   2.090375E-05   4.441199E-05
   8.554487E-05   9.804174E-05   8.610589E-05   5.262856E-05   7.714444E-05   7.714444E-05   7.714444E-05   7.714444E-05   6.556670E-05   5.508580E-05   5.454960E-05   4.866920E-05   3.093129E-05   4.280485E-05   4.495354E-05   4.614299E-05   3.651047E-05   2.487997E-05   3.967630E-05   6.344061E-05
   7.855642E-05   1.326862E-04   8.233485E-05   7.974183E-05   7.714444E-05   7.714444E-05   7.714444E-05   7.714444E-05   5.300430E-05   5.199935E-05   6.766126E-05   7.187616E-05   5.503615E-05   4.745035E-05   2.396332E-05   2.709771E-05   2.858384E-05   2.145636E-05   5.100075E-05   6.540392E-05
   6.272137E-05   8.290475E-05   8.356151E-05   1.205074E-04   7.714444E-05   7.714444E-05   7.714444E-05   7.714444E-05   5.727100E-05   6.104322E-05   9.110589E-05   6.276049E-05   5.760055E-05   2.390813E-05   2.344246E-05   2.391221E-05   4.161266E-05   3.716169E-05   9.847488E-05   6.296986E-05
   8.102488E-05   1.121105E-04   1.174403E-04   1.041829E-04   7.714444E-05   7.714444E-05   7.714444E-05   7.714444E-05   7.130936E-05   5.788364E-05   4.640404E-05   2.622816E-05   3.755415E-05   2.906774E-05   2.478041E-05   2.326949E-05   4.598333E-05   4.775127E-05   6.700714E-05   1.027200E-04
   9.462455E-05   8.890037E-05   7.306379E-05   6.946551E-05   7.714444E-05   7.714444E-05   7.714444E-05   7.714444E-05   6.885371E-05   6.686802E-05   8.148143E-05   4.500197E-05   3.789599E-05   3.568676E-05   2.460019E-05   3.449213E-05   4.941520E-05   3.882020E-05   6.966922E-05   1.375974E-04
   8.182905E-05   6.280308E-05   6.262465E-05   5.605028E-05   7.714444E-05   7.714444E-05   7.714444E-05   7.714444E-05   4.758912E-05   5.488464E-05   7.183746E-05   8.065249E-05   3.900814E-05   4.337155E-05   3.237058E-05   4.001138E-05   4.470954E-05   7.623977E-05   1.096530E-04   1.555062E-04
   6.869205E-05   5.276120E-05   2.945849E-05   4.661495E-05   7.714444E-05   7.714444E-05   7.714444E-05   7.714444E-05   4.286693E-05   5.568823E-05   7.136270E-05   1.139164E-04   5.863762E-05   8.882790E-05   5.029674E-05   5.941261E-05   7.794852E-05   7.792867E-05   1.180202E-04   1.323801E-04
   6.631468E-05   6.050748E-05   4.273247E-05   5.745288E-05   7.714444E-05   7.714444E-05   7.714444E-05   7.714444E-05   6.187837E-05   7.675694E-05   5.407873E-05   7.385844E-05   8.876324E-05   9.321537E-05   7.053331E-05   7.611844E-05   4.129528E-05   4.822279E-05   8.904212E-05   1.048355E-04
   5.778914E-05   7.676192E-05   8.278529E-05   6.876511E-05   7.714444E-05   7.714444E-05   7.714444E-05   7.714444E-05   7.304467E-05   1.308413E-04   8.041350E-05   9.789535E-05   1.526657E-04   1.078330E-04   6.701279E-05   6.793693E-05   4.681653E-05   3.594921E-05   5.148743E-05   7.104739E-05
   6.151914E-05   4.332208E-05   6.655240E-05   7.193519E-05   7.714444E-05   7.714444E-05   1.262217E-04   8.925047E-05   1.273140E-04   8.875953E-05   6.237399E-05   7.763926E-05   1.327742E-04   1.217944E-04   1.064803E-04   8.384234E-05   7.254813E-05   3.541396E-05   2.983417E-05   2.596313E-05
   7.213415E-05   5.469851E-05   5.528997E-05   7.455257E-05   1.413822E-04   7.714444E-05   1.243869E-04   7.125914E-05   6.000316E-05   1.062732E-04   9.245807E-05   8.793335E-05   6.900554E-05   7.301354E-05   6.536295E-05   6.271522E-05   3.542631E-05   3.550321E-05   2.683607E-05   2.987522E-05
   4.431042E-05   3.305289E-05   6.259346E-05   9.084198E-05   9.410627E-05   6.537957E-05   1.148084E-04   9.887795E-05   6.862830E-05   7.895882E-05   5.753502E-05   7.588330E-05   8.088344E-05   3.881997E-05   6.406469E-05   4.898342E-05   3.226438E-05   4.311027E-05   3.315594E-05   3.706776E-05
   7.753574E-05   3.994455E-05   4.947961E-05   1.211724E-04   1.098488E-04   1.373908E-04   1.728526E-04   1.440329E-04   1.096459E-04   1.110834E-04   1.034251E-04   7.739814E-05   8.015868E-05   7.519334E-05   5.773192E-05   5.202406E-05   7.440316E-05   7.536736E-05   6.721809E-05   3.094855E-05
   9.880976E-05   5.889119E-05   5.519645E-05   7.423968E-05   1.157429E-04   1.445649E-04   1.970014E-04   1.963942E-04   2.000000E-04   2.000000E-04   8.846116E-05   9.600343E-05   1.073490E-04   8.332299E-05   7.747917E-05   6.654874E-05   5.962908E-05   7.420788E-05   6.224370E-05   2.805598E-05
   1.280446E-04   5.822225E-05   5.151491E-05   8.950192E-05   1.115358E-04   1.469765E-04   2.000000E-04   1.029480E-04   2.000000E-04   2.000000E-04   1.048362E-04   1.271092E-04   1.370418E-04   6.706536E-05   5.653705E-05   4.255839E-05   4.950457E-05   6.752069E-05   2.680449E-05   2.650614E-05
   1.488611E-04   7.016361E-05   6.192305E-05   5.079979E-05   5.263438E-05   7.417204E-05   1.095931E-04   1.124924E-04   1.373096E-04   2.000000E-04   1.292300E-04   1.507626E-04   1.117485E-04   7.039689E-05   4.515149E-05   5.257152E-05   4.198703E-05   2.839729E-05   2.194191E-05   3.099189E-05
   9.819785E-05   8.203323E-05   1.033348E-04   5.374780E-05   5.165117E-05   9.587480E-05   1.168720E-04   1.421405E-04   1.073354E-04   1.807813E-04   1.687873E-04   1.676098E-04   1.241809E-04   5.501393E-05   5.521917E-05   6.178780E-05   2.957679E-05   2.040558E-05   2.307242E-05   2.598556E-05
   1.024791E-04   1.501997E-04   1.239342E-04   6.956822E-05   7.179842E-05   8.685396E-05   6.543635E-05   1.099633E-04   1.239895E-04   1.757133E-04   9.465745E-05   1.111649E-04   7.611374E-05   9.533814E-05   5.672347E-05   4.230438E-05   4.392892E-05   2.000000E-05   2.267135E-05   3.052068E-05
   8.268490E-05   6.436203E-05   6.076346E-05   4.712822E-05   3.778187E-05   6.188669E-05   6.014353E-05   7.159498E-05   5.452052E-05   1.463038E-04   1.453939E-04   1.701970E-04   1.599401E-04   6.030627E-05   4.489610E-05   4.820012E-05   6.160301E-05   2.202068E-05   2.046922E-05   2.000000E-05
   8.874462E-05   8.508487E-05   7.676794E-05   5.360262E-05   4.545276E-05   5.264257E-05   3.680661E-05   4.656041E-05   6.826727E-05   1.062624E-04   1.318689E-04   1.221644E-04   1.318529E-04   9.735196E-05   8.509786E-05   1.065240E-04   6.656407E-05   3.504945E-05   2.072146E-05   2.000000E-05
   7.714444E-05   1.081308E-04   1.070074E-04   1.262561E-04   5.679571E-05   4.569166E-05   6.193464E-05   5.825268E-05   9.877877E-05   1.141516E-04   1.408305E-04   1.073391E-04   1.194744E-04   1.378943E-04   5.660138E-05   6.727775E-05   6.959004E-05   5.586666E-05   2.925104E-05   2.378011E-05
   7.714444E-05   7.714444E-05   1.204757E-04   7.906077E-05   6.665898E-05   6.253332E-05   8.003454E-05   9.712251E-05   1.620406E-04   9.349639E-05   1.909892E-04   1.419795E-04   1.417693E-04   9.320284E-05   7.360625E-05   4.525847E-05   6.586518E-05   3.533157E-05   2.907829E-05   3.850264E-05
   7.714444E-05   7.714444E-05   7.714444E-05   5.198061E-05   6.283992E-05   8.947380E-05   1.791614E-04   1.528516E-04   1.535906E-04   9.450366E-05   1.248208E-04   1.647877E-04   1.089747E-04   7.134247E-05   6.550610E-05   4.592709E-05   6.294333E-05   5.148650E-05   4.305240E-05   5.236439E-05
   7.714444E-05   7.714444E-05   7.714444E-05   7.714444E-05   4.701646E-05   7.281045E-05   1.132479E-04   7.906298E-05   7.178247E-05   6.736834E-05   8.290479E-05   1.092106E-04   1.200731E-04   7.115526E-05   3.634634E-05   5.713238E-05   3.527056E-05   3.492447E-05   4.331183E-05   7.714444E-05
   7.714444E-05   7.714444E-05   7.714444E-05   7.714444E-05   3.229974E-05   5.231415E-05   7.831620E-05   5.182041E-05   6.982629E-05   6.190399E-05   7.128183E-05   6.576366E-05   7.512317E-05   7.675260E-05   4.585943E-05   4.069772E-05   3.833532E-05   3.891949E-05   3.370333E-05   7.714444E-05
   7.714444E-05   7.714444E-05   7.714444E-05   7.714444E-05   7.714444E-05   3.846108E-05   4.312570E-05   6.202903E-05   6.733884E-05   7.586135E-05   3.728599E-05   5.464519E-05   3.026446E-05   6.623571E-05   3.875725E-05   2.000000E-05   2.938315E-05   3.580794E-05   7.714444E-05   7.714444E-05
   7.714444E-05   7.714444E-05   7.714444E-05   7.714444E-05   7.714444E-05   3.657883E-05   5.561699E-05   7.911906E-05   4.625783E-05   4.818418E-05   3.606498E-05   4.977964E-05   4.331775E-05   5.133672E-05   3.738695E-05   4.550780E-05   3.532441E-05   7.714444E-05   7.714444E-05   7.714444E-05
   7.714444E-05   7.714444E-05   7.714444E-05   7.714444E-05   7.714444E-05   7.133728E-05   7.420188E-05   6.883944E-05   5.854135E-05   5.232358E-05   8.947352E-05   1.012417E-04   5.525122E-05   3.296359E-05   2.533059E-05   2.558622E-05   7.714444E-05   7.714444E-05   7.714444E-05   7.714444E-05
