   1.000000E-06   1.000000E-06   1.000000E-06   1.000000E-06   1.000000E-06   1.000000E-06   1.000000E-06   1.000000E-06   1.000000E-06   1.000000E-06   1.000000E-06   1.000000E-06   1.000000E-06   1.000000E-06   1.000000E-06   1.000000E-06   1.000000E-06   1.000000E-06   1.000000E-06   1.000000E-06
   1.000000E-06   1.000000E-06   1.000000E-06   1.000000E-06   1.000000E-06   1.000000E-06   1.000000E-06   1.000000E-06   1.000000E-06   1.000000E-06   1.000000E-06   1.000000E-06   1.000000E-06   1.000000E-06   1.000000E-06   1.000000E-06   1.000000E-06   1.000000E-06   1.357533E-06   1.263186E-06
   1.000000E-06   1.000000E-06   1.000000E-06   1.000000E-06   1.000000E-06   1.000000E-06   1.000000E-06   1.000000E-06   1.000000E-06   1.000000E-06   1.000000E-06   1.000000E-06   1.000000E-06   1.000000E-06   1.000000E-06   1.000000E-06   1.000000E-06   1.062526E-06   1.402934E-06   2.106275E-06
   1.000000E-06   1.000000E-06   1.000000E-06   1.000000E-06   1.023613E-06   1.000000E-06   1.000000E-06   1.000000E-06   1.000000E-06   1.000000E-06   1.000000E-06   1.000000E-06   1.000000E-06   1.000000E-06   1.000000E-06   1.000000E-06   1.000000E-06   1.000000E-06   1.248830E-06   1.937793E-06
   1.000000E-06   1.000000E-06   1.000000E-06   1.338540E-06   1.238966E-06   1.000000E-06   1.000000E-06   1.000000E-06   1.000000E-06   1.000000E-06   1.000000E-06   1.000000E-06   1.000000E-06   1.000000E-06   1.000000E-06   1.000000E-06   1.000000E-06   1.193984E-06   2.955013E-06   2.001294E-06
   1.000000E-06   1.000000E-06   1.083241E-06   1.487410E-06   1.000000E-06   1.509238E-06   1.000000E-06   1.000000E-06   1.000000E-06   1.000000E-06   1.000000E-06   1.000000E-06   1.000000E-06   1.000000E-06   1.000000E-06   1.000000E-06   1.000000E-06   1.714611E-06   2.345300E-06   1.847524E-06
   1.000000E-06   1.000000E-06   1.964411E-06   1.935339E-06   1.048272E-06   1.331846E-06   1.108722E-06   1.277713E-06   1.000000E-06   1.000000E-06   1.000000E-06   1.000000E-06   1.000000E-06   1.000000E-06   1.000000E-06   1.000000E-06   1.027425E-06   1.025090E-06   2.132955E-06   1.162338E-06
   1.643300E-06   1.393089E-06   1.422965E-06   1.608166E-06   2.636910E-06   2.008455E-06   1.198936E-06   1.000000E-06   1.000000E-06   1.000000E-06   1.000000E-06   1.000000E-06   1.000000E-06   1.000000E-06   1.000000E-06   1.167824E-06   1.000000E-06   1.136328E-06   2.330731E-06   2.089555E-06
   2.080671E-06   1.573237E-06   1.492534E-06   1.377375E-06   1.000000E-06   1.000000E-06   1.000000E-06   1.118740E-06   1.311294E-06   1.000000E-06   1.000000E-06   1.000000E-06   1.000000E-06   1.000000E-06   1.000000E-06   1.460497E-06   1.461085E-06   1.885088E-06   3.673900E-06   2.474587E-06
   1.347212E-06   1.130746E-06   1.000000E-06   1.009659E-06   1.000000E-06   1.000000E-06   1.000000E-06   1.000000E-06   1.658244E-06   1.258208E-06   1.000000E-06   1.000000E-06   1.000000E-06   1.000000E-06   1.205021E-06   1.798441E-06   1.444218E-06   1.204460E-06   1.252532E-06   2.606483E-06
   1.315832E-06   1.000000E-06   1.075618E-06   1.000000E-06   1.000000E-06   1.000000E-06   1.000000E-06   1.000000E-06   2.335103E-06   1.000000E-06   1.000000E-06   1.000000E-06   1.000000E-06   1.079407E-06   1.592691E-06   1.597558E-06   1.515162E-06   1.099087E-06   1.008659E-06   1.486914E-06
   1.832255E-06   1.194803E-06   1.205680E-06   2.233856E-06   1.000000E-06   1.000000E-06   1.000000E-06   1.000000E-06   1.184167E-06   1.102414E-06   1.000000E-06   1.000000E-06   1.000000E-06   1.000000E-06   1.026261E-06   1.000000E-06   1.000000E-06   1.000000E-06   1.163650E-06   1.640800E-06
   2.262442E-06   1.683467E-06   2.115212E-06   1.976664E-06   1.000000E-06   1.000000E-06   1.000000E-06   1.000000E-06   2.778229E-06   1.613057E-06   1.393786E-06   1.038587E-06   1.000000E-06   1.677317E-06   1.241115E-06   1.000000E-06   1.000000E-06   1.000000E-06   1.000000E-06   1.969574E-06
   2.326396E-06   2.525995E-06   2.416467E-06   3.626867E-06   1.000000E-06   1.000000E-06   1.000000E-06   1.000000E-06   1.754849E-06   2.476213E-06   1.687455E-06   1.791142E-06   2.467988E-06   1.000000E-06   1.000000E-06   1.000000E-06   1.000000E-06   1.000000E-06   1.197877E-06   1.328662E-06
   3.740252E-06   5.797889E-06   3.049392E-06   2.519673E-06   1.000000E-06   1.000000E-06   1.000000E-06   1.000000E-06   1.594919E-06   2.017755E-06   2.644029E-06   1.414138E-06   1.232658E-06   1.000000E-06   1.000000E-06   1.000000E-06   1.000000E-06   1.000000E-06   1.040151E-06   1.257845E-06
   2.911960E-06   5.314572E-06   3.127342E-06   3.906757E-06   1.000000E-06   1.000000E-06   1.000000E-06   1.000000E-06   2.108331E-06   2.040311E-06   2.119493E-06   1.391991E-06   1.110220E-06   1.000000E-06   1.000000E-06   1.000000E-06   1.011445E-06   1.000000E-06   1.000000E-06   1.098017E-06
   2.961411E-06   3.443060E-06   2.583955E-06   4.297133E-06   1.000000E-06   1.000000E-06   1.000000E-06   1.000000E-06   1.617435E-06   1.877250E-06   1.251288E-06   1.209566E-06   1.000000E-06   1.000000E-06   1.000000E-06   1.125418E-06   1.152706E-06   1.000000E-06   1.000000E-06   1.000000E-06
   2.134054E-06   2.954813E-06   3.609929E-06   2.937865E-06   1.000000E-06   1.000000E-06   1.000000E-06   1.000000E-06   1.167824E-06   1.385780E-06   1.161894E-06   1.217855E-06   1.338313E-06   1.000000E-06   1.000000E-06   1.000000E-06   1.000000E-06   1.046427E-06   1.000000E-06   1.000000E-06
   1.419198E-06   2.717202E-06   2.238500E-06   2.530785E-06   1.000000E-06   1.000000E-06   1.000000E-06   1.000000E-06   1.511530E-06   1.104289E-06   1.000000E-06   1.817499E-06   1.315031E-06   1.328303E-06   1.000000E-06   1.000000E-06   1.000000E-06   1.000000E-06   1.000000E-06   1.000000E-06
   1.000000E-06   1.378475E-06   1.575776E-06   2.707729E-06   1.000000E-06   1.000000E-06   1.000000E-06   1.000000E-06   1.062257E-06   1.575064E-06   1.930613E-06   1.000000E-06   1.144116E-06   1.000000E-06   1.000000E-06   1.000000E-06   1.000000E-06   1.000000E-06   1.000000E-06   1.000000E-06
   1.847785E-06   2.134286E-06   1.638731E-06   1.176708E-06   1.000000E-06   1.000000E-06   1.000000E-06   1.000000E-06   1.010802E-06   1.089871E-06   1.000000E-06   1.480336E-06   1.220921E-06   1.000000E-06   1.000000E-06   1.000000E-06   1.337033E-06   1.193155E-06   1.207233E-06   1.117448E-06
   1.778224E-06   1.738780E-06   2.334479E-06   1.478791E-06   1.000000E-06   1.000000E-06   1.088388E-06   1.000000E-06   1.000000E-06   1.000000E-06   1.251610E-06   1.926017E-06   1.000000E-06   1.184771E-06   1.483310E-06   1.320827E-06   1.382879E-06   1.435839E-06   1.000000E-06   1.480299E-06
   1.359122E-06   1.275190E-06   2.210699E-06   1.448415E-06   1.157959E-06   1.000000E-06   1.000000E-06   1.000000E-06   1.000000E-06   1.000000E-06   1.688219E-06   1.598292E-06   1.167545E-06   1.181873E-06   1.723570E-06   2.325324E-06   2.711954E-06   1.508049E-06   1.153248E-06   1.000000E-06
   1.462823E-06   1.045831E-06   1.426227E-06   1.000000E-06   1.000000E-06   1.000000E-06   1.000000E-06   1.000000E-06   1.000000E-06   1.000000E-06   1.000000E-06   1.737763E-06   1.475620E-06   1.707667E-06   1.526325E-06   1.772830E-06   3.280690E-06   2.115499E-06   1.775096E-06   1.000000E-06
   1.000000E-06   1.000000E-06   1.000000E-06   1.145065E-06   1.000000E-06   1.000000E-06   1.000000E-06   1.000000E-06   1.000000E-06   1.075747E-06   1.000000E-06   1.466178E-06   1.772333E-06   1.511297E-06   2.441183E-06   1.266684E-06   1.664012E-06   1.142042E-06   1.394494E-06   1.143252E-06
   1.000000E-06   1.000506E-06   1.194192E-06   1.253386E-06   1.000000E-06   1.001412E-06   1.000000E-06   1.000000E-06   1.000000E-06   1.330007E-06   1.773076E-06   1.774874E-06   1.729888E-06   1.532287E-06   1.869167E-06   1.459334E-06   1.104886E-06   1.000000E-06   1.000000E-06   1.382128E-06
   1.000000E-06   1.205845E-06   1.851761E-06   1.392917E-06   1.000000E-06   1.000000E-06   1.000000E-06   1.000000E-06   1.000000E-06   1.000000E-06   1.708102E-06   1.781166E-06   1.974376E-06   2.407753E-06   1.463417E-06   1.359463E-06   1.285233E-06   1.000000E-06   1.000000E-06   1.179400E-06
   1.218121E-06   1.000000E-06   1.000000E-06   1.031911E-06   1.000000E-06   1.006201E-06   1.222405E-06   2.021922E-06   1.357524E-06   1.389811E-06   2.048864E-06   1.418876E-06   1.655481E-06   1.000000E-06   1.352078E-06   1.395850E-06   2.172983E-06   1.077625E-06   1.350978E-06   1.416658E-06
   1.562959E-06   1.620238E-06   1.508633E-06   1.364467E-06   1.030968E-06   1.844660E-06   1.514454E-06   2.026134E-06   1.787543E-06   1.104528E-06   1.405412E-06   2.483967E-06   2.038797E-06   1.914223E-06   3.046854E-06   2.623597E-06   2.621752E-06   1.527030E-06   1.717728E-06   1.389993E-06
   2.537705E-06   1.753778E-06   2.498215E-06   1.819834E-06   1.902334E-06   1.642047E-06   1.368918E-06   3.121058E-06   2.240456E-06   1.485274E-06   2.026740E-06   1.573669E-06   1.780284E-06   2.207343E-06   3.577189E-06   3.289639E-06   2.502465E-06   1.078788E-06   1.408126E-06   1.091133E-06
   2.303723E-06   1.580042E-06   2.157258E-06   2.522621E-06   1.082657E-06   1.131134E-06   1.677394E-06   2.414717E-06   2.654958E-06   2.220747E-06   2.200229E-06   2.453069E-06   3.308797E-06   2.416332E-06   2.955031E-06   2.498374E-06   2.770792E-06   1.453904E-06   1.463911E-06   1.113814E-06
   1.494782E-06   1.794586E-06   1.250886E-06   1.181211E-06   1.000000E-06   1.060610E-06   2.009744E-06   2.659642E-06   3.027097E-06   3.522541E-06   2.843604E-06   2.386788E-06   3.258994E-06   2.356008E-06   1.837335E-06   2.533680E-06   1.707497E-06   1.201622E-06   1.699588E-06   1.349158E-06
   1.000000E-06   1.768541E-06   1.389962E-06   1.396360E-06   1.129472E-06   1.498257E-06   1.489864E-06   2.728415E-06   2.070976E-06   3.338918E-06   4.290353E-06   4.212111E-06   2.659031E-06   2.540162E-06   1.538079E-06   1.348888E-06   1.343783E-06   1.000000E-06   1.194195E-06   1.007151E-06
   1.000000E-06   1.000000E-06   1.072481E-06   1.038828E-06   1.704160E-06   1.547730E-06   2.361822E-06   2.524624E-06   2.184966E-06   3.034205E-06   3.154007E-06   3.917275E-06   2.331171E-06   1.139204E-06   1.083769E-06   1.379986E-06   1.344361E-06   1.000000E-06   1.000000E-06   1.000000E-06
   1.000000E-06   1.000000E-06   1.000000E-06   1.000000E-06   2.701050E-06   3.107175E-06   2.575115E-06   2.483020E-06   3.122995E-06   4.152539E-06   3.586721E-06   3.922782E-06   2.423455E-06   1.238011E-06   1.000000E-06   1.000000E-06   1.045369E-06   1.000000E-06   1.000000E-06   1.000000E-06
   1.000000E-06   1.000000E-06   1.000000E-06   1.000000E-06   3.037732E-06   3.183528E-06   3.233061E-06   3.747415E-06   3.024009E-06   2.961184E-06   3.076288E-06   2.357392E-06   1.055535E-06   1.000000E-06   1.000000E-06   1.000000E-06   1.000000E-06   1.000000E-06   1.000000E-06   1.000000E-06
   1.000000E-06   1.000000E-06   1.000000E-06   1.000000E-06   3.100798E-06   2.463922E-06   2.556058E-06   3.410922E-06   3.071100E-06   2.097270E-06   1.832195E-06   1.082281E-06   1.000000E-06   1.000000E-06   1.000000E-06   1.000000E-06   1.000000E-06   1.000000E-06   1.000000E-06   1.000000E-06
   1.000000E-06   1.000000E-06   1.000000E-06   1.000000E-06   1.000000E-06   2.628871E-06   3.482549E-06   3.892639E-06   3.440951E-06   1.646274E-06   1.664530E-06   1.105934E-06   1.000000E-06   1.072566E-06   1.000000E-06   1.000000E-06   1.000000E-06   1.000000E-06   1.000000E-06   1.000000E-06
   1.000000E-06   1.000000E-06   1.000000E-06   1.000000E-06   1.000000E-06   1.802682E-06   1.651754E-06   2.669506E-06   3.169769E-06   2.697717E-06   1.865243E-06   1.744584E-06   1.187248E-06   1.084804E-06   1.181253E-06   1.000000E-06   1.000000E-06   1.000000E-06   1.000000E-06   1.000000E-06
   1.000000E-06   1.000000E-06   1.000000E-06   1.000000E-06   1.000000E-06   1.407299E-06   1.620075E-06   1.538187E-06   1.279422E-06   1.213819E-06   1.770904E-06   1.732416E-06   1.240323E-06   1.000000E-06   1.000000E-06   1.000000E-06   1.000000E-06   1.000000E-06   1.000000E-06   1.000000E-06
