   3.724675E-01   4.417332E-01   3.607783E-01   4.967055E-01   6.605765E-01   5.885824E-01   3.072592E-01   2.641214E-01   3.631440E-01   4.076794E-01   2.281673E-01   1.809284E-01   2.275202E-01   2.346492E-01   3.037133E-01   2.344197E-01   3.754404E-01   3.108267E-01   2.190477E-01   2.196482E-01
   3.169615E-01   3.056142E-01   3.013606E-01   3.067519E-01   3.342064E-01   3.144832E-01   1.988737E-01   1.505856E-01   3.838646E-01   3.322830E-01   3.002953E-01   2.308847E-01   2.216394E-01   2.641671E-01   3.537599E-01   3.522763E-01   2.547172E-01   4.638156E-01   2.285687E-01   3.032614E-01
   3.531519E-01   1.973167E-01   2.518520E-01   2.887701E-01   2.464904E-01   1.750324E-01   1.252219E-01   1.369297E-01   2.406560E-01   2.767980E-01   2.544283E-01   2.119436E-01   1.987680E-01   1.966190E-01   2.832782E-01   4.697861E-01   2.609538E-01   3.337080E-01   3.519740E-01   1.641890E-01
   2.594780E-01   2.759474E-01   2.497105E-01   3.712400E-01   2.569839E-01   1.823501E-01   1.210998E-01   1.933503E-01   2.713456E-01   2.384493E-01   2.516668E-01   2.188401E-01   2.219191E-01   3.932658E-01   2.918911E-01   2.873585E-01   3.705574E-01   3.621890E-01   2.259028E-01   1.699260E-01
   1.899815E-01   2.040950E-01   2.807684E-01   2.681756E-01   1.652579E-01   1.627972E-01   9.959170E-02   8.811978E-02   8.548823E-02   1.468104E-01   1.538945E-01   2.385879E-01   3.433009E-01   7.925281E-01   3.228183E-01   2.012044E-01   3.140883E-01   3.818883E-01   3.418983E-01   2.686138E-01
   2.224128E-01   1.967420E-01   2.232382E-01   2.683422E-01   2.446352E-01   1.238303E-01   8.488185E-02   8.840898E-02   1.073306E-01   1.467413E-01   2.188827E-01   2.730698E-01   4.787926E-01   8.229648E-01   4.255394E-01   2.138627E-01   3.592164E-01   3.747521E-01   3.330729E-01   3.403800E-01
   1.226117E-01   1.093470E-01   2.237325E-01   2.288516E-01   1.773020E-01   1.074847E-01   6.450347E-02   1.590216E-01   9.853198E-02   2.327494E-01   3.366110E-01   3.093837E-01   4.589200E-01   6.920537E-01   5.278342E-01   4.563139E-01   4.315781E-01   2.527716E-01   4.305740E-01   3.596865E-01
   1.433984E-01   1.460496E-01   1.785896E-01   9.793367E-02   1.006688E-01   1.425748E-01   9.908666E-02   1.160186E-01   1.591817E-01   3.499371E-01   2.902685E-01   3.281527E-01   4.838951E-01   5.009451E-01   5.207924E-01   3.706902E-01   3.486806E-01   4.124369E-01   2.819159E-01   2.576061E-01
   1.467821E-01   8.178545E-02   9.775204E-02   1.114861E-01   3.000000E-01   3.000000E-01   3.000000E-01   2.029998E-01   2.736546E-01   2.747470E-01   4.228195E-01   3.425416E-01   4.780296E-01   4.350983E-01   5.943523E-01   4.666322E-01   2.707281E-01   3.739822E-01   2.928800E-01   2.371862E-01
   1.461957E-01   1.132509E-01   1.002206E-01   1.059285E-01   3.000000E-01   3.000000E-01   3.000000E-01   3.000000E-01   1.969295E-01   2.639932E-01   3.110432E-01   2.229344E-01   2.815075E-01   3.310216E-01   6.558607E-01   4.364791E-01   2.785647E-01   2.781423E-01   3.373458E-01   3.859175E-01
   9.229967E-02   1.237387E-01   1.561618E-01   9.586797E-02   3.000000E-01   3.000000E-01   3.000000E-01   3.000000E-01   1.330772E-01   1.008463E-01   1.659498E-01   1.893358E-01   1.352936E-01   3.239679E-01   4.452519E-01   5.028900E-01   2.206177E-01   3.503953E-01   2.419345E-01   1.211703E-01
   8.309628E-02   1.278031E-01   7.150979E-02   1.564656E-01   3.000000E-01   3.000000E-01   3.000000E-01   3.000000E-01   8.862562E-02   8.214482E-02   1.313048E-01   2.122836E-01   2.021195E-01   2.088585E-01   3.123174E-01   2.822698E-01   2.607540E-01   2.320306E-01   2.672902E-01   2.062406E-01
   6.859176E-02   5.836909E-02   4.708746E-02   1.304293E-01   3.000000E-01   3.000000E-01   3.000000E-01   3.000000E-01   1.198050E-01   1.126720E-01   1.056371E-01   1.502361E-01   2.906073E-01   2.419493E-01   3.801458E-01   3.369213E-01   3.946235E-01   2.574738E-01   3.571428E-01   3.839905E-01
   1.208299E-01   1.046979E-01   1.098234E-01   1.572150E-01   3.000000E-01   3.000000E-01   3.000000E-01   3.000000E-01   1.608865E-01   1.240969E-01   1.875484E-01   2.034982E-01   2.581853E-01   2.608907E-01   2.993688E-01   3.922881E-01   3.219781E-01   2.815720E-01   2.851413E-01   2.741330E-01
   1.138589E-01   1.459685E-01   1.411933E-01   1.354552E-01   3.000000E-01   3.000000E-01   3.000000E-01   3.000000E-01   2.223640E-01   1.708196E-01   2.647522E-01   2.046691E-01   2.345700E-01   2.524762E-01   3.075007E-01   5.156672E-01   5.443477E-01   5.000810E-01   3.184371E-01   3.376792E-01
   1.394468E-01   9.995002E-02   7.918278E-02   1.150679E-01   3.000000E-01   3.000000E-01   3.000000E-01   3.000000E-01   2.705009E-01   1.857857E-01   2.310925E-01   2.188150E-01   4.022159E-01   3.846899E-01   3.340170E-01   3.440273E-01   2.927025E-01   2.486101E-01   2.563518E-01   3.430562E-01
   1.206042E-01   1.038643E-01   1.283741E-01   1.245017E-01   3.000000E-01   3.000000E-01   3.000000E-01   3.000000E-01   2.035454E-01   3.493962E-01   3.505119E-01   2.579247E-01   2.577909E-01   3.318197E-01   4.228342E-01   3.349811E-01   3.012121E-01   1.841920E-01   2.230854E-01   3.230831E-01
   1.569983E-01   1.668672E-01   1.375945E-01   1.521666E-01   3.000000E-01   3.000000E-01   3.000000E-01   3.000000E-01   1.855419E-01   1.892778E-01   2.315369E-01   2.120132E-01   2.218197E-01   4.193752E-01   3.127479E-01   2.840406E-01   2.793814E-01   1.673990E-01   1.700749E-01   2.976413E-01
   3.045840E-01   1.794195E-01   1.570403E-01   1.942125E-01   3.000000E-01   3.000000E-01   3.000000E-01   3.000000E-01   2.710473E-01   2.057618E-01   1.540891E-01   9.547881E-02   1.542933E-01   3.179745E-01   3.677947E-01   3.498590E-01   3.534523E-01   1.191077E-01   1.558353E-01   2.552040E-01
   4.627131E-01   2.725677E-01   3.898648E-01   2.095841E-01   3.000000E-01   3.000000E-01   3.000000E-01   3.000000E-01   2.270551E-01   1.045024E-01   1.419436E-01   3.065562E-01   2.276571E-01   3.208927E-01   4.064916E-01   3.291655E-01   4.709137E-01   2.624686E-01   1.852557E-01   1.871415E-01
   3.508532E-01   3.378022E-01   6.243341E-01   3.304003E-01   3.000000E-01   3.000000E-01   3.000000E-01   3.000000E-01   3.088277E-01   3.578241E-01   2.438161E-01   2.699467E-01   2.796304E-01   3.038594E-01   3.425534E-01   3.559490E-01   3.763950E-01   2.949864E-01   4.969746E-01   3.512284E-01
   3.582417E-01   3.128839E-01   6.361452E-01   5.695897E-01   3.000000E-01   3.000000E-01   3.274984E-01   3.409843E-01   3.211731E-01   3.562387E-01   2.444231E-01   2.596266E-01   2.662473E-01   2.483612E-01   3.459426E-01   2.616423E-01   1.989356E-01   2.817617E-01   2.325676E-01   2.638913E-01
   4.114974E-01   3.378933E-01   4.773582E-01   5.571024E-01   4.961465E-01   3.000000E-01   2.332291E-01   2.663709E-01   3.361361E-01   2.510765E-01   3.644413E-01   1.722892E-01   1.964578E-01   3.384380E-01   4.205974E-01   4.317668E-01   2.835332E-01   3.925161E-01   2.433693E-01   1.966797E-01
   3.266974E-01   2.893682E-01   3.645236E-01   3.925038E-01   4.021931E-01   3.118476E-01   2.611611E-01   3.212711E-01   3.041344E-01   2.556603E-01   1.911967E-01   1.874920E-01   2.001595E-01   2.837676E-01   5.197724E-01   4.098609E-01   4.027173E-01   2.956429E-01   3.187820E-01   1.590436E-01
   2.886571E-01   3.840187E-01   2.545995E-01   3.196473E-01   3.656701E-01   3.287793E-01   3.251810E-01   2.592832E-01   2.857462E-01   2.473744E-01   2.075184E-01   1.654799E-01   1.951455E-01   4.738154E-01   3.838629E-01   4.259636E-01   4.161453E-01   4.273244E-01   3.037513E-01   1.756234E-01
   3.684693E-01   3.287163E-01   2.723189E-01   2.923999E-01   3.407399E-01   4.229745E-01   3.133361E-01   1.911153E-01   2.322177E-01   3.740902E-01   3.142010E-01   2.981133E-01   4.667235E-01   4.724447E-01   3.132174E-01   3.530279E-01   3.992449E-01   2.604484E-01   2.497921E-01   2.750042E-01
   4.323507E-01   5.981285E-01   3.203292E-01   2.617177E-01   3.763422E-01   4.793765E-01   4.241857E-01   2.610107E-01   2.067733E-01   3.770821E-01   3.010646E-01   5.560761E-01   4.893764E-01   5.585651E-01   3.314556E-01   4.290521E-01   3.808933E-01   2.219196E-01   3.394671E-01   2.843931E-01
   5.720209E-01   4.867974E-01   2.646061E-01   3.041007E-01   2.035720E-01   3.215211E-01   3.752581E-01   2.022260E-01   1.980162E-01   2.489519E-01   5.132858E-01   6.786203E-01   4.567298E-01   3.422416E-01   2.614962E-01   3.438219E-01   3.149930E-01   2.486251E-01   2.091957E-01   3.128109E-01
   5.748922E-01   3.561913E-01   4.460657E-01   3.187560E-01   2.553282E-01   2.106230E-01   2.505537E-01   1.426155E-01   1.237010E-01   1.761260E-01   3.555016E-01   4.882538E-01   6.273866E-01   2.464258E-01   2.333883E-01   3.698952E-01   2.493954E-01   2.297668E-01   2.267672E-01   2.937647E-01
   7.323203E-01   6.464802E-01   4.584804E-01   2.558554E-01   1.516676E-01   1.494778E-01   1.536766E-01   2.074590E-01   1.337284E-01   2.298332E-01   2.485126E-01   2.700571E-01   2.337301E-01   3.139698E-01   2.467553E-01   2.552908E-01   1.740561E-01   1.912512E-01   2.138188E-01   2.266343E-01
   7.095578E-01   4.756828E-01   2.942484E-01   2.899105E-01   1.347412E-01   1.195456E-01   1.038448E-01   1.241875E-01   1.617687E-01   1.448169E-01   2.804858E-01   2.595496E-01   3.271632E-01   2.104551E-01   1.777367E-01   2.588369E-01   1.984088E-01   1.602510E-01   1.259034E-01   2.543237E-01
   5.901358E-01   4.407261E-01   3.450437E-01   2.174331E-01   1.002954E-01   1.312020E-01   1.420702E-01   1.277765E-01   3.125474E-01   2.210821E-01   4.182769E-01   6.384980E-01   2.298443E-01   1.759528E-01   1.729274E-01   2.118407E-01   1.450181E-01   1.456664E-01   1.939636E-01   1.996493E-01
   3.000000E-01   2.731443E-01   1.960826E-01   1.512204E-01   1.823474E-01   1.738167E-01   1.545410E-01   1.994232E-01   2.822269E-01   4.685038E-01   6.515823E-01   4.926343E-01   1.318685E-01   1.313357E-01   1.339804E-01   1.712403E-01   2.155375E-01   2.748404E-01   2.625824E-01   2.082136E-01
   3.000000E-01   3.000000E-01   1.488531E-01   1.707099E-01   1.320066E-01   1.736640E-01   3.633284E-01   2.948961E-01   3.321200E-01   2.748305E-01   2.857508E-01   3.527093E-01   2.070962E-01   1.552122E-01   2.092998E-01   1.596503E-01   1.492797E-01   1.798227E-01   1.633377E-01   2.668777E-01
   3.000000E-01   3.000000E-01   3.000000E-01   2.225657E-01   1.259850E-01   1.415615E-01   1.596963E-01   2.278386E-01   2.499413E-01   1.693499E-01   2.323235E-01   1.723410E-01   1.512627E-01   1.694685E-01   2.221918E-01   1.512568E-01   1.404228E-01   2.093000E-01   1.561905E-01   2.989650E-01
   3.000000E-01   3.000000E-01   3.000000E-01   3.000000E-01   1.668711E-01   1.219614E-01   1.345886E-01   2.320592E-01   3.125508E-01   3.017687E-01   2.822592E-01   1.740882E-01   1.659154E-01   3.432564E-01   2.241635E-01   1.510964E-01   2.095553E-01   1.980567E-01   1.586954E-01   3.000000E-01
   3.000000E-01   3.000000E-01   3.000000E-01   3.000000E-01   1.595008E-01   1.789382E-01   1.418983E-01   1.197969E-01   2.124243E-01   3.106732E-01   4.251886E-01   1.909773E-01   3.607556E-01   3.152144E-01   3.303508E-01   1.513585E-01   2.251443E-01   3.464443E-01   2.275971E-01   3.000000E-01
   3.000000E-01   3.000000E-01   3.000000E-01   3.000000E-01   3.000000E-01   1.404475E-01   1.188411E-01   1.039664E-01   2.680051E-01   2.518964E-01   2.233844E-01   1.931046E-01   1.897337E-01   2.030083E-01   2.541986E-01   2.828530E-01   2.502382E-01   2.181107E-01   3.000000E-01   3.000000E-01
   3.000000E-01   3.000000E-01   3.000000E-01   3.000000E-01   3.000000E-01   1.632316E-01   1.839910E-01   2.035210E-01   1.586891E-01   1.544401E-01   1.151170E-01   1.261549E-01   1.572857E-01   2.145531E-01   2.457621E-01   2.546237E-01   2.350412E-01   3.000000E-01   3.000000E-01   3.000000E-01
   3.000000E-01   3.000000E-01   3.000000E-01   3.000000E-01   3.000000E-01   2.262716E-01   2.899278E-01   2.083578E-01   1.665011E-01   1.561565E-01   1.409454E-01   7.655328E-02   1.187771E-01   1.553768E-01   2.330333E-01   1.770449E-01   3.000000E-01   3.000000E-01   3.000000E-01   3.000000E-01
