   3.911805E-05   4.705251E-05   3.513017E-05   4.572446E-05   3.369535E-05   6.726099E-05   1.115179E-04   9.174000E-05   5.005115E-05   3.161374E-05   4.147207E-05   4.658557E-05   4.042464E-05   5.960332E-05   1.038983E-04   8.706637E-05   7.980651E-05   4.974415E-05   4.842820E-05   3.345180E-05
   5.997414E-05   6.017751E-05   4.626688E-05   4.066248E-05   4.275117E-05   5.773179E-05   1.140909E-04   1.507834E-04   7.597374E-05   7.938103E-05   5.555410E-05   6.262888E-05   6.092966E-05   7.565881E-05   1.278282E-04   8.067998E-05   1.209002E-04   7.915102E-05   6.300306E-05   5.745018E-05
   4.892576E-05   4.313006E-05   3.333116E-05   4.073570E-05   4.277961E-05   5.672417E-05   1.070144E-04   1.559538E-04   1.150907E-04   8.793658E-05   9.771126E-05   8.217106E-05   5.966197E-05   9.802200E-05   1.261379E-04   8.939577E-05   1.282346E-04   7.584589E-05   5.610115E-05   4.143923E-05
   5.942630E-05   6.657783E-05   3.833973E-05   4.060693E-05   6.321016E-05   9.251726E-05   1.079281E-04   1.342660E-04   7.064797E-05   6.542007E-05   8.772250E-05   1.152721E-04   8.080350E-05   1.088183E-04   1.456148E-04   1.249225E-04   1.018511E-04   5.851831E-05   4.732774E-05   3.510109E-05
   6.560917E-05   1.096488E-04   6.112133E-05   5.919478E-05   8.630320E-05   8.286167E-05   1.214808E-04   2.000000E-04   7.945754E-05   5.291290E-05   7.158892E-05   7.183425E-05   9.887226E-05   1.050189E-04   1.086088E-04   7.193566E-05   5.358660E-05   6.487742E-05   4.756676E-05   7.014820E-05
   8.504554E-05   8.190713E-05   5.988531E-05   1.080831E-04   1.118091E-04   1.073215E-04   1.520311E-04   1.270689E-04   9.887679E-05   5.497351E-05   1.123872E-04   8.587484E-05   1.191559E-04   8.248801E-05   8.922099E-05   1.038796E-04   7.439066E-05   6.486433E-05   6.280388E-05   6.280691E-05
   4.417556E-05   5.872376E-05   6.674238E-05   9.785434E-05   9.770937E-05   1.367531E-04   1.573669E-04   9.217088E-05   8.311084E-05   9.166765E-05   8.284350E-05   7.540293E-05   7.619050E-05   6.261539E-05   6.668970E-05   7.762091E-05   6.087038E-05   5.552453E-05   5.216497E-05   6.046761E-05
   4.721854E-05   3.676471E-05   4.906673E-05   6.361452E-05   6.820551E-05   8.827730E-05   9.301789E-05   8.158049E-05   6.993317E-05   7.182872E-05   8.807294E-05   1.224110E-04   1.378700E-04   1.085224E-04   7.871933E-05   7.979975E-05   4.590020E-05   3.488789E-05   5.396352E-05   5.829950E-05
   3.298918E-05   4.046008E-05   3.231977E-05   4.247226E-05   5.875200E-05   5.875200E-05   5.875200E-05   7.966793E-05   8.834518E-05   6.499956E-05   8.703247E-05   1.511956E-04   1.410185E-04   1.381566E-04   4.640794E-05   5.855883E-05   5.393984E-05   6.465751E-05   5.808711E-05   8.365142E-05
   2.032149E-05   2.318261E-05   2.504890E-05   4.154116E-05   5.875200E-05   5.875200E-05   5.875200E-05   5.875200E-05   7.332077E-05   7.301129E-05   9.857721E-05   1.345805E-04   1.943392E-04   1.119245E-04   6.821936E-05   5.646923E-05   6.838890E-05   8.743285E-05   8.345885E-05   1.060134E-04
   2.132178E-05   3.181407E-05   3.236192E-05   3.336249E-05   5.875200E-05   5.875200E-05   5.875200E-05   5.875200E-05   6.296187E-05   9.485682E-05   1.729479E-04   2.000000E-04   1.984112E-04   1.582262E-04   7.857754E-05   1.324673E-04   9.522835E-05   1.527514E-04   9.411887E-05   8.852327E-05
   4.875540E-05   6.233274E-05   2.734384E-05   3.261858E-05   5.875200E-05   5.875200E-05   5.875200E-05   5.875200E-05   4.258432E-05   8.005244E-05   1.739971E-04   2.000000E-04   1.096688E-04   1.647144E-04   1.278904E-04   1.318483E-04   9.081718E-05   1.136802E-04   1.453641E-04   9.328331E-05
   8.052851E-05   9.073364E-05   5.242362E-05   4.772519E-05   5.875200E-05   5.875200E-05   5.875200E-05   5.875200E-05   4.086777E-05   4.792948E-05   5.091676E-05   9.147208E-05   7.296713E-05   6.095432E-05   8.919599E-05   1.170913E-04   9.693063E-05   7.656422E-05   1.363402E-04   1.009588E-04
   4.453589E-05   5.311227E-05   1.028527E-04   6.979563E-05   5.875200E-05   5.875200E-05   5.875200E-05   5.875200E-05   2.292920E-05   3.159880E-05   5.937710E-05   4.163375E-05   3.565183E-05   2.387802E-05   4.304953E-05   7.239885E-05   6.847773E-05   8.553822E-05   1.562315E-04   1.126778E-04
   8.054725E-05   6.135244E-05   9.855532E-05   9.399844E-05   5.875200E-05   5.875200E-05   5.875200E-05   5.875200E-05   3.885674E-05   5.837830E-05   6.937187E-05   3.486361E-05   5.179551E-05   2.978637E-05   4.270950E-05   5.321396E-05   6.707140E-05   9.076876E-05   7.557110E-05   6.581414E-05
   1.287466E-04   9.567589E-05   7.112243E-05   4.537764E-05   5.875200E-05   5.875200E-05   5.875200E-05   5.875200E-05   5.886437E-05   4.687554E-05   5.963996E-05   1.103968E-04   7.731305E-05   5.013772E-05   3.454272E-05   4.976768E-05   7.314428E-05   7.063379E-05   7.083782E-05   4.936747E-05
   9.472032E-05   5.024156E-05   5.570661E-05   7.130414E-05   5.875200E-05   5.875200E-05   5.875200E-05   5.875200E-05   5.670347E-05   7.751258E-05   4.680640E-05   9.045085E-05   6.635750E-05   6.924551E-05   4.972909E-05   3.375661E-05   4.576903E-05   5.665702E-05   5.832820E-05   6.143892E-05
   7.239298E-05   7.129806E-05   7.891040E-05   7.921391E-05   5.875200E-05   5.875200E-05   5.875200E-05   5.875200E-05   4.960897E-05   6.078175E-05   4.756060E-05   5.668776E-05   6.887907E-05   1.021561E-04   3.473419E-05   2.000000E-05   2.852347E-05   4.779492E-05   6.241055E-05   4.894902E-05
   7.191580E-05   3.874831E-05   4.935040E-05   3.248757E-05   5.875200E-05   5.875200E-05   5.875200E-05   5.875200E-05   8.933953E-05   1.131912E-04   1.252904E-04   7.446531E-05   6.398986E-05   8.391176E-05   6.475437E-05   4.214144E-05   3.689630E-05   4.636769E-05   5.765414E-05   4.960088E-05
   5.998398E-05   3.379182E-05   2.799631E-05   2.666765E-05   5.875200E-05   5.875200E-05   5.875200E-05   5.875200E-05   1.713803E-04   1.477170E-04   1.374130E-04   1.002000E-04   8.635773E-05   7.880212E-05   7.577374E-05   5.668187E-05   2.879989E-05   2.690982E-05   5.563041E-05   4.542401E-05
   4.246885E-05   3.856984E-05   2.183063E-05   2.375483E-05   5.875200E-05   5.875200E-05   5.875200E-05   5.875200E-05   1.560986E-04   1.777010E-04   1.890837E-04   1.508689E-04   1.755387E-04   1.458049E-04   7.843159E-05   4.855373E-05   3.227026E-05   3.247129E-05   5.231036E-05   7.127676E-05
   3.272366E-05   2.264298E-05   2.129585E-05   2.803517E-05   5.875200E-05   5.875200E-05   6.376482E-05   9.825471E-05   8.734881E-05   1.780080E-04   1.825158E-04   1.608366E-04   1.244978E-04   8.757221E-05   9.329729E-05   4.119479E-05   3.958994E-05   3.167475E-05   4.781567E-05   5.623540E-05
   2.000000E-05   2.124832E-05   2.083427E-05   3.905169E-05   2.187054E-05   5.875200E-05   3.425508E-05   4.354420E-05   3.606579E-05   9.832850E-05   1.033881E-04   1.277324E-04   1.188988E-04   9.447466E-05   3.946793E-05   4.676381E-05   8.149626E-05   6.538947E-05   4.414114E-05   3.400679E-05
   2.236135E-05   2.766206E-05   2.451007E-05   2.670929E-05   2.810696E-05   2.179292E-05   2.883144E-05   3.578528E-05   3.057494E-05   4.844383E-05   5.719331E-05   6.190182E-05   6.653889E-05   5.959808E-05   4.763566E-05   7.128350E-05   7.044339E-05   6.848225E-05   5.922655E-05   4.104769E-05
   2.924208E-05   2.000000E-05   3.375831E-05   2.960363E-05   2.863189E-05   2.359510E-05   2.000000E-05   2.162014E-05   4.574813E-05   5.843906E-05   3.615291E-05   4.667629E-05   4.051100E-05   6.318024E-05   8.652872E-05   9.362164E-05   6.381991E-05   5.940413E-05   4.198693E-05   3.189831E-05
   2.589592E-05   2.727925E-05   2.130679E-05   2.439280E-05   2.000000E-05   2.000000E-05   2.000000E-05   2.000000E-05   3.087635E-05   5.190981E-05   3.590886E-05   2.966097E-05   3.825734E-05   8.816025E-05   9.980755E-05   1.047877E-04   4.284192E-05   4.903634E-05   7.472348E-05   6.946016E-05
   2.000000E-05   2.000000E-05   2.000000E-05   2.000000E-05   2.000000E-05   2.000000E-05   2.000000E-05   2.000000E-05   2.000000E-05   2.894906E-05   4.990599E-05   6.233661E-05   7.849960E-05   8.365992E-05   9.201101E-05   1.020492E-04   1.100601E-04   1.576327E-04   8.975994E-05   9.121788E-05
   2.000000E-05   2.000000E-05   2.000000E-05   2.000000E-05   2.000000E-05   2.000000E-05   2.000000E-05   2.487241E-05   3.912109E-05   3.786202E-05   8.145201E-05   6.620487E-05   7.744210E-05   1.526254E-04   1.100060E-04   1.577772E-04   1.198557E-04   8.463835E-05   1.243860E-04   1.031515E-04
   2.000000E-05   2.000000E-05   2.000000E-05   2.000000E-05   2.000000E-05   2.547026E-05   2.000000E-05   3.072263E-05   5.775762E-05   5.594924E-05   5.852414E-05   7.600464E-05   1.535070E-04   1.807452E-04   1.903587E-04   1.268922E-04   9.915689E-05   1.119216E-04   1.378765E-04   1.084086E-04
   2.000000E-05   2.000000E-05   2.000000E-05   2.000000E-05   2.110739E-05   2.000000E-05   2.927765E-05   4.039892E-05   7.000160E-05   9.390510E-05   1.122054E-04   1.359421E-04   2.000000E-04   1.817108E-04   1.484155E-04   1.074015E-04   8.353509E-05   1.169017E-04   1.298939E-04   1.717703E-04
   2.000000E-05   2.000000E-05   2.000000E-05   2.000000E-05   2.000000E-05   4.978198E-05   3.109449E-05   2.979506E-05   5.387999E-05   9.942200E-05   1.934380E-04   1.184596E-04   1.448479E-04   1.598099E-04   9.460991E-05   7.556681E-05   9.057375E-05   7.725085E-05   1.443264E-04   1.083680E-04
   2.000000E-05   2.000000E-05   2.000000E-05   2.000000E-05   2.000000E-05   4.510370E-05   2.551144E-05   3.805837E-05   8.156486E-05   1.299546E-04   1.233430E-04   1.468794E-04   1.022220E-04   1.337052E-04   1.090171E-04   1.074045E-04   6.701807E-05   5.163080E-05   7.681728E-05   6.883037E-05
   5.875200E-05   2.000000E-05   2.000000E-05   2.000000E-05   2.182717E-05   3.777100E-05   4.987451E-05   6.199278E-05   6.966266E-05   1.192064E-04   1.393800E-04   1.707625E-04   1.729182E-04   1.702875E-04   1.534883E-04   1.090374E-04   6.464883E-05   6.733332E-05   5.079273E-05   4.330674E-05
   5.875200E-05   5.875200E-05   2.000000E-05   2.000000E-05   2.000000E-05   3.787745E-05   5.367367E-05   6.288621E-05   8.693247E-05   1.867244E-04   1.437100E-04   1.746299E-04   1.578273E-04   1.739003E-04   1.060163E-04   7.087173E-05   8.051662E-05   9.006657E-05   6.386492E-05   6.273279E-05
   5.875200E-05   5.875200E-05   5.875200E-05   2.000000E-05   2.000000E-05   5.028157E-05   7.000114E-05   1.021709E-04   2.000000E-04   1.949202E-04   1.847458E-04   1.198243E-04   1.463594E-04   1.983355E-04   1.340984E-04   1.107406E-04   1.136485E-04   8.741225E-05   8.928535E-05   7.948258E-05
   5.875200E-05   5.875200E-05   5.875200E-05   5.875200E-05   3.675514E-05   3.773537E-05   7.387971E-05   1.287046E-04   2.000000E-04   2.000000E-04   2.000000E-04   1.944712E-04   1.287917E-04   9.665212E-05   9.105109E-05   1.261042E-04   1.154258E-04   7.897602E-05   8.985444E-05   5.875200E-05
   5.875200E-05   5.875200E-05   5.875200E-05   5.875200E-05   4.777071E-05   3.814190E-05   6.823998E-05   1.553503E-04   2.000000E-04   1.445541E-04   1.130663E-04   1.217847E-04   6.202155E-05   6.399788E-05   6.672685E-05   1.079592E-04   8.745280E-05   8.170607E-05   7.401530E-05   5.875200E-05
   5.875200E-05   5.875200E-05   5.875200E-05   5.875200E-05   5.875200E-05   3.399980E-05   6.117030E-05   8.976285E-05   1.194246E-04   1.318267E-04   9.903584E-05   9.219524E-05   5.871256E-05   9.210571E-05   7.658328E-05   9.158277E-05   1.307071E-04   1.996169E-04   5.875200E-05   5.875200E-05
   5.875200E-05   5.875200E-05   5.875200E-05   5.875200E-05   5.875200E-05   4.500505E-05   6.693809E-05   6.538901E-05   9.664704E-05   7.821474E-05   5.874197E-05   4.640341E-05   5.912580E-05   6.599287E-05   9.256996E-05   9.090390E-05   8.598715E-05   5.875200E-05   5.875200E-05   5.875200E-05
   5.875200E-05   5.875200E-05   5.875200E-05   5.875200E-05   5.875200E-05   5.409704E-05   5.641239E-05   6.965828E-05   6.379859E-05   6.411287E-05   7.456609E-05   9.625127E-05   8.994581E-05   6.711086E-05   7.239703E-05   6.686889E-05   5.875200E-05   5.875200E-05   5.875200E-05   5.875200E-05
