   1.568109E-06   1.539742E-06   1.511306E-06   1.038990E-06   1.433176E-06   2.613625E-06   1.810527E-06   3.166586E-06   2.062606E-06   2.119279E-06   3.687271E-06   2.671643E-06   2.210385E-06   1.522137E-06   2.578411E-06   1.971119E-06   2.097841E-06   2.794597E-06   2.045476E-06   3.938246E-06
   1.901256E-06   1.927338E-06   2.236344E-06   1.435347E-06   2.106433E-06   1.593131E-06   2.167586E-06   3.251476E-06   2.092750E-06   2.439410E-06   2.869877E-06   3.448756E-06   2.434347E-06   2.007718E-06   1.825376E-06   1.621840E-06   1.000000E-06   1.319693E-06   1.335439E-06   1.731659E-06
   2.391879E-06   2.705624E-06   1.830209E-06   1.258062E-06   1.773552E-06   1.575024E-06   2.075475E-06   2.207905E-06   3.261329E-06   3.915193E-06   5.482595E-06   4.219660E-06   3.413936E-06   1.238800E-06   1.437804E-06   1.062147E-06   1.000000E-06   1.501827E-06   1.068253E-06   1.074783E-06
   1.651547E-06   2.902655E-06   1.318002E-06   1.775165E-06   2.141883E-06   2.511203E-06   2.203563E-06   2.285347E-06   3.106404E-06   4.929051E-06   5.494509E-06   5.117485E-06   2.524582E-06   1.940681E-06   1.050508E-06   1.437954E-06   1.286781E-06   1.994536E-06   1.000000E-06   1.000000E-06
   1.786084E-06   1.933919E-06   1.119935E-06   1.610913E-06   3.429044E-06   3.237593E-06   2.571167E-06   3.133872E-06   3.764968E-06   3.908218E-06   2.747373E-06   2.611341E-06   1.700079E-06   1.238672E-06   1.244889E-06   1.841378E-06   1.377020E-06   1.257246E-06   1.000000E-06   1.000000E-06
   2.089601E-06   1.647399E-06   1.742194E-06   1.829314E-06   3.054731E-06   3.517122E-06   3.325565E-06   2.687915E-06   3.164776E-06   2.225509E-06   2.683964E-06   2.709550E-06   1.429426E-06   1.771912E-06   2.944004E-06   1.948161E-06   2.226592E-06   1.490046E-06   1.104727E-06   1.000000E-06
   1.367170E-06   1.432964E-06   2.215477E-06   2.109834E-06   3.320753E-06   5.583670E-06   5.623177E-06   4.858719E-06   2.816225E-06   2.604832E-06   1.989398E-06   2.480331E-06   2.381728E-06   3.081238E-06   2.718825E-06   2.735593E-06   2.134935E-06   2.497655E-06   1.000000E-06   1.031859E-06
   1.152765E-06   1.542582E-06   1.278975E-06   1.610660E-06   4.870049E-06   3.264126E-06   3.541871E-06   7.882997E-06   2.343755E-06   1.275644E-06   1.743752E-06   1.631456E-06   2.865625E-06   2.710826E-06   2.279509E-06   3.386863E-06   2.819208E-06   1.669476E-06   1.356073E-06   1.418632E-06
   1.000000E-06   1.000000E-06   1.308679E-06   2.176877E-06   1.000000E-06   1.000000E-06   1.000000E-06   4.909913E-06   1.463535E-06   1.000000E-06   1.000000E-06   1.298460E-06   2.068979E-06   2.587298E-06   2.336270E-06   1.653446E-06   2.158028E-06   2.185653E-06   1.445368E-06   1.809458E-06
   1.127705E-06   1.000000E-06   1.025626E-06   1.832234E-06   1.000000E-06   1.000000E-06   1.000000E-06   1.000000E-06   2.193994E-06   1.387222E-06   1.325581E-06   1.935624E-06   2.043350E-06   2.783182E-06   3.097784E-06   2.288299E-06   2.458920E-06   3.700945E-06   1.750668E-06   1.192313E-06
   1.001548E-06   1.000000E-06   1.000000E-06   1.806177E-06   1.000000E-06   1.000000E-06   1.000000E-06   1.000000E-06   2.796917E-06   1.730976E-06   1.833320E-06   2.475943E-06   3.319633E-06   3.547539E-06   3.584068E-06   2.926236E-06   2.080271E-06   1.959176E-06   1.000000E-06   1.171240E-06
   1.000000E-06   1.000000E-06   1.000000E-06   1.783525E-06   1.000000E-06   1.000000E-06   1.000000E-06   1.000000E-06   3.186389E-06   2.971039E-06   2.487864E-06   2.349025E-06   3.835851E-06   3.844403E-06   3.682129E-06   1.638546E-06   1.810758E-06   1.473662E-06   1.000000E-06   1.390192E-06
   1.158207E-06   1.787988E-06   1.602234E-06   1.936315E-06   1.000000E-06   1.000000E-06   1.000000E-06   1.000000E-06   3.027138E-06   2.343805E-06   3.108815E-06   2.147725E-06   2.995844E-06   1.566131E-06   2.910138E-06   2.022510E-06   1.449897E-06   1.016906E-06   1.000000E-06   1.107278E-06
   1.000000E-06   2.000109E-06   1.276852E-06   1.349839E-06   1.000000E-06   1.000000E-06   1.000000E-06   1.000000E-06   2.418814E-06   2.774009E-06   3.689727E-06   3.115631E-06   3.150467E-06   1.890081E-06   1.639855E-06   1.597762E-06   1.296761E-06   1.000000E-06   1.145236E-06   1.041786E-06
   1.000000E-06   1.000000E-06   1.000000E-06   1.257784E-06   1.000000E-06   1.000000E-06   1.000000E-06   1.000000E-06   5.394653E-06   5.547350E-06   5.122595E-06   4.173784E-06   4.078428E-06   1.987113E-06   1.492787E-06   1.337694E-06   1.562409E-06   1.025156E-06   1.573700E-06   1.009981E-06
   1.000000E-06   1.000000E-06   1.000000E-06   1.333455E-06   1.000000E-06   1.000000E-06   1.000000E-06   1.000000E-06   6.110010E-06   5.377475E-06   3.462370E-06   3.893857E-06   3.894073E-06   3.025726E-06   1.081782E-06   1.000000E-06   1.000000E-06   1.000000E-06   1.039750E-06   1.000000E-06
   1.000000E-06   1.000000E-06   1.000000E-06   1.000000E-06   1.000000E-06   1.000000E-06   1.000000E-06   1.000000E-06   2.307135E-06   2.296770E-06   2.710037E-06   2.202149E-06   1.646838E-06   1.682214E-06   1.254282E-06   1.024416E-06   1.000000E-06   1.000000E-06   1.000000E-06   1.000000E-06
   1.000000E-06   1.000000E-06   1.000000E-06   1.000000E-06   1.000000E-06   1.000000E-06   1.000000E-06   1.000000E-06   1.056992E-06   2.273147E-06   2.445630E-06   1.000000E-06   1.244067E-06   1.000000E-06   1.674447E-06   1.000000E-06   1.312912E-06   1.084908E-06   1.000000E-06   1.000000E-06
   1.000000E-06   1.000000E-06   1.000000E-06   1.189692E-06   1.000000E-06   1.000000E-06   1.000000E-06   1.000000E-06   1.703977E-06   2.099963E-06   1.826250E-06   1.410972E-06   1.195144E-06   1.000000E-06   1.000000E-06   1.087547E-06   1.000000E-06   1.251576E-06   1.000000E-06   1.000000E-06
   1.022672E-06   1.000000E-06   1.118762E-06   1.000000E-06   1.000000E-06   1.000000E-06   1.000000E-06   1.000000E-06   1.918086E-06   1.878041E-06   2.482052E-06   1.969840E-06   1.369245E-06   1.000000E-06   1.340071E-06   1.039781E-06   1.000000E-06   1.089048E-06   1.294275E-06   1.000000E-06
   1.857325E-06   2.262644E-06   1.792554E-06   1.000000E-06   1.000000E-06   1.000000E-06   1.000000E-06   1.000000E-06   2.045688E-06   3.486474E-06   1.825998E-06   1.765664E-06   1.783047E-06   1.269756E-06   1.000000E-06   1.096014E-06   1.000000E-06   1.000000E-06   1.000000E-06   1.000000E-06
   2.025559E-06   2.702762E-06   2.290006E-06   2.518622E-06   1.000000E-06   1.000000E-06   3.047195E-06   2.017576E-06   2.014396E-06   1.977334E-06   1.617316E-06   1.712337E-06   1.224168E-06   1.065694E-06   1.014217E-06   1.279144E-06   1.201190E-06   1.000000E-06   1.241507E-06   1.118701E-06
   1.861746E-06   3.118676E-06   2.914011E-06   3.480183E-06   2.976503E-06   1.000000E-06   2.977408E-06   1.527827E-06   1.676097E-06   1.861998E-06   1.734929E-06   1.571986E-06   1.629608E-06   2.200796E-06   2.452914E-06   1.614236E-06   1.145823E-06   1.508036E-06   1.627448E-06   1.120012E-06
   1.893790E-06   3.672019E-06   3.684146E-06   4.839531E-06   4.213567E-06   2.298319E-06   2.854574E-06   2.812710E-06   1.876376E-06   2.504785E-06   1.617619E-06   2.340958E-06   2.852579E-06   3.350466E-06   2.567146E-06   3.922722E-06   3.225130E-06   3.168550E-06   2.508268E-06   1.698182E-06
   2.306433E-06   4.916642E-06   4.817356E-06   5.226963E-06   5.104883E-06   4.372375E-06   3.084372E-06   3.693584E-06   2.695189E-06   1.948199E-06   2.508778E-06   3.688536E-06   3.304172E-06   5.145525E-06   3.163604E-06   4.337727E-06   4.114251E-06   3.468308E-06   3.326140E-06   2.703486E-06
   3.458491E-06   3.522781E-06   6.429246E-06   4.350765E-06   3.910975E-06   2.607182E-06   3.392392E-06   5.238684E-06   6.370172E-06   4.577366E-06   7.661416E-06   7.143860E-06   7.079961E-06   5.285917E-06   6.312452E-06   3.377665E-06   5.969912E-06   4.549068E-06   4.268550E-06   2.116756E-06
   6.339066E-06   5.330863E-06   3.672928E-06   4.325040E-06   8.079294E-06   4.126426E-06   5.110679E-06   5.775853E-06   5.475823E-06   9.014926E-06   7.441180E-06   5.943633E-06   5.304462E-06   6.912890E-06   5.829414E-06   4.952040E-06   5.917410E-06   6.245027E-06   3.618577E-06   2.859374E-06
   6.820906E-06   5.918602E-06   4.335022E-06   3.588514E-06   5.529115E-06   5.941591E-06   6.373259E-06   6.725461E-06   5.163205E-06   6.515022E-06   4.809021E-06   5.047124E-06   3.663527E-06   3.830832E-06   4.592149E-06   6.824303E-06   7.373336E-06   7.586240E-06   4.567413E-06   2.806860E-06
   4.370427E-06   3.510110E-06   4.837609E-06   3.133381E-06   5.560303E-06   6.835218E-06   5.334540E-06   5.503248E-06   6.657001E-06   5.407292E-06   3.950690E-06   3.613334E-06   3.632325E-06   3.013589E-06   3.074503E-06   4.807519E-06   4.779135E-06   2.772004E-06   4.053592E-06   3.373969E-06
   5.235963E-06   2.990264E-06   2.744958E-06   3.638882E-06   4.143702E-06   3.821403E-06   3.746198E-06   4.209502E-06   4.559199E-06   4.841372E-06   5.030923E-06   3.127598E-06   2.862613E-06   3.413402E-06   5.418531E-06   3.696530E-06   3.805792E-06   3.146254E-06   3.016057E-06   2.644459E-06
   4.381416E-06   4.015187E-06   2.964464E-06   3.914212E-06   4.012125E-06   3.523604E-06   3.477809E-06   5.088543E-06   5.938925E-06   5.838114E-06   4.636676E-06   4.254535E-06   3.188796E-06   3.632927E-06   5.037564E-06   2.225446E-06   2.338496E-06   3.479249E-06   3.372812E-06   2.821240E-06
   3.377906E-06   3.509189E-06   3.668724E-06   4.327934E-06   3.591042E-06   4.504111E-06   4.940395E-06   6.172267E-06   1.026901E-05   5.256848E-06   3.157408E-06   3.549898E-06   2.771823E-06   2.581851E-06   3.618149E-06   2.929233E-06   2.117881E-06   3.245839E-06   3.684748E-06   2.216883E-06
   1.000000E-06   2.289467E-06   2.734995E-06   3.104192E-06   3.788011E-06   2.736556E-06   3.568170E-06   3.611887E-06   4.076007E-06   2.232041E-06   1.919178E-06   2.624839E-06   2.435855E-06   2.263621E-06   2.508521E-06   2.188353E-06   2.011188E-06   1.848994E-06   2.993556E-06   2.002817E-06
   1.000000E-06   1.000000E-06   2.735708E-06   2.428600E-06   2.426235E-06   2.838208E-06   3.972933E-06   2.840190E-06   2.390510E-06   1.700312E-06   1.000000E-06   1.492737E-06   1.475385E-06   1.512517E-06   1.280041E-06   1.000000E-06   1.764427E-06   1.628915E-06   2.982503E-06   2.617724E-06
   1.000000E-06   1.000000E-06   1.000000E-06   2.260939E-06   1.453360E-06   1.814273E-06   4.034358E-06   2.299396E-06   2.600405E-06   1.911924E-06   1.105415E-06   1.780912E-06   1.601918E-06   1.471886E-06   1.000000E-06   1.000000E-06   1.000000E-06   1.000000E-06   2.157893E-06   2.691280E-06
   1.000000E-06   1.000000E-06   1.000000E-06   1.000000E-06   1.902583E-06   2.600171E-06   2.796291E-06   3.049751E-06   1.651099E-06   1.524238E-06   1.283491E-06   1.126347E-06   1.315695E-06   1.245853E-06   1.000000E-06   1.000000E-06   1.000000E-06   1.538729E-06   1.526329E-06   1.000000E-06
   1.000000E-06   1.000000E-06   1.000000E-06   1.000000E-06   2.164945E-06   2.599241E-06   3.372739E-06   1.974318E-06   2.051470E-06   1.327537E-06   1.000000E-06   1.355647E-06   1.554320E-06   1.555577E-06   1.388693E-06   1.444692E-06   1.210259E-06   1.341236E-06   2.652552E-06   1.000000E-06
   1.000000E-06   1.000000E-06   1.000000E-06   1.000000E-06   1.000000E-06   2.771659E-06   3.766389E-06   2.303388E-06   2.181574E-06   1.939430E-06   1.357824E-06   1.693944E-06   1.821011E-06   1.742227E-06   2.138919E-06   1.931870E-06   2.318710E-06   1.623560E-06   1.000000E-06   1.000000E-06
   1.000000E-06   1.000000E-06   1.000000E-06   1.000000E-06   1.000000E-06   1.642329E-06   2.013611E-06   2.272992E-06   2.010756E-06   1.278350E-06   1.621742E-06   1.518249E-06   2.635465E-06   2.332604E-06   2.217426E-06   3.592891E-06   2.237416E-06   1.000000E-06   1.000000E-06   1.000000E-06
   1.000000E-06   1.000000E-06   1.000000E-06   1.000000E-06   1.000000E-06   2.921344E-06   3.435086E-06   2.799415E-06   1.978604E-06   1.650856E-06   1.878693E-06   1.909181E-06   2.128002E-06   2.973536E-06   2.990861E-06   2.037992E-06   1.000000E-06   1.000000E-06   1.000000E-06   1.000000E-06
