   2.748142E-05   3.032351E-05   3.229966E-05   2.374542E-05   3.491536E-05   4.265429E-05   4.134388E-05   3.134760E-05   3.170925E-05   3.181006E-05   4.693439E-05   8.231523E-05   6.202521E-05   7.110855E-05   5.423562E-05   5.559708E-05   5.141129E-05   4.601473E-05   5.675503E-05   4.507356E-05
   3.191698E-05   3.876130E-05   5.252671E-05   3.723030E-05   3.626210E-05   6.263575E-05   4.297671E-05   3.645642E-05   3.137688E-05   5.495519E-05   7.601924E-05   4.196511E-05   4.558197E-05   5.114710E-05   5.394479E-05   6.986623E-05   4.863942E-05   5.781638E-05   6.004225E-05   5.734751E-05
   3.581860E-05   5.349608E-05   7.893164E-05   4.897650E-05   4.494276E-05   4.224026E-05   6.990113E-05   6.593557E-05   6.025497E-05   5.094400E-05   8.174272E-05   5.413468E-05   3.960434E-05   4.201085E-05   4.965598E-05   3.485661E-05   3.801784E-05   3.645578E-05   5.593543E-05   6.134180E-05
   4.414687E-05   6.663148E-05   1.056933E-04   1.085544E-04   6.318879E-05   5.689199E-05   9.110970E-05   6.377193E-05   7.112848E-05   9.321476E-05   6.751582E-05   3.151594E-05   4.018505E-05   4.250929E-05   3.982909E-05   2.907588E-05   2.446492E-05   3.198440E-05   3.162782E-05   5.958442E-05
   7.328439E-05   7.981319E-05   6.836367E-05   8.531055E-05   5.529737E-05   7.926683E-05   7.272788E-05   9.616919E-05   1.332211E-04   1.083758E-04   7.951462E-05   8.455480E-05   6.546163E-05   5.548626E-05   3.750918E-05   2.487044E-05   3.237211E-05   2.254399E-05   3.224920E-05   5.385800E-05
   3.812751E-05   8.298665E-05   6.518731E-05   9.542509E-05   6.880596E-05   8.718636E-05   6.090002E-05   1.279005E-04   1.043362E-04   1.635735E-04   1.387742E-04   9.702666E-05   5.320640E-05   4.537724E-05   6.717686E-05   3.999732E-05   3.184817E-05   2.117939E-05   2.000000E-05   3.892337E-05
   3.506010E-05   4.355934E-05   6.369535E-05   6.779719E-05   6.796938E-05   8.666502E-05   6.779008E-05   1.005926E-04   1.082506E-04   1.041507E-04   1.350555E-04   1.096390E-04   7.901629E-05   5.636104E-05   5.935582E-05   5.757392E-05   4.132405E-05   4.148449E-05   2.793069E-05   3.877998E-05
   4.155610E-05   4.404780E-05   7.089841E-05   7.825635E-05   9.271574E-05   1.333725E-04   1.377342E-04   1.236350E-04   8.714955E-05   1.190493E-04   7.411121E-05   7.902649E-05   5.206957E-05   6.597813E-05   6.503360E-05   4.246262E-05   6.085734E-05   4.475730E-05   5.458311E-05   5.062331E-05
   4.953799E-05   6.610259E-05   5.546975E-05   1.625518E-04   9.088677E-05   9.088677E-05   9.088677E-05   1.263527E-04   7.372195E-05   9.368114E-05   1.089055E-04   7.634770E-05   8.667789E-05   1.057864E-04   7.833918E-05   5.715980E-05   8.507602E-05   8.175917E-05   5.215682E-05   2.801733E-05
   6.112994E-05   1.413207E-04   1.263010E-04   1.135178E-04   9.088677E-05   9.088677E-05   9.088677E-05   9.088677E-05   1.212549E-04   1.080926E-04   9.141481E-05   1.110761E-04   1.025999E-04   8.750059E-05   7.376087E-05   5.867768E-05   4.170652E-05   8.391364E-05   8.608492E-05   4.841736E-05
   7.371619E-05   1.046095E-04   1.587234E-04   1.544619E-04   9.088677E-05   9.088677E-05   9.088677E-05   9.088677E-05   8.276196E-05   1.070004E-04   7.442573E-05   5.817375E-05   5.635334E-05   5.543183E-05   2.768403E-05   2.858372E-05   4.105348E-05   7.529294E-05   6.954023E-05   7.463890E-05
   5.998837E-05   1.484432E-04   1.387590E-04   2.000000E-04   9.088677E-05   9.088677E-05   9.088677E-05   9.088677E-05   3.835281E-05   4.893106E-05   3.961876E-05   3.457091E-05   2.528114E-05   2.233607E-05   2.547929E-05   4.120268E-05   4.978870E-05   5.645567E-05   6.979305E-05   6.985736E-05
   8.680621E-05   1.082254E-04   1.764930E-04   1.442415E-04   9.088677E-05   9.088677E-05   9.088677E-05   9.088677E-05   4.295239E-05   2.302442E-05   2.042188E-05   2.763033E-05   2.186349E-05   2.266987E-05   3.245247E-05   2.494656E-05   2.979871E-05   4.190143E-05   4.612916E-05   5.734083E-05
   6.038209E-05   1.318787E-04   9.494963E-05   1.145725E-04   9.088677E-05   9.088677E-05   9.088677E-05   9.088677E-05   3.362119E-05   2.387365E-05   2.000000E-05   2.000000E-05   2.332164E-05   3.372558E-05   2.652912E-05   2.797761E-05   2.740824E-05   3.013775E-05   4.378912E-05   3.915111E-05
   3.990928E-05   7.783227E-05   4.521043E-05   1.011783E-04   9.088677E-05   9.088677E-05   9.088677E-05   9.088677E-05   2.933213E-05   2.924974E-05   2.000000E-05   2.000000E-05   2.000000E-05   2.144462E-05   2.000000E-05   2.366471E-05   2.000000E-05   2.000000E-05   5.626520E-05   7.026784E-05
   4.197751E-05   6.405440E-05   5.215021E-05   4.046876E-05   9.088677E-05   9.088677E-05   9.088677E-05   9.088677E-05   2.667532E-05   2.025962E-05   2.000000E-05   2.114275E-05   2.000000E-05   2.000000E-05   2.000000E-05   2.037959E-05   2.000000E-05   2.230121E-05   4.422328E-05   6.521294E-05
   6.075565E-05   6.290418E-05   5.132112E-05   3.780278E-05   9.088677E-05   9.088677E-05   9.088677E-05   9.088677E-05   3.012060E-05   2.231377E-05   2.000000E-05   2.317989E-05   2.000000E-05   2.000000E-05   2.000000E-05   2.000000E-05   2.000000E-05   2.453988E-05   6.047698E-05   1.176622E-04
   4.244374E-05   4.343547E-05   4.404894E-05   2.000000E-05   9.088677E-05   9.088677E-05   9.088677E-05   9.088677E-05   3.624891E-05   4.406980E-05   2.323719E-05   2.779668E-05   2.000000E-05   2.000000E-05   2.000000E-05   2.000000E-05   2.000000E-05   3.514050E-05   2.923290E-05   3.904221E-05
   4.914334E-05   2.685545E-05   2.942951E-05   3.194834E-05   9.088677E-05   9.088677E-05   9.088677E-05   9.088677E-05   4.490892E-05   3.953450E-05   5.898192E-05   2.160603E-05   2.000000E-05   2.000000E-05   2.000000E-05   2.000000E-05   2.000000E-05   3.827546E-05   3.868075E-05   4.951984E-05
   4.472767E-05   5.105687E-05   6.077045E-05   3.548918E-05   9.088677E-05   9.088677E-05   9.088677E-05   9.088677E-05   3.710860E-05   2.275382E-05   3.542123E-05   3.629770E-05   2.000000E-05   2.000000E-05   2.000000E-05   2.000000E-05   2.371824E-05   4.404297E-05   4.248750E-05   5.081784E-05
   2.822627E-05   2.949248E-05   2.259779E-05   2.804233E-05   9.088677E-05   9.088677E-05   9.088677E-05   9.088677E-05   3.413109E-05   3.944522E-05   3.252235E-05   2.876552E-05   2.184915E-05   2.000000E-05   2.000000E-05   2.000000E-05   2.000000E-05   2.000000E-05   5.416321E-05   6.031976E-05
   2.212988E-05   2.000000E-05   2.881548E-05   3.226335E-05   9.088677E-05   9.088677E-05   3.513084E-05   3.557328E-05   4.006227E-05   3.187544E-05   2.679309E-05   2.467195E-05   2.152075E-05   2.000000E-05   2.000000E-05   2.000000E-05   2.000000E-05   2.252122E-05   4.858002E-05   6.331690E-05
   2.000000E-05   2.000000E-05   2.143629E-05   3.010058E-05   2.798466E-05   9.088677E-05   5.611546E-05   3.217360E-05   3.157551E-05   2.710515E-05   2.939700E-05   2.170677E-05   2.133998E-05   2.000000E-05   2.000000E-05   2.000000E-05   2.109349E-05   3.080819E-05   4.047356E-05   3.573293E-05
   2.000000E-05   2.059749E-05   2.000000E-05   2.000000E-05   2.580296E-05   4.351584E-05   2.957611E-05   3.498789E-05   3.938502E-05   3.319195E-05   3.078659E-05   3.324375E-05   2.876308E-05   2.000000E-05   2.000000E-05   2.383140E-05   3.813687E-05   3.401140E-05   3.558405E-05   4.622291E-05
   2.000000E-05   2.000000E-05   2.000000E-05   2.000000E-05   2.000000E-05   2.613737E-05   4.317937E-05   2.296111E-05   3.642002E-05   3.959205E-05   2.881610E-05   3.203975E-05   2.612574E-05   2.930627E-05   2.102483E-05   2.586954E-05   4.900291E-05   4.423217E-05   5.942418E-05   5.689410E-05
   2.000000E-05   2.000000E-05   2.000000E-05   2.000000E-05   2.153072E-05   2.000000E-05   2.806303E-05   2.000000E-05   2.000000E-05   3.026689E-05   3.145878E-05   3.354959E-05   2.536952E-05   2.060392E-05   3.742363E-05   4.078479E-05   3.678417E-05   5.355079E-05   4.398009E-05   4.288193E-05
   2.000000E-05   2.000000E-05   2.050606E-05   2.000000E-05   2.000000E-05   2.000000E-05   2.484045E-05   2.673555E-05   3.304973E-05   2.537369E-05   4.110053E-05   3.971973E-05   3.217258E-05   2.642865E-05   7.183020E-05   5.574631E-05   2.109473E-05   6.394182E-05   5.972168E-05   5.341860E-05
   2.000000E-05   2.000000E-05   2.000000E-05   2.000000E-05   2.000000E-05   2.000000E-05   2.893349E-05   2.475531E-05   3.963960E-05   3.736753E-05   5.347642E-05   3.519911E-05   3.681756E-05   3.018907E-05   4.718622E-05   3.072202E-05   2.265733E-05   4.038843E-05   6.672502E-05   6.135913E-05
   2.000000E-05   2.000000E-05   2.000000E-05   2.000000E-05   2.000000E-05   2.000000E-05   2.333198E-05   2.919460E-05   3.098445E-05   2.479420E-05   4.135509E-05   2.696530E-05   3.112557E-05   4.392443E-05   3.967794E-05   2.000000E-05   2.781524E-05   5.371401E-05   5.205583E-05   2.875438E-05
   2.000000E-05   2.000000E-05   2.000000E-05   2.000000E-05   2.000000E-05   2.000000E-05   2.018916E-05   2.156693E-05   2.655618E-05   2.000000E-05   2.000000E-05   3.009378E-05   4.204054E-05   4.827021E-05   2.878327E-05   3.047176E-05   3.466441E-05   3.532611E-05   4.815753E-05   3.785748E-05
   2.000000E-05   2.000000E-05   2.000000E-05   2.000000E-05   2.000000E-05   2.000000E-05   2.298894E-05   2.477411E-05   2.074340E-05   2.000000E-05   2.000000E-05   3.221118E-05   4.666612E-05   3.199781E-05   2.000000E-05   2.000000E-05   2.000000E-05   2.226434E-05   2.000000E-05   2.000000E-05
   2.000000E-05   2.000000E-05   2.000000E-05   2.000000E-05   2.000000E-05   2.118745E-05   2.876147E-05   2.000000E-05   2.000000E-05   2.000000E-05   2.000000E-05   2.011625E-05   2.876949E-05   3.238206E-05   2.000000E-05   2.780022E-05   2.000000E-05   2.000000E-05   2.000000E-05   2.000000E-05
   9.088677E-05   2.000000E-05   2.535659E-05   2.642781E-05   2.163222E-05   2.000000E-05   2.233729E-05   2.000000E-05   2.000000E-05   2.000000E-05   2.000000E-05   2.000000E-05   2.000000E-05   2.267237E-05   2.374737E-05   2.000000E-05   2.381905E-05   2.000000E-05   2.196938E-05   2.600632E-05
   9.088677E-05   9.088677E-05   4.943736E-05   4.753984E-05   2.271731E-05   2.000000E-05   2.000000E-05   2.000000E-05   2.000000E-05   2.000000E-05   2.000000E-05   2.000000E-05   2.000000E-05   2.000000E-05   2.000000E-05   2.928596E-05   3.848744E-05   2.523000E-05   2.960309E-05   5.016786E-05
   9.088677E-05   9.088677E-05   9.088677E-05   5.653392E-05   4.474803E-05   2.017528E-05   2.668460E-05   2.757252E-05   2.451980E-05   2.000000E-05   2.000000E-05   2.534222E-05   2.000000E-05   2.000000E-05   2.000000E-05   4.795392E-05   5.350781E-05   5.082601E-05   4.901921E-05   8.825110E-05
   9.088677E-05   9.088677E-05   9.088677E-05   9.088677E-05   2.975385E-05   3.638263E-05   3.989054E-05   3.039970E-05   3.586937E-05   4.119184E-05   3.637691E-05   2.871254E-05   3.171731E-05   2.022977E-05   2.410305E-05   3.300843E-05   4.437107E-05   5.873308E-05   5.524309E-05   9.088677E-05
   9.088677E-05   9.088677E-05   9.088677E-05   9.088677E-05   5.261020E-05   5.013075E-05   5.128122E-05   4.287173E-05   4.164255E-05   5.849055E-05   2.834968E-05   2.970409E-05   2.860087E-05   3.531740E-05   4.093795E-05   2.000000E-05   3.029969E-05   3.599984E-05   3.842878E-05   9.088677E-05
   9.088677E-05   9.088677E-05   9.088677E-05   9.088677E-05   9.088677E-05   6.886523E-05   4.765125E-05   3.956267E-05   5.463858E-05   6.936605E-05   2.409800E-05   3.509704E-05   3.309121E-05   4.905783E-05   3.787489E-05   3.395367E-05   3.462429E-05   2.960562E-05   9.088677E-05   9.088677E-05
   9.088677E-05   9.088677E-05   9.088677E-05   9.088677E-05   9.088677E-05   6.049617E-05   4.409743E-05   4.757187E-05   3.055122E-05   2.848461E-05   2.000000E-05   2.000000E-05   2.599360E-05   3.993342E-05   3.571118E-05   3.838796E-05   3.764611E-05   9.088677E-05   9.088677E-05   9.088677E-05
   9.088677E-05   9.088677E-05   9.088677E-05   9.088677E-05   9.088677E-05   4.383830E-05   6.052077E-05   4.134437E-05   3.704355E-05   2.000000E-05   2.000000E-05   2.000000E-05   2.287170E-05   2.465638E-05   3.468915E-05   4.047132E-05   9.088677E-05   9.088677E-05   9.088677E-05   9.088677E-05
