   1.606140E-04   1.519165E-04   9.306569E-05   8.377758E-05   7.995842E-05   1.106604E-04   1.591584E-04   1.527569E-04   1.274767E-04   1.921680E-04   1.203925E-04   4.347045E-05   2.000000E-05   2.000000E-05   2.229476E-05   2.000000E-05   2.278238E-05   2.718504E-05   2.167705E-05   3.904794E-05
   8.064050E-05   1.083640E-04   9.598909E-05   7.604290E-05   6.229203E-05   7.076560E-05   9.339272E-05   1.667162E-04   1.782021E-04   1.719706E-04   9.063045E-05   5.764945E-05   2.069708E-05   2.000000E-05   2.000000E-05   2.000251E-05   3.120264E-05   2.943847E-05   2.410359E-05   2.112202E-05
   3.770746E-05   5.768484E-05   1.160819E-04   7.703526E-05   6.082484E-05   8.391790E-05   1.238825E-04   1.200212E-04   1.716564E-04   1.256932E-04   1.542358E-04   5.453555E-05   3.111612E-05   2.000000E-05   2.000000E-05   2.285773E-05   2.000000E-05   2.006593E-05   2.000000E-05   2.498555E-05
   2.591264E-05   5.214234E-05   9.487098E-05   6.800625E-05   6.931123E-05   1.074424E-04   1.391858E-04   1.485723E-04   2.000000E-04   1.631237E-04   9.442719E-05   6.918963E-05   2.802626E-05   2.000000E-05   2.074602E-05   2.668836E-05   2.440424E-05   2.104056E-05   2.527979E-05   4.812906E-05
   5.761591E-05   8.102090E-05   7.315248E-05   6.612212E-05   7.501289E-05   1.400081E-04   2.000000E-04   2.000000E-04   1.664050E-04   1.152203E-04   8.507958E-05   8.847794E-05   3.422678E-05   2.307992E-05   2.274064E-05   2.675273E-05   2.000000E-05   2.000000E-05   2.000000E-05   3.197775E-05
   8.035157E-05   8.973025E-05   8.440531E-05   7.846009E-05   8.891986E-05   1.282972E-04   1.406991E-04   2.000000E-04   2.000000E-04   1.683526E-04   7.249542E-05   4.780523E-05   3.074629E-05   2.000000E-05   3.460807E-05   2.957819E-05   2.000000E-05   2.176534E-05   2.118772E-05   3.598456E-05
   7.331245E-05   9.764574E-05   2.000000E-04   1.707824E-04   1.333702E-04   1.074730E-04   1.531796E-04   1.650489E-04   1.207180E-04   1.015888E-04   6.684546E-05   4.628901E-05   2.645383E-05   2.514630E-05   3.326137E-05   2.533548E-05   2.000000E-05   2.000000E-05   2.311296E-05   4.551780E-05
   6.977703E-05   1.200970E-04   1.553933E-04   1.443290E-04   1.373346E-04   1.017675E-04   6.748463E-05   1.104450E-04   1.216740E-04   1.702991E-04   9.383056E-05   4.590453E-05   2.850960E-05   2.318851E-05   2.000000E-05   3.446662E-05   2.629247E-05   3.580794E-05   2.575359E-05   4.072369E-05
   5.992182E-05   8.808277E-05   1.347291E-04   1.358175E-04   8.549193E-05   8.549193E-05   8.549193E-05   5.894011E-05   5.690183E-05   6.291827E-05   5.127985E-05   3.829008E-05   3.477677E-05   2.031722E-05   2.000000E-05   2.000000E-05   2.999960E-05   2.560129E-05   3.550760E-05   3.731481E-05
   7.452620E-05   1.128317E-04   1.810277E-04   1.330678E-04   8.549193E-05   8.549193E-05   8.549193E-05   8.549193E-05   4.520657E-05   5.751707E-05   2.073818E-05   2.027222E-05   3.325120E-05   2.000000E-05   2.000000E-05   2.000000E-05   2.000000E-05   2.000000E-05   2.789364E-05   4.863514E-05
   8.743924E-05   9.159305E-05   9.998768E-05   9.392790E-05   8.549193E-05   8.549193E-05   8.549193E-05   8.549193E-05   2.423040E-05   2.388492E-05   2.000000E-05   2.000000E-05   3.111204E-05   2.529151E-05   3.447892E-05   2.889610E-05   2.937636E-05   2.661219E-05   5.507189E-05   6.075134E-05
   1.276103E-04   8.198206E-05   1.753786E-04   6.822489E-05   8.549193E-05   8.549193E-05   8.549193E-05   8.549193E-05   2.144390E-05   2.688666E-05   2.029714E-05   2.310688E-05   2.969252E-05   4.781812E-05   5.605170E-05   2.447292E-05   2.201525E-05   4.724979E-05   4.634950E-05   5.293842E-05
   9.307409E-05   6.080942E-05   5.771404E-05   4.666923E-05   8.549193E-05   8.549193E-05   8.549193E-05   8.549193E-05   4.370475E-05   2.079992E-05   2.251118E-05   3.514746E-05   3.554409E-05   5.053271E-05   4.809807E-05   5.225853E-05   4.328989E-05   4.009440E-05   4.420881E-05   5.277432E-05
   5.872152E-05   4.880140E-05   4.479510E-05   5.111524E-05   8.549193E-05   8.549193E-05   8.549193E-05   8.549193E-05   2.914594E-05   2.657295E-05   2.285462E-05   5.832129E-05   4.078999E-05   3.371498E-05   3.341283E-05   3.582663E-05   5.669948E-05   5.974330E-05   4.038486E-05   4.211916E-05
   7.426607E-05   4.983411E-05   6.237668E-05   5.397832E-05   8.549193E-05   8.549193E-05   8.549193E-05   8.549193E-05   3.107402E-05   6.806028E-05   4.254823E-05   3.443004E-05   4.133273E-05   4.174587E-05   2.532912E-05   4.099926E-05   3.384744E-05   4.641367E-05   5.045401E-05   7.484942E-05
   7.967151E-05   5.735621E-05   5.228877E-05   4.906882E-05   8.549193E-05   8.549193E-05   8.549193E-05   8.549193E-05   1.016165E-04   1.184997E-04   5.839501E-05   3.097509E-05   3.578341E-05   4.442671E-05   2.353921E-05   2.090440E-05   3.582695E-05   5.536570E-05   6.624562E-05   5.370287E-05
   8.650888E-05   7.391791E-05   9.633054E-05   9.962925E-05   8.549193E-05   8.549193E-05   8.549193E-05   8.549193E-05   7.146083E-05   1.092773E-04   5.851449E-05   4.025850E-05   4.485527E-05   3.402539E-05   2.000000E-05   2.654025E-05   3.415330E-05   1.054297E-04   8.812220E-05   6.960253E-05
   1.192062E-04   9.717592E-05   9.661804E-05   7.913229E-05   8.549193E-05   8.549193E-05   8.549193E-05   8.549193E-05   3.496637E-05   4.427214E-05   4.956914E-05   3.436766E-05   3.230913E-05   4.139164E-05   3.205323E-05   4.049992E-05   6.591480E-05   9.577818E-05   6.645815E-05   5.760694E-05
   6.746254E-05   1.184659E-04   8.649187E-05   5.772353E-05   8.549193E-05   8.549193E-05   8.549193E-05   8.549193E-05   3.916380E-05   5.643793E-05   2.986289E-05   3.657395E-05   2.642534E-05   2.405248E-05   4.478625E-05   4.252956E-05   7.632391E-05   1.175257E-04   6.522472E-05   4.609345E-05
   7.512907E-05   6.081785E-05   4.836100E-05   3.072777E-05   8.549193E-05   8.549193E-05   8.549193E-05   8.549193E-05   3.215315E-05   5.403401E-05   3.399554E-05   4.026449E-05   3.849150E-05   3.912416E-05   5.404310E-05   4.179280E-05   6.411050E-05   9.995070E-05   5.303262E-05   8.421884E-05
   5.899326E-05   6.055099E-05   2.530441E-05   3.589868E-05   8.549193E-05   8.549193E-05   8.549193E-05   8.549193E-05   2.539612E-05   3.176842E-05   4.451557E-05   5.483079E-05   4.561098E-05   5.068390E-05   3.685586E-05   5.163681E-05   1.208139E-04   1.589547E-04   7.323469E-05   4.982978E-05
   6.673384E-05   5.322178E-05   3.039490E-05   3.174239E-05   8.549193E-05   8.549193E-05   3.580198E-05   2.638664E-05   2.850409E-05   3.122026E-05   3.527367E-05   4.118250E-05   4.429740E-05   5.702303E-05   3.484735E-05   6.080569E-05   1.495812E-04   1.638260E-04   9.600684E-05   6.026909E-05
   6.012867E-05   4.328667E-05   4.119206E-05   5.528125E-05   4.695354E-05   8.549193E-05   2.661242E-05   2.883672E-05   4.558489E-05   4.754293E-05   2.420885E-05   2.095736E-05   3.694668E-05   3.916612E-05   4.552698E-05   6.730050E-05   1.230636E-04   1.512828E-04   1.109916E-04   5.324850E-05
   6.886043E-05   6.424271E-05   1.030649E-04   5.443351E-05   5.185942E-05   2.557900E-05   2.466401E-05   2.951672E-05   2.799061E-05   2.514993E-05   2.000000E-05   2.000000E-05   2.000000E-05   5.047026E-05   8.656466E-05   1.111707E-04   1.235189E-04   1.927225E-04   1.662246E-04   7.449658E-05
   1.069609E-04   1.341603E-04   1.046091E-04   6.626648E-05   4.273584E-05   2.267972E-05   4.076237E-05   2.695754E-05   2.404317E-05   2.000000E-05   2.000000E-05   2.000000E-05   2.680941E-05   6.607967E-05   1.084640E-04   1.075903E-04   1.291712E-04   1.303094E-04   1.642802E-04   1.046580E-04
   1.224709E-04   1.322543E-04   1.162786E-04   7.644876E-05   4.994381E-05   4.080183E-05   6.605567E-05   7.588899E-05   7.044190E-05   4.668083E-05   2.522136E-05   2.000000E-05   3.243605E-05   4.425383E-05   1.007597E-04   2.000000E-04   2.000000E-04   1.507142E-04   9.268219E-05   7.758891E-05
   8.679932E-05   8.279710E-05   7.828884E-05   7.656069E-05   5.947225E-05   6.433317E-05   9.356084E-05   8.268935E-05   8.323800E-05   5.526671E-05   3.961747E-05   2.640897E-05   3.691567E-05   1.014223E-04   1.519511E-04   2.000000E-04   1.294352E-04   1.374036E-04   8.714303E-05   1.169094E-04
   1.406403E-04   1.321289E-04   1.069631E-04   1.125698E-04   6.582334E-05   1.100741E-04   9.567802E-05   6.112925E-05   4.476722E-05   6.306563E-05   4.619455E-05   2.571865E-05   6.037852E-05   1.442413E-04   1.476006E-04   1.231462E-04   1.129644E-04   9.298219E-05   7.133070E-05   1.305116E-04
   6.311097E-05   8.934999E-05   1.381264E-04   1.694253E-04   7.815253E-05   7.149674E-05   8.273147E-05   1.000035E-04   6.422027E-05   7.925689E-05   4.933189E-05   5.373917E-05   3.170029E-05   9.622273E-05   1.223765E-04   8.210493E-05   1.232632E-04   1.046248E-04   8.741964E-05   1.239135E-04
   5.255711E-05   4.760812E-05   5.052410E-05   7.801426E-05   7.907412E-05   1.123785E-04   7.484819E-05   1.194244E-04   1.172911E-04   7.353151E-05   5.343086E-05   3.867032E-05   6.422798E-05   8.006915E-05   1.079803E-04   1.017596E-04   1.090233E-04   1.418341E-04   1.828633E-04   1.583051E-04
   5.795730E-05   6.080741E-05   6.002493E-05   4.289969E-05   7.203840E-05   1.033335E-04   1.049609E-04   8.341842E-05   7.157991E-05   7.930232E-05   4.100068E-05   7.449160E-05   6.452704E-05   6.922098E-05   1.085390E-04   1.285476E-04   7.708948E-05   1.094715E-04   1.624914E-04   1.480667E-04
   5.897353E-05   6.313886E-05   5.106191E-05   3.985340E-05   7.889980E-05   6.847382E-05   6.354290E-05   6.000135E-05   8.998498E-05   8.053752E-05   6.832988E-05   5.586431E-05   7.784996E-05   9.237731E-05   1.541996E-04   1.511720E-04   7.394407E-05   9.718394E-05   1.383273E-04   1.490349E-04
   8.549193E-05   7.447971E-05   7.023951E-05   5.951415E-05   4.926912E-05   7.387803E-05   7.328955E-05   9.589522E-05   5.649368E-05   8.179730E-05   1.317501E-04   1.134797E-04   9.397129E-05   7.392089E-05   1.374223E-04   1.341048E-04   7.518411E-05   9.662230E-05   9.624266E-05   1.428323E-04
   8.549193E-05   8.549193E-05   5.067511E-05   6.577467E-05   8.190634E-05   7.243476E-05   8.227976E-05   5.298440E-05   5.842574E-05   8.123311E-05   9.577673E-05   8.729178E-05   6.614228E-05   1.058350E-04   1.384805E-04   2.000000E-04   1.002325E-04   1.088064E-04   1.327060E-04   1.069248E-04
   8.549193E-05   8.549193E-05   8.549193E-05   5.520874E-05   7.602892E-05   7.178784E-05   9.020159E-05   4.716224E-05   5.365265E-05   1.355413E-04   6.366878E-05   8.847319E-05   4.994324E-05   8.482066E-05   1.846590E-04   2.000000E-04   2.000000E-04   2.000000E-04   2.000000E-04   1.294631E-04
   8.549193E-05   8.549193E-05   8.549193E-05   8.549193E-05   7.431616E-05   5.385088E-05   4.223917E-05   5.485515E-05   4.216616E-05   4.932003E-05   4.879089E-05   6.054655E-05   8.221150E-05   7.463081E-05   1.190623E-04   1.729432E-04   1.855566E-04   1.662293E-04   1.757036E-04   8.549193E-05
   8.549193E-05   8.549193E-05   8.549193E-05   8.549193E-05   5.340849E-05   5.758472E-05   5.982346E-05   5.975739E-05   5.018036E-05   3.510569E-05   4.734697E-05   6.809223E-05   1.001937E-04   8.026312E-05   1.231858E-04   1.798217E-04   1.289812E-04   1.230914E-04   1.111330E-04   8.549193E-05
   8.549193E-05   8.549193E-05   8.549193E-05   8.549193E-05   8.549193E-05   4.635384E-05   6.475816E-05   4.920651E-05   4.030382E-05   2.341522E-05   3.871233E-05   5.829315E-05   5.819321E-05   5.437102E-05   9.925308E-05   8.485633E-05   1.260916E-04   8.704023E-05   8.549193E-05   8.549193E-05
   8.549193E-05   8.549193E-05   8.549193E-05   8.549193E-05   8.549193E-05   3.814226E-05   4.182035E-05   5.102528E-05   4.768226E-05   5.982902E-05   4.108563E-05   2.932047E-05   3.710628E-05   6.896751E-05   8.426848E-05   9.890227E-05   8.759957E-05   8.549193E-05   8.549193E-05   8.549193E-05
   8.549193E-05   8.549193E-05   8.549193E-05   8.549193E-05   8.549193E-05   7.774653E-05   1.256439E-04   1.207409E-04   8.394121E-05   4.910556E-05   2.872464E-05   2.000000E-05   2.567922E-05   7.186310E-05   1.049491E-04   1.163680E-04   8.549193E-05   8.549193E-05   8.549193E-05   8.549193E-05
