   3.685456E-05   3.537470E-05   3.563384E-05   2.130023E-05   4.079770E-05   3.286210E-05   3.070364E-05   2.000000E-05   2.000000E-05   2.932896E-05   2.968045E-05   2.365533E-05   2.832338E-05   5.527252E-05   5.692662E-05   6.431608E-05   4.268941E-05   5.791049E-05   3.399202E-05   3.243967E-05
   3.233520E-05   3.894040E-05   3.397330E-05   2.000000E-05   4.845647E-05   6.595017E-05   4.298136E-05   3.061033E-05   2.416433E-05   3.196063E-05   4.472601E-05   3.326525E-05   4.318030E-05   8.716049E-05   8.438112E-05   4.246821E-05   4.157116E-05   2.983710E-05   3.903348E-05   2.642748E-05
   6.778695E-05   4.743446E-05   6.015433E-05   5.388897E-05   4.698458E-05   4.679037E-05   4.832654E-05   2.904192E-05   2.977057E-05   2.000000E-05   2.000000E-05   3.485915E-05   6.336531E-05   5.086965E-05   6.528380E-05   4.763338E-05   6.139116E-05   4.547597E-05   4.182958E-05   2.000000E-05
   4.808035E-05   4.623502E-05   6.059693E-05   4.881315E-05   4.896280E-05   4.842609E-05   4.681810E-05   4.260863E-05   3.460375E-05   2.487030E-05   2.665669E-05   4.161974E-05   4.927060E-05   5.648369E-05   5.607926E-05   5.402578E-05   4.450966E-05   4.983426E-05   3.599200E-05   2.000000E-05
   4.498096E-05   4.015987E-05   7.319025E-05   3.732730E-05   6.844795E-05   5.046066E-05   5.152443E-05   4.168014E-05   3.257286E-05   2.526924E-05   4.308329E-05   5.635111E-05   7.665663E-05   6.612848E-05   5.153978E-05   6.339726E-05   4.948426E-05   6.155596E-05   2.488009E-05   2.000000E-05
   4.180874E-05   5.446925E-05   4.775088E-05   6.162609E-05   5.334188E-05   1.081254E-04   7.563659E-05   6.725219E-05   4.348421E-05   2.057011E-05   2.000000E-05   3.252202E-05   5.651740E-05   6.233828E-05   6.198452E-05   8.275831E-05   5.839116E-05   3.328976E-05   2.000000E-05   2.000000E-05
   3.546001E-05   3.498995E-05   3.554201E-05   2.781674E-05   5.048068E-05   9.112345E-05   1.760592E-04   6.689391E-05   3.202957E-05   2.426378E-05   2.000000E-05   2.114804E-05   3.005482E-05   3.230586E-05   6.226603E-05   4.764690E-05   3.253808E-05   2.119859E-05   2.417112E-05   2.000000E-05
   2.501769E-05   2.582330E-05   2.000000E-05   2.521443E-05   4.232076E-05   5.499209E-05   8.915361E-05   6.629224E-05   3.068014E-05   2.000000E-05   2.000000E-05   3.326196E-05   2.797609E-05   3.284393E-05   4.260388E-05   3.238685E-05   2.000000E-05   2.000000E-05   2.000000E-05   2.000000E-05
   2.788990E-05   2.633088E-05   2.000000E-05   2.000000E-05   3.749804E-05   3.749804E-05   3.749804E-05   4.390802E-05   2.065416E-05   2.000000E-05   2.000000E-05   2.288113E-05   2.219290E-05   2.000000E-05   2.680932E-05   2.096069E-05   2.000000E-05   2.000000E-05   2.000000E-05   2.000000E-05
   2.000000E-05   2.000000E-05   2.000000E-05   2.000000E-05   3.749804E-05   3.749804E-05   3.749804E-05   3.749804E-05   2.331940E-05   2.000000E-05   2.000000E-05   2.053902E-05   2.247181E-05   2.239287E-05   2.000000E-05   2.324173E-05   2.000000E-05   2.000000E-05   2.000000E-05   2.000000E-05
   2.000000E-05   2.000000E-05   2.000000E-05   2.000000E-05   3.749804E-05   3.749804E-05   3.749804E-05   3.749804E-05   2.000000E-05   2.000000E-05   2.145506E-05   3.056928E-05   2.000000E-05   2.000000E-05   2.000000E-05   2.000000E-05   2.000000E-05   2.000000E-05   2.000000E-05   2.000000E-05
   2.000000E-05   2.000000E-05   2.000000E-05   2.000000E-05   3.749804E-05   3.749804E-05   3.749804E-05   3.749804E-05   2.000000E-05   2.000000E-05   2.020802E-05   2.266715E-05   2.000000E-05   2.000000E-05   2.000000E-05   2.000000E-05   2.000000E-05   2.000000E-05   2.000000E-05   2.000000E-05
   2.000000E-05   2.000000E-05   2.000000E-05   2.002701E-05   3.749804E-05   3.749804E-05   3.749804E-05   3.749804E-05   2.112372E-05   2.361768E-05   2.000000E-05   2.000000E-05   2.000000E-05   2.000000E-05   2.000000E-05   2.000000E-05   2.000000E-05   2.000000E-05   2.000000E-05   2.000000E-05
   2.000000E-05   2.276207E-05   2.683281E-05   2.000000E-05   3.749804E-05   3.749804E-05   3.749804E-05   3.749804E-05   2.416985E-05   3.123996E-05   3.032405E-05   4.314618E-05   3.404734E-05   2.228807E-05   2.000000E-05   2.000000E-05   2.000000E-05   2.000000E-05   2.000000E-05   2.000000E-05
   2.000000E-05   2.000000E-05   2.328965E-05   2.143173E-05   3.749804E-05   3.749804E-05   3.749804E-05   3.749804E-05   2.598050E-05   3.418028E-05   6.357959E-05   7.704338E-05   4.830131E-05   2.796844E-05   2.000000E-05   2.000000E-05   2.000000E-05   2.000000E-05   2.087967E-05   2.000000E-05
   2.000000E-05   2.000000E-05   2.000000E-05   2.000000E-05   3.749804E-05   3.749804E-05   3.749804E-05   3.749804E-05   4.326311E-05   3.835861E-05   4.786158E-05   6.148892E-05   3.668884E-05   2.096742E-05   2.000000E-05   2.000000E-05   2.000000E-05   2.000000E-05   2.000000E-05   2.254645E-05
   2.000000E-05   2.000000E-05   2.000000E-05   2.000000E-05   3.749804E-05   3.749804E-05   3.749804E-05   3.749804E-05   5.221085E-05   5.942802E-05   7.709509E-05   7.597092E-05   4.318893E-05   3.410064E-05   2.844056E-05   2.000000E-05   2.000000E-05   2.000000E-05   2.000000E-05   2.108244E-05
   2.000000E-05   2.203103E-05   2.000000E-05   2.000000E-05   3.749804E-05   3.749804E-05   3.749804E-05   3.749804E-05   3.802975E-05   3.993517E-05   3.612109E-05   5.086850E-05   3.518162E-05   4.566149E-05   2.611154E-05   2.000000E-05   2.000000E-05   2.064434E-05   2.000000E-05   3.236470E-05
   3.025234E-05   2.600649E-05   2.250299E-05   2.000000E-05   3.749804E-05   3.749804E-05   3.749804E-05   3.749804E-05   2.487564E-05   3.256427E-05   3.554273E-05   3.148681E-05   3.043377E-05   2.772117E-05   2.000000E-05   2.000000E-05   2.393797E-05   2.000000E-05   2.663344E-05   3.668605E-05
   2.000000E-05   2.329896E-05   2.000000E-05   2.000000E-05   3.749804E-05   3.749804E-05   3.749804E-05   3.749804E-05   2.000000E-05   2.000000E-05   2.017576E-05   2.000000E-05   2.000000E-05   2.000000E-05   2.000000E-05   2.000000E-05   2.229924E-05   2.598360E-05   3.080271E-05   3.919815E-05
   2.000000E-05   2.000000E-05   2.000000E-05   2.000000E-05   3.749804E-05   3.749804E-05   3.749804E-05   3.749804E-05   2.000000E-05   2.000000E-05   2.000000E-05   2.000000E-05   2.000000E-05   2.000000E-05   2.000000E-05   2.000000E-05   2.000000E-05   2.398806E-05   2.565483E-05   4.725380E-05
   2.644512E-05   2.000000E-05   2.000000E-05   2.000000E-05   3.749804E-05   3.749804E-05   2.000000E-05   2.000000E-05   2.000000E-05   2.000000E-05   2.000000E-05   2.000000E-05   2.000000E-05   2.000000E-05   2.000000E-05   2.000000E-05   3.252135E-05   2.735480E-05   2.000000E-05   2.796893E-05
   2.000000E-05   2.276012E-05   2.000000E-05   2.000000E-05   2.000000E-05   3.749804E-05   2.000000E-05   2.000000E-05   2.000000E-05   2.000000E-05   2.000000E-05   2.000000E-05   2.000000E-05   2.000000E-05   2.000000E-05   2.139009E-05   3.621606E-05   2.000000E-05   2.022657E-05   3.125385E-05
   2.567421E-05   2.000000E-05   2.000000E-05   2.100376E-05   2.101323E-05   2.000000E-05   2.000000E-05   2.000000E-05   2.000000E-05   2.000000E-05   2.000000E-05   2.000000E-05   2.000000E-05   2.000000E-05   2.000000E-05   2.000000E-05   2.000000E-05   2.180873E-05   2.000000E-05   2.000000E-05
   2.313008E-05   2.000000E-05   2.000000E-05   2.000000E-05   2.000000E-05   2.000000E-05   2.000000E-05   2.000000E-05   2.000000E-05   2.000000E-05   2.000000E-05   2.000000E-05   2.000000E-05   2.000000E-05   2.000000E-05   2.000000E-05   2.000000E-05   2.000000E-05   2.000000E-05   2.761555E-05
   2.000000E-05   2.000000E-05   2.000000E-05   2.000000E-05   2.000000E-05   2.000000E-05   2.000000E-05   2.000000E-05   2.000000E-05   2.000000E-05   2.000000E-05   2.000000E-05   2.000000E-05   2.000000E-05   2.000000E-05   2.000000E-05   2.000000E-05   2.000000E-05   2.000000E-05   2.000000E-05
   2.000000E-05   2.000000E-05   2.000000E-05   2.000000E-05   2.676604E-05   2.384678E-05   2.000000E-05   2.000000E-05   2.000000E-05   2.000000E-05   2.000000E-05   2.000000E-05   2.000000E-05   2.000000E-05   2.000000E-05   2.000000E-05   2.000000E-05   2.000000E-05   2.000000E-05   2.000000E-05
   2.000000E-05   2.000000E-05   2.000000E-05   2.000000E-05   3.657083E-05   2.549498E-05   2.000000E-05   2.089095E-05   2.000000E-05   2.000000E-05   2.000000E-05   2.000000E-05   2.000000E-05   2.000000E-05   2.000000E-05   2.000000E-05   2.000000E-05   2.000000E-05   2.000000E-05   2.068195E-05
   2.000000E-05   2.391836E-05   2.214651E-05   2.101406E-05   2.868409E-05   3.064186E-05   2.961168E-05   3.787404E-05   2.325235E-05   2.763621E-05   2.000000E-05   3.016108E-05   2.744843E-05   2.000000E-05   2.000000E-05   2.000000E-05   2.000000E-05   2.339680E-05   2.035060E-05   2.703320E-05
   2.000000E-05   2.747287E-05   2.328100E-05   2.546179E-05   5.189914E-05   6.320153E-05   3.065581E-05   4.691186E-05   4.602195E-05   2.383766E-05   5.072143E-05   3.735834E-05   2.000000E-05   2.000000E-05   2.000000E-05   2.345858E-05   2.000000E-05   2.606535E-05   3.234650E-05   2.755015E-05
   3.310560E-05   5.151330E-05   7.494348E-05   6.404439E-05   5.618638E-05   3.798178E-05   2.225544E-05   3.003176E-05   3.364874E-05   3.684553E-05   6.102510E-05   4.256097E-05   4.819411E-05   2.837538E-05   2.000000E-05   2.000000E-05   3.641284E-05   4.257133E-05   3.604233E-05   3.420608E-05
   3.325602E-05   5.294055E-05   5.178459E-05   5.466676E-05   4.054185E-05   3.055333E-05   3.064237E-05   2.605415E-05   3.915378E-05   3.887415E-05   3.142071E-05   2.780028E-05   3.815339E-05   4.191883E-05   4.649329E-05   4.015922E-05   4.236075E-05   3.900976E-05   3.627786E-05   4.493140E-05
   3.749804E-05   3.113349E-05   3.371798E-05   2.488396E-05   2.265235E-05   2.086467E-05   2.000000E-05   2.000000E-05   2.531893E-05   2.292194E-05   2.635271E-05   2.000000E-05   3.436670E-05   2.000000E-05   4.601712E-05   4.465297E-05   4.305898E-05   3.625898E-05   2.461754E-05   3.725294E-05
   3.749804E-05   3.749804E-05   2.065832E-05   2.322142E-05   2.000000E-05   2.272237E-05   2.000000E-05   2.000000E-05   3.548739E-05   2.715886E-05   2.000000E-05   2.000000E-05   2.000000E-05   2.000000E-05   2.515774E-05   3.759629E-05   4.461321E-05   3.507229E-05   2.242503E-05   2.250128E-05
   3.749804E-05   3.749804E-05   3.749804E-05   2.000000E-05   2.000000E-05   2.000000E-05   2.000000E-05   2.000000E-05   2.250753E-05   2.449738E-05   2.000000E-05   2.000000E-05   2.121360E-05   2.000000E-05   2.000000E-05   2.781408E-05   2.266723E-05   2.015704E-05   2.926944E-05   2.116126E-05
   3.749804E-05   3.749804E-05   3.749804E-05   3.749804E-05   2.563879E-05   2.000000E-05   2.000000E-05   2.000000E-05   2.000000E-05   2.000000E-05   2.039246E-05   2.000000E-05   2.000000E-05   2.057665E-05   2.000000E-05   2.000000E-05   2.908703E-05   2.528327E-05   2.118364E-05   3.749804E-05
   3.749804E-05   3.749804E-05   3.749804E-05   3.749804E-05   2.071341E-05   2.450740E-05   2.352556E-05   2.000000E-05   2.347168E-05   2.000000E-05   2.000000E-05   2.000000E-05   2.000000E-05   2.000000E-05   2.179208E-05   2.540924E-05   2.501884E-05   2.524152E-05   2.017193E-05   3.749804E-05
   3.749804E-05   3.749804E-05   3.749804E-05   3.749804E-05   3.749804E-05   2.943152E-05   3.335765E-05   2.000000E-05   2.000000E-05   2.000000E-05   2.105595E-05   2.316177E-05   2.108770E-05   2.102524E-05   2.370230E-05   2.623814E-05   2.164293E-05   2.000000E-05   3.749804E-05   3.749804E-05
   3.749804E-05   3.749804E-05   3.749804E-05   3.749804E-05   3.749804E-05   2.721334E-05   2.521656E-05   2.282598E-05   2.000000E-05   2.000000E-05   2.000000E-05   2.000000E-05   2.408824E-05   3.095769E-05   2.377002E-05   3.289836E-05   2.660906E-05   3.749804E-05   3.749804E-05   3.749804E-05
   3.749804E-05   3.749804E-05   3.749804E-05   3.749804E-05   3.749804E-05   3.304181E-05   2.000000E-05   3.219877E-05   2.000000E-05   2.000000E-05   2.000000E-05   3.050913E-05   3.131072E-05   2.858089E-05   3.136037E-05   3.267909E-05   3.749804E-05   3.749804E-05   3.749804E-05   3.749804E-05
