   5.328913E-02   4.338554E-02   4.575465E-02   4.108211E-02   3.662628E-02   5.386666E-02   3.495597E-02   5.266401E-02   7.037853E-02   6.691700E-02   1.328300E-01   1.099158E-01   9.453033E-02   9.776297E-02   1.562573E-01   1.126912E-01   7.823991E-02   8.000535E-02   6.149908E-02   5.885619E-02
   7.698971E-02   3.928307E-02   3.715221E-02   4.372383E-02   4.980054E-02   3.699727E-02   3.922768E-02   6.361148E-02   7.501087E-02   8.997211E-02   1.289017E-01   1.210074E-01   1.202800E-01   1.512648E-01   1.304171E-01   1.005204E-01   8.863155E-02   4.119887E-02   3.411198E-02   4.391891E-02
   8.282411E-02   6.263493E-02   3.007257E-02   3.794159E-02   4.821888E-02   4.490834E-02   5.025579E-02   7.488926E-02   7.581936E-02   1.218690E-01   1.963812E-01   7.178845E-02   7.074239E-02   1.324049E-01   1.329860E-01   7.959278E-02   4.200796E-02   5.400284E-02   4.872453E-02   3.767622E-02
   8.556774E-02   6.804437E-02   4.445114E-02   3.575883E-02   3.832772E-02   2.158237E-02   4.243865E-02   3.548662E-02   6.256671E-02   8.691528E-02   9.866319E-02   6.961149E-02   6.200589E-02   4.982243E-02   5.565620E-02   3.143268E-02   6.960275E-02   6.031065E-02   5.939290E-02   3.952895E-02
   6.129815E-02   6.067953E-02   6.195698E-02   5.905763E-02   3.711032E-02   3.748364E-02   2.184626E-02   2.847043E-02   4.347012E-02   4.899493E-02   4.391737E-02   3.598861E-02   4.004838E-02   1.983109E-02   3.217931E-02   3.937010E-02   4.109837E-02   3.932437E-02   4.938167E-02   4.500129E-02
   1.084771E-01   6.512414E-02   6.779275E-02   4.277777E-02   4.517498E-02   3.259616E-02   3.190356E-02   3.359080E-02   4.402213E-02   2.758892E-02   4.382706E-02   3.623011E-02   2.544648E-02   1.526409E-02   2.113898E-02   2.033575E-02   3.203035E-02   3.406946E-02   5.755463E-02   6.582727E-02
   7.546266E-02   6.246797E-02   4.340047E-02   4.997344E-02   5.404215E-02   6.587702E-02   2.563473E-02   2.376868E-02   2.951317E-02   2.198544E-02   2.604385E-02   2.533293E-02   1.774940E-02   1.000000E-02   1.253537E-02   1.372026E-02   2.066997E-02   3.198137E-02   5.184264E-02   5.719709E-02
   1.543518E-01   7.795344E-02   4.294845E-02   5.850238E-02   7.211888E-02   4.842764E-02   4.094649E-02   3.533140E-02   3.205294E-02   2.791826E-02   1.885865E-02   1.262181E-02   1.292904E-02   1.600570E-02   2.082330E-02   1.832724E-02   2.199554E-02   3.833178E-02   4.965203E-02   8.037050E-02
   1.794667E-01   1.222296E-01   6.419987E-02   7.326548E-02   3.000000E-02   3.000000E-02   3.000000E-02   2.187552E-02   2.503324E-02   2.763217E-02   1.596394E-02   1.859275E-02   1.557488E-02   1.792251E-02   1.970336E-02   3.951141E-02   3.902072E-02   2.892892E-02   4.687276E-02   4.962525E-02
   1.137898E-01   1.166746E-01   1.174415E-01   5.982384E-02   3.000000E-02   3.000000E-02   3.000000E-02   3.000000E-02   1.664749E-02   1.179583E-02   1.424133E-02   1.440789E-02   1.729751E-02   2.930756E-02   2.489350E-02   1.991373E-02   3.481302E-02   5.623108E-02   4.954935E-02   5.843125E-02
   9.748001E-02   1.143179E-01   1.648038E-01   1.170650E-01   3.000000E-02   3.000000E-02   3.000000E-02   3.000000E-02   1.089065E-02   1.000000E-02   1.000000E-02   1.136477E-02   1.359046E-02   1.740104E-02   2.802895E-02   3.104135E-02   4.263964E-02   5.442263E-02   6.947329E-02   4.817912E-02
   8.858890E-02   1.045854E-01   9.756826E-02   6.093380E-02   3.000000E-02   3.000000E-02   3.000000E-02   3.000000E-02   1.335512E-02   1.000000E-02   1.000000E-02   1.335403E-02   1.735013E-02   2.062815E-02   3.665754E-02   2.945915E-02   5.048974E-02   6.749977E-02   4.797962E-02   4.117757E-02
   1.031316E-01   1.097357E-01   5.424264E-02   5.068608E-02   3.000000E-02   3.000000E-02   3.000000E-02   3.000000E-02   1.262280E-02   1.000000E-02   1.178956E-02   1.695010E-02   1.679747E-02   4.434085E-02   4.317115E-02   3.005591E-02   3.673047E-02   4.672080E-02   3.125434E-02   2.825664E-02
   7.979604E-02   7.861398E-02   7.351968E-02   3.675867E-02   3.000000E-02   3.000000E-02   3.000000E-02   3.000000E-02   1.000000E-02   1.302714E-02   1.381952E-02   1.228717E-02   1.421839E-02   7.304576E-02   4.140979E-02   5.024562E-02   7.006540E-02   4.334052E-02   3.656627E-02   2.419129E-02
   9.483970E-02   7.524933E-02   8.562896E-02   3.560958E-02   3.000000E-02   3.000000E-02   3.000000E-02   3.000000E-02   1.000000E-02   1.219879E-02   1.947881E-02   1.816824E-02   4.028275E-02   6.238654E-02   7.722288E-02   1.173894E-01   9.417437E-02   7.211167E-02   5.401453E-02   3.630937E-02
   9.654109E-02   9.670024E-02   6.496737E-02   3.856942E-02   3.000000E-02   3.000000E-02   3.000000E-02   3.000000E-02   1.000000E-02   1.000000E-02   1.183315E-02   2.989858E-02   4.380790E-02   6.107923E-02   8.930823E-02   1.163353E-01   6.931179E-02   5.495435E-02   3.624308E-02   4.567247E-02
   1.310683E-01   9.250791E-02   4.893703E-02   3.014693E-02   3.000000E-02   3.000000E-02   3.000000E-02   3.000000E-02   1.009312E-02   1.343237E-02   1.543725E-02   3.276432E-02   3.205352E-02   6.973153E-02   7.321277E-02   7.098682E-02   5.345668E-02   3.713664E-02   5.719390E-02   5.480984E-02
   7.287617E-02   1.154623E-01   5.964602E-02   3.110399E-02   3.000000E-02   3.000000E-02   3.000000E-02   3.000000E-02   1.406503E-02   2.512653E-02   2.120318E-02   3.430411E-02   3.900243E-02   5.040822E-02   3.556948E-02   3.191441E-02   3.737743E-02   3.237330E-02   7.344785E-02   9.467119E-02
   6.543291E-02   7.231182E-02   5.821501E-02   4.481632E-02   3.000000E-02   3.000000E-02   3.000000E-02   3.000000E-02   3.077285E-02   4.039311E-02   3.424870E-02   3.255067E-02   3.911287E-02   3.676980E-02   3.076480E-02   2.475445E-02   2.687982E-02   5.633116E-02   4.915278E-02   5.580047E-02
   6.159605E-02   6.488673E-02   4.341201E-02   3.436761E-02   3.000000E-02   3.000000E-02   3.000000E-02   3.000000E-02   3.216257E-02   3.924595E-02   2.732648E-02   3.063789E-02   3.465543E-02   3.664629E-02   3.316544E-02   4.253046E-02   3.040895E-02   3.619342E-02   5.824862E-02   4.519300E-02
   4.670866E-02   5.167630E-02   4.785861E-02   5.290519E-02   3.000000E-02   3.000000E-02   3.000000E-02   3.000000E-02   3.123850E-02   2.636666E-02   2.454652E-02   1.527584E-02   2.616389E-02   3.179345E-02   2.293422E-02   4.097248E-02   4.346418E-02   3.927740E-02   4.168653E-02   4.675961E-02
   6.062550E-02   3.922973E-02   4.290416E-02   5.093388E-02   3.000000E-02   3.000000E-02   4.333075E-02   3.878263E-02   2.547358E-02   2.324253E-02   2.223065E-02   1.862318E-02   1.310433E-02   1.313987E-02   2.992643E-02   4.558584E-02   4.602774E-02   8.080941E-02   6.006501E-02   4.170200E-02
   5.726060E-02   6.563888E-02   5.614498E-02   4.223183E-02   4.286954E-02   3.000000E-02   4.006048E-02   4.707873E-02   2.305208E-02   2.039394E-02   1.391063E-02   1.602635E-02   1.525210E-02   2.750133E-02   2.694128E-02   4.522073E-02   5.531746E-02   5.144559E-02   3.203433E-02   3.941109E-02
   8.459858E-02   6.542302E-02   4.963897E-02   4.125194E-02   3.809781E-02   3.009876E-02   4.319976E-02   3.581913E-02   3.696898E-02   1.789854E-02   1.321365E-02   1.598947E-02   2.606277E-02   3.798173E-02   3.186335E-02   4.987875E-02   3.154635E-02   3.178105E-02   2.423868E-02   3.500954E-02
   1.552269E-01   1.250685E-01   6.034565E-02   5.918199E-02   3.424441E-02   4.535482E-02   5.726348E-02   4.763914E-02   3.336799E-02   3.777528E-02   1.143138E-02   1.599086E-02   1.853190E-02   2.783864E-02   2.462198E-02   3.424895E-02   3.768057E-02   3.951260E-02   2.547094E-02   3.471821E-02
   1.002107E-01   1.042261E-01   6.774578E-02   9.397970E-02   5.266369E-02   3.251890E-02   6.260085E-02   6.932109E-02   8.197629E-02   4.462258E-02   3.729656E-02   3.270231E-02   3.102308E-02   6.062281E-02   3.207450E-02   5.617527E-02   8.472260E-02   4.854538E-02   3.369658E-02   1.989253E-02
   1.098146E-01   1.094048E-01   1.079958E-01   5.775705E-02   5.430932E-02   5.213389E-02   8.880491E-02   6.120637E-02   7.111384E-02   4.505853E-02   3.529248E-02   4.116036E-02   6.729900E-02   7.152220E-02   3.958977E-02   6.815064E-02   6.779352E-02   5.223326E-02   4.095234E-02   2.328227E-02
   8.055972E-02   9.063940E-02   7.040171E-02   5.128732E-02   7.090818E-02   5.339369E-02   6.413696E-02   4.483898E-02   3.817696E-02   3.452416E-02   5.022632E-02   8.139701E-02   6.370817E-02   1.099469E-01   5.904293E-02   8.449299E-02   6.322658E-02   3.511061E-02   4.044812E-02   3.725681E-02
   7.207887E-02   7.030570E-02   5.583900E-02   6.263661E-02   7.992844E-02   5.241951E-02   8.171410E-02   7.096271E-02   4.894363E-02   2.992485E-02   6.265018E-02   6.428664E-02   7.959167E-02   7.857631E-02   1.598918E-01   9.281809E-02   6.141942E-02   4.115486E-02   6.063571E-02   3.365578E-02
   4.260032E-02   4.531667E-02   3.596782E-02   7.652157E-02   5.583151E-02   3.953218E-02   5.364009E-02   3.804533E-02   2.281586E-02   2.701234E-02   3.988251E-02   4.511736E-02   4.880248E-02   7.424922E-02   9.094933E-02   6.756234E-02   5.677259E-02   4.772407E-02   4.512068E-02   3.231599E-02
   3.849650E-02   4.863736E-02   3.515568E-02   5.450906E-02   6.200292E-02   7.214491E-02   5.300319E-02   3.597984E-02   2.848445E-02   2.469432E-02   3.849708E-02   7.696293E-02   8.148916E-02   9.971309E-02   8.843890E-02   9.744437E-02   5.015200E-02   4.661645E-02   4.541198E-02   3.048543E-02
   4.157057E-02   4.593286E-02   3.991207E-02   5.791208E-02   6.342550E-02   6.279501E-02   7.362741E-02   3.704501E-02   3.017346E-02   5.689491E-02   6.101272E-02   8.327601E-02   1.441965E-01   1.042262E-01   1.109115E-01   7.728542E-02   3.938056E-02   3.026056E-02   4.282798E-02   3.339586E-02
   3.000000E-02   5.876387E-02   6.152786E-02   6.949976E-02   7.192785E-02   7.918258E-02   7.528441E-02   5.622603E-02   5.082803E-02   3.457273E-02   4.213060E-02   5.743908E-02   6.266094E-02   6.989683E-02   4.534089E-02   7.257878E-02   5.030896E-02   3.177744E-02   2.926886E-02   2.558223E-02
   3.000000E-02   3.000000E-02   6.872691E-02   7.653052E-02   1.181663E-01   1.167608E-01   1.191181E-01   1.026727E-01   4.441647E-02   4.829693E-02   5.032116E-02   7.237832E-02   7.325599E-02   5.148536E-02   4.097081E-02   7.475837E-02   7.480867E-02   3.801716E-02   3.737996E-02   4.268230E-02
   3.000000E-02   3.000000E-02   3.000000E-02   6.967142E-02   1.424419E-01   1.670482E-01   1.515800E-01   6.692982E-02   5.036210E-02   5.786415E-02   4.551465E-02   5.176904E-02   6.912715E-02   5.206892E-02   4.848328E-02   4.496870E-02   4.510068E-02   4.732215E-02   4.626370E-02   2.850107E-02
   3.000000E-02   3.000000E-02   3.000000E-02   3.000000E-02   1.155910E-01   7.159080E-02   7.905462E-02   8.540388E-02   6.518670E-02   4.609268E-02   5.396515E-02   5.043641E-02   6.244617E-02   6.039568E-02   4.563645E-02   3.978969E-02   4.915320E-02   2.909936E-02   4.936594E-02   3.000000E-02
   3.000000E-02   3.000000E-02   3.000000E-02   3.000000E-02   8.969341E-02   6.188001E-02   5.777792E-02   4.282164E-02   4.809549E-02   5.779368E-02   7.348325E-02   6.221258E-02   4.770724E-02   5.830503E-02   5.440112E-02   3.958345E-02   5.284873E-02   5.871057E-02   5.349921E-02   3.000000E-02
   3.000000E-02   3.000000E-02   3.000000E-02   3.000000E-02   3.000000E-02   1.184274E-01   6.032392E-02   5.892541E-02   5.420258E-02   7.311377E-02   7.556499E-02   6.443676E-02   3.110884E-02   3.539192E-02   5.928147E-02   2.210747E-02   3.918816E-02   6.261540E-02   3.000000E-02   3.000000E-02
   3.000000E-02   3.000000E-02   3.000000E-02   3.000000E-02   3.000000E-02   1.110755E-01   1.266049E-01   7.171324E-02   6.850212E-02   5.985597E-02   3.546357E-02   2.853391E-02   3.975401E-02   4.091903E-02   6.706083E-02   6.637674E-02   4.204614E-02   3.000000E-02   3.000000E-02   3.000000E-02
   3.000000E-02   3.000000E-02   3.000000E-02   3.000000E-02   3.000000E-02   1.070594E-01   8.382732E-02   6.716830E-02   6.443498E-02   5.805678E-02   3.140466E-02   2.874307E-02   4.555048E-02   3.680190E-02   4.959916E-02   6.793178E-02   3.000000E-02   3.000000E-02   3.000000E-02   3.000000E-02
