   2.000000E-05   2.000000E-05   2.000000E-05   2.000000E-05   4.336287E-05   5.051896E-05   6.056074E-05   3.422445E-05   5.216276E-05   6.911069E-05   9.733457E-05   9.077197E-05   3.777689E-05   2.372186E-05   2.000000E-05   2.000000E-05   3.267695E-05   2.000000E-05   2.379443E-05   2.331202E-05
   2.000000E-05   2.000000E-05   2.000000E-05   2.000000E-05   3.131277E-05   4.884323E-05   4.494881E-05   3.774578E-05   6.080827E-05   6.480891E-05   7.781839E-05   5.222830E-05   2.915598E-05   2.000000E-05   2.000000E-05   2.000000E-05   2.576456E-05   2.000000E-05   2.000000E-05   2.000000E-05
   2.000000E-05   2.000000E-05   2.000000E-05   2.058006E-05   2.782821E-05   4.381629E-05   5.189454E-05   4.423897E-05   6.489740E-05   4.262880E-05   2.360595E-05   2.313298E-05   2.105593E-05   2.000000E-05   2.047033E-05   3.549644E-05   2.967157E-05   2.046232E-05   2.039630E-05   2.000000E-05
   2.000000E-05   2.000000E-05   2.000000E-05   2.337434E-05   4.521640E-05   4.583446E-05   3.538898E-05   3.922095E-05   3.636013E-05   2.276087E-05   2.447267E-05   2.000000E-05   2.000000E-05   2.000000E-05   2.160748E-05   2.544773E-05   3.136708E-05   2.301886E-05   2.000000E-05   2.000000E-05
   2.000000E-05   2.178232E-05   2.000000E-05   2.168780E-05   3.305313E-05   3.836485E-05   4.593451E-05   2.922124E-05   2.000000E-05   2.000000E-05   2.000000E-05   2.000000E-05   2.000000E-05   2.000000E-05   2.000000E-05   2.138916E-05   2.000000E-05   2.000000E-05   2.308846E-05   2.000000E-05
   2.167709E-05   2.000000E-05   2.000000E-05   2.278741E-05   3.246802E-05   3.070677E-05   3.215272E-05   2.304892E-05   2.000000E-05   2.000000E-05   2.000000E-05   2.000000E-05   2.000000E-05   2.000000E-05   2.000000E-05   2.012783E-05   2.000000E-05   2.068238E-05   2.000000E-05   2.000000E-05
   3.391443E-05   2.000000E-05   2.994799E-05   2.532946E-05   2.442631E-05   2.819579E-05   3.305838E-05   2.703832E-05   2.000000E-05   2.000000E-05   2.000000E-05   2.000000E-05   2.000000E-05   2.000000E-05   2.000000E-05   2.000000E-05   2.249863E-05   2.000000E-05   2.000000E-05   2.000000E-05
   2.094091E-05   2.000000E-05   3.505931E-05   2.000000E-05   2.635317E-05   5.328760E-05   4.106862E-05   2.446494E-05   2.000000E-05   2.000000E-05   2.000000E-05   2.000000E-05   2.000000E-05   2.000000E-05   2.000000E-05   3.064604E-05   2.000000E-05   2.000000E-05   2.000000E-05   2.000000E-05
   2.000000E-05   2.000000E-05   2.378099E-05   2.000000E-05   2.972613E-05   2.972613E-05   2.972613E-05   2.373430E-05   2.000000E-05   2.000000E-05   2.000000E-05   2.000000E-05   2.000000E-05   2.000000E-05   2.000000E-05   2.000000E-05   2.354087E-05   2.000000E-05   2.000000E-05   2.000000E-05
   2.000000E-05   2.464452E-05   3.346395E-05   2.634357E-05   2.972613E-05   2.972613E-05   2.972613E-05   2.972613E-05   2.000000E-05   2.000000E-05   2.288066E-05   2.818428E-05   3.148875E-05   2.849506E-05   2.266652E-05   2.000000E-05   2.680293E-05   2.000000E-05   2.088319E-05   2.000000E-05
   2.000000E-05   3.078215E-05   4.115881E-05   2.308723E-05   2.972613E-05   2.972613E-05   2.972613E-05   2.972613E-05   2.657816E-05   2.880977E-05   3.560715E-05   2.452428E-05   2.654768E-05   4.556863E-05   2.000000E-05   2.000000E-05   2.000000E-05   2.000000E-05   2.000000E-05   2.000000E-05
   2.968174E-05   3.224774E-05   5.429060E-05   3.814446E-05   2.972613E-05   2.972613E-05   2.972613E-05   2.972613E-05   2.453837E-05   2.781220E-05   3.160863E-05   2.126856E-05   2.263399E-05   2.396342E-05   2.000000E-05   2.194608E-05   3.080849E-05   2.000000E-05   2.000000E-05   2.000000E-05
   2.235964E-05   2.854286E-05   3.661398E-05   3.316784E-05   2.972613E-05   2.972613E-05   2.972613E-05   2.972613E-05   2.375946E-05   2.000000E-05   2.595877E-05   3.108553E-05   2.000000E-05   2.000000E-05   2.000000E-05   2.000000E-05   2.000000E-05   2.000000E-05   2.000000E-05   2.000000E-05
   2.789149E-05   3.540697E-05   3.431499E-05   3.081941E-05   2.972613E-05   2.972613E-05   2.972613E-05   2.972613E-05   2.531690E-05   2.000000E-05   2.864899E-05   2.074366E-05   3.117807E-05   2.114219E-05   2.730422E-05   2.000000E-05   2.000000E-05   2.000000E-05   2.000000E-05   2.000000E-05
   2.000000E-05   3.824787E-05   3.543679E-05   2.981549E-05   2.972613E-05   2.972613E-05   2.972613E-05   2.972613E-05   2.331223E-05   2.000000E-05   2.000000E-05   2.000000E-05   2.090931E-05   3.132321E-05   3.871972E-05   2.000000E-05   2.000000E-05   2.000000E-05   2.000000E-05   2.000000E-05
   2.522732E-05   3.302367E-05   2.775775E-05   2.529698E-05   2.972613E-05   2.972613E-05   2.972613E-05   2.972613E-05   2.000000E-05   2.000000E-05   2.000000E-05   2.000000E-05   3.252492E-05   3.371255E-05   2.102809E-05   2.394720E-05   2.000000E-05   2.000000E-05   2.027849E-05   2.000000E-05
   2.108404E-05   3.225330E-05   2.227950E-05   2.046653E-05   2.972613E-05   2.972613E-05   2.972613E-05   2.972613E-05   2.000000E-05   2.345005E-05   3.111415E-05   2.000000E-05   2.000000E-05   2.100565E-05   3.574970E-05   2.541926E-05   2.335046E-05   2.000000E-05   2.403960E-05   2.064938E-05
   2.174865E-05   2.000000E-05   2.000000E-05   2.000000E-05   2.972613E-05   2.972613E-05   2.972613E-05   2.972613E-05   2.710984E-05   3.190800E-05   2.147412E-05   2.000000E-05   2.555618E-05   3.539113E-05   3.188772E-05   4.226547E-05   4.124791E-05   2.792782E-05   3.986731E-05   2.083417E-05
   2.000000E-05   2.000000E-05   2.000000E-05   2.000000E-05   2.972613E-05   2.972613E-05   2.972613E-05   2.972613E-05   2.944843E-05   3.361842E-05   2.000000E-05   2.000000E-05   4.395060E-05   4.428759E-05   5.387312E-05   5.139762E-05   3.332991E-05   2.988702E-05   3.883811E-05   2.784102E-05
   2.000000E-05   2.000000E-05   2.000000E-05   2.000000E-05   2.972613E-05   2.972613E-05   2.972613E-05   2.972613E-05   2.000000E-05   4.371267E-05   3.017668E-05   2.514592E-05   2.375974E-05   4.455000E-05   3.697780E-05   2.659245E-05   3.741185E-05   3.090388E-05   3.497742E-05   2.000000E-05
   2.000000E-05   2.000000E-05   2.000000E-05   2.000000E-05   2.972613E-05   2.972613E-05   2.972613E-05   2.972613E-05   3.326039E-05   3.332088E-05   4.553879E-05   3.601522E-05   2.000000E-05   2.995105E-05   3.651729E-05   2.000000E-05   3.909907E-05   2.000000E-05   3.017920E-05   2.000000E-05
   2.000000E-05   2.000000E-05   2.000000E-05   2.000000E-05   2.972613E-05   2.972613E-05   2.000000E-05   2.000000E-05   4.291354E-05   3.450155E-05   6.302844E-05   3.391861E-05   2.630086E-05   2.000000E-05   3.857606E-05   4.085252E-05   2.000000E-05   2.000000E-05   2.000000E-05   2.000000E-05
   2.559761E-05   2.000000E-05   2.000000E-05   2.000000E-05   2.000000E-05   2.972613E-05   2.000000E-05   2.751481E-05   4.869613E-05   4.394704E-05   5.169377E-05   3.726189E-05   2.069253E-05   2.935681E-05   4.947487E-05   3.908548E-05   2.597382E-05   2.000000E-05   2.000000E-05   2.000000E-05
   2.039357E-05   2.342730E-05   2.000000E-05   2.000000E-05   2.000000E-05   2.000000E-05   2.000000E-05   2.098283E-05   2.605387E-05   3.584411E-05   4.356518E-05   3.380724E-05   2.757092E-05   3.384116E-05   2.596900E-05   2.040469E-05   2.552684E-05   2.337950E-05   2.000000E-05   2.000000E-05
   2.000000E-05   2.278877E-05   2.621777E-05   2.000000E-05   2.000000E-05   2.000000E-05   2.000000E-05   2.172348E-05   2.917155E-05   2.809482E-05   2.934029E-05   2.000000E-05   2.000000E-05   2.000000E-05   2.334708E-05   2.000000E-05   2.000000E-05   2.000000E-05   2.000000E-05   2.000000E-05
   2.000000E-05   2.000000E-05   2.880653E-05   2.000000E-05   2.000000E-05   2.000000E-05   2.000000E-05   2.000000E-05   2.086702E-05   2.040270E-05   2.000000E-05   2.000000E-05   2.000000E-05   2.000000E-05   2.000000E-05   2.000000E-05   2.000000E-05   2.000000E-05   2.000000E-05   2.000000E-05
   3.014827E-05   2.083497E-05   2.521166E-05   2.000000E-05   2.000000E-05   2.000000E-05   2.000000E-05   2.000000E-05   2.572493E-05   2.000000E-05   2.000000E-05   2.000000E-05   2.000000E-05   2.000000E-05   2.000000E-05   2.000000E-05   2.000000E-05   2.000000E-05   2.000000E-05   2.000000E-05
   3.119724E-05   3.894277E-05   2.552979E-05   2.311480E-05   2.000000E-05   2.000000E-05   2.166805E-05   2.000000E-05   2.979821E-05   2.912576E-05   2.922158E-05   2.228929E-05   2.000000E-05   2.000000E-05   2.000000E-05   2.000000E-05   2.000000E-05   2.000000E-05   2.453020E-05   2.931170E-05
   2.000000E-05   2.363835E-05   4.254362E-05   3.281018E-05   2.336015E-05   2.800267E-05   2.000000E-05   3.060183E-05   4.343029E-05   3.540025E-05   6.703035E-05   3.913686E-05   2.181485E-05   2.000000E-05   2.000000E-05   2.000000E-05   2.000000E-05   2.303527E-05   4.679027E-05   2.427190E-05
   2.000000E-05   2.000000E-05   2.393463E-05   3.071295E-05   2.376247E-05   2.932835E-05   3.447500E-05   4.643133E-05   7.442551E-05   5.086566E-05   8.156771E-05   4.382460E-05   2.991236E-05   3.101804E-05   2.341784E-05   2.281675E-05   2.719276E-05   2.702318E-05   2.026296E-05   2.029078E-05
   2.000000E-05   2.636748E-05   2.262598E-05   2.535900E-05   2.000000E-05   3.095692E-05   2.681830E-05   3.664678E-05   3.618414E-05   4.598250E-05   6.616191E-05   5.974789E-05   6.448053E-05   3.088022E-05   2.459617E-05   3.040193E-05   2.528405E-05   2.842408E-05   2.582588E-05   2.000000E-05
   3.095110E-05   2.854402E-05   2.122546E-05   3.126006E-05   2.683405E-05   2.000000E-05   2.898967E-05   4.420955E-05   3.165310E-05   3.580895E-05   3.907841E-05   5.039992E-05   3.905033E-05   4.821199E-05   2.000000E-05   2.728160E-05   3.524416E-05   2.970830E-05   2.725294E-05   2.000000E-05
   2.972613E-05   3.175245E-05   2.568075E-05   2.000000E-05   2.504696E-05   2.000000E-05   2.773110E-05   3.005979E-05   2.093682E-05   2.000000E-05   3.060672E-05   3.639295E-05   4.450591E-05   2.944822E-05   2.000000E-05   3.040322E-05   2.000000E-05   2.532484E-05   2.279132E-05   2.000000E-05
   2.972613E-05   2.972613E-05   2.488680E-05   2.763273E-05   2.320132E-05   2.000000E-05   2.406242E-05   2.453910E-05   2.000000E-05   2.000000E-05   2.135437E-05   2.000000E-05   2.152705E-05   2.000000E-05   2.000000E-05   2.000000E-05   2.000000E-05   2.000000E-05   2.000000E-05   2.030333E-05
   2.972613E-05   2.972613E-05   2.972613E-05   2.000000E-05   2.000000E-05   2.000000E-05   2.000000E-05   2.346476E-05   2.107813E-05   2.000000E-05   2.000000E-05   2.000000E-05   2.000000E-05   2.000000E-05   2.000000E-05   2.000000E-05   2.000000E-05   2.000000E-05   2.000000E-05   2.040722E-05
   2.972613E-05   2.972613E-05   2.972613E-05   2.972613E-05   2.000000E-05   2.000000E-05   2.000000E-05   2.000000E-05   2.000000E-05   2.000000E-05   2.000000E-05   2.000000E-05   2.000000E-05   2.000000E-05   2.000000E-05   2.000000E-05   2.000000E-05   2.000000E-05   2.000000E-05   2.972613E-05
   2.972613E-05   2.972613E-05   2.972613E-05   2.972613E-05   2.597515E-05   2.462679E-05   2.000000E-05   2.084257E-05   2.000000E-05   2.000000E-05   2.000000E-05   2.000000E-05   2.000000E-05   2.000000E-05   2.310061E-05   2.000000E-05   2.000000E-05   2.879391E-05   2.681272E-05   2.972613E-05
   2.972613E-05   2.972613E-05   2.972613E-05   2.972613E-05   2.972613E-05   3.840665E-05   2.542516E-05   2.129644E-05   2.000000E-05   2.000000E-05   2.000000E-05   2.000000E-05   2.000000E-05   2.019621E-05   2.000000E-05   2.000000E-05   2.000000E-05   2.117077E-05   2.972613E-05   2.972613E-05
   2.972613E-05   2.972613E-05   2.972613E-05   2.972613E-05   2.972613E-05   3.842899E-05   2.707421E-05   2.289648E-05   2.298129E-05   2.000000E-05   2.000000E-05   2.000000E-05   2.000000E-05   2.074391E-05   2.783556E-05   2.000000E-05   2.887350E-05   2.972613E-05   2.972613E-05   2.972613E-05
   2.972613E-05   2.972613E-05   2.972613E-05   2.972613E-05   2.972613E-05   3.239178E-05   2.555923E-05   2.171145E-05   2.588869E-05   2.000000E-05   2.000000E-05   2.000000E-05   2.738640E-05   3.602058E-05   3.144544E-05   2.000000E-05   2.972613E-05   2.972613E-05   2.972613E-05   2.972613E-05
