   3.707123E-05   3.605356E-05   2.327746E-05   2.000000E-05   2.052493E-05   2.000000E-05   2.000000E-05   2.000000E-05   2.000000E-05   2.519686E-05   2.000000E-05   2.412525E-05   2.000000E-05   2.000000E-05   2.000000E-05   2.000000E-05   2.000000E-05   2.000000E-05   2.000000E-05   2.000000E-05
   3.375050E-05   3.291350E-05   2.165367E-05   2.000000E-05   2.000000E-05   2.000000E-05   2.000000E-05   2.000000E-05   2.543873E-05   2.816622E-05   3.053197E-05   2.000000E-05   2.000000E-05   2.000000E-05   2.000000E-05   2.000000E-05   2.000000E-05   2.841322E-05   2.156965E-05   2.000000E-05
   3.529298E-05   2.232802E-05   2.000000E-05   2.000000E-05   2.000000E-05   2.000000E-05   2.772639E-05   2.363149E-05   2.000000E-05   2.233424E-05   2.700954E-05   2.000000E-05   2.000000E-05   3.023411E-05   5.185719E-05   3.340584E-05   3.429816E-05   3.583643E-05   2.186563E-05   2.745332E-05
   3.737722E-05   3.839958E-05   2.256320E-05   2.000000E-05   2.000000E-05   2.522211E-05   2.508247E-05   2.457372E-05   2.261536E-05   4.237186E-05   2.400730E-05   4.341596E-05   2.869852E-05   4.089933E-05   3.916603E-05   2.646496E-05   3.357752E-05   4.062523E-05   3.204414E-05   2.616873E-05
   2.262406E-05   4.626427E-05   4.086810E-05   2.616767E-05   2.466263E-05   3.686486E-05   2.884261E-05   2.845427E-05   3.662017E-05   5.308636E-05   4.157595E-05   5.310408E-05   6.500590E-05   4.338656E-05   5.110476E-05   6.119033E-05   4.400677E-05   3.555094E-05   2.163567E-05   2.878172E-05
   2.183178E-05   2.821982E-05   3.283192E-05   2.374883E-05   3.243064E-05   4.356841E-05   4.200495E-05   2.736265E-05   3.487360E-05   5.297197E-05   7.060542E-05   6.131384E-05   6.625148E-05   5.979440E-05   3.962959E-05   4.282144E-05   4.872898E-05   3.417092E-05   2.000000E-05   2.000000E-05
   2.042704E-05   2.648927E-05   4.118862E-05   3.622990E-05   5.755361E-05   7.188413E-05   3.036981E-05   3.739001E-05   3.638151E-05   4.335927E-05   6.818165E-05   4.907439E-05   2.321138E-05   3.354861E-05   2.000000E-05   2.545325E-05   3.233094E-05   2.301589E-05   2.799107E-05   2.000000E-05
   2.239579E-05   5.340538E-05   4.244410E-05   3.623139E-05   4.902189E-05   6.988118E-05   3.038189E-05   2.000000E-05   2.788052E-05   3.876528E-05   5.579189E-05   2.380633E-05   2.202749E-05   3.001337E-05   2.852749E-05   2.130871E-05   3.380868E-05   2.624343E-05   2.000000E-05   2.121363E-05
   2.000000E-05   3.269909E-05   2.803589E-05   2.227143E-05   6.743286E-05   6.743286E-05   6.743286E-05   2.753926E-05   6.281658E-05   2.996423E-05   3.917469E-05   2.450407E-05   2.061882E-05   2.430468E-05   2.706462E-05   2.075585E-05   3.618587E-05   3.424392E-05   2.230822E-05   3.052470E-05
   2.000000E-05   2.401099E-05   2.304328E-05   3.370965E-05   6.743286E-05   6.743286E-05   6.743286E-05   6.743286E-05   6.709741E-05   4.895135E-05   6.194523E-05   3.281894E-05   2.193941E-05   2.059303E-05   2.680736E-05   2.835741E-05   3.969280E-05   3.259980E-05   2.297305E-05   3.030501E-05
   2.000000E-05   2.086907E-05   2.777645E-05   2.000000E-05   6.743286E-05   6.743286E-05   6.743286E-05   6.743286E-05   3.633522E-05   2.920190E-05   4.955269E-05   3.362986E-05   2.724252E-05   2.859414E-05   4.294986E-05   3.970938E-05   4.204984E-05   3.145955E-05   2.956545E-05   3.509390E-05
   2.274756E-05   2.000000E-05   2.558924E-05   2.041082E-05   6.743286E-05   6.743286E-05   6.743286E-05   6.743286E-05   3.041860E-05   2.913726E-05   2.000000E-05   2.573937E-05   4.107161E-05   2.984768E-05   5.541625E-05   3.046021E-05   3.397355E-05   2.762289E-05   2.243323E-05   2.083013E-05
   3.353269E-05   3.851663E-05   2.000000E-05   2.265111E-05   6.743286E-05   6.743286E-05   6.743286E-05   6.743286E-05   2.891340E-05   2.007098E-05   2.621310E-05   4.289223E-05   5.815183E-05   2.996275E-05   4.212851E-05   3.731813E-05   3.886498E-05   3.010905E-05   3.042264E-05   2.100562E-05
   4.090988E-05   3.905142E-05   2.437907E-05   4.161394E-05   6.743286E-05   6.743286E-05   6.743286E-05   6.743286E-05   3.434989E-05   2.973956E-05   3.947017E-05   3.580458E-05   5.397190E-05   4.326298E-05   5.053989E-05   5.015659E-05   6.537712E-05   3.745749E-05   2.959355E-05   2.155018E-05
   5.120284E-05   4.632101E-05   5.133839E-05   6.105525E-05   6.743286E-05   6.743286E-05   6.743286E-05   6.743286E-05   4.301225E-05   3.307627E-05   4.945242E-05   3.750292E-05   4.830922E-05   6.458723E-05   6.430064E-05   4.018018E-05   5.729302E-05   3.346020E-05   3.218507E-05   2.054002E-05
   3.247638E-05   3.725365E-05   5.442029E-05   5.244252E-05   6.743286E-05   6.743286E-05   6.743286E-05   6.743286E-05   4.704455E-05   3.554106E-05   3.648503E-05   7.518647E-05   7.294463E-05   1.014549E-04   6.709997E-05   5.908540E-05   3.555204E-05   3.096718E-05   2.408593E-05   2.000000E-05
   4.903376E-05   5.312361E-05   3.903239E-05   4.609105E-05   6.743286E-05   6.743286E-05   6.743286E-05   6.743286E-05   4.851608E-05   2.707445E-05   2.821435E-05   3.728654E-05   6.819581E-05   5.183441E-05   4.908829E-05   5.353678E-05   9.803241E-05   4.261631E-05   2.897170E-05   2.000000E-05
   4.755038E-05   3.833088E-05   5.327053E-05   4.424725E-05   6.743286E-05   6.743286E-05   6.743286E-05   6.743286E-05   2.757031E-05   2.689056E-05   2.759231E-05   3.090212E-05   7.927504E-05   5.903449E-05   4.815282E-05   4.087140E-05   6.884939E-05   3.535188E-05   2.688366E-05   2.000000E-05
   2.374162E-05   3.196001E-05   2.676105E-05   2.846094E-05   6.743286E-05   6.743286E-05   6.743286E-05   6.743286E-05   2.611648E-05   2.000000E-05   2.987459E-05   3.701296E-05   6.375191E-05   5.541669E-05   1.092777E-04   7.253638E-05   6.310116E-05   4.674404E-05   2.289510E-05   2.000000E-05
   2.892594E-05   2.768529E-05   3.504156E-05   2.087923E-05   6.743286E-05   6.743286E-05   6.743286E-05   6.743286E-05   2.968451E-05   3.166917E-05   3.210180E-05   3.672389E-05   3.158164E-05   3.259399E-05   4.618293E-05   6.136130E-05   5.218893E-05   2.970761E-05   2.000000E-05   2.000000E-05
   3.337149E-05   2.600004E-05   3.001944E-05   2.203247E-05   6.743286E-05   6.743286E-05   6.743286E-05   6.743286E-05   2.593244E-05   2.133544E-05   3.685944E-05   4.568952E-05   3.522266E-05   4.338707E-05   4.067658E-05   5.867485E-05   4.338147E-05   3.579539E-05   2.625906E-05   2.283623E-05
   2.673473E-05   2.000000E-05   2.000000E-05   2.126967E-05   6.743286E-05   6.743286E-05   4.742367E-05   2.642936E-05   2.000000E-05   2.327692E-05   2.458406E-05   3.729630E-05   4.799404E-05   4.484576E-05   5.523045E-05   7.784035E-05   1.056460E-04   3.470084E-05   4.328422E-05   2.932287E-05
   2.000000E-05   2.000000E-05   2.000000E-05   2.000000E-05   2.674443E-05   6.743286E-05   4.997974E-05   7.659841E-05   3.774639E-05   2.377000E-05   2.468202E-05   3.287347E-05   5.160582E-05   7.902249E-05   7.649301E-05   1.182511E-04   7.655025E-05   4.408855E-05   3.335040E-05   2.116241E-05
   2.013338E-05   2.000000E-05   2.000000E-05   2.000000E-05   2.000000E-05   3.540251E-05   4.533082E-05   5.624785E-05   4.904067E-05   2.884145E-05   2.615387E-05   3.518359E-05   4.102599E-05   5.837613E-05   7.926186E-05   6.280018E-05   3.268278E-05   2.865560E-05   2.380302E-05   2.000000E-05
   2.406799E-05   2.000000E-05   2.133230E-05   4.158364E-05   5.528707E-05   5.096754E-05   2.968921E-05   4.711246E-05   2.371488E-05   4.335906E-05   2.092769E-05   3.256505E-05   4.006947E-05   6.591395E-05   5.632705E-05   3.334913E-05   2.544255E-05   2.000000E-05   2.000000E-05   2.000000E-05
   2.967431E-05   2.486364E-05   2.703093E-05   2.869720E-05   3.569617E-05   6.369481E-05   6.096476E-05   5.881758E-05   5.041233E-05   3.485633E-05   2.331156E-05   3.039113E-05   4.745345E-05   5.559588E-05   2.891935E-05   2.039507E-05   2.000000E-05   2.000000E-05   2.000000E-05   2.000000E-05
   3.559927E-05   3.640962E-05   3.773279E-05   2.458869E-05   2.853647E-05   5.706184E-05   8.502528E-05   5.335217E-05   3.443605E-05   2.251513E-05   2.427310E-05   3.697570E-05   2.455709E-05   3.241772E-05   2.498470E-05   2.105526E-05   2.000000E-05   2.000000E-05   2.000000E-05   2.000000E-05
   4.076706E-05   3.412757E-05   3.705308E-05   4.003106E-05   3.870442E-05   5.957392E-05   6.374144E-05   4.117101E-05   3.143619E-05   2.349565E-05   2.076558E-05   2.141827E-05   2.487853E-05   4.239193E-05   2.743079E-05   2.079897E-05   2.171765E-05   2.000000E-05   2.000000E-05   2.000000E-05
   2.286377E-05   2.892806E-05   3.373306E-05   3.980205E-05   4.116774E-05   5.792717E-05   3.734349E-05   4.381956E-05   3.555673E-05   2.256029E-05   2.386878E-05   2.000000E-05   2.385404E-05   2.000000E-05   2.000000E-05   2.813205E-05   2.225280E-05   2.166626E-05   2.018842E-05   2.655942E-05
   2.773773E-05   2.638715E-05   2.255272E-05   3.502526E-05   2.741750E-05   4.024246E-05   3.237920E-05   2.700221E-05   3.863200E-05   3.046638E-05   3.161442E-05   2.654858E-05   2.000000E-05   2.544824E-05   3.111774E-05   2.931391E-05   2.390829E-05   2.924277E-05   5.399943E-05   5.896314E-05
   2.000000E-05   2.000000E-05   2.000000E-05   2.195848E-05   2.462871E-05   2.000000E-05   2.812515E-05   2.217981E-05   2.000000E-05   2.350981E-05   2.614021E-05   2.626555E-05   2.000000E-05   2.000000E-05   3.754332E-05   2.837138E-05   4.158500E-05   3.450344E-05   4.798124E-05   5.580685E-05
   2.191055E-05   2.065056E-05   2.000000E-05   2.000000E-05   2.535491E-05   3.034501E-05   2.133198E-05   3.103238E-05   2.000000E-05   2.071378E-05   2.464607E-05   2.217027E-05   2.000000E-05   2.000000E-05   3.962145E-05   5.041978E-05   3.530546E-05   3.785837E-05   3.343525E-05   2.505025E-05
   6.743286E-05   2.000000E-05   2.000000E-05   2.000000E-05   2.307433E-05   2.739581E-05   2.249927E-05   2.941628E-05   2.000000E-05   2.202664E-05   2.184950E-05   2.158415E-05   2.000000E-05   2.000000E-05   2.000000E-05   5.367449E-05   3.100555E-05   3.945651E-05   4.257049E-05   2.012489E-05
   6.743286E-05   6.743286E-05   2.217153E-05   2.000000E-05   2.000000E-05   2.442565E-05   3.521788E-05   3.148887E-05   2.000000E-05   2.000000E-05   2.000000E-05   2.256896E-05   2.000000E-05   2.000000E-05   2.974953E-05   4.232632E-05   3.658746E-05   4.144000E-05   5.349953E-05   2.671888E-05
   6.743286E-05   6.743286E-05   6.743286E-05   2.128468E-05   2.405202E-05   2.313563E-05   2.831279E-05   2.867362E-05   2.000000E-05   2.383440E-05   2.169714E-05   2.602722E-05   3.433976E-05   3.059010E-05   4.015061E-05   5.267391E-05   5.242161E-05   4.680210E-05   2.659065E-05   2.827876E-05
   6.743286E-05   6.743286E-05   6.743286E-05   6.743286E-05   5.928994E-05   2.248199E-05   3.853979E-05   3.925970E-05   3.959633E-05   3.104916E-05   3.434214E-05   2.556758E-05   2.814331E-05   2.362622E-05   4.391359E-05   5.286425E-05   5.236373E-05   4.233906E-05   3.521200E-05   6.743286E-05
   6.743286E-05   6.743286E-05   6.743286E-05   6.743286E-05   6.181696E-05   3.693306E-05   4.353111E-05   5.518455E-05   3.948486E-05   7.135189E-05   3.973862E-05   4.155719E-05   3.155501E-05   2.943107E-05   3.638452E-05   8.132949E-05   8.212751E-05   5.083967E-05   2.515966E-05   6.743286E-05
   6.743286E-05   6.743286E-05   6.743286E-05   6.743286E-05   6.743286E-05   6.674507E-05   4.715910E-05   3.378885E-05   4.343615E-05   5.366774E-05   3.570163E-05   4.000230E-05   5.480360E-05   3.997664E-05   4.195436E-05   2.924082E-05   3.064077E-05   4.627296E-05   6.743286E-05   6.743286E-05
   6.743286E-05   6.743286E-05   6.743286E-05   6.743286E-05   6.743286E-05   4.171136E-05   5.052357E-05   3.974504E-05   3.073010E-05   2.940071E-05   3.024680E-05   2.356541E-05   4.386121E-05   5.182422E-05   5.505007E-05   4.539103E-05   2.260789E-05   6.743286E-05   6.743286E-05   6.743286E-05
   6.743286E-05   6.743286E-05   6.743286E-05   6.743286E-05   6.743286E-05   3.675867E-05   4.656096E-05   5.738900E-05   3.324660E-05   3.645777E-05   4.086667E-05   3.710669E-05   2.802665E-05   3.651911E-05   3.397078E-05   4.084687E-05   6.743286E-05   6.743286E-05   6.743286E-05   6.743286E-05
