2.854857999999999832e-05 2.854857999999999832e-05 2.854857999999999832e-05 2.854857999999999832e-05 2.854857999999999832e-05 2.854857999999999832e-05 2.854857999999999832e-05 2.854857999999999832e-05 2.854857999999999832e-05 2.854857999999999832e-05 2.854857999999999832e-05 2.854857999999999832e-05 2.854857999999999832e-05 2.854857999999999832e-05 2.854857999999999832e-05 2.854857999999999832e-05 2.854857999999999832e-05 2.854857999999999832e-05 2.854857999999999832e-05 2.854857999999999832e-05
2.854857999999999832e-05 2.854857999999999832e-05 2.854857999999999832e-05 2.854857999999999832e-05 2.854857999999999832e-05 2.854857999999999832e-05 2.854857999999999832e-05 2.854857999999999832e-05 2.854857999999999832e-05 2.854857999999999832e-05 2.854857999999999832e-05 2.854857999999999832e-05 2.854857999999999832e-05 2.854857999999999832e-05 2.854857999999999832e-05 2.854857999999999832e-05 2.854857999999999832e-05 2.854857999999999832e-05 2.854857999999999832e-05 2.854857999999999832e-05
2.854857999999999832e-05 2.854857999999999832e-05 2.854857999999999832e-05 2.854857999999999832e-05 2.854857999999999832e-05 2.854857999999999832e-05 2.854857999999999832e-05 2.854857999999999832e-05 2.854857999999999832e-05 2.854857999999999832e-05 2.854857999999999832e-05 2.854857999999999832e-05 2.854857999999999832e-05 2.854857999999999832e-05 2.854857999999999832e-05 2.854857999999999832e-05 2.854857999999999832e-05 2.854857999999999832e-05 2.854857999999999832e-05 2.854857999999999832e-05
2.854857999999999832e-05 2.854857999999999832e-05 2.854857999999999832e-05 2.854857999999999832e-05 2.854857999999999832e-05 2.854857999999999832e-05 2.854857999999999832e-05 2.854857999999999832e-05 2.854857999999999832e-05 2.854857999999999832e-05 2.854857999999999832e-05 2.854857999999999832e-05 2.854857999999999832e-05 2.854857999999999832e-05 2.854857999999999832e-05 2.854857999999999832e-05 2.854857999999999832e-05 2.854857999999999832e-05 2.854857999999999832e-05 2.854857999999999832e-05
2.854857999999999832e-05 2.854857999999999832e-05 2.854857999999999832e-05 2.854857999999999832e-05 2.854857999999999832e-05 2.854857999999999832e-05 2.854857999999999832e-05 2.854857999999999832e-05 2.854857999999999832e-05 2.854857999999999832e-05 2.854857999999999832e-05 2.854857999999999832e-05 2.854857999999999832e-05 2.854857999999999832e-05 2.854857999999999832e-05 2.854857999999999832e-05 2.854857999999999832e-05 2.854857999999999832e-05 2.854857999999999832e-05 2.854857999999999832e-05
2.854857999999999832e-05 2.854857999999999832e-05 2.854857999999999832e-05 2.854857999999999832e-05 2.854857999999999832e-05 2.854857999999999832e-05 2.854857999999999832e-05 2.854857999999999832e-05 2.854857999999999832e-05 2.854857999999999832e-05 2.854857999999999832e-05 2.854857999999999832e-05 2.854857999999999832e-05 2.854857999999999832e-05 2.854857999999999832e-05 2.854857999999999832e-05 2.854857999999999832e-05 2.854857999999999832e-05 2.854857999999999832e-05 2.854857999999999832e-05
2.854857999999999832e-05 2.854857999999999832e-05 2.854857999999999832e-05 2.854857999999999832e-05 2.854857999999999832e-05 2.854857999999999832e-05 2.854857999999999832e-05 2.854857999999999832e-05 2.854857999999999832e-05 2.854857999999999832e-05 2.854857999999999832e-05 2.854857999999999832e-05 2.854857999999999832e-05 2.854857999999999832e-05 2.854857999999999832e-05 2.854857999999999832e-05 2.854857999999999832e-05 2.854857999999999832e-05 2.854857999999999832e-05 2.854857999999999832e-05
2.854857999999999832e-05 2.854857999999999832e-05 2.854857999999999832e-05 2.854857999999999832e-05 2.854857999999999832e-05 2.854857999999999832e-05 2.854857999999999832e-05 2.854857999999999832e-05 2.854857999999999832e-05 2.854857999999999832e-05 2.854857999999999832e-05 2.854857999999999832e-05 2.854857999999999832e-05 2.854857999999999832e-05 2.854857999999999832e-05 2.854857999999999832e-05 2.854857999999999832e-05 2.854857999999999832e-05 2.854857999999999832e-05 2.854857999999999832e-05
2.854857999999999832e-05 2.854857999999999832e-05 2.854857999999999832e-05 2.854857999999999832e-05 2.854857999999999832e-05 2.854857999999999832e-05 2.854857999999999832e-05 2.854857999999999832e-05 2.854857999999999832e-05 2.854857999999999832e-05 2.854857999999999832e-05 2.854857999999999832e-05 2.854857999999999832e-05 2.854857999999999832e-05 2.854857999999999832e-05 2.854857999999999832e-05 2.854857999999999832e-05 2.854857999999999832e-05 2.854857999999999832e-05 2.854857999999999832e-05
2.854857999999999832e-05 2.854857999999999832e-05 2.854857999999999832e-05 2.854857999999999832e-05 2.854857999999999832e-05 2.854857999999999832e-05 2.854857999999999832e-05 2.854857999999999832e-05 2.854857999999999832e-05 2.854857999999999832e-05 2.854857999999999832e-05 2.854857999999999832e-05 2.854857999999999832e-05 2.854857999999999832e-05 2.854857999999999832e-05 2.854857999999999832e-05 2.854857999999999832e-05 2.854857999999999832e-05 2.854857999999999832e-05 2.854857999999999832e-05
2.854857999999999832e-05 2.854857999999999832e-05 2.854857999999999832e-05 2.854857999999999832e-05 2.854857999999999832e-05 2.854857999999999832e-05 2.854857999999999832e-05 2.854857999999999832e-05 2.854857999999999832e-05 2.854857999999999832e-05 2.854857999999999832e-05 2.854857999999999832e-05 2.854857999999999832e-05 2.854857999999999832e-05 2.854857999999999832e-05 2.854857999999999832e-05 2.854857999999999832e-05 2.854857999999999832e-05 2.854857999999999832e-05 2.854857999999999832e-05
2.854857999999999832e-05 2.854857999999999832e-05 2.854857999999999832e-05 2.854857999999999832e-05 2.854857999999999832e-05 2.854857999999999832e-05 2.854857999999999832e-05 2.854857999999999832e-05 2.854857999999999832e-05 2.854857999999999832e-05 2.854857999999999832e-05 2.854857999999999832e-05 2.854857999999999832e-05 2.854857999999999832e-05 2.854857999999999832e-05 2.854857999999999832e-05 2.854857999999999832e-05 2.854857999999999832e-05 2.854857999999999832e-05 2.854857999999999832e-05
2.854857999999999832e-05 2.854857999999999832e-05 2.854857999999999832e-05 2.854857999999999832e-05 2.854857999999999832e-05 2.854857999999999832e-05 2.854857999999999832e-05 2.854857999999999832e-05 2.854857999999999832e-05 2.854857999999999832e-05 2.854857999999999832e-05 2.854857999999999832e-05 2.854857999999999832e-05 2.854857999999999832e-05 2.854857999999999832e-05 2.854857999999999832e-05 2.854857999999999832e-05 2.854857999999999832e-05 2.854857999999999832e-05 2.854857999999999832e-05
2.854857999999999832e-05 2.854857999999999832e-05 2.854857999999999832e-05 2.854857999999999832e-05 2.854857999999999832e-05 2.854857999999999832e-05 2.854857999999999832e-05 2.854857999999999832e-05 2.854857999999999832e-05 2.854857999999999832e-05 2.854857999999999832e-05 2.854857999999999832e-05 2.854857999999999832e-05 2.854857999999999832e-05 2.854857999999999832e-05 2.854857999999999832e-05 2.854857999999999832e-05 2.854857999999999832e-05 2.854857999999999832e-05 2.854857999999999832e-05
2.854857999999999832e-05 2.854857999999999832e-05 2.854857999999999832e-05 2.854857999999999832e-05 2.854857999999999832e-05 2.854857999999999832e-05 2.854857999999999832e-05 2.854857999999999832e-05 2.854857999999999832e-05 2.854857999999999832e-05 2.854857999999999832e-05 2.854857999999999832e-05 2.854857999999999832e-05 2.854857999999999832e-05 2.854857999999999832e-05 2.854857999999999832e-05 2.854857999999999832e-05 2.854857999999999832e-05 2.854857999999999832e-05 2.854857999999999832e-05
2.854857999999999832e-05 2.854857999999999832e-05 2.854857999999999832e-05 2.854857999999999832e-05 2.854857999999999832e-05 2.854857999999999832e-05 2.854857999999999832e-05 2.854857999999999832e-05 2.854857999999999832e-05 2.854857999999999832e-05 2.854857999999999832e-05 2.854857999999999832e-05 2.854857999999999832e-05 2.854857999999999832e-05 2.854857999999999832e-05 2.854857999999999832e-05 2.854857999999999832e-05 2.854857999999999832e-05 2.854857999999999832e-05 2.854857999999999832e-05
2.854857999999999832e-05 2.854857999999999832e-05 2.854857999999999832e-05 2.854857999999999832e-05 2.854857999999999832e-05 2.854857999999999832e-05 2.854857999999999832e-05 2.854857999999999832e-05 2.854857999999999832e-05 2.854857999999999832e-05 2.854857999999999832e-05 2.854857999999999832e-05 2.854857999999999832e-05 2.854857999999999832e-05 2.854857999999999832e-05 2.854857999999999832e-05 2.854857999999999832e-05 2.854857999999999832e-05 2.854857999999999832e-05 2.854857999999999832e-05
2.854857999999999832e-05 2.854857999999999832e-05 2.854857999999999832e-05 2.854857999999999832e-05 2.854857999999999832e-05 2.854857999999999832e-05 2.854857999999999832e-05 2.854857999999999832e-05 2.854857999999999832e-05 2.854857999999999832e-05 2.854857999999999832e-05 2.854857999999999832e-05 2.854857999999999832e-05 2.854857999999999832e-05 2.854857999999999832e-05 2.854857999999999832e-05 2.854857999999999832e-05 2.854857999999999832e-05 2.854857999999999832e-05 2.854857999999999832e-05
2.854857999999999832e-05 2.854857999999999832e-05 2.854857999999999832e-05 2.854857999999999832e-05 2.854857999999999832e-05 2.854857999999999832e-05 2.854857999999999832e-05 2.854857999999999832e-05 2.854857999999999832e-05 2.854857999999999832e-05 2.854857999999999832e-05 2.854857999999999832e-05 2.854857999999999832e-05 2.854857999999999832e-05 2.854857999999999832e-05 2.854857999999999832e-05 2.854857999999999832e-05 2.854857999999999832e-05 2.854857999999999832e-05 2.854857999999999832e-05
2.854857999999999832e-05 2.854857999999999832e-05 2.854857999999999832e-05 2.854857999999999832e-05 2.854857999999999832e-05 2.854857999999999832e-05 2.854857999999999832e-05 2.854857999999999832e-05 2.854857999999999832e-05 2.854857999999999832e-05 2.854857999999999832e-05 2.854857999999999832e-05 2.854857999999999832e-05 2.854857999999999832e-05 2.854857999999999832e-05 2.854857999999999832e-05 2.854857999999999832e-05 2.854857999999999832e-05 2.854857999999999832e-05 2.854857999999999832e-05
2.854857999999999832e-05 2.854857999999999832e-05 2.854857999999999832e-05 2.854857999999999832e-05 2.854857999999999832e-05 2.854857999999999832e-05 2.854857999999999832e-05 2.854857999999999832e-05 2.854857999999999832e-05 2.854857999999999832e-05 2.854857999999999832e-05 2.854857999999999832e-05 2.854857999999999832e-05 2.854857999999999832e-05 2.854857999999999832e-05 2.854857999999999832e-05 2.854857999999999832e-05 2.854857999999999832e-05 2.854857999999999832e-05 2.854857999999999832e-05
2.854857999999999832e-05 2.854857999999999832e-05 2.854857999999999832e-05 2.854857999999999832e-05 2.854857999999999832e-05 2.854857999999999832e-05 2.854857999999999832e-05 2.854857999999999832e-05 2.854857999999999832e-05 2.854857999999999832e-05 2.854857999999999832e-05 2.854857999999999832e-05 2.854857999999999832e-05 2.854857999999999832e-05 2.854857999999999832e-05 2.854857999999999832e-05 2.854857999999999832e-05 2.854857999999999832e-05 2.854857999999999832e-05 2.854857999999999832e-05
2.854857999999999832e-05 2.854857999999999832e-05 2.854857999999999832e-05 2.854857999999999832e-05 2.854857999999999832e-05 2.854857999999999832e-05 2.854857999999999832e-05 2.854857999999999832e-05 2.854857999999999832e-05 2.854857999999999832e-05 2.854857999999999832e-05 2.854857999999999832e-05 2.854857999999999832e-05 2.854857999999999832e-05 2.854857999999999832e-05 2.854857999999999832e-05 2.854857999999999832e-05 2.854857999999999832e-05 2.854857999999999832e-05 2.854857999999999832e-05
2.854857999999999832e-05 2.854857999999999832e-05 2.854857999999999832e-05 2.854857999999999832e-05 2.854857999999999832e-05 2.854857999999999832e-05 2.854857999999999832e-05 2.854857999999999832e-05 2.854857999999999832e-05 2.854857999999999832e-05 2.854857999999999832e-05 2.854857999999999832e-05 2.854857999999999832e-05 2.854857999999999832e-05 2.854857999999999832e-05 2.854857999999999832e-05 2.854857999999999832e-05 2.854857999999999832e-05 2.854857999999999832e-05 2.854857999999999832e-05
2.854857999999999832e-05 2.854857999999999832e-05 2.854857999999999832e-05 2.854857999999999832e-05 2.854857999999999832e-05 2.854857999999999832e-05 2.854857999999999832e-05 2.854857999999999832e-05 2.854857999999999832e-05 2.854857999999999832e-05 2.854857999999999832e-05 2.854857999999999832e-05 2.854857999999999832e-05 2.854857999999999832e-05 2.854857999999999832e-05 2.854857999999999832e-05 2.854857999999999832e-05 2.854857999999999832e-05 2.854857999999999832e-05 2.854857999999999832e-05
2.854857999999999832e-05 2.854857999999999832e-05 2.854857999999999832e-05 2.854857999999999832e-05 2.854857999999999832e-05 2.854857999999999832e-05 2.854857999999999832e-05 2.854857999999999832e-05 2.854857999999999832e-05 2.854857999999999832e-05 2.854857999999999832e-05 2.854857999999999832e-05 2.854857999999999832e-05 2.854857999999999832e-05 2.854857999999999832e-05 2.854857999999999832e-05 2.854857999999999832e-05 2.854857999999999832e-05 2.854857999999999832e-05 2.854857999999999832e-05
2.854857999999999832e-05 2.854857999999999832e-05 2.854857999999999832e-05 2.854857999999999832e-05 2.854857999999999832e-05 2.854857999999999832e-05 2.854857999999999832e-05 2.854857999999999832e-05 2.854857999999999832e-05 2.854857999999999832e-05 2.854857999999999832e-05 2.854857999999999832e-05 2.854857999999999832e-05 2.854857999999999832e-05 2.854857999999999832e-05 2.854857999999999832e-05 2.854857999999999832e-05 2.854857999999999832e-05 2.854857999999999832e-05 2.854857999999999832e-05
2.854857999999999832e-05 2.854857999999999832e-05 2.854857999999999832e-05 2.854857999999999832e-05 2.854857999999999832e-05 2.854857999999999832e-05 2.854857999999999832e-05 2.854857999999999832e-05 2.854857999999999832e-05 2.854857999999999832e-05 2.854857999999999832e-05 2.854857999999999832e-05 2.854857999999999832e-05 2.854857999999999832e-05 2.854857999999999832e-05 2.854857999999999832e-05 2.854857999999999832e-05 2.854857999999999832e-05 2.854857999999999832e-05 2.854857999999999832e-05
2.854857999999999832e-05 2.854857999999999832e-05 2.854857999999999832e-05 2.854857999999999832e-05 2.854857999999999832e-05 2.854857999999999832e-05 2.854857999999999832e-05 2.854857999999999832e-05 2.854857999999999832e-05 2.854857999999999832e-05 2.854857999999999832e-05 2.854857999999999832e-05 2.854857999999999832e-05 2.854857999999999832e-05 2.854857999999999832e-05 2.854857999999999832e-05 2.854857999999999832e-05 2.854857999999999832e-05 2.854857999999999832e-05 2.854857999999999832e-05
2.854857999999999832e-05 2.854857999999999832e-05 2.854857999999999832e-05 2.854857999999999832e-05 2.854857999999999832e-05 2.854857999999999832e-05 2.854857999999999832e-05 2.854857999999999832e-05 2.854857999999999832e-05 2.854857999999999832e-05 2.854857999999999832e-05 2.854857999999999832e-05 2.854857999999999832e-05 2.854857999999999832e-05 2.854857999999999832e-05 2.854857999999999832e-05 2.854857999999999832e-05 2.854857999999999832e-05 2.854857999999999832e-05 2.854857999999999832e-05
2.854857999999999832e-05 2.854857999999999832e-05 2.854857999999999832e-05 2.854857999999999832e-05 2.854857999999999832e-05 2.854857999999999832e-05 2.854857999999999832e-05 2.854857999999999832e-05 2.854857999999999832e-05 2.854857999999999832e-05 2.854857999999999832e-05 2.854857999999999832e-05 2.854857999999999832e-05 2.854857999999999832e-05 2.854857999999999832e-05 2.854857999999999832e-05 2.854857999999999832e-05 2.854857999999999832e-05 2.854857999999999832e-05 2.854857999999999832e-05
2.854857999999999832e-05 2.854857999999999832e-05 2.854857999999999832e-05 2.854857999999999832e-05 2.854857999999999832e-05 2.854857999999999832e-05 2.854857999999999832e-05 2.854857999999999832e-05 2.854857999999999832e-05 2.854857999999999832e-05 2.854857999999999832e-05 2.854857999999999832e-05 2.854857999999999832e-05 2.854857999999999832e-05 2.854857999999999832e-05 2.854857999999999832e-05 2.854857999999999832e-05 2.854857999999999832e-05 2.854857999999999832e-05 2.854857999999999832e-05
2.854857999999999832e-05 2.854857999999999832e-05 2.854857999999999832e-05 2.854857999999999832e-05 2.854857999999999832e-05 2.854857999999999832e-05 2.854857999999999832e-05 2.854857999999999832e-05 2.854857999999999832e-05 2.854857999999999832e-05 2.854857999999999832e-05 2.854857999999999832e-05 2.854857999999999832e-05 2.854857999999999832e-05 2.854857999999999832e-05 2.854857999999999832e-05 2.854857999999999832e-05 2.854857999999999832e-05 2.854857999999999832e-05 2.854857999999999832e-05
2.854857999999999832e-05 2.854857999999999832e-05 2.854857999999999832e-05 2.854857999999999832e-05 2.854857999999999832e-05 2.854857999999999832e-05 2.854857999999999832e-05 2.854857999999999832e-05 2.854857999999999832e-05 2.854857999999999832e-05 2.854857999999999832e-05 2.854857999999999832e-05 2.854857999999999832e-05 2.854857999999999832e-05 2.854857999999999832e-05 2.854857999999999832e-05 2.854857999999999832e-05 2.854857999999999832e-05 2.854857999999999832e-05 2.854857999999999832e-05
2.854857999999999832e-05 2.854857999999999832e-05 2.854857999999999832e-05 2.854857999999999832e-05 2.854857999999999832e-05 2.854857999999999832e-05 2.854857999999999832e-05 2.854857999999999832e-05 2.854857999999999832e-05 2.854857999999999832e-05 2.854857999999999832e-05 2.854857999999999832e-05 2.854857999999999832e-05 2.854857999999999832e-05 2.854857999999999832e-05 2.854857999999999832e-05 2.854857999999999832e-05 2.854857999999999832e-05 2.854857999999999832e-05 2.854857999999999832e-05
2.854857999999999832e-05 2.854857999999999832e-05 2.854857999999999832e-05 2.854857999999999832e-05 2.854857999999999832e-05 2.854857999999999832e-05 2.854857999999999832e-05 2.854857999999999832e-05 2.854857999999999832e-05 2.854857999999999832e-05 2.854857999999999832e-05 2.854857999999999832e-05 2.854857999999999832e-05 2.854857999999999832e-05 2.854857999999999832e-05 2.854857999999999832e-05 2.854857999999999832e-05 2.854857999999999832e-05 2.854857999999999832e-05 2.854857999999999832e-05
2.854857999999999832e-05 2.854857999999999832e-05 2.854857999999999832e-05 2.854857999999999832e-05 2.854857999999999832e-05 2.854857999999999832e-05 2.854857999999999832e-05 2.854857999999999832e-05 2.854857999999999832e-05 2.854857999999999832e-05 2.854857999999999832e-05 2.854857999999999832e-05 2.854857999999999832e-05 2.854857999999999832e-05 2.854857999999999832e-05 2.854857999999999832e-05 2.854857999999999832e-05 2.854857999999999832e-05 2.854857999999999832e-05 2.854857999999999832e-05
2.854857999999999832e-05 2.854857999999999832e-05 2.854857999999999832e-05 2.854857999999999832e-05 2.854857999999999832e-05 2.854857999999999832e-05 2.854857999999999832e-05 2.854857999999999832e-05 2.854857999999999832e-05 2.854857999999999832e-05 2.854857999999999832e-05 2.854857999999999832e-05 2.854857999999999832e-05 2.854857999999999832e-05 2.854857999999999832e-05 2.854857999999999832e-05 2.854857999999999832e-05 2.854857999999999832e-05 2.854857999999999832e-05 2.854857999999999832e-05
2.854857999999999832e-05 2.854857999999999832e-05 2.854857999999999832e-05 2.854857999999999832e-05 2.854857999999999832e-05 2.854857999999999832e-05 2.854857999999999832e-05 2.854857999999999832e-05 2.854857999999999832e-05 2.854857999999999832e-05 2.854857999999999832e-05 2.854857999999999832e-05 2.854857999999999832e-05 2.854857999999999832e-05 2.854857999999999832e-05 2.854857999999999832e-05 2.854857999999999832e-05 2.854857999999999832e-05 2.854857999999999832e-05 2.854857999999999832e-05
2.854857999999999832e-05 2.854857999999999832e-05 2.854857999999999832e-05 2.854857999999999832e-05 2.854857999999999832e-05 2.854857999999999832e-05 2.854857999999999832e-05 2.854857999999999832e-05 2.854857999999999832e-05 2.854857999999999832e-05 2.854857999999999832e-05 2.854857999999999832e-05 2.854857999999999832e-05 2.854857999999999832e-05 2.854857999999999832e-05 2.854857999999999832e-05 2.854857999999999832e-05 2.854857999999999832e-05 2.854857999999999832e-05 2.854857999999999832e-05
