1 1 1 47 83.33334 5.0 5e-05 34.0 1.0 0.22353016023725428 0.03 1 1.0 0 headwater
2 1 2 47 83.33334 5.0 5e-05 33.9958 1.0 0.24457792773387765 0.03 2 1.0 0 headwater
3 1 3 47 83.33334 5.0 5e-05 33.9916 1.0 0.16189652347547234 0.03 2 1.0 0 headwater
4 1 4 47 83.33334 5.0 5e-05 33.9874 1.0 0.1781737065633371 0.03 2 1.0 0 headwater
5 1 5 47 83.33334 5.0 5e-05 33.98319 1.0 0.24520592705786481 0.03 2 1.0 0 headwater
6 1 6 47 83.33334 5.0 5e-05 33.97899 1.0 0.2742158104497086 0.03 2 1.0 0 headwater
7 1 7 47 83.33334 5.0 5e-05 33.97479 1.0 0.28869940620095313 0.03 2 1.0 0 headwater
8 1 8 47 83.33334 5.0 5e-05 33.97059 1.0 0.2663872905990404 0.03 2 1.0 0 headwater
9 1 9 47 83.33334 5.0 5e-05 33.96638 1.0 0.2333467340248576 0.03 2 1.0 0 headwater
10 1 10 47 83.33334 5.0 5e-05 33.96218 1.0 0.21339426583093174 0.03 2 1.0 0 headwater
11 1 11 47 83.33334 5.0 5e-05 33.95798 1.0 0.19139192197342275 0.03 2 1.0 0 headwater
12 1 12 47 83.33334 5.0 5e-05 33.95378 1.0 0.27539901306122394 0.03 2 1.0 0 headwater
13 1 13 47 83.33334 5.0 5e-05 33.94958 1.0 0.35895386881676916 0.03 2 1.0 0 headwater
14 1 14 47 83.33334 5.0 5e-05 33.94538 1.0 0.25208469844244 0.03 2 1.0 0 headwater
15 1 15 47 83.33334 5.0 5e-05 33.94118 1.0 0.17858253572569135 0.03 2 1.0 0 headwater
16 1 16 47 83.33334 5.0 5e-05 33.93697 1.0 0.11563268875318171 0.03 2 1.0 0 headwater
17 1 17 47 83.33334 5.0 5e-05 33.93277 1.0 0.16736080931808586 0.03 2 1.0 0 headwater
18 1 18 47 83.33334 5.0 5e-05 33.92857 1.0 0.21941281966318832 0.03 2 1.0 0 headwater
19 1 19 47 83.33334 5.0 5e-05 33.92437 1.0 0.18358308226480446 0.03 2 1.0 0 headwater
20 1 20 47 83.33334 5.0 5e-05 33.92017 1.0 0.13000419060234317 0.03 2 1.0 0 headwater
21 1 21 47 83.33334 5.0 5e-05 33.91597 1.0 0.14550646125022693 0.03 2 1.0 0 headwater
22 1 22 47 83.33334 5.0 5e-05 33.91177 1.0 0.26262586316151565 0.03 2 1.0 0 headwater
23 1 23 47 83.33334 5.0 5e-05 33.90756 1.0 0.33146760085252874 0.03 2 1.0 0 headwater
24 1 24 47 83.33334 5.0 5e-05 33.90336 1.0 0.567245806568079 0.03 2 1.0 0 headwater
25 1 25 47 83.33334 5.0 5e-05 33.89916 1.0 0.39856923901637686 0.03 2 1.0 0 headwater
26 1 26 47 83.33334 5.0 5e-05 33.89496 1.0 0.40916323177981206 0.03 2 1.0 0 headwater
27 1 27 47 83.33334 5.0 5e-05 33.89075 1.0 0.5175413951273585 0.03 2 1.0 0 headwater
28 1 28 47 83.33334 5.0 5e-05 33.88655 1.0 0.3128584204716998 0.03 2 1.0 0 headwater
29 1 29 47 83.33334 5.0 5e-05 33.88235 1.0 0.36931056856637406 0.03 2 1.0 0 headwater
30 1 30 47 83.33334 5.0 5e-05 33.87815 1.0 0.46962475985341084 0.03 2 1.0 0 headwater
31 1 31 47 83.33334 5.0 5e-05 33.87395 1.0 0.35624379640524495 0.03 2 1.0 0 headwater
32 1 32 47 83.33334 5.0 5e-05 33.86975 1.0 0.24852982588450548 0.03 2 1.0 0 headwater
33 1 33 47 83.33334 5.0 5e-05 33.86555 1.0 0.32632860660520274 0.03 2 1.0 0 headwater
34 1 34 47 83.33334 5.0 5e-05 33.86134 1.0 0.8037997052305891 0.03 2 1.0 0 headwater
35 1 35 47 83.33334 5.0 5e-05 33.85714 1.0 0.876008774055068 0.03 2 1.0 0 headwater
36 1 36 47 83.33334 5.0 5e-05 33.85294 1.0 0.6629539415782237 0.03 2 1.0 0 headwater
37 1 37 47 83.33334 5.0 5e-05 33.84874 1.0 0.7783954236830815 0.03 2 1.0 0 headwater
38 1 38 47 83.33334 5.0 5e-05 33.84454 1.0 0.46004591140842094 0.03 2 1.0 0 headwater
39 1 39 47 83.33334 5.0 5e-05 33.84034 1.0 0.3886197181536671 0.03 2 1.0 0 headwater
40 1 40 47 83.33334 5.0 5e-05 33.83614 1.0 0.5840266606478434 0.03 2 1.0 0 headwater
41 1 41 47 83.33334 5.0 5e-05 33.83193 1.0 0.6170661374599874 0.03 2 1.0 0 headwater
42 1 42 47 83.33334 5.0 5e-05 33.82773 1.0 0.5051290751417923 0.03 2 1.0 0 headwater
43 1 43 47 83.33334 5.0 5e-05 33.82353 1.0 0.380998815856284 0.03 2 1.0 0 headwater
44 1 44 47 83.33334 5.0 5e-05 33.81933 1.0 0.32736311531694323 0.03 2 1.0 0 headwater
45 1 45 47 83.33334 5.0 5e-05 33.81512 1.0 0.24869121964904828 0.03 2 1.0 0 headwater
46 1 46 47 83.33334 5.0 5e-05 33.81092 1.0 0.2602447400207461 0.03 2 1.0 0 headwater
47 1 47 47 83.33334 5.0 5e-05 33.80672 1.0 0.4327905212475951 0.03 2 1.0 0 headwater
48 1 48 47 83.33334 5.0 5e-05 33.80252 1.0 0.5840532560168171 0.03 2 1.0 0 headwater
49 1 49 47 83.33334 5.0 5e-05 33.79832 1.0 0.5815898826087945 0.03 2 1.0 0 headwater
50 1 50 47 83.33334 5.0 5e-05 33.79412 1.0 0.6801133219762446 0.03 2 1.0 0 headwater
51 1 51 47 83.33334 5.0 5e-05 33.78992 1.0 0.530083435756011 0.03 2 1.0 0 headwater
52 1 52 47 83.33334 5.0 5e-05 33.78571 1.0 0.5055619362439546 0.03 2 1.0 0 headwater
53 1 53 47 83.33334 5.0 5e-05 33.78151 1.0 0.31916888553670175 0.03 2 1.0 0 headwater
54 1 54 47 83.33334 5.0 5e-05 33.77731 1.0 0.31791921596592393 0.03 2 1.0 0 headwater
55 1 55 47 83.33334 5.0 5e-05 33.77311 1.0 0.49204114564391604 0.03 2 1.0 0 headwater
56 1 56 47 83.33334 5.0 5e-05 33.76891 1.0 0.47485215817895793 0.03 2 1.0 0 headwater
57 1 57 47 83.33334 5.0 5e-05 33.76471 1.0 0.381695157147495 0.03 2 1.0 0 headwater
58 1 58 47 83.33334 5.0 5e-05 33.76051 1.0 0.3031919990581632 0.03 2 1.0 0 headwater
59 1 59 47 83.33334 5.0 5e-05 33.7563 1.0 0.35717370394103426 0.03 2 1.0 0 headwater
60 1 60 47 83.33334 5.0 5e-05 33.7521 1.0 0.2945999397382905 0.03 2 1.0 0 headwater
61 1 61 47 83.33334 5.0 5e-05 33.7479 1.0 0.22797995373781532 0.03 2 1.0 0 headwater
62 1 62 47 83.33334 5.0 5e-05 33.7437 1.0 0.23761678469029815 0.03 2 1.0 0 tailwater
63 1 63 47 83.33334 5.0 5e-05 33.73949 1.0 0.2737583911191224 0.03 2 1.0 0 tailwater
64 1 64 47 83.33334 5.0 5e-05 33.73529 1.0 0.23250351141044595 0.03 2 1.0 0 tailwater
65 1 65 47 83.33334 5.0 5e-05 33.73109 1.0 0.2499568103058221 0.03 2 1.0 0 tailwater
66 1 66 47 83.33334 5.0 5e-05 33.72689 1.0 0.16354120667376756 0.03 2 1.0 0 tailwater
67 1 67 47 83.33334 5.0 5e-05 33.72269 1.0 0.12200923989233052 0.03 2 1.0 0 tailwater
68 1 68 47 83.33334 5.0 5e-05 33.71849 1.0 0.1798091096728021 0.03 2 1.0 0 tailwater
69 1 69 47 83.33334 5.0 5e-05 33.71429 1.0 0.1733997072728073 0.03 2 1.0 0 tailwater
70 1 70 47 83.33334 5.0 5e-05 33.71008 1.0 0.2369135807341139 0.03 2 1.0 0 tailwater
71 1 71 47 83.33334 5.0 5e-05 33.70588 1.0 0.22411803392320254 0.03 2 1.0 0 tailwater
72 1 72 47 83.33334 5.0 5e-05 33.70168 1.0 0.23353723514721927 0.03 2 1.0 0 tailwater
73 1 73 47 83.33334 5.0 5e-05 33.69748 1.0 0.4175686063763822 0.03 2 1.0 0 tailwater
74 1 74 47 83.33334 5.0 5e-05 33.69328 1.0 0.8064782404227177 0.03 2 1.0 0 tailwater
75 1 75 47 83.33334 5.0 5e-05 33.68908 1.0 0.9493102682738115 0.03 2 1.0 0 tailwater
76 1 76 47 83.33334 5.0 5e-05 33.68488 1.0 0.8666391156192228 0.03 2 1.0 0 tailwater
77 1 77 47 83.33334 5.0 5e-05 33.68067 1.0 1.0451951187093742 0.03 2 1.0 0 tailwater
78 1 78 47 83.33334 5.0 5e-05 33.67647 1.0 0.7542717006431465 0.03 2 1.0 0 tailwater
79 1 79 47 83.33334 5.0 5e-05 33.67227 1.0 1.0328858683333089 0.03 2 1.0 0 tailwater
80 1 80 47 83.33334 5.0 5e-05 33.66807 1.0 0.8388380990225188 0.03 2 1.0 0 tailwater
81 1 81 47 83.33334 5.0 5e-05 33.66386 1.0 0.9366309700177925 0.03 2 1.0 0 tailwater
82 1 82 47 83.33334 5.0 5e-05 33.65966 1.0 0.7763885210934266 0.03 2 1.0 0 tailwater
83 1 83 47 83.33334 5.0 5e-05 33.65546 1.0 0.3691474730737038 0.03 2 1.0 0 tailwater
84 1 84 47 83.33334 5.0 5e-05 33.65126 1.0 0.6565350876545897 0.03 2 1.0 0 tailwater
85 1 85 47 83.33334 5.0 5e-05 33.64706 1.0 0.5790027944847715 0.03 2 1.0 0 tailwater
86 1 86 47 83.33334 5.0 5e-05 33.64286 1.0 0.580507148096426 0.03 2 1.0 0 tailwater
87 1 87 47 83.33334 5.0 5e-05 33.63866 1.0 0.594199914102735 0.03 2 1.0 0 tailwater
88 1 88 47 83.33334 5.0 5e-05 33.63445 1.0 0.48391420340014535 0.03 2 1.0 0 tailwater
89 1 89 47 83.33334 5.0 5e-05 33.63025 1.0 0.5285640514899527 0.03 2 1.0 0 tailwater
90 1 90 47 83.33334 5.0 5e-05 33.62605 1.0 0.3777908913345856 0.03 2 1.0 0 tailwater
91 1 91 47 83.33334 5.0 5e-05 33.62185 1.0 0.4942069908657253 0.03 2 1.0 0 tailwater
92 1 92 47 83.33334 5.0 5e-05 33.61765 1.0 0.5268888162626956 0.03 2 1.0 0 tailwater
93 1 93 47 83.33334 5.0 5e-05 33.61345 1.0 0.3152962878375362 0.03 2 1.0 0 tailwater
94 1 94 47 83.33334 5.0 5e-05 33.60925 1.0 0.3147501765440156 0.03 2 1.0 0 tailwater
95 1 95 47 83.33334 5.0 5e-05 33.60504 1.0 0.34571462803246394 0.03 2 1.0 0 tailwater
96 1 96 47 83.33334 5.0 5e-05 33.60084 1.0 0.3789001072284297 0.03 2 1.0 0 tailwater
97 1 97 47 83.33334 5.0 5e-05 33.59664 1.0 0.246484118976088 0.03 2 1.0 0 tailwater
98 1 98 47 83.33334 5.0 5e-05 33.59244 1.0 0.4615730402518926 0.03 2 1.0 0 tailwater
99 1 99 47 83.33334 5.0 5e-05 33.58823 1.0 0.43152720654659976 0.03 2 1.0 0 tailwater
100 1 100 47 83.33334 5.0 5e-05 33.58403 1.0 0.39428408058977193 0.03 2 1.0 0 tailwater
101 1 101 47 83.33334 5.0 5e-05 33.57983 1.0 0.4136315460655011 0.03 2 1.0 0 tailwater
102 1 102 47 83.33334 5.0 5e-05 33.57563 1.0 0.5389563100920671 0.03 2 1.0 0 tailwater
103 1 103 47 83.33334 5.0 5e-05 33.57143 1.0 0.7677302661042116 0.03 2 1.0 0 tailwater
104 1 104 47 83.33334 5.0 5e-05 33.56723 1.0 0.5845725467535363 0.03 2 1.0 0 tailwater
105 1 105 47 83.33334 5.0 5e-05 33.56303 1.0 0.9676491357937643 0.03 2 1.0 0 tailwater
106 1 106 47 83.33334 5.0 5e-05 33.55882 1.0 0.8804201914333976 0.03 2 1.0 0 tailwater
107 1 107 47 83.33334 5.0 5e-05 33.55462 1.0 1.1084548573965167 0.03 2 1.0 0 tailwater
108 1 108 47 83.33334 5.0 5e-05 33.55042 1.0 0.6643788382442433 0.03 2 1.0 0 tailwater
109 1 109 47 83.33334 5.0 5e-05 33.54622 1.0 0.7974379448043766 0.03 2 1.0 0 tailwater
110 1 110 47 83.33334 5.0 5e-05 33.54202 1.0 0.5342643188683273 0.03 2 1.0 0 tailwater
111 1 111 47 83.33334 5.0 5e-05 33.53782 1.0 0.3804739341153583 0.03 2 1.0 0 tailwater
112 1 112 47 83.33334 5.0 5e-05 33.53362 1.0 0.2756595719370211 0.03 2 1.0 0 tailwater
113 1 113 47 83.33334 5.0 5e-05 33.52941 1.0 0.34814629675435554 0.03 2 1.0 0 tailwater
114 1 114 47 83.33334 5.0 5e-05 33.52521 1.0 0.5968316670393535 0.03 2 1.0 0 tailwater
115 1 115 47 83.33334 5.0 5e-05 33.52101 1.0 1.0739405796062103 0.03 2 1.0 0 tailwater
116 1 116 47 83.33334 5.0 5e-05 33.51681 1.0 1.1415034244045301 0.03 2 1.0 0 tailwater
117 1 117 47 83.33334 5.0 5e-05 33.5126 1.0 0.9070761322188264 0.03 2 1.0 0 tailwater
118 1 118 47 83.33334 5.0 5e-05 33.5084 1.0 0.5537886839977142 0.03 2 1.0 0 tailwater
119 1 119 47 83.33334 5.0 5e-05 33.5042 1.0 0.7515330160504154 0.03 2 1.0 0 tailwater
120 1 120 47 83.33334 5.0 5e-05 33.501 1.0 0.9027924933489783 0.03 1 1.0 0 tailwater
