 pp_0000  208.33335 9791.667449999999 1.0  1.19292276776215855349505545746069401502609252929687500000000000000000000000 
 pp_0001  625.0000500000001 9791.667449999999 1.0  2.10388675085239240658552262175362557172775268554687500000000000000000000000 
 pp_0002  1041.66675 9791.667449999999 1.0  2.830959038093375124134354337002150714397430419921875000000000000000000000000 
 pp_0003  1458.3334499999996 9791.667449999999 1.0  2.199390834573496711357165622757747769355773925781250000000000000000000000000 
 pp_0004  1875.0001499999992 9791.667449999999 1.0  2.160187086554228752532935686758719384670257568359375000000000000000000000000 
 pp_0005  2291.6668499999996 9791.667449999999 1.0  2.320175395754066283160454986500553786754608154296875000000000000000000000000 
 pp_0006  2708.3335500000003 9791.667449999999 1.0  1.148031621792526602021666803921107202768325805664062500000000000000000000000 
 pp_0007  3125.000250000001 9791.667449999999 1.0  1.586339330281151260848560013982933014631271362304687500000000000000000000000 
 pp_0008  3541.6669500000016 9791.667449999999 1.0  0.875910600668560079817837049631634727120399475097656250000000000000000000000 
 pp_0009  3958.3336500000023 9791.667449999999 1.0  1.314524187082844131069236937037203460931777954101562500000000000000000000000 
 pp_0010  4375.000350000003 9791.667449999999 1.0  1.642970142576487768693027646804694086313247680664062500000000000000000000000 
 pp_0011  4791.667050000004 9791.667449999999 1.0  1.224734445933664650496552894765045493841171264648437500000000000000000000000 
 pp_0012  208.33335 9375.00075 1.0  1.00965620347633366904460672230925410985946655273437500000000000000000000000 
 pp_0013  625.0000500000001 9375.00075 1.0  2.48664217015353816719880342134274542331695556640625000000000000000000000000 
 pp_0014  1041.66675 9375.00075 1.0  1.760107479007867459230851636675652116537094116210937500000000000000000000000 
 pp_0015  1458.3334499999996 9375.00075 1.0  3.532623960092305281932567595504224300384521484375000000000000000000000000000 
 pp_0016  1875.0001499999992 9375.00075 1.0  3.022481424274683359243454106035642325878143310546875000000000000000000000000 
 pp_0017  2291.6668499999996 9375.00075 1.0  3.168140199850782323665043804794549942016601562500000000000000000000000000000 
 pp_0018  2708.3335500000003 9375.00075 1.0  2.794171116884370142940952064236626029014587402343750000000000000000000000000 
 pp_0019  3125.000250000001 9375.00075 1.0  1.951140835423015529315193816728424280881881713867187500000000000000000000000 
 pp_0020  3541.6669500000016 9375.00075 1.0  3.362733285904170088542741723358631134033203125000000000000000000000000000000 
 pp_0021  3958.3336500000023 9375.00075 1.0  2.371003650572930165907337141106836497783660888671875000000000000000000000000 
 pp_0022  4375.000350000003 9375.00075 1.0  1.701372815682723249608443438773974776268005371093750000000000000000000000000 
 pp_0023  4791.667050000004 9375.00075 1.0  1.909859044266051908422809901821892708539962768554687500000000000000000000000 
 pp_0024  208.33335 8958.33405 1.0  1.417193427615681233788791359984315931797027587890625000000000000000000000000 
 pp_0025  625.0000500000001 8958.33405 1.0  3.392434381448563129879403277300298213958740234375000000000000000000000000000 
 pp_0026  1041.66675 8958.33405 1.0  2.2146789831060997855161076586227864027023315429687500000000000000000000000000 
 pp_0027  1458.3334499999996 8958.33405 1.0  3.9303500144779759395419205247890204191207885742187500000000000000000000000000 
 pp_0028  1875.0001499999992 8958.33405 1.0  3.4930369282418376464249831769848242402076721191406250000000000000000000000000 
 pp_0029  2291.6668499999996 8958.33405 1.0  4.0770647802130106640561280073598027229309082031250000000000000000000000000000 
 pp_0030  2708.3335500000003 8958.33405 1.0  4.4879792922619508033221791265532374382019042968750000000000000000000000000000 
 pp_0031  3125.000250000001 8958.33405 1.0  2.2491668878944612863790553092258051037788391113281250000000000000000000000000 
 pp_0032  3541.6669500000016 8958.33405 1.0  2.2574568412449171894706978491740301251411437988281250000000000000000000000000 
 pp_0033  3958.3336500000023 8958.33405 1.0  1.5809357830734322991617091247462667524814605712890625000000000000000000000000 
 pp_0034  4375.000350000003 8958.33405 1.0  1.4880106205283210041301344972453080117702484130859375000000000000000000000000 
 pp_0035  4791.667050000004 8958.33405 1.0  1.1140312179838347539373444305965676903724670410156250000000000000000000000000 
 pp_0036  208.33335 8541.66735 1.0  0.712490251786511596954198921594070270657539367675781250000000000000000000000 
 pp_0037  625.0000500000001 8541.66735 1.0  1.285823141692678417413731040142010897397994995117187500000000000000000000000 
 pp_0038  1041.66675 8541.66735 1.0  1.2825229359311662857834335227380506694316864013671875000000000000000000000000 
 pp_0039  1458.3334499999996 8541.66735 1.0  3.4047164540530601151147038763156160712242126464843750000000000000000000000000 
 pp_0040  1875.0001499999992 8541.66735 1.0  1.7007631664723397157956696901237592101097106933593750000000000000000000000000 
 pp_0041  2291.6668499999996 8541.66735 1.0  1.5093802202866475337117435628897510468959808349609375000000000000000000000000 
 pp_0042  2708.3335500000003 8541.66735 1.0  1.5459554014741367922169956727884709835052490234375000000000000000000000000000 
 pp_0043  3125.000250000001 8541.66735 1.0  1.9482099059774040661352501047076657414436340332031250000000000000000000000000 
 pp_0044  3541.6669500000016 8541.66735 1.0  2.2543472625784217733269088057568296790122985839843750000000000000000000000000 
 pp_0045  3958.3336500000023 8541.66735 1.0  3.2073344323136367961524229031056165695190429687500000000000000000000000000000 
 pp_0046  4375.000350000003 8541.66735 1.0  2.0045931429187580086193065653787925839424133300781250000000000000000000000000 
 pp_0047  4791.667050000004 8541.66735 1.0  1.2954492506923687145103940565604716539382934570312500000000000000000000000000 
 pp_0048  208.33335 8125.000650000001 1.0  0.476844232387559074926031144059379585087299346923828125000000000000000000000 
 pp_0049  625.0000500000001 8125.000650000001 1.0  0.854307159867012777532124800927704200148582458496093750000000000000000000000 
 pp_0050  1041.66675 8125.000650000001 1.0  0.7852224141859623918193733516091015189886093139648437500000000000000000000000 
 pp_0051  1458.3334499999996 8125.000650000001 1.0  1.9804229784493456723026838517398573458194732666015625000000000000000000000000 
 pp_0052  1875.0001499999992 8125.000650000001 1.0  2.2206280576189629805128333828179165720939636230468750000000000000000000000000 
 pp_0053  2291.6668499999996 8125.000650000001 1.0  1.6782597597413326795390275947283953428268432617187500000000000000000000000000 
 pp_0054  2708.3335500000003 8125.000650000001 1.0  0.8222320871498021155332480702782049775123596191406250000000000000000000000000 
 pp_0055  3125.000250000001 8125.000650000001 1.0  1.4869250649507825823292250788654200732707977294921875000000000000000000000000 
 pp_0056  3541.6669500000016 8125.000650000001 1.0  2.9295542648324683909777377266436815261840820312500000000000000000000000000000 
 pp_0057  3958.3336500000023 8125.000650000001 1.0  1.3816285298839023898409550383803434669971466064453125000000000000000000000000 
 pp_0058  4375.000350000003 8125.000650000001 1.0  1.9973224038540091651583452403428964316844940185546875000000000000000000000000 
 pp_0059  4791.667050000004 8125.000650000001 1.0  0.9731595980144734925332272723608184605836868286132812500000000000000000000000 
 pp_0060  208.33335 7708.33395 1.0  0.569862559409470503801742324867518618702888488769531250000000000000000000000 
 pp_0061  625.0000500000001 7708.33395 1.0  0.561919541323800397769616665755165740847587585449218750000000000000000000000 
 pp_0062  2291.6668499999996 7708.33395 1.0  1.6570915352902506612053912249393761157989501953125000000000000000000000000000 
 pp_0063  2708.3335500000003 7708.33395 1.0  1.1755597440777580953152892107027582824230194091796875000000000000000000000000 
 pp_0064  3125.000250000001 7708.33395 1.0  1.1890127739072209323012430104427039623260498046875000000000000000000000000000 
 pp_0065  3541.6669500000016 7708.33395 1.0  1.4834015595757332750537216270458884537220001220703125000000000000000000000000 
 pp_0066  3958.3336500000023 7708.33395 1.0  1.4340369427671544322322461084695532917976379394531250000000000000000000000000 
 pp_0067  4375.000350000003 7708.33395 1.0  1.0535009173485356814836677585844881832599639892578125000000000000000000000000 
 pp_0068  4791.667050000004 7708.33395 1.0  0.7839787868013090577079537979443557560443878173828125000000000000000000000000 
 pp_0069  208.33335 7291.6672499999995 1.0  0.874835788973792882750046828732592985033988952636718750000000000000000000000 
 pp_0070  625.0000500000001 7291.6672499999995 1.0  0.974154238933215399498521946952678263187408447265625000000000000000000000000 
 pp_0071  2291.6668499999996 7291.6672499999995 1.0  1.2692780144631830019363860628800466656684875488281250000000000000000000000000 
 pp_0072  2708.3335500000003 7291.6672499999995 1.0  0.7424429690671523474065907066687941551208496093750000000000000000000000000000 
 pp_0073  3125.000250000001 7291.6672499999995 1.0  1.4668711634899656015562641186988912522792816162109375000000000000000000000000 
 pp_0074  3541.6669500000016 7291.6672499999995 1.0  1.4463492123940095979151010396890342235565185546875000000000000000000000000000 
 pp_0075  3958.3336500000023 7291.6672499999995 1.0  2.3583034745561572975702802068553864955902099609375000000000000000000000000000 
 pp_0076  4375.000350000003 7291.6672499999995 1.0  1.1546222590422892118056097388034686446189880371093750000000000000000000000000 
 pp_0077  4791.667050000004 7291.6672499999995 1.0  0.4854028855756252203157430358260171487927436828613281250000000000000000000000 
 pp_0078  208.33335 6875.000549999999 1.0  1.301372818007419551733505613810848444700241088867187500000000000000000000000 
 pp_0079  625.0000500000001 6875.000549999999 1.0  0.961557427681260290519560385291697457432746887207031250000000000000000000000 
 pp_0080  2291.6668499999996 6875.000549999999 1.0  0.9051167070849601703486086989869363605976104736328125000000000000000000000000 
 pp_0081  2708.3335500000003 6875.000549999999 1.0  0.9250710582068447651593601221975404769182205200195312500000000000000000000000 
 pp_0082  3125.000250000001 6875.000549999999 1.0  1.2774283778183019855134716635802760720252990722656250000000000000000000000000 
 pp_0083  3541.6669500000016 6875.000549999999 1.0  0.6325368984929921056803436840709764510393142700195312500000000000000000000000 
 pp_0084  3958.3336500000023 6875.000549999999 1.0  0.8687192019134317710893355979351326823234558105468750000000000000000000000000 
 pp_0085  4375.000350000003 6875.000549999999 1.0  0.9888345065748868067956323102407623082399368286132812500000000000000000000000 
 pp_0086  4791.667050000004 6875.000549999999 1.0  1.3207569167770787377236274551250971853733062744140625000000000000000000000000 
 pp_0087  208.33335 6458.333849999998 1.0  1.168717845663046261961426353082060813903808593750000000000000000000000000000 
 pp_0088  625.0000500000001 6458.333849999998 1.0  1.165412488591515360880634943896438926458358764648437500000000000000000000000 
 pp_0089  2291.6668499999996 6458.333849999998 1.0  1.0812810797833463105632745282491669058799743652343750000000000000000000000000 
 pp_0090  2708.3335500000003 6458.333849999998 1.0  1.5914203720987243340090344645432196557521820068359375000000000000000000000000 
 pp_0091  3125.000250000001 6458.333849999998 1.0  2.1102577399488740006461284792749211192131042480468750000000000000000000000000 
 pp_0092  3541.6669500000016 6458.333849999998 1.0  2.5303559591027786623840256652329117059707641601562500000000000000000000000000 
 pp_0093  3958.3336500000023 6458.333849999998 1.0  1.6847067849634818070825303948367945849895477294921875000000000000000000000000 
 pp_0094  4375.000350000003 6458.333849999998 1.0  1.2855618618010853371202983908005990087985992431640625000000000000000000000000 
 pp_0095  4791.667050000004 6458.333849999998 1.0  0.8032882842507369502982328413054347038269042968750000000000000000000000000000 
 pp_0096  208.33335 6041.6671499999975 1.0  1.078463771492814693431228079134598374366760253906250000000000000000000000000 
 pp_0097  625.0000500000001 6041.6671499999975 1.0  0.816903985185985503925110151612898334860801696777343750000000000000000000000 
 pp_0098  2291.6668499999996 6041.6671499999975 1.0  0.8187420726376243296229517909523565322160720825195312500000000000000000000000 
 pp_0099  2708.3335500000003 6041.6671499999975 1.0  1.5905695507166208724214584435685537755489349365234375000000000000000000000000 
 pp_0100  3125.000250000001 6041.6671499999975 1.0  1.6888376182114839263448402562062256038188934326171875000000000000000000000000 
 pp_0101  3541.6669500000016 6041.6671499999975 1.0  1.4140530174332599511188846008735708892345428466796875000000000000000000000000 
 pp_0102  3958.3336500000023 6041.6671499999975 1.0  2.2740370447232431949657893710536882281303405761718750000000000000000000000000 
 pp_0103  4375.000350000003 6041.6671499999975 1.0  0.9832914010092277390384651880594901740550994873046875000000000000000000000000 
 pp_0104  4791.667050000004 6041.6671499999975 1.0  0.4768125279421330242612953043135348707437515258789062500000000000000000000000 
 pp_0105  208.33335 5625.000449999997 1.0  2.538411712544487830456318988581188023090362548828125000000000000000000000000 
 pp_0106  625.0000500000001 5625.000449999997 1.0  0.992571682057013959799007807305315509438514709472656250000000000000000000000 
 pp_0107  2291.6668499999996 5625.000449999997 1.0  1.3608964214266898729022159386659041047096252441406250000000000000000000000000 
 pp_0108  2708.3335500000003 5625.000449999997 1.0  2.3641317006434459102592882118187844753265380859375000000000000000000000000000 
 pp_0109  3125.000250000001 5625.000449999997 1.0  1.1360589772281557419120190388639457523822784423828125000000000000000000000000 
 pp_0110  3541.6669500000016 5625.000449999997 1.0  1.0423050869929488815301965587423183023929595947265625000000000000000000000000 
 pp_0111  3958.3336500000023 5625.000449999997 1.0  2.7378469578800910255722556030377745628356933593750000000000000000000000000000 
 pp_0112  4375.000350000003 5625.000449999997 1.0  0.7491414267159210993440865422599017620086669921875000000000000000000000000000 
 pp_0113  4791.667050000004 5625.000449999997 1.0  0.4787122293919789384197827075695386156439781188964843750000000000000000000000 
 pp_0114  208.33335 5208.333749999996 1.0  1.356683694822878205599181455909274518489837646484375000000000000000000000000 
 pp_0115  625.0000500000001 5208.333749999996 1.0  1.373297046929980780305413645692169666290283203125000000000000000000000000000 
 pp_0116  2291.6668499999996 5208.333749999996 1.0  1.0808062964088411828100788625306449830532073974609375000000000000000000000000 
 pp_0117  2708.3335500000003 5208.333749999996 1.0  1.6734511338937587687780705891782417893409729003906250000000000000000000000000 
 pp_0118  3125.000250000001 5208.333749999996 1.0  1.7663875107852069490377289184834808111190795898437500000000000000000000000000 
 pp_0119  3541.6669500000016 5208.333749999996 1.0  2.9872417086466285240931028965860605239868164062500000000000000000000000000000 
 pp_0120  3958.3336500000023 5208.333749999996 1.0  1.8630239240320074500800728856120258569717407226562500000000000000000000000000 
 pp_0121  4375.000350000003 5208.333749999996 1.0  1.0009190724861192212102878329460509121417999267578125000000000000000000000000 
 pp_0122  4791.667050000004 5208.333749999996 1.0  0.8763909822956181816522303051897324621677398681640625000000000000000000000000 
 pp_0123  208.33335 4791.6670499999955 1.0  1.190955261783376961659541848348453640937805175781250000000000000000000000000 
 pp_0124  625.0000500000001 4791.6670499999955 1.0  1.745227579711420728969528681773226708173751831054687500000000000000000000000 
 pp_0125  2291.6668499999996 4791.6670499999955 1.0  0.7600993869048905393626114346261601895093917846679687500000000000000000000000 
 pp_0126  2708.3335500000003 4791.6670499999955 1.0  0.7472225416898305994095608184579759836196899414062500000000000000000000000000 
 pp_0127  3125.000250000001 4791.6670499999955 1.0  1.5062495829224085142072908638510853052139282226562500000000000000000000000000 
 pp_0128  3541.6669500000016 4791.6670499999955 1.0  3.0115853659437124001385654992191120982170104980468750000000000000000000000000 
 pp_0129  3958.3336500000023 4791.6670499999955 1.0  2.0928426511653888120179090037709102034568786621093750000000000000000000000000 
 pp_0130  4375.000350000003 4791.6670499999955 1.0  1.1177524759738535209407928050495684146881103515625000000000000000000000000000 
 pp_0131  4791.667050000004 4791.6670499999955 1.0  1.0232490290115596742737125168787315487861633300781250000000000000000000000000 
 pp_0132  208.33335 4375.000349999995 1.0  0.703288432987404954488397379464004188776016235351562500000000000000000000000 
 pp_0133  625.0000500000001 4375.000349999995 1.0  1.220200487710038528277323166548740118741989135742187500000000000000000000000 
 pp_0134  1041.66675 4375.000349999995 1.0  1.4478418479941204122241060758824460208415985107421875000000000000000000000000 
 pp_0135  1875.0001499999992 4375.000349999995 1.0  1.6543967965130288444441930550965480506420135498046875000000000000000000000000 
 pp_0136  2291.6668499999996 4375.000349999995 1.0  1.0692499930997323431824952422175556421279907226562500000000000000000000000000 
 pp_0137  2708.3335500000003 4375.000349999995 1.0  0.6567312780503344882276905991602689027786254882812500000000000000000000000000 
 pp_0138  3125.000250000001 4375.000349999995 1.0  1.1137138371062733632754770951578393578529357910156250000000000000000000000000 
 pp_0139  3541.6669500000016 4375.000349999995 1.0  1.5171453444384368491881787122110836207866668701171875000000000000000000000000 
 pp_0140  3958.3336500000023 4375.000349999995 1.0  0.6545989403978207388234977770480327308177947998046875000000000000000000000000 
 pp_0141  4375.000350000003 4375.000349999995 1.0  1.3445135760806512514875521446811035275459289550781250000000000000000000000000 
 pp_0142  4791.667050000004 4375.000349999995 1.0  0.7192668008845884974888917895441409200429916381835937500000000000000000000000 
 pp_0143  208.33335 3958.333649999994 1.0  1.276725001461428643523277060012333095073699951171875000000000000000000000000 
 pp_0144  625.0000500000001 3958.333649999994 1.0  1.466005256955691837816857514553703367710113525390625000000000000000000000000 
 pp_0145  1041.66675 3958.333649999994 1.0  1.7233407078580760263264437526231631636619567871093750000000000000000000000000 
 pp_0146  1458.3334499999996 3958.333649999994 1.0  2.9741313404479492454868250206345692276954650878906250000000000000000000000000 
 pp_0147  1875.0001499999992 3958.333649999994 1.0  1.5761019594423952838724289904348552227020263671875000000000000000000000000000 
 pp_0148  2291.6668499999996 3958.333649999994 1.0  1.3076046483924728125458614158560521900653839111328125000000000000000000000000 
 pp_0149  2708.3335500000003 3958.333649999994 1.0  0.6503807286180580682355412136530503630638122558593750000000000000000000000000 
 pp_0150  3125.000250000001 3958.333649999994 1.0  1.4248624672241156918772730932687409222126007080078125000000000000000000000000 
 pp_0151  3541.6669500000016 3958.333649999994 1.0  0.8443707254785883797865153610473498702049255371093750000000000000000000000000 
 pp_0152  3958.3336500000023 3958.333649999994 1.0  0.6911689148816777539252598216990008950233459472656250000000000000000000000000 
 pp_0153  4375.000350000003 3958.333649999994 1.0  1.7352525602680364258390000031795352697372436523437500000000000000000000000000 
 pp_0154  4791.667050000004 3958.333649999994 1.0  1.3359947365994528922783501911908388137817382812500000000000000000000000000000 
 pp_0155  208.33335 3541.6669499999934 1.0  1.865161118244038629399028650368563830852508544921875000000000000000000000000 
 pp_0156  625.0000500000001 3541.6669499999934 1.0  3.447532426620694145924517215462401509284973144531250000000000000000000000000 
 pp_0157  1041.66675 3541.6669499999934 1.0  2.2616282438352137695858345978194847702980041503906250000000000000000000000000 
 pp_0158  1458.3334499999996 3541.6669499999934 1.0  2.3765168845649045081813710567075759172439575195312500000000000000000000000000 
 pp_0159  1875.0001499999992 3541.6669499999934 1.0  1.3596857043655647956370557949412614107131958007812500000000000000000000000000 
 pp_0160  2291.6668499999996 3541.6669499999934 1.0  1.4289238397278649639332570586702786386013031005859375000000000000000000000000 
 pp_0161  2708.3335500000003 3541.6669499999934 1.0  1.5589897631095777086329690064303576946258544921875000000000000000000000000000 
 pp_0162  3125.000250000001 3541.6669499999934 1.0  0.8973665637656265126054222491802647709846496582031250000000000000000000000000 
 pp_0163  3541.6669500000016 3541.6669499999934 1.0  1.4663703819126734373412546119652688503265380859375000000000000000000000000000 
 pp_0164  3958.3336500000023 3541.6669499999934 1.0  1.6613264582998474860886517490143887698650360107421875000000000000000000000000 
 pp_0165  4375.000350000003 3541.6669499999934 1.0  1.8294820480082465419258141992031596601009368896484375000000000000000000000000 
 pp_0166  4791.667050000004 3541.6669499999934 1.0  1.3461705287194707381104308296926319599151611328125000000000000000000000000000 
 pp_0167  208.33335 3125.000249999993 1.0  2.151911386645567691999758608289994299411773681640625000000000000000000000000 
 pp_0168  625.0000500000001 3125.000249999993 1.0  1.343978507340818362436607458221260458230972290039062500000000000000000000000 
 pp_0169  1041.66675 3125.000249999993 1.0  2.0725469663162492395258595934137701988220214843750000000000000000000000000000 
 pp_0170  1458.3334499999996 3125.000249999993 1.0  2.2574531976655984877311311720404773950576782226562500000000000000000000000000 
 pp_0171  1875.0001499999992 3125.000249999993 1.0  2.3130965060481392114866139309015125036239624023437500000000000000000000000000 
 pp_0172  2291.6668499999996 3125.000249999993 1.0  2.2447006817986507876128143834648653864860534667968750000000000000000000000000 
 pp_0173  2708.3335500000003 3125.000249999993 1.0  1.3903662331602637536320798972155898809432983398437500000000000000000000000000 
 pp_0174  3125.000250000001 3125.000249999993 1.0  1.1745722928478237179206189466640353202819824218750000000000000000000000000000 
 pp_0175  3541.6669500000016 3125.000249999993 1.0  0.9591723294273962752143347643141169100999832153320312500000000000000000000000 
 pp_0176  3958.3336500000023 3125.000249999993 1.0  1.0398883136358265666387978853890672326087951660156250000000000000000000000000 
 pp_0177  4375.000350000003 3125.000249999993 1.0  0.9661206342940399371954640628246124833822250366210937500000000000000000000000 
 pp_0178  4791.667050000004 3125.000249999993 1.0  1.7490365659359239369763372451416216790676116943359375000000000000000000000000 
 pp_0179  208.33335 2708.333549999992 1.0  2.285963130661949449518033361528068780899047851562500000000000000000000000000 
 pp_0180  625.0000500000001 2708.333549999992 1.0  2.001744349982768067519600663217715919017791748046875000000000000000000000000 
 pp_0181  1041.66675 2708.333549999992 1.0  1.7988429298406649614605612441664561629295349121093750000000000000000000000000 
 pp_0182  1458.3334499999996 2708.333549999992 1.0  1.6197355116347746939453600134584121406078338623046875000000000000000000000000 
 pp_0183  1875.0001499999992 2708.333549999992 1.0  2.2981787136526223846999528177548199892044067382812500000000000000000000000000 
 pp_0184  2291.6668499999996 2708.333549999992 1.0  1.8995774952413893021940793914836831390857696533203125000000000000000000000000 
 pp_0185  2708.3335500000003 2708.333549999992 1.0  0.7030736982512852950577553201583214104175567626953125000000000000000000000000 
 pp_0186  3125.000250000001 2708.333549999992 1.0  0.7357867984339425682094315561698749661445617675781250000000000000000000000000 
 pp_0187  3541.6669500000016 2708.333549999992 1.0  0.7785676836391987043484164132678415626287460327148437500000000000000000000000 
 pp_0188  3958.3336500000023 2708.333549999992 1.0  0.8796889892505882491136048884072806686162948608398437500000000000000000000000 
 pp_0189  4375.000350000003 2708.333549999992 1.0  1.1889246922128637873328216301160864531993865966796875000000000000000000000000 
 pp_0190  4791.667050000004 2708.333549999992 1.0  0.6483596255238760486250271242170128971338272094726562500000000000000000000000 
 pp_0191  208.33335 2291.6668499999914 1.0  1.321409455289233259023262689879629760980606079101562500000000000000000000000 
 pp_0192  625.0000500000001 2291.6668499999914 1.0  1.863380678409003898821083566872403025627136230468750000000000000000000000000 
 pp_0193  1041.66675 2291.6668499999914 1.0  2.4930766885285788880821655766339972615242004394531250000000000000000000000000 
 pp_0194  1458.3334499999996 2291.6668499999914 1.0  1.4786429180976934372182540755602531135082244873046875000000000000000000000000 
 pp_0195  1875.0001499999992 2291.6668499999914 1.0  1.2171031273325219057568347125197760760784149169921875000000000000000000000000 
 pp_0196  2291.6668499999996 2291.6668499999914 1.0  0.8522117682057872567469303248799405992031097412109375000000000000000000000000 
 pp_0197  2708.3335500000003 2291.6668499999914 1.0  0.9286289033117401947592384203744586557149887084960937500000000000000000000000 
 pp_0198  3125.000250000001 2291.6668499999914 1.0  0.7011642546848521062585746221884619444608688354492187500000000000000000000000 
 pp_0199  3541.6669500000016 2291.6668499999914 1.0  0.7093123244200504329270984271715860813856124877929687500000000000000000000000 
 pp_0200  3958.3336500000023 2291.6668499999914 1.0  0.8343547846197458817130154784535989165306091308593750000000000000000000000000 
 pp_0201  4375.000350000003 2291.6668499999914 1.0  1.3369594019780766114280368128675036132335662841796875000000000000000000000000 
 pp_0202  4791.667050000004 2291.6668499999914 1.0  0.7276546845102981331265823428111616522073745727539062500000000000000000000000 
 pp_0203  625.0000500000001 1875.0001499999908 1.0  1.648325736983686118364289541204925626516342163085937500000000000000000000000 
 pp_0204  1041.66675 1875.0001499999908 1.0  2.3093714866106282990187992254504933953285217285156250000000000000000000000000 
 pp_0205  1458.3334499999996 1875.0001499999908 1.0  0.6953479099755509595937041922297794371843338012695312500000000000000000000000 
 pp_0206  1875.0001499999992 1875.0001499999908 1.0  0.8219608244893196191682704920822288841009140014648437500000000000000000000000 
 pp_0207  2291.6668499999996 1875.0001499999908 1.0  0.9549657742650807801254586593131534755229949951171875000000000000000000000000 
 pp_0208  2708.3335500000003 1875.0001499999908 1.0  1.0576199358243747461472139548277482390403747558593750000000000000000000000000 
 pp_0209  3125.000250000001 1875.0001499999908 1.0  0.4724008543541305948920694390835706144571304321289062500000000000000000000000 
 pp_0210  3541.6669500000016 1875.0001499999908 1.0  0.9118088023447674661525752526358701288700103759765625000000000000000000000000 
 pp_0211  3958.3336500000023 1875.0001499999908 1.0  0.9456926099887242864738823300285730510950088500976562500000000000000000000000 
 pp_0212  4375.000350000003 1875.0001499999908 1.0  1.0219118578788433104875821300083771347999572753906250000000000000000000000000 
 pp_0213  4791.667050000004 1875.0001499999908 1.0  0.6016146622795228715574467059923335909843444824218750000000000000000000000000 
 pp_0214  1041.66675 1458.3334499999946 1.0  1.08362124222887334923370872274972498416900634765625000000000000000000000000000 
 pp_0215  1458.3334499999996 1458.3334499999946 1.0  1.08238909956510709342580867087235674262046813964843750000000000000000000000000 
 pp_0216  1875.0001499999992 1458.3334499999946 1.0  1.53911905394547043890440818358911201357841491699218750000000000000000000000000 
 pp_0217  2291.6668499999996 1458.3334499999946 1.0  1.23980124097719635045677932794205844402313232421875000000000000000000000000000 
 pp_0218  2708.3335500000003 1458.3334499999946 1.0  1.47811336500792456227770799159770831465721130371093750000000000000000000000000 
 pp_0219  3125.000250000001 1458.3334499999946 1.0  0.61053679123577953014034847001312300562858581542968750000000000000000000000000 
 pp_0220  3541.6669500000016 1458.3334499999946 1.0  0.60564858194410542413521625348948873579502105712890625000000000000000000000000 
 pp_0221  3958.3336500000023 1458.3334499999946 1.0  1.80370920561535696968746833590557798743247985839843750000000000000000000000000 
 pp_0222  4375.000350000003 1458.3334499999946 1.0  1.22282124745468134818793259910307824611663818359375000000000000000000000000000 
 pp_0223  4791.667050000004 1458.3334499999946 1.0  0.93003286311365185312638459436129778623580932617187500000000000000000000000000 
 pp_0224  1041.66675 1041.6667499999985 1.0  1.60576273330863306121329969755606725811958312988281250000000000000000000000000 
 pp_0225  1458.3334499999996 1041.6667499999985 1.0  0.82999188828529057992966500023612752556800842285156250000000000000000000000000 
 pp_0226  1875.0001499999992 1041.6667499999985 1.0  0.82343966124788081639707115755300037562847137451171875000000000000000000000000 
 pp_0227  2291.6668499999996 1041.6667499999985 1.0  1.13184588576564659767598186590475961565971374511718750000000000000000000000000 
 pp_0228  2708.3335500000003 1041.6667499999985 1.0  1.00860802786919068196880289178807288408279418945312500000000000000000000000000 
 pp_0229  3125.000250000001 1041.6667499999985 1.0  1.24694767576763276828444304555887356400489807128906250000000000000000000000000 
 pp_0230  3541.6669500000016 1041.6667499999985 1.0  0.75605436549175031313296813095803372561931610107421875000000000000000000000000 
 pp_0231  3958.3336500000023 1041.6667499999985 1.0  0.90297028250375821478712623502360656857490539550781250000000000000000000000000 
 pp_0232  4375.000350000003 1041.6667499999985 1.0  2.51865410708300485609356655913870781660079956054687500000000000000000000000000 
 pp_0233  1458.3334499999996 625.0000500000024 1.0  1.37008675727377804420825668785255402326583862304687500000000000000000000000000 
 pp_0234  1875.0001499999992 625.0000500000024 1.0  1.41246265761192346666064167948206886649131774902343750000000000000000000000000 
 pp_0235  2291.6668499999996 625.0000500000024 1.0  0.37005366949600304593559485510922968387603759765625000000000000000000000000000 
 pp_0236  2708.3335500000003 625.0000500000024 1.0  0.50497188531590297966289426767616532742977142333984375000000000000000000000000 
 pp_0237  3125.000250000001 625.0000500000024 1.0  0.73764567138876691032578492013271898031234741210937500000000000000000000000000 
 pp_0238  3541.6669500000016 625.0000500000024 1.0  0.62020808084304135388009626694838516414165496826171875000000000000000000000000 
 pp_0239  3958.3336500000023 625.0000500000024 1.0  0.92533574513127714311622185050509870052337646484375000000000000000000000000000 
 pp_0240  4375.000350000003 625.0000500000024 1.0  1.45967207863368875209175712370779365301132202148437500000000000000000000000000 
 pp_0241  1458.3334499999996 208.33335000000625 1.0  1.47024594691919974209781685203779488801956176757812500000000000000000000000000 
 pp_0242  1875.0001499999992 208.33335000000625 1.0  1.94992058679664181930490940430900081992149353027343750000000000000000000000000 
 pp_0243  2291.6668499999996 208.33335000000625 1.0  0.56886135270409954323156398459104821085929870605468750000000000000000000000000 
 pp_0244  2708.3335500000003 208.33335000000625 1.0  0.65614757808367729641219057157286442816257476806640625000000000000000000000000 
 pp_0245  3125.000250000001 208.33335000000625 1.0  0.55002065403885236349879050976596772670745849609375000000000000000000000000000 
 pp_0246  3541.6669500000016 208.33335000000625 1.0  1.06599955661583911670220459200209006667137145996093750000000000000000000000000 
 pp_0247  3958.3336500000023 208.33335000000625 1.0  1.16081045230607515783560756972292438149452209472656250000000000000000000000000 
