 pp_0000  208.33335 9791.667449999999 1.0  0.521380119803092290098334160575177520513534545898437500000000000000000000000000 
 pp_0001  625.0000500000001 9791.667449999999 1.0  1.323086452019932801604795713501516729593276977539062500000000000000000000000000 
 pp_0002  1041.66675 9791.667449999999 1.0  0.8734745056506282301356236530409660190343856811523437500000000000000000000000000 
 pp_0003  1458.3334499999996 9791.667449999999 1.0  0.9177334580262562768737666374363470822572708129882812500000000000000000000000000 
 pp_0004  1875.0001499999992 9791.667449999999 1.0  3.4824830885355440024397921661147847771644592285156250000000000000000000000000000 
 pp_0005  2291.6668499999996 9791.667449999999 1.0  2.0322963014311428153746419411618262529373168945312500000000000000000000000000000 
 pp_0006  2708.3335500000003 9791.667449999999 1.0  2.5308199217791611523864503396907821297645568847656250000000000000000000000000000 
 pp_0007  3125.000250000001 9791.667449999999 1.0  0.9475224679532004978810277862066868692636489868164062500000000000000000000000000 
 pp_0008  3541.6669500000016 9791.667449999999 1.0  1.1067273727870772237480423427768982946872711181640625000000000000000000000000000 
 pp_0009  3958.3336500000023 9791.667449999999 1.0  1.2111663393550129441678109287749975919723510742187500000000000000000000000000000 
 pp_0010  4375.000350000003 9791.667449999999 1.0  0.8625370127169044165427180814731400460004806518554687500000000000000000000000000 
 pp_0011  4791.667050000004 9791.667449999999 1.0  0.8509029820026110524366913523408584296703338623046875000000000000000000000000000 
 pp_0012  208.33335 9375.00075 1.0  0.799463217163519090924239662854233756661415100097656250000000000000000000000000 
 pp_0013  625.0000500000001 9375.00075 1.0  1.007544310176456070493600236659403890371322631835937500000000000000000000000000 
 pp_0014  1041.66675 9375.00075 1.0  1.0996634962096565324429775500902906060218811035156250000000000000000000000000000 
 pp_0015  1458.3334499999996 9375.00075 1.0  0.8958385832457059771982699203363154083490371704101562500000000000000000000000000 
 pp_0016  1875.0001499999992 9375.00075 1.0  1.5106478222818755519085698324488475918769836425781250000000000000000000000000000 
 pp_0017  2291.6668499999996 9375.00075 1.0  1.2709360568806904456806705638882704079151153564453125000000000000000000000000000 
 pp_0018  2708.3335500000003 9375.00075 1.0  1.3162716316764082602475127714569680392742156982421875000000000000000000000000000 
 pp_0019  3125.000250000001 9375.00075 1.0  2.1535404026021334189522349333856254816055297851562500000000000000000000000000000 
 pp_0020  3541.6669500000016 9375.00075 1.0  0.8778865252334491220409518064116127789020538330078125000000000000000000000000000 
 pp_0021  3958.3336500000023 9375.00075 1.0  0.7200324651970972933412440397660247981548309326171875000000000000000000000000000 
 pp_0022  4375.000350000003 9375.00075 1.0  0.9662267336356509250805402189143933355808258056640625000000000000000000000000000 
 pp_0023  4791.667050000004 9375.00075 1.0  0.8931399733616660618906735180644318461418151855468750000000000000000000000000000 
 pp_0024  208.33335 8958.33405 1.0  1.3411545989817421631329352749162353575229644775390625000000000000000000000000000 
 pp_0025  625.0000500000001 8958.33405 1.0  0.9755131487306735182940542472351808100938796997070312500000000000000000000000000 
 pp_0026  1041.66675 8958.33405 1.0  1.11305239500065167312925495934905484318733215332031250000000000000000000000000000 
 pp_0027  1458.3334499999996 8958.33405 1.0  0.55619339012081780992957646958529949188232421875000000000000000000000000000000000 
 pp_0028  1875.0001499999992 8958.33405 1.0  1.36570576019143086199392200796864926815032958984375000000000000000000000000000000 
 pp_0029  2291.6668499999996 8958.33405 1.0  1.71117088059950739342696124367648735642433166503906250000000000000000000000000000 
 pp_0030  2708.3335500000003 8958.33405 1.0  1.25721356731992606192704897694056853652000427246093750000000000000000000000000000 
 pp_0031  3125.000250000001 8958.33405 1.0  1.05678672235453818828432304144371300935745239257812500000000000000000000000000000 
 pp_0032  3541.6669500000016 8958.33405 1.0  1.06108282358377770115964722208445891737937927246093750000000000000000000000000000 
 pp_0033  3958.3336500000023 8958.33405 1.0  0.96852423988224689566095548798330128192901611328125000000000000000000000000000000 
 pp_0034  4375.000350000003 8958.33405 1.0  0.80833580526298209889546342310495674610137939453125000000000000000000000000000000 
 pp_0035  4791.667050000004 8958.33405 1.0  1.28442766584370327009878565149847418069839477539062500000000000000000000000000000 
 pp_0036  208.33335 8541.66735 1.0  1.2514763475511190282674078844138421118259429931640625000000000000000000000000000 
 pp_0037  625.0000500000001 8541.66735 1.0  0.8397183224070969842500744562130421400070190429687500000000000000000000000000000 
 pp_0038  1041.66675 8541.66735 1.0  0.56168190486827695995231124470592476427555084228515625000000000000000000000000000 
 pp_0039  1458.3334499999996 8541.66735 1.0  0.94876704822742219391784601612016558647155761718750000000000000000000000000000000 
 pp_0040  1875.0001499999992 8541.66735 1.0  0.98193771562668308305887876485940068960189819335937500000000000000000000000000000 
 pp_0041  2291.6668499999996 8541.66735 1.0  1.19888961057720422331840381957590579986572265625000000000000000000000000000000000 
 pp_0042  2708.3335500000003 8541.66735 1.0  0.85147729563771146210626739048166200518608093261718750000000000000000000000000000 
 pp_0043  3125.000250000001 8541.66735 1.0  1.47329817985482636188976357516366988420486450195312500000000000000000000000000000 
 pp_0044  3541.6669500000016 8541.66735 1.0  1.23234268128588397850364799523958936333656311035156250000000000000000000000000000 
 pp_0045  3958.3336500000023 8541.66735 1.0  1.03866477626969588854421999712940305471420288085937500000000000000000000000000000 
 pp_0046  4375.000350000003 8541.66735 1.0  0.80360941867550594874813896240084432065486907958984375000000000000000000000000000 
 pp_0047  4791.667050000004 8541.66735 1.0  1.22029391870118453233828859083587303757667541503906250000000000000000000000000000 
 pp_0048  208.33335 8125.000650000001 1.0  0.9610631252674827207371777149091940373182296752929687500000000000000000000000000 
 pp_0049  625.0000500000001 8125.000650000001 1.0  0.9771631905464311929065956974227447062730789184570312500000000000000000000000000 
 pp_0050  1041.66675 8125.000650000001 1.0  1.10050970132338288287598970782710239291191101074218750000000000000000000000000000 
 pp_0051  1458.3334499999996 8125.000650000001 1.0  1.15088444608102213884137654531514272093772888183593750000000000000000000000000000 
 pp_0052  1875.0001499999992 8125.000650000001 1.0  1.34260475443926230454394499247428029775619506835937500000000000000000000000000000 
 pp_0053  2291.6668499999996 8125.000650000001 1.0  1.14167715128552238468273571925237774848937988281250000000000000000000000000000000 
 pp_0054  2708.3335500000003 8125.000650000001 1.0  0.66118508283495680544206152262631803750991821289062500000000000000000000000000000 
 pp_0055  3125.000250000001 8125.000650000001 1.0  1.15654974032030843922314033989096060395240783691406250000000000000000000000000000 
 pp_0056  3541.6669500000016 8125.000650000001 1.0  1.32790494050189056274291488080052658915519714355468750000000000000000000000000000 
 pp_0057  3958.3336500000023 8125.000650000001 1.0  0.80934773636384416128919383481843397021293640136718750000000000000000000000000000 
 pp_0058  4375.000350000003 8125.000650000001 1.0  1.40202512387187949727263003296684473752975463867187500000000000000000000000000000 
 pp_0059  4791.667050000004 8125.000650000001 1.0  1.31755401363518065416258195909904316067695617675781250000000000000000000000000000 
 pp_0060  208.33335 7708.33395 1.0  0.8340854931306685982050908023666124790906906127929687500000000000000000000000000 
 pp_0061  625.0000500000001 7708.33395 1.0  1.2928617234929222767902956547914072871208190917968750000000000000000000000000000 
 pp_0062  2291.6668499999996 7708.33395 1.0  0.29304206839379370874709707095462363213300704956054687500000000000000000000000000 
 pp_0063  2708.3335500000003 7708.33395 1.0  0.36805929674971049614384810411138460040092468261718750000000000000000000000000000 
 pp_0064  3125.000250000001 7708.33395 1.0  0.63436638854430582590282483579358085989952087402343750000000000000000000000000000 
 pp_0065  3541.6669500000016 7708.33395 1.0  1.55557880561152850340533859707647934556007385253906250000000000000000000000000000 
 pp_0066  3958.3336500000023 7708.33395 1.0  1.14399251015735603509426709933904930949211120605468750000000000000000000000000000 
 pp_0067  4375.000350000003 7708.33395 1.0  0.93001207516769246463894660337246023118495941162109375000000000000000000000000000 
 pp_0068  4791.667050000004 7708.33395 1.0  1.29291229872037072290424930542940273880958557128906250000000000000000000000000000 
 pp_0069  208.33335 7291.6672499999995 1.0  1.2140562155482532702421849535312503576278686523437500000000000000000000000000000 
 pp_0070  625.0000500000001 7291.6672499999995 1.0  1.3098855924311252341141198485274799168109893798828125000000000000000000000000000 
 pp_0071  2291.6668499999996 7291.6672499999995 1.0  0.29901997596760016007166882445744704455137252807617187500000000000000000000000000 
 pp_0072  2708.3335500000003 7291.6672499999995 1.0  0.50446135601397179559768346734927035868167877197265625000000000000000000000000000 
 pp_0073  3125.000250000001 7291.6672499999995 1.0  0.60410913988933734319886070807115174829959869384765625000000000000000000000000000 
 pp_0074  3541.6669500000016 7291.6672499999995 1.0  0.75667780046775545699233589402865618467330932617187500000000000000000000000000000 
 pp_0075  3958.3336500000023 7291.6672499999995 1.0  1.38032015283387998749731195857748389244079589843750000000000000000000000000000000 
 pp_0076  4375.000350000003 7291.6672499999995 1.0  0.99360523801345213001923184492625296115875244140625000000000000000000000000000000 
 pp_0077  4791.667050000004 7291.6672499999995 1.0  1.31825105243768381235724973521428182721138000488281250000000000000000000000000000 
 pp_0078  208.33335 6875.000549999999 1.0  1.5421502246974434502391204659943468868732452392578125000000000000000000000000000 
 pp_0079  625.0000500000001 6875.000549999999 1.0  1.0829301757423415164538482713396660983562469482421875000000000000000000000000000 
 pp_0080  2291.6668499999996 6875.000549999999 1.0  1.03984777642005221665044700785074383020401000976562500000000000000000000000000000 
 pp_0081  2708.3335500000003 6875.000549999999 1.0  0.38046620497660982307408517044677864760160446166992187500000000000000000000000000 
 pp_0082  3125.000250000001 6875.000549999999 1.0  0.76427217162442007136746724427212029695510864257812500000000000000000000000000000 
 pp_0083  3541.6669500000016 6875.000549999999 1.0  0.70530506028306383381476507565821520984172821044921875000000000000000000000000000 
 pp_0084  3958.3336500000023 6875.000549999999 1.0  1.16676293444605372329192505276296287775039672851562500000000000000000000000000000 
 pp_0085  4375.000350000003 6875.000549999999 1.0  0.78187177075768943268485600128769874572753906250000000000000000000000000000000000 
 pp_0086  4791.667050000004 6875.000549999999 1.0  1.57987218144950647413793376472312957048416137695312500000000000000000000000000000 
 pp_0087  208.33335 6458.333849999998 1.0  1.6058719310105549205047736904816702008247375488281250000000000000000000000000000 
 pp_0088  625.0000500000001 6458.333849999998 1.0  1.6479065653386839596095114757190458476543426513671875000000000000000000000000000 
 pp_0089  2291.6668499999996 6458.333849999998 1.0  2.95294558142105767473140076617710292339324951171875000000000000000000000000000000 
 pp_0090  2708.3335500000003 6458.333849999998 1.0  1.37095482254309208869358371885027736425399780273437500000000000000000000000000000 
 pp_0091  3125.000250000001 6458.333849999998 1.0  0.87481773034525212029421936676953919231891632080078125000000000000000000000000000 
 pp_0092  3541.6669500000016 6458.333849999998 1.0  1.15260631907689714559239746449748054146766662597656250000000000000000000000000000 
 pp_0093  3958.3336500000023 6458.333849999998 1.0  1.21176652016603503270175679062958806753158569335937500000000000000000000000000000 
 pp_0094  4375.000350000003 6458.333849999998 1.0  0.53518382755529325667254170184605754911899566650390625000000000000000000000000000 
 pp_0095  4791.667050000004 6458.333849999998 1.0  1.69563178455585483739298524596961215138435363769531250000000000000000000000000000 
 pp_0096  208.33335 6041.6671499999975 1.0  1.1944093812805081089578607134171761572360992431640625000000000000000000000000000 
 pp_0097  625.0000500000001 6041.6671499999975 1.0  1.2043683251625949548468952343682758510112762451171875000000000000000000000000000 
 pp_0098  2291.6668499999996 6041.6671499999975 1.0  3.25144117490256290281536166730802506208419799804687500000000000000000000000000000 
 pp_0099  2708.3335500000003 6041.6671499999975 1.0  1.39936173479535175268040347873466089367866516113281250000000000000000000000000000 
 pp_0100  3125.000250000001 6041.6671499999975 1.0  1.10711666642290595952147214120486751198768615722656250000000000000000000000000000 
 pp_0101  3541.6669500000016 6041.6671499999975 1.0  1.45258994612057201756272206694120541214942932128906250000000000000000000000000000 
 pp_0102  3958.3336500000023 6041.6671499999975 1.0  1.11545684706591430312982993200421333312988281250000000000000000000000000000000000 
 pp_0103  4375.000350000003 6041.6671499999975 1.0  0.59269759424244750078969445894472301006317138671875000000000000000000000000000000 
 pp_0104  4791.667050000004 6041.6671499999975 1.0  1.07479112644238261609075379965361207723617553710937500000000000000000000000000000 
 pp_0105  208.33335 5625.000449999997 1.0  1.0265732023677247575221826991764828562736511230468750000000000000000000000000000 
 pp_0106  625.0000500000001 5625.000449999997 1.0  1.3762054622929653646679071243852376937866210937500000000000000000000000000000000 
 pp_0107  2291.6668499999996 5625.000449999997 1.0  1.77093638755058191414093471394153311848640441894531250000000000000000000000000000 
 pp_0108  2708.3335500000003 5625.000449999997 1.0  1.38494302556754766975188886135583743453025817871093750000000000000000000000000000 
 pp_0109  3125.000250000001 5625.000449999997 1.0  0.99021020408746629470897460123524069786071777343750000000000000000000000000000000 
 pp_0110  3541.6669500000016 5625.000449999997 1.0  0.77834708949005004807730756510864011943340301513671875000000000000000000000000000 
 pp_0111  3958.3336500000023 5625.000449999997 1.0  0.78275110264400393766948127449722960591316223144531250000000000000000000000000000 
 pp_0112  4375.000350000003 5625.000449999997 1.0  0.55991915095171662652973054719041101634502410888671875000000000000000000000000000 
 pp_0113  4791.667050000004 5625.000449999997 1.0  0.93233127791970860087644723535049706697463989257812500000000000000000000000000000 
 pp_0114  208.33335 5208.333749999996 1.0  2.0009377844373470445304974418831989169120788574218750000000000000000000000000000 
 pp_0115  625.0000500000001 5208.333749999996 1.0  2.4227946504070101418903959711315110325813293457031250000000000000000000000000000 
 pp_0116  2291.6668499999996 5208.333749999996 1.0  1.58954042942172701913250421057455241680145263671875000000000000000000000000000000 
 pp_0117  2708.3335500000003 5208.333749999996 1.0  1.11163092393487983322586387657793238759040832519531250000000000000000000000000000 
 pp_0118  3125.000250000001 5208.333749999996 1.0  0.88709033844539020297048637075931765139102935791015625000000000000000000000000000 
 pp_0119  3541.6669500000016 5208.333749999996 1.0  0.49345670957591808436504265955591108649969100952148437500000000000000000000000000 
 pp_0120  3958.3336500000023 5208.333749999996 1.0  0.84605863833587702238503425178350880742073059082031250000000000000000000000000000 
 pp_0121  4375.000350000003 5208.333749999996 1.0  0.57424346617648180934878610059968195855617523193359375000000000000000000000000000 
 pp_0122  4791.667050000004 5208.333749999996 1.0  0.77587704507463794989519101363839581608772277832031250000000000000000000000000000 
 pp_0123  208.33335 4791.6670499999955 1.0  2.6214115363285688253824901039479300379753112792968750000000000000000000000000000 
 pp_0124  625.0000500000001 4791.6670499999955 1.0  2.6093315471905187408196979959029704332351684570312500000000000000000000000000000 
 pp_0125  2291.6668499999996 4791.6670499999955 1.0  1.50381255738187369352942823752528056502342224121093750000000000000000000000000000 
 pp_0126  2708.3335500000003 4791.6670499999955 1.0  1.16986189275356267103234131354838609695434570312500000000000000000000000000000000 
 pp_0127  3125.000250000001 4791.6670499999955 1.0  1.04780412107473153149328481958946213126182556152343750000000000000000000000000000 
 pp_0128  3541.6669500000016 4791.6670499999955 1.0  0.82929987661638282503417940461076796054840087890625000000000000000000000000000000 
 pp_0129  3958.3336500000023 4791.6670499999955 1.0  0.52509761114674602389129631774267181754112243652343750000000000000000000000000000 
 pp_0130  4375.000350000003 4791.6670499999955 1.0  0.59472838677520245553864697285462170839309692382812500000000000000000000000000000 
 pp_0131  4791.667050000004 4791.6670499999955 1.0  0.55935740082257046079661222393042407929897308349609375000000000000000000000000000 
 pp_0132  208.33335 4375.000349999995 1.0  2.2674662108029397522557246702490374445915222167968750000000000000000000000000000 
 pp_0133  625.0000500000001 4375.000349999995 1.0  2.7107130997902588731562900647986680269241333007812500000000000000000000000000000 
 pp_0134  1041.66675 4375.000349999995 1.0  1.87070536469879944441174757230328395962715148925781250000000000000000000000000000 
 pp_0135  1875.0001499999992 4375.000349999995 1.0  2.45194458598250442094013124005869030952453613281250000000000000000000000000000000 
 pp_0136  2291.6668499999996 4375.000349999995 1.0  1.21552046760450860318769628065638244152069091796875000000000000000000000000000000 
 pp_0137  2708.3335500000003 4375.000349999995 1.0  1.24746274362682796343904101377120241522789001464843750000000000000000000000000000 
 pp_0138  3125.000250000001 4375.000349999995 1.0  1.73954508118812944950093424267834052443504333496093750000000000000000000000000000 
 pp_0139  3541.6669500000016 4375.000349999995 1.0  1.58034395280550277185227514564758166670799255371093750000000000000000000000000000 
 pp_0140  3958.3336500000023 4375.000349999995 1.0  0.50769652383638874670879204131779260933399200439453125000000000000000000000000000 
 pp_0141  4375.000350000003 4375.000349999995 1.0  0.49435492618094856176469420461216941475868225097656250000000000000000000000000000 
 pp_0142  4791.667050000004 4375.000349999995 1.0  0.29047396813858322728307825855154078453779220581054687500000000000000000000000000 
 pp_0143  208.33335 3958.333649999994 1.0  1.2104927831115699365938098708284087479114532470703125000000000000000000000000000 
 pp_0144  625.0000500000001 3958.333649999994 1.0  2.3440602097998093356068238790612667798995971679687500000000000000000000000000000 
 pp_0145  1041.66675 3958.333649999994 1.0  1.95089161756503881584023929463000968098640441894531250000000000000000000000000000 
 pp_0146  1458.3334499999996 3958.333649999994 1.0  1.90098642705334941460648678912548348307609558105468750000000000000000000000000000 
 pp_0147  1875.0001499999992 3958.333649999994 1.0  2.83734337441851369732148668845184147357940673828125000000000000000000000000000000 
 pp_0148  2291.6668499999996 3958.333649999994 1.0  1.92879999259408174694385706970933824777603149414062500000000000000000000000000000 
 pp_0149  2708.3335500000003 3958.333649999994 1.0  1.18153994023126918122557071910705417394638061523437500000000000000000000000000000 
 pp_0150  3125.000250000001 3958.333649999994 1.0  0.94463775929102600237285969342337921261787414550781250000000000000000000000000000 
 pp_0151  3541.6669500000016 3958.333649999994 1.0  1.57488509748142768707168670516693964600563049316406250000000000000000000000000000 
 pp_0152  3958.3336500000023 3958.333649999994 1.0  0.81153484486195059943725027551408857107162475585937500000000000000000000000000000 
 pp_0153  4375.000350000003 3958.333649999994 1.0  0.70582563832872768916359973445651121437549591064453125000000000000000000000000000 
 pp_0154  4791.667050000004 3958.333649999994 1.0  0.43093566984649250839467526930093299597501754760742187500000000000000000000000000 
 pp_0155  208.33335 3541.6669499999934 1.0  1.7478549559015175152154597526532597839832305908203125000000000000000000000000000 
 pp_0156  625.0000500000001 3541.6669499999934 1.0  1.0067905348221684036502665549051016569137573242187500000000000000000000000000000 
 pp_0157  1041.66675 3541.6669499999934 1.0  0.82995346999731722803517186548560857772827148437500000000000000000000000000000000 
 pp_0158  1458.3334499999996 3541.6669499999934 1.0  0.89526339250122155544175939212436787784099578857421875000000000000000000000000000 
 pp_0159  1875.0001499999992 3541.6669499999934 1.0  1.34658202410128846615577913325978443026542663574218750000000000000000000000000000 
 pp_0160  2291.6668499999996 3541.6669499999934 1.0  0.97948953585556142176216098960139788687229156494140625000000000000000000000000000 
 pp_0161  2708.3335500000003 3541.6669499999934 1.0  1.80831940003199664879218744317768141627311706542968750000000000000000000000000000 
 pp_0162  3125.000250000001 3541.6669499999934 1.0  1.03845672769005337165992841619299724698066711425781250000000000000000000000000000 
 pp_0163  3541.6669500000016 3541.6669499999934 1.0  1.12317258203251024717417294596089050173759460449218750000000000000000000000000000 
 pp_0164  3958.3336500000023 3541.6669499999934 1.0  1.04080114129209988504953798837959766387939453125000000000000000000000000000000000 
 pp_0165  4375.000350000003 3541.6669499999934 1.0  0.88791483780992208618698668942670337855815887451171875000000000000000000000000000 
 pp_0166  4791.667050000004 3541.6669499999934 1.0  0.69665750886769062244496808489202521741390228271484375000000000000000000000000000 
 pp_0167  208.33335 3125.000249999993 1.0  1.5341995458538704166784327753703109920024871826171875000000000000000000000000000 
 pp_0168  625.0000500000001 3125.000249999993 1.0  1.1560650421209670568600813567172735929489135742187500000000000000000000000000000 
 pp_0169  1041.66675 3125.000249999993 1.0  1.21697174572245869761388803453883156180381774902343750000000000000000000000000000 
 pp_0170  1458.3334499999996 3125.000249999993 1.0  0.96658152671620667373275637146434746682643890380859375000000000000000000000000000 
 pp_0171  1875.0001499999992 3125.000249999993 1.0  1.78656720601990537389269775303546339273452758789062500000000000000000000000000000 
 pp_0172  2291.6668499999996 3125.000249999993 1.0  1.78137769092035447293653760425513610243797302246093750000000000000000000000000000 
 pp_0173  2708.3335500000003 3125.000249999993 1.0  2.04086576149834320048626068455632776021957397460937500000000000000000000000000000 
 pp_0174  3125.000250000001 3125.000249999993 1.0  1.37026599566855900036443927092477679252624511718750000000000000000000000000000000 
 pp_0175  3541.6669500000016 3125.000249999993 1.0  1.20023357595525559382565461419289931654930114746093750000000000000000000000000000 
 pp_0176  3958.3336500000023 3125.000249999993 1.0  1.42850243826941269986718907603062689304351806640625000000000000000000000000000000 
 pp_0177  4375.000350000003 3125.000249999993 1.0  0.76038288334655379507864836341468617320060729980468750000000000000000000000000000 
 pp_0178  4791.667050000004 3125.000249999993 1.0  0.38263298952482105441674775647697970271110534667968750000000000000000000000000000 
 pp_0179  208.33335 2708.333549999992 1.0  1.6934577389854159612525563716189935803413391113281250000000000000000000000000000 
 pp_0180  625.0000500000001 2708.333549999992 1.0  1.2269566577651582761632198526058346033096313476562500000000000000000000000000000 
 pp_0181  1041.66675 2708.333549999992 1.0  1.20129604004284362694932042359141632914543151855468750000000000000000000000000000 
 pp_0182  1458.3334499999996 2708.333549999992 1.0  1.37985865225851944693147288489853963255882263183593750000000000000000000000000000 
 pp_0183  1875.0001499999992 2708.333549999992 1.0  0.76592876468637915987613951074308715760707855224609375000000000000000000000000000 
 pp_0184  2291.6668499999996 2708.333549999992 1.0  1.04548649550812311481706728955032303929328918457031250000000000000000000000000000 
 pp_0185  2708.3335500000003 2708.333549999992 1.0  1.29937968179383211975164158502593636512756347656250000000000000000000000000000000 
 pp_0186  3125.000250000001 2708.333549999992 1.0  1.16051224846703360249478009791346266865730285644531250000000000000000000000000000 
 pp_0187  3541.6669500000016 2708.333549999992 1.0  1.32314875325501923875037846300983801484107971191406250000000000000000000000000000 
 pp_0188  3958.3336500000023 2708.333549999992 1.0  1.20150902128002190494271417264826595783233642578125000000000000000000000000000000 
 pp_0189  4375.000350000003 2708.333549999992 1.0  1.29559286983815646898676732234889641404151916503906250000000000000000000000000000 
 pp_0190  4791.667050000004 2708.333549999992 1.0  0.79897537444945021523068362512276507914066314697265625000000000000000000000000000 
 pp_0191  208.33335 2291.6668499999914 1.0  1.1235064327558597074840918139670975506305694580078125000000000000000000000000000 
 pp_0192  625.0000500000001 2291.6668499999914 1.0  0.8412550268272426245985684545303229242563247680664062500000000000000000000000000 
 pp_0193  1041.66675 2291.6668499999914 1.0  0.60657955555803033664830081761465407907962799072265625000000000000000000000000000 
 pp_0194  1458.3334499999996 2291.6668499999914 1.0  0.49576493731230431016854254266945645213127136230468750000000000000000000000000000 
 pp_0195  1875.0001499999992 2291.6668499999914 1.0  0.42592058228124152208238228922709822654724121093750000000000000000000000000000000 
 pp_0196  2291.6668499999996 2291.6668499999914 1.0  0.62252186695893685364211478372453711926937103271484375000000000000000000000000000 
 pp_0197  2708.3335500000003 2291.6668499999914 1.0  1.30581738585809725705644268600735813379287719726562500000000000000000000000000000 
 pp_0198  3125.000250000001 2291.6668499999914 1.0  1.70148192788181407131276046129642054438591003417968750000000000000000000000000000 
 pp_0199  3541.6669500000016 2291.6668499999914 1.0  0.96140640666017718185543117215274833142757415771484375000000000000000000000000000 
 pp_0200  3958.3336500000023 2291.6668499999914 1.0  0.88555504807995533145259514640201814472675323486328125000000000000000000000000000 
 pp_0201  4375.000350000003 2291.6668499999914 1.0  1.15832658587961900842344675766071304678916931152343750000000000000000000000000000 
 pp_0202  4791.667050000004 2291.6668499999914 1.0  1.07146038248308372864414650393882766366004943847656250000000000000000000000000000 
 pp_0203  625.0000500000001 1875.0001499999908 1.0  0.9408065362149216070974944159388542175292968750000000000000000000000000000000000 
 pp_0204  1041.66675 1875.0001499999908 1.0  0.86061385781384025506213220069184899330139160156250000000000000000000000000000000 
 pp_0205  1458.3334499999996 1875.0001499999908 1.0  0.44426400942614463485114129071007482707500457763671875000000000000000000000000000 
 pp_0206  1875.0001499999992 1875.0001499999908 1.0  0.49430974541023003920869882676925044506788253784179687500000000000000000000000000 
 pp_0207  2291.6668499999996 1875.0001499999908 1.0  0.56181690513627047245392986951628699898719787597656250000000000000000000000000000 
 pp_0208  2708.3335500000003 1875.0001499999908 1.0  1.38483713670893471281431175157194957137107849121093750000000000000000000000000000 
 pp_0209  3125.000250000001 1875.0001499999908 1.0  1.58110018862279266826931234390940517187118530273437500000000000000000000000000000 
 pp_0210  3541.6669500000016 1875.0001499999908 1.0  2.19426527595054787767026027722749859094619750976562500000000000000000000000000000 
 pp_0211  3958.3336500000023 1875.0001499999908 1.0  0.99453194764500363334036592277698218822479248046875000000000000000000000000000000 
 pp_0212  4375.000350000003 1875.0001499999908 1.0  1.21469287904898437524536802811780944466590881347656250000000000000000000000000000 
 pp_0213  4791.667050000004 1875.0001499999908 1.0  2.07113159068787622274498971819411963224411010742187500000000000000000000000000000 
 pp_0214  1041.66675 1458.3334499999946 1.0  1.059273442575472179427720220701303333044052124023437500000000000000000000000000000 
 pp_0215  1458.3334499999996 1458.3334499999946 1.0  1.259582585796936049504779475682880729436874389648437500000000000000000000000000000 
 pp_0216  1875.0001499999992 1458.3334499999946 1.0  1.086285002406339517122546567406971007585525512695312500000000000000000000000000000 
 pp_0217  2291.6668499999996 1458.3334499999946 1.0  0.370132134707588877908790436777053400874137878417968750000000000000000000000000000 
 pp_0218  2708.3335500000003 1458.3334499999946 1.0  0.719727516039288972571341673756251111626625061035156250000000000000000000000000000 
 pp_0219  3125.000250000001 1458.3334499999946 1.0  1.077536383001858721897292525682132691144943237304687500000000000000000000000000000 
 pp_0220  3541.6669500000016 1458.3334499999946 1.0  1.130306271003104878758449558517895638942718505859375000000000000000000000000000000 
 pp_0221  3958.3336500000023 1458.3334499999946 1.0  1.119885446633765990753772712196223437786102294921875000000000000000000000000000000 
 pp_0222  4375.000350000003 1458.3334499999946 1.0  1.357411370992682275726792795467190444469451904296875000000000000000000000000000000 
 pp_0223  4791.667050000004 1458.3334499999946 1.0  2.297940771154201033965591705054976046085357666015625000000000000000000000000000000 
 pp_0224  1041.66675 1041.6667499999985 1.0  0.805504323393209542558679459034465253353118896484375000000000000000000000000000000 
 pp_0225  1458.3334499999996 1041.6667499999985 1.0  1.180280278248873937485541318892501294612884521484375000000000000000000000000000000 
 pp_0226  1875.0001499999992 1041.6667499999985 1.0  0.688612053668238521808575569593813270330429077148437500000000000000000000000000000 
 pp_0227  2291.6668499999996 1041.6667499999985 1.0  0.371756306419049109557306564965983852744102478027343750000000000000000000000000000 
 pp_0228  2708.3335500000003 1041.6667499999985 1.0  0.403860595418036927295446503194398246705532073974609375000000000000000000000000000 
 pp_0229  3125.000250000001 1041.6667499999985 1.0  0.683585304982371355642101207195082679390907287597656250000000000000000000000000000 
 pp_0230  3541.6669500000016 1041.6667499999985 1.0  0.785142499309168795385005523712607100605964660644531250000000000000000000000000000 
 pp_0231  3958.3336500000023 1041.6667499999985 1.0  0.826084287537035000248408778134034946560859680175781250000000000000000000000000000 
 pp_0232  4375.000350000003 1041.6667499999985 1.0  1.131579968858381413099323253845795989036560058593750000000000000000000000000000000 
 pp_0233  1458.3334499999996 625.0000500000024 1.0  1.082692490944222374338323788833804428577423095703125000000000000000000000000000000 
 pp_0234  1875.0001499999992 625.0000500000024 1.0  0.829970571374505916573127706215018406510353088378906250000000000000000000000000000 
 pp_0235  2291.6668499999996 625.0000500000024 1.0  0.739164576954654206630834778479766100645065307617187500000000000000000000000000000 
 pp_0236  2708.3335500000003 625.0000500000024 1.0  0.574282128735143282405317677330458536744117736816406250000000000000000000000000000 
 pp_0237  3125.000250000001 625.0000500000024 1.0  0.776173805885319700870184078667080029845237731933593750000000000000000000000000000 
 pp_0238  3541.6669500000016 625.0000500000024 1.0  0.811803538276773761772631132771493867039680480957031250000000000000000000000000000 
 pp_0239  3958.3336500000023 625.0000500000024 1.0  1.235273684653028558599885400326456874608993530273437500000000000000000000000000000 
 pp_0240  4375.000350000003 625.0000500000024 1.0  0.870943605963805045355741185630904510617256164550781250000000000000000000000000000 
 pp_0241  1458.3334499999996 208.33335000000625 1.0  1.517209709617037827200647370773367583751678466796875000000000000000000000000000000 
 pp_0242  1875.0001499999992 208.33335000000625 1.0  1.008616834789808347494499685126356780529022216796875000000000000000000000000000000 
 pp_0243  2291.6668499999996 208.33335000000625 1.0  1.381328996942988274199137777031864970922470092773437500000000000000000000000000000 
 pp_0244  2708.3335500000003 208.33335000000625 1.0  1.516123432086266653584516461705788969993591308593750000000000000000000000000000000 
 pp_0245  3125.000250000001 208.33335000000625 1.0  1.106398459710385751009198429528623819351196289062500000000000000000000000000000000 
 pp_0246  3541.6669500000016 208.33335000000625 1.0  1.086845750988504333278683589014690369367599487304687500000000000000000000000000000 
 pp_0247  3958.3336500000023 208.33335000000625 1.0  1.310859759780797384465245158935431391000747680664062500000000000000000000000000000 
