2.336356999999999898e-05 2.336356999999999898e-05 2.336356999999999898e-05 2.336356999999999898e-05 2.336356999999999898e-05 2.336356999999999898e-05 2.336356999999999898e-05 2.336356999999999898e-05 2.336356999999999898e-05 2.336356999999999898e-05 2.336356999999999898e-05 2.336356999999999898e-05 2.336356999999999898e-05 2.336356999999999898e-05 2.336356999999999898e-05 2.336356999999999898e-05 2.336356999999999898e-05 2.336356999999999898e-05 2.336356999999999898e-05 2.336356999999999898e-05
2.336356999999999898e-05 2.336356999999999898e-05 2.336356999999999898e-05 2.336356999999999898e-05 2.336356999999999898e-05 2.336356999999999898e-05 2.336356999999999898e-05 2.336356999999999898e-05 2.336356999999999898e-05 2.336356999999999898e-05 2.336356999999999898e-05 2.336356999999999898e-05 2.336356999999999898e-05 2.336356999999999898e-05 2.336356999999999898e-05 2.336356999999999898e-05 2.336356999999999898e-05 2.336356999999999898e-05 2.336356999999999898e-05 2.336356999999999898e-05
2.336356999999999898e-05 2.336356999999999898e-05 2.336356999999999898e-05 2.336356999999999898e-05 2.336356999999999898e-05 2.336356999999999898e-05 2.336356999999999898e-05 2.336356999999999898e-05 2.336356999999999898e-05 2.336356999999999898e-05 2.336356999999999898e-05 2.336356999999999898e-05 2.336356999999999898e-05 2.336356999999999898e-05 2.336356999999999898e-05 2.336356999999999898e-05 2.336356999999999898e-05 2.336356999999999898e-05 2.336356999999999898e-05 2.336356999999999898e-05
2.336356999999999898e-05 2.336356999999999898e-05 2.336356999999999898e-05 2.336356999999999898e-05 2.336356999999999898e-05 2.336356999999999898e-05 2.336356999999999898e-05 2.336356999999999898e-05 2.336356999999999898e-05 2.336356999999999898e-05 2.336356999999999898e-05 2.336356999999999898e-05 2.336356999999999898e-05 2.336356999999999898e-05 2.336356999999999898e-05 2.336356999999999898e-05 2.336356999999999898e-05 2.336356999999999898e-05 2.336356999999999898e-05 2.336356999999999898e-05
2.336356999999999898e-05 2.336356999999999898e-05 2.336356999999999898e-05 2.336356999999999898e-05 2.336356999999999898e-05 2.336356999999999898e-05 2.336356999999999898e-05 2.336356999999999898e-05 2.336356999999999898e-05 2.336356999999999898e-05 2.336356999999999898e-05 2.336356999999999898e-05 2.336356999999999898e-05 2.336356999999999898e-05 2.336356999999999898e-05 2.336356999999999898e-05 2.336356999999999898e-05 2.336356999999999898e-05 2.336356999999999898e-05 2.336356999999999898e-05
2.336356999999999898e-05 2.336356999999999898e-05 2.336356999999999898e-05 2.336356999999999898e-05 2.336356999999999898e-05 2.336356999999999898e-05 2.336356999999999898e-05 2.336356999999999898e-05 2.336356999999999898e-05 2.336356999999999898e-05 2.336356999999999898e-05 2.336356999999999898e-05 2.336356999999999898e-05 2.336356999999999898e-05 2.336356999999999898e-05 2.336356999999999898e-05 2.336356999999999898e-05 2.336356999999999898e-05 2.336356999999999898e-05 2.336356999999999898e-05
2.336356999999999898e-05 2.336356999999999898e-05 2.336356999999999898e-05 2.336356999999999898e-05 2.336356999999999898e-05 2.336356999999999898e-05 2.336356999999999898e-05 2.336356999999999898e-05 2.336356999999999898e-05 2.336356999999999898e-05 2.336356999999999898e-05 2.336356999999999898e-05 2.336356999999999898e-05 2.336356999999999898e-05 2.336356999999999898e-05 2.336356999999999898e-05 2.336356999999999898e-05 2.336356999999999898e-05 2.336356999999999898e-05 2.336356999999999898e-05
2.336356999999999898e-05 2.336356999999999898e-05 2.336356999999999898e-05 2.336356999999999898e-05 2.336356999999999898e-05 2.336356999999999898e-05 2.336356999999999898e-05 2.336356999999999898e-05 2.336356999999999898e-05 2.336356999999999898e-05 2.336356999999999898e-05 2.336356999999999898e-05 2.336356999999999898e-05 2.336356999999999898e-05 2.336356999999999898e-05 2.336356999999999898e-05 2.336356999999999898e-05 2.336356999999999898e-05 2.336356999999999898e-05 2.336356999999999898e-05
2.336356999999999898e-05 2.336356999999999898e-05 2.336356999999999898e-05 2.336356999999999898e-05 2.336356999999999898e-05 2.336356999999999898e-05 2.336356999999999898e-05 2.336356999999999898e-05 2.336356999999999898e-05 2.336356999999999898e-05 2.336356999999999898e-05 2.336356999999999898e-05 2.336356999999999898e-05 2.336356999999999898e-05 2.336356999999999898e-05 2.336356999999999898e-05 2.336356999999999898e-05 2.336356999999999898e-05 2.336356999999999898e-05 2.336356999999999898e-05
2.336356999999999898e-05 2.336356999999999898e-05 2.336356999999999898e-05 2.336356999999999898e-05 2.336356999999999898e-05 2.336356999999999898e-05 2.336356999999999898e-05 2.336356999999999898e-05 2.336356999999999898e-05 2.336356999999999898e-05 2.336356999999999898e-05 2.336356999999999898e-05 2.336356999999999898e-05 2.336356999999999898e-05 2.336356999999999898e-05 2.336356999999999898e-05 2.336356999999999898e-05 2.336356999999999898e-05 2.336356999999999898e-05 2.336356999999999898e-05
2.336356999999999898e-05 2.336356999999999898e-05 2.336356999999999898e-05 2.336356999999999898e-05 2.336356999999999898e-05 2.336356999999999898e-05 2.336356999999999898e-05 2.336356999999999898e-05 2.336356999999999898e-05 2.336356999999999898e-05 2.336356999999999898e-05 2.336356999999999898e-05 2.336356999999999898e-05 2.336356999999999898e-05 2.336356999999999898e-05 2.336356999999999898e-05 2.336356999999999898e-05 2.336356999999999898e-05 2.336356999999999898e-05 2.336356999999999898e-05
2.336356999999999898e-05 2.336356999999999898e-05 2.336356999999999898e-05 2.336356999999999898e-05 2.336356999999999898e-05 2.336356999999999898e-05 2.336356999999999898e-05 2.336356999999999898e-05 2.336356999999999898e-05 2.336356999999999898e-05 2.336356999999999898e-05 2.336356999999999898e-05 2.336356999999999898e-05 2.336356999999999898e-05 2.336356999999999898e-05 2.336356999999999898e-05 2.336356999999999898e-05 2.336356999999999898e-05 2.336356999999999898e-05 2.336356999999999898e-05
2.336356999999999898e-05 2.336356999999999898e-05 2.336356999999999898e-05 2.336356999999999898e-05 2.336356999999999898e-05 2.336356999999999898e-05 2.336356999999999898e-05 2.336356999999999898e-05 2.336356999999999898e-05 2.336356999999999898e-05 2.336356999999999898e-05 2.336356999999999898e-05 2.336356999999999898e-05 2.336356999999999898e-05 2.336356999999999898e-05 2.336356999999999898e-05 2.336356999999999898e-05 2.336356999999999898e-05 2.336356999999999898e-05 2.336356999999999898e-05
2.336356999999999898e-05 2.336356999999999898e-05 2.336356999999999898e-05 2.336356999999999898e-05 2.336356999999999898e-05 2.336356999999999898e-05 2.336356999999999898e-05 2.336356999999999898e-05 2.336356999999999898e-05 2.336356999999999898e-05 2.336356999999999898e-05 2.336356999999999898e-05 2.336356999999999898e-05 2.336356999999999898e-05 2.336356999999999898e-05 2.336356999999999898e-05 2.336356999999999898e-05 2.336356999999999898e-05 2.336356999999999898e-05 2.336356999999999898e-05
2.336356999999999898e-05 2.336356999999999898e-05 2.336356999999999898e-05 2.336356999999999898e-05 2.336356999999999898e-05 2.336356999999999898e-05 2.336356999999999898e-05 2.336356999999999898e-05 2.336356999999999898e-05 2.336356999999999898e-05 2.336356999999999898e-05 2.336356999999999898e-05 2.336356999999999898e-05 2.336356999999999898e-05 2.336356999999999898e-05 2.336356999999999898e-05 2.336356999999999898e-05 2.336356999999999898e-05 2.336356999999999898e-05 2.336356999999999898e-05
2.336356999999999898e-05 2.336356999999999898e-05 2.336356999999999898e-05 2.336356999999999898e-05 2.336356999999999898e-05 2.336356999999999898e-05 2.336356999999999898e-05 2.336356999999999898e-05 2.336356999999999898e-05 2.336356999999999898e-05 2.336356999999999898e-05 2.336356999999999898e-05 2.336356999999999898e-05 2.336356999999999898e-05 2.336356999999999898e-05 2.336356999999999898e-05 2.336356999999999898e-05 2.336356999999999898e-05 2.336356999999999898e-05 2.336356999999999898e-05
2.336356999999999898e-05 2.336356999999999898e-05 2.336356999999999898e-05 2.336356999999999898e-05 2.336356999999999898e-05 2.336356999999999898e-05 2.336356999999999898e-05 2.336356999999999898e-05 2.336356999999999898e-05 2.336356999999999898e-05 2.336356999999999898e-05 2.336356999999999898e-05 2.336356999999999898e-05 2.336356999999999898e-05 2.336356999999999898e-05 2.336356999999999898e-05 2.336356999999999898e-05 2.336356999999999898e-05 2.336356999999999898e-05 2.336356999999999898e-05
2.336356999999999898e-05 2.336356999999999898e-05 2.336356999999999898e-05 2.336356999999999898e-05 2.336356999999999898e-05 2.336356999999999898e-05 2.336356999999999898e-05 2.336356999999999898e-05 2.336356999999999898e-05 2.336356999999999898e-05 2.336356999999999898e-05 2.336356999999999898e-05 2.336356999999999898e-05 2.336356999999999898e-05 2.336356999999999898e-05 2.336356999999999898e-05 2.336356999999999898e-05 2.336356999999999898e-05 2.336356999999999898e-05 2.336356999999999898e-05
2.336356999999999898e-05 2.336356999999999898e-05 2.336356999999999898e-05 2.336356999999999898e-05 2.336356999999999898e-05 2.336356999999999898e-05 2.336356999999999898e-05 2.336356999999999898e-05 2.336356999999999898e-05 2.336356999999999898e-05 2.336356999999999898e-05 2.336356999999999898e-05 2.336356999999999898e-05 2.336356999999999898e-05 2.336356999999999898e-05 2.336356999999999898e-05 2.336356999999999898e-05 2.336356999999999898e-05 2.336356999999999898e-05 2.336356999999999898e-05
2.336356999999999898e-05 2.336356999999999898e-05 2.336356999999999898e-05 2.336356999999999898e-05 2.336356999999999898e-05 2.336356999999999898e-05 2.336356999999999898e-05 2.336356999999999898e-05 2.336356999999999898e-05 2.336356999999999898e-05 2.336356999999999898e-05 2.336356999999999898e-05 2.336356999999999898e-05 2.336356999999999898e-05 2.336356999999999898e-05 2.336356999999999898e-05 2.336356999999999898e-05 2.336356999999999898e-05 2.336356999999999898e-05 2.336356999999999898e-05
2.336356999999999898e-05 2.336356999999999898e-05 2.336356999999999898e-05 2.336356999999999898e-05 2.336356999999999898e-05 2.336356999999999898e-05 2.336356999999999898e-05 2.336356999999999898e-05 2.336356999999999898e-05 2.336356999999999898e-05 2.336356999999999898e-05 2.336356999999999898e-05 2.336356999999999898e-05 2.336356999999999898e-05 2.336356999999999898e-05 2.336356999999999898e-05 2.336356999999999898e-05 2.336356999999999898e-05 2.336356999999999898e-05 2.336356999999999898e-05
2.336356999999999898e-05 2.336356999999999898e-05 2.336356999999999898e-05 2.336356999999999898e-05 2.336356999999999898e-05 2.336356999999999898e-05 2.336356999999999898e-05 2.336356999999999898e-05 2.336356999999999898e-05 2.336356999999999898e-05 2.336356999999999898e-05 2.336356999999999898e-05 2.336356999999999898e-05 2.336356999999999898e-05 2.336356999999999898e-05 2.336356999999999898e-05 2.336356999999999898e-05 2.336356999999999898e-05 2.336356999999999898e-05 2.336356999999999898e-05
2.336356999999999898e-05 2.336356999999999898e-05 2.336356999999999898e-05 2.336356999999999898e-05 2.336356999999999898e-05 2.336356999999999898e-05 2.336356999999999898e-05 2.336356999999999898e-05 2.336356999999999898e-05 2.336356999999999898e-05 2.336356999999999898e-05 2.336356999999999898e-05 2.336356999999999898e-05 2.336356999999999898e-05 2.336356999999999898e-05 2.336356999999999898e-05 2.336356999999999898e-05 2.336356999999999898e-05 2.336356999999999898e-05 2.336356999999999898e-05
2.336356999999999898e-05 2.336356999999999898e-05 2.336356999999999898e-05 2.336356999999999898e-05 2.336356999999999898e-05 2.336356999999999898e-05 2.336356999999999898e-05 2.336356999999999898e-05 2.336356999999999898e-05 2.336356999999999898e-05 2.336356999999999898e-05 2.336356999999999898e-05 2.336356999999999898e-05 2.336356999999999898e-05 2.336356999999999898e-05 2.336356999999999898e-05 2.336356999999999898e-05 2.336356999999999898e-05 2.336356999999999898e-05 2.336356999999999898e-05
2.336356999999999898e-05 2.336356999999999898e-05 2.336356999999999898e-05 2.336356999999999898e-05 2.336356999999999898e-05 2.336356999999999898e-05 2.336356999999999898e-05 2.336356999999999898e-05 2.336356999999999898e-05 2.336356999999999898e-05 2.336356999999999898e-05 2.336356999999999898e-05 2.336356999999999898e-05 2.336356999999999898e-05 2.336356999999999898e-05 2.336356999999999898e-05 2.336356999999999898e-05 2.336356999999999898e-05 2.336356999999999898e-05 2.336356999999999898e-05
2.336356999999999898e-05 2.336356999999999898e-05 2.336356999999999898e-05 2.336356999999999898e-05 2.336356999999999898e-05 2.336356999999999898e-05 2.336356999999999898e-05 2.336356999999999898e-05 2.336356999999999898e-05 2.336356999999999898e-05 2.336356999999999898e-05 2.336356999999999898e-05 2.336356999999999898e-05 2.336356999999999898e-05 2.336356999999999898e-05 2.336356999999999898e-05 2.336356999999999898e-05 2.336356999999999898e-05 2.336356999999999898e-05 2.336356999999999898e-05
2.336356999999999898e-05 2.336356999999999898e-05 2.336356999999999898e-05 2.336356999999999898e-05 2.336356999999999898e-05 2.336356999999999898e-05 2.336356999999999898e-05 2.336356999999999898e-05 2.336356999999999898e-05 2.336356999999999898e-05 2.336356999999999898e-05 2.336356999999999898e-05 2.336356999999999898e-05 2.336356999999999898e-05 2.336356999999999898e-05 2.336356999999999898e-05 2.336356999999999898e-05 2.336356999999999898e-05 2.336356999999999898e-05 2.336356999999999898e-05
2.336356999999999898e-05 2.336356999999999898e-05 2.336356999999999898e-05 2.336356999999999898e-05 2.336356999999999898e-05 2.336356999999999898e-05 2.336356999999999898e-05 2.336356999999999898e-05 2.336356999999999898e-05 2.336356999999999898e-05 2.336356999999999898e-05 2.336356999999999898e-05 2.336356999999999898e-05 2.336356999999999898e-05 2.336356999999999898e-05 2.336356999999999898e-05 2.336356999999999898e-05 2.336356999999999898e-05 2.336356999999999898e-05 2.336356999999999898e-05
2.336356999999999898e-05 2.336356999999999898e-05 2.336356999999999898e-05 2.336356999999999898e-05 2.336356999999999898e-05 2.336356999999999898e-05 2.336356999999999898e-05 2.336356999999999898e-05 2.336356999999999898e-05 2.336356999999999898e-05 2.336356999999999898e-05 2.336356999999999898e-05 2.336356999999999898e-05 2.336356999999999898e-05 2.336356999999999898e-05 2.336356999999999898e-05 2.336356999999999898e-05 2.336356999999999898e-05 2.336356999999999898e-05 2.336356999999999898e-05
2.336356999999999898e-05 2.336356999999999898e-05 2.336356999999999898e-05 2.336356999999999898e-05 2.336356999999999898e-05 2.336356999999999898e-05 2.336356999999999898e-05 2.336356999999999898e-05 2.336356999999999898e-05 2.336356999999999898e-05 2.336356999999999898e-05 2.336356999999999898e-05 2.336356999999999898e-05 2.336356999999999898e-05 2.336356999999999898e-05 2.336356999999999898e-05 2.336356999999999898e-05 2.336356999999999898e-05 2.336356999999999898e-05 2.336356999999999898e-05
2.336356999999999898e-05 2.336356999999999898e-05 2.336356999999999898e-05 2.336356999999999898e-05 2.336356999999999898e-05 2.336356999999999898e-05 2.336356999999999898e-05 2.336356999999999898e-05 2.336356999999999898e-05 2.336356999999999898e-05 2.336356999999999898e-05 2.336356999999999898e-05 2.336356999999999898e-05 2.336356999999999898e-05 2.336356999999999898e-05 2.336356999999999898e-05 2.336356999999999898e-05 2.336356999999999898e-05 2.336356999999999898e-05 2.336356999999999898e-05
2.336356999999999898e-05 2.336356999999999898e-05 2.336356999999999898e-05 2.336356999999999898e-05 2.336356999999999898e-05 2.336356999999999898e-05 2.336356999999999898e-05 2.336356999999999898e-05 2.336356999999999898e-05 2.336356999999999898e-05 2.336356999999999898e-05 2.336356999999999898e-05 2.336356999999999898e-05 2.336356999999999898e-05 2.336356999999999898e-05 2.336356999999999898e-05 2.336356999999999898e-05 2.336356999999999898e-05 2.336356999999999898e-05 2.336356999999999898e-05
2.336356999999999898e-05 2.336356999999999898e-05 2.336356999999999898e-05 2.336356999999999898e-05 2.336356999999999898e-05 2.336356999999999898e-05 2.336356999999999898e-05 2.336356999999999898e-05 2.336356999999999898e-05 2.336356999999999898e-05 2.336356999999999898e-05 2.336356999999999898e-05 2.336356999999999898e-05 2.336356999999999898e-05 2.336356999999999898e-05 2.336356999999999898e-05 2.336356999999999898e-05 2.336356999999999898e-05 2.336356999999999898e-05 2.336356999999999898e-05
2.336356999999999898e-05 2.336356999999999898e-05 2.336356999999999898e-05 2.336356999999999898e-05 2.336356999999999898e-05 2.336356999999999898e-05 2.336356999999999898e-05 2.336356999999999898e-05 2.336356999999999898e-05 2.336356999999999898e-05 2.336356999999999898e-05 2.336356999999999898e-05 2.336356999999999898e-05 2.336356999999999898e-05 2.336356999999999898e-05 2.336356999999999898e-05 2.336356999999999898e-05 2.336356999999999898e-05 2.336356999999999898e-05 2.336356999999999898e-05
2.336356999999999898e-05 2.336356999999999898e-05 2.336356999999999898e-05 2.336356999999999898e-05 2.336356999999999898e-05 2.336356999999999898e-05 2.336356999999999898e-05 2.336356999999999898e-05 2.336356999999999898e-05 2.336356999999999898e-05 2.336356999999999898e-05 2.336356999999999898e-05 2.336356999999999898e-05 2.336356999999999898e-05 2.336356999999999898e-05 2.336356999999999898e-05 2.336356999999999898e-05 2.336356999999999898e-05 2.336356999999999898e-05 2.336356999999999898e-05
2.336356999999999898e-05 2.336356999999999898e-05 2.336356999999999898e-05 2.336356999999999898e-05 2.336356999999999898e-05 2.336356999999999898e-05 2.336356999999999898e-05 2.336356999999999898e-05 2.336356999999999898e-05 2.336356999999999898e-05 2.336356999999999898e-05 2.336356999999999898e-05 2.336356999999999898e-05 2.336356999999999898e-05 2.336356999999999898e-05 2.336356999999999898e-05 2.336356999999999898e-05 2.336356999999999898e-05 2.336356999999999898e-05 2.336356999999999898e-05
2.336356999999999898e-05 2.336356999999999898e-05 2.336356999999999898e-05 2.336356999999999898e-05 2.336356999999999898e-05 2.336356999999999898e-05 2.336356999999999898e-05 2.336356999999999898e-05 2.336356999999999898e-05 2.336356999999999898e-05 2.336356999999999898e-05 2.336356999999999898e-05 2.336356999999999898e-05 2.336356999999999898e-05 2.336356999999999898e-05 2.336356999999999898e-05 2.336356999999999898e-05 2.336356999999999898e-05 2.336356999999999898e-05 2.336356999999999898e-05
2.336356999999999898e-05 2.336356999999999898e-05 2.336356999999999898e-05 2.336356999999999898e-05 2.336356999999999898e-05 2.336356999999999898e-05 2.336356999999999898e-05 2.336356999999999898e-05 2.336356999999999898e-05 2.336356999999999898e-05 2.336356999999999898e-05 2.336356999999999898e-05 2.336356999999999898e-05 2.336356999999999898e-05 2.336356999999999898e-05 2.336356999999999898e-05 2.336356999999999898e-05 2.336356999999999898e-05 2.336356999999999898e-05 2.336356999999999898e-05
2.336356999999999898e-05 2.336356999999999898e-05 2.336356999999999898e-05 2.336356999999999898e-05 2.336356999999999898e-05 2.336356999999999898e-05 2.336356999999999898e-05 2.336356999999999898e-05 2.336356999999999898e-05 2.336356999999999898e-05 2.336356999999999898e-05 2.336356999999999898e-05 2.336356999999999898e-05 2.336356999999999898e-05 2.336356999999999898e-05 2.336356999999999898e-05 2.336356999999999898e-05 2.336356999999999898e-05 2.336356999999999898e-05 2.336356999999999898e-05
2.336356999999999898e-05 2.336356999999999898e-05 2.336356999999999898e-05 2.336356999999999898e-05 2.336356999999999898e-05 2.336356999999999898e-05 2.336356999999999898e-05 2.336356999999999898e-05 2.336356999999999898e-05 2.336356999999999898e-05 2.336356999999999898e-05 2.336356999999999898e-05 2.336356999999999898e-05 2.336356999999999898e-05 2.336356999999999898e-05 2.336356999999999898e-05 2.336356999999999898e-05 2.336356999999999898e-05 2.336356999999999898e-05 2.336356999999999898e-05
