   6.743286E-05   6.743286E-05   6.743286E-05   6.743286E-05   6.743286E-05   6.743286E-05   6.743286E-05   6.743286E-05   6.743286E-05   6.743286E-05   6.743286E-05   6.743286E-05   6.743286E-05   6.743286E-05   6.743286E-05   6.743286E-05   6.743286E-05   6.743286E-05   6.743286E-05   6.743286E-05
   6.743286E-05   6.743286E-05   6.743286E-05   6.743286E-05   6.743286E-05   6.743286E-05   6.743286E-05   6.743286E-05   6.743286E-05   6.743286E-05   6.743286E-05   6.743286E-05   6.743286E-05   6.743286E-05   6.743286E-05   6.743286E-05   6.743286E-05   6.743286E-05   6.743286E-05   6.743286E-05
   6.743286E-05   6.743286E-05   6.743286E-05   6.743286E-05   6.743286E-05   6.743286E-05   6.743286E-05   6.743286E-05   6.743286E-05   6.743286E-05   6.743286E-05   6.743286E-05   6.743286E-05   6.743286E-05   6.743286E-05   6.743286E-05   6.743286E-05   6.743286E-05   6.743286E-05   6.743286E-05
   6.743286E-05   6.743286E-05   6.743286E-05   6.743286E-05   6.743286E-05   6.743286E-05   6.743286E-05   6.743286E-05   6.743286E-05   6.743286E-05   6.743286E-05   6.743286E-05   6.743286E-05   6.743286E-05   6.743286E-05   6.743286E-05   6.743286E-05   6.743286E-05   6.743286E-05   6.743286E-05
   6.743286E-05   6.743286E-05   6.743286E-05   6.743286E-05   6.743286E-05   6.743286E-05   6.743286E-05   6.743286E-05   6.743286E-05   6.743286E-05   6.743286E-05   6.743286E-05   6.743286E-05   6.743286E-05   6.743286E-05   6.743286E-05   6.743286E-05   6.743286E-05   6.743286E-05   6.743286E-05
   6.743286E-05   6.743286E-05   6.743286E-05   6.743286E-05   6.743286E-05   6.743286E-05   6.743286E-05   6.743286E-05   6.743286E-05   6.743286E-05   6.743286E-05   6.743286E-05   6.743286E-05   6.743286E-05   6.743286E-05   6.743286E-05   6.743286E-05   6.743286E-05   6.743286E-05   6.743286E-05
   6.743286E-05   6.743286E-05   6.743286E-05   6.743286E-05   6.743286E-05   6.743286E-05   6.743286E-05   6.743286E-05   6.743286E-05   6.743286E-05   6.743286E-05   6.743286E-05   6.743286E-05   6.743286E-05   6.743286E-05   6.743286E-05   6.743286E-05   6.743286E-05   6.743286E-05   6.743286E-05
   6.743286E-05   6.743286E-05   6.743286E-05   6.743286E-05   6.743286E-05   6.743286E-05   6.743286E-05   6.743286E-05   6.743286E-05   6.743286E-05   6.743286E-05   6.743286E-05   6.743286E-05   6.743286E-05   6.743286E-05   6.743286E-05   6.743286E-05   6.743286E-05   6.743286E-05   6.743286E-05
   6.743286E-05   6.743286E-05   6.743286E-05   6.743286E-05   6.743286E-05   6.743286E-05   6.743286E-05   6.743286E-05   6.743286E-05   6.743286E-05   6.743286E-05   6.743286E-05   6.743286E-05   6.743286E-05   6.743286E-05   6.743286E-05   6.743286E-05   6.743286E-05   6.743286E-05   6.743286E-05
   6.743286E-05   6.743286E-05   6.743286E-05   6.743286E-05   6.743286E-05   6.743286E-05   6.743286E-05   6.743286E-05   6.743286E-05   6.743286E-05   6.743286E-05   6.743286E-05   6.743286E-05   6.743286E-05   6.743286E-05   6.743286E-05   6.743286E-05   6.743286E-05   6.743286E-05   6.743286E-05
   6.743286E-05   6.743286E-05   6.743286E-05   6.743286E-05   6.743286E-05   6.743286E-05   6.743286E-05   6.743286E-05   6.743286E-05   6.743286E-05   6.743286E-05   6.743286E-05   6.743286E-05   6.743286E-05   6.743286E-05   6.743286E-05   6.743286E-05   6.743286E-05   6.743286E-05   6.743286E-05
   6.743286E-05   6.743286E-05   6.743286E-05   6.743286E-05   6.743286E-05   6.743286E-05   6.743286E-05   6.743286E-05   6.743286E-05   6.743286E-05   6.743286E-05   6.743286E-05   6.743286E-05   6.743286E-05   6.743286E-05   6.743286E-05   6.743286E-05   6.743286E-05   6.743286E-05   6.743286E-05
   6.743286E-05   6.743286E-05   6.743286E-05   6.743286E-05   6.743286E-05   6.743286E-05   6.743286E-05   6.743286E-05   6.743286E-05   6.743286E-05   6.743286E-05   6.743286E-05   6.743286E-05   6.743286E-05   6.743286E-05   6.743286E-05   6.743286E-05   6.743286E-05   6.743286E-05   6.743286E-05
   6.743286E-05   6.743286E-05   6.743286E-05   6.743286E-05   6.743286E-05   6.743286E-05   6.743286E-05   6.743286E-05   6.743286E-05   6.743286E-05   6.743286E-05   6.743286E-05   6.743286E-05   6.743286E-05   6.743286E-05   6.743286E-05   6.743286E-05   6.743286E-05   6.743286E-05   6.743286E-05
   6.743286E-05   6.743286E-05   6.743286E-05   6.743286E-05   6.743286E-05   6.743286E-05   6.743286E-05   6.743286E-05   6.743286E-05   6.743286E-05   6.743286E-05   6.743286E-05   6.743286E-05   6.743286E-05   6.743286E-05   6.743286E-05   6.743286E-05   6.743286E-05   6.743286E-05   6.743286E-05
   6.743286E-05   6.743286E-05   6.743286E-05   6.743286E-05   6.743286E-05   6.743286E-05   6.743286E-05   6.743286E-05   6.743286E-05   6.743286E-05   6.743286E-05   6.743286E-05   6.743286E-05   6.743286E-05   6.743286E-05   6.743286E-05   6.743286E-05   6.743286E-05   6.743286E-05   6.743286E-05
   6.743286E-05   6.743286E-05   6.743286E-05   6.743286E-05   6.743286E-05   6.743286E-05   6.743286E-05   6.743286E-05   6.743286E-05   6.743286E-05   6.743286E-05   6.743286E-05   6.743286E-05   6.743286E-05   6.743286E-05   6.743286E-05   6.743286E-05   6.743286E-05   6.743286E-05   6.743286E-05
   6.743286E-05   6.743286E-05   6.743286E-05   6.743286E-05   6.743286E-05   6.743286E-05   6.743286E-05   6.743286E-05   6.743286E-05   6.743286E-05   6.743286E-05   6.743286E-05   6.743286E-05   6.743286E-05   6.743286E-05   6.743286E-05   6.743286E-05   6.743286E-05   6.743286E-05   6.743286E-05
   6.743286E-05   6.743286E-05   6.743286E-05   6.743286E-05   6.743286E-05   6.743286E-05   6.743286E-05   6.743286E-05   6.743286E-05   6.743286E-05   6.743286E-05   6.743286E-05   6.743286E-05   6.743286E-05   6.743286E-05   6.743286E-05   6.743286E-05   6.743286E-05   6.743286E-05   6.743286E-05
   6.743286E-05   6.743286E-05   6.743286E-05   6.743286E-05   6.743286E-05   6.743286E-05   6.743286E-05   6.743286E-05   6.743286E-05   6.743286E-05   6.743286E-05   6.743286E-05   6.743286E-05   6.743286E-05   6.743286E-05   6.743286E-05   6.743286E-05   6.743286E-05   6.743286E-05   6.743286E-05
   6.743286E-05   6.743286E-05   6.743286E-05   6.743286E-05   6.743286E-05   6.743286E-05   6.743286E-05   6.743286E-05   6.743286E-05   6.743286E-05   6.743286E-05   6.743286E-05   6.743286E-05   6.743286E-05   6.743286E-05   6.743286E-05   6.743286E-05   6.743286E-05   6.743286E-05   6.743286E-05
   6.743286E-05   6.743286E-05   6.743286E-05   6.743286E-05   6.743286E-05   6.743286E-05   6.743286E-05   6.743286E-05   6.743286E-05   6.743286E-05   6.743286E-05   6.743286E-05   6.743286E-05   6.743286E-05   6.743286E-05   6.743286E-05   6.743286E-05   6.743286E-05   6.743286E-05   6.743286E-05
   6.743286E-05   6.743286E-05   6.743286E-05   6.743286E-05   6.743286E-05   6.743286E-05   6.743286E-05   6.743286E-05   6.743286E-05   6.743286E-05   6.743286E-05   6.743286E-05   6.743286E-05   6.743286E-05   6.743286E-05   6.743286E-05   6.743286E-05   6.743286E-05   6.743286E-05   6.743286E-05
   6.743286E-05   6.743286E-05   6.743286E-05   6.743286E-05   6.743286E-05   6.743286E-05   6.743286E-05   6.743286E-05   6.743286E-05   6.743286E-05   6.743286E-05   6.743286E-05   6.743286E-05   6.743286E-05   6.743286E-05   6.743286E-05   6.743286E-05   6.743286E-05   6.743286E-05   6.743286E-05
   6.743286E-05   6.743286E-05   6.743286E-05   6.743286E-05   6.743286E-05   6.743286E-05   6.743286E-05   6.743286E-05   6.743286E-05   6.743286E-05   6.743286E-05   6.743286E-05   6.743286E-05   6.743286E-05   6.743286E-05   6.743286E-05   6.743286E-05   6.743286E-05   6.743286E-05   6.743286E-05
   6.743286E-05   6.743286E-05   6.743286E-05   6.743286E-05   6.743286E-05   6.743286E-05   6.743286E-05   6.743286E-05   6.743286E-05   6.743286E-05   6.743286E-05   6.743286E-05   6.743286E-05   6.743286E-05   6.743286E-05   6.743286E-05   6.743286E-05   6.743286E-05   6.743286E-05   6.743286E-05
   6.743286E-05   6.743286E-05   6.743286E-05   6.743286E-05   6.743286E-05   6.743286E-05   6.743286E-05   6.743286E-05   6.743286E-05   6.743286E-05   6.743286E-05   6.743286E-05   6.743286E-05   6.743286E-05   6.743286E-05   6.743286E-05   6.743286E-05   6.743286E-05   6.743286E-05   6.743286E-05
   6.743286E-05   6.743286E-05   6.743286E-05   6.743286E-05   6.743286E-05   6.743286E-05   6.743286E-05   6.743286E-05   6.743286E-05   6.743286E-05   6.743286E-05   6.743286E-05   6.743286E-05   6.743286E-05   6.743286E-05   6.743286E-05   6.743286E-05   6.743286E-05   6.743286E-05   6.743286E-05
   6.743286E-05   6.743286E-05   6.743286E-05   6.743286E-05   6.743286E-05   6.743286E-05   6.743286E-05   6.743286E-05   6.743286E-05   6.743286E-05   6.743286E-05   6.743286E-05   6.743286E-05   6.743286E-05   6.743286E-05   6.743286E-05   6.743286E-05   6.743286E-05   6.743286E-05   6.743286E-05
   6.743286E-05   6.743286E-05   6.743286E-05   6.743286E-05   6.743286E-05   6.743286E-05   6.743286E-05   6.743286E-05   6.743286E-05   6.743286E-05   6.743286E-05   6.743286E-05   6.743286E-05   6.743286E-05   6.743286E-05   6.743286E-05   6.743286E-05   6.743286E-05   6.743286E-05   6.743286E-05
   6.743286E-05   6.743286E-05   6.743286E-05   6.743286E-05   6.743286E-05   6.743286E-05   6.743286E-05   6.743286E-05   6.743286E-05   6.743286E-05   6.743286E-05   6.743286E-05   6.743286E-05   6.743286E-05   6.743286E-05   6.743286E-05   6.743286E-05   6.743286E-05   6.743286E-05   6.743286E-05
   6.743286E-05   6.743286E-05   6.743286E-05   6.743286E-05   6.743286E-05   6.743286E-05   6.743286E-05   6.743286E-05   6.743286E-05   6.743286E-05   6.743286E-05   6.743286E-05   6.743286E-05   6.743286E-05   6.743286E-05   6.743286E-05   6.743286E-05   6.743286E-05   6.743286E-05   6.743286E-05
   6.743286E-05   6.743286E-05   6.743286E-05   6.743286E-05   6.743286E-05   6.743286E-05   6.743286E-05   6.743286E-05   6.743286E-05   6.743286E-05   6.743286E-05   6.743286E-05   6.743286E-05   6.743286E-05   6.743286E-05   6.743286E-05   6.743286E-05   6.743286E-05   6.743286E-05   6.743286E-05
   6.743286E-05   6.743286E-05   6.743286E-05   6.743286E-05   6.743286E-05   6.743286E-05   6.743286E-05   6.743286E-05   6.743286E-05   6.743286E-05   6.743286E-05   6.743286E-05   6.743286E-05   6.743286E-05   6.743286E-05   6.743286E-05   6.743286E-05   6.743286E-05   6.743286E-05   6.743286E-05
   6.743286E-05   6.743286E-05   6.743286E-05   6.743286E-05   6.743286E-05   6.743286E-05   6.743286E-05   6.743286E-05   6.743286E-05   6.743286E-05   6.743286E-05   6.743286E-05   6.743286E-05   6.743286E-05   6.743286E-05   6.743286E-05   6.743286E-05   6.743286E-05   6.743286E-05   6.743286E-05
   6.743286E-05   6.743286E-05   6.743286E-05   6.743286E-05   6.743286E-05   6.743286E-05   6.743286E-05   6.743286E-05   6.743286E-05   6.743286E-05   6.743286E-05   6.743286E-05   6.743286E-05   6.743286E-05   6.743286E-05   6.743286E-05   6.743286E-05   6.743286E-05   6.743286E-05   6.743286E-05
   6.743286E-05   6.743286E-05   6.743286E-05   6.743286E-05   6.743286E-05   6.743286E-05   6.743286E-05   6.743286E-05   6.743286E-05   6.743286E-05   6.743286E-05   6.743286E-05   6.743286E-05   6.743286E-05   6.743286E-05   6.743286E-05   6.743286E-05   6.743286E-05   6.743286E-05   6.743286E-05
   6.743286E-05   6.743286E-05   6.743286E-05   6.743286E-05   6.743286E-05   6.743286E-05   6.743286E-05   6.743286E-05   6.743286E-05   6.743286E-05   6.743286E-05   6.743286E-05   6.743286E-05   6.743286E-05   6.743286E-05   6.743286E-05   6.743286E-05   6.743286E-05   6.743286E-05   6.743286E-05
   6.743286E-05   6.743286E-05   6.743286E-05   6.743286E-05   6.743286E-05   6.743286E-05   6.743286E-05   6.743286E-05   6.743286E-05   6.743286E-05   6.743286E-05   6.743286E-05   6.743286E-05   6.743286E-05   6.743286E-05   6.743286E-05   6.743286E-05   6.743286E-05   6.743286E-05   6.743286E-05
   6.743286E-05   6.743286E-05   6.743286E-05   6.743286E-05   6.743286E-05   6.743286E-05   6.743286E-05   6.743286E-05   6.743286E-05   6.743286E-05   6.743286E-05   6.743286E-05   6.743286E-05   6.743286E-05   6.743286E-05   6.743286E-05   6.743286E-05   6.743286E-05   6.743286E-05   6.743286E-05
