   4.684625E-05   4.684625E-05   4.684625E-05   4.684625E-05   4.684625E-05   4.684625E-05   4.684625E-05   4.684625E-05   4.684625E-05   4.684625E-05   4.684625E-05   4.684625E-05   4.684625E-05   4.684625E-05   4.684625E-05   4.684625E-05   4.684625E-05   4.684625E-05   4.684625E-05   4.684625E-05
   4.684625E-05   4.684625E-05   4.684625E-05   4.684625E-05   4.684625E-05   4.684625E-05   4.684625E-05   4.684625E-05   4.684625E-05   4.684625E-05   4.684625E-05   4.684625E-05   4.684625E-05   4.684625E-05   4.684625E-05   4.684625E-05   4.684625E-05   4.684625E-05   4.684625E-05   4.684625E-05
   4.684625E-05   4.684625E-05   4.684625E-05   4.684625E-05   4.684625E-05   4.684625E-05   4.684625E-05   4.684625E-05   4.684625E-05   4.684625E-05   4.684625E-05   4.684625E-05   4.684625E-05   4.684625E-05   4.684625E-05   4.684625E-05   4.684625E-05   4.684625E-05   4.684625E-05   4.684625E-05
   4.684625E-05   4.684625E-05   4.684625E-05   4.684625E-05   4.684625E-05   4.684625E-05   4.684625E-05   4.684625E-05   4.684625E-05   4.684625E-05   4.684625E-05   4.684625E-05   4.684625E-05   4.684625E-05   4.684625E-05   4.684625E-05   4.684625E-05   4.684625E-05   4.684625E-05   4.684625E-05
   4.684625E-05   4.684625E-05   4.684625E-05   4.684625E-05   4.684625E-05   4.684625E-05   4.684625E-05   4.684625E-05   4.684625E-05   4.684625E-05   4.684625E-05   4.684625E-05   4.684625E-05   4.684625E-05   4.684625E-05   4.684625E-05   4.684625E-05   4.684625E-05   4.684625E-05   4.684625E-05
   4.684625E-05   4.684625E-05   4.684625E-05   4.684625E-05   4.684625E-05   4.684625E-05   4.684625E-05   4.684625E-05   4.684625E-05   4.684625E-05   4.684625E-05   4.684625E-05   4.684625E-05   4.684625E-05   4.684625E-05   4.684625E-05   4.684625E-05   4.684625E-05   4.684625E-05   4.684625E-05
   4.684625E-05   4.684625E-05   4.684625E-05   4.684625E-05   4.684625E-05   4.684625E-05   4.684625E-05   4.684625E-05   4.684625E-05   4.684625E-05   4.684625E-05   4.684625E-05   4.684625E-05   4.684625E-05   4.684625E-05   4.684625E-05   4.684625E-05   4.684625E-05   4.684625E-05   4.684625E-05
   4.684625E-05   4.684625E-05   4.684625E-05   4.684625E-05   4.684625E-05   4.684625E-05   4.684625E-05   4.684625E-05   4.684625E-05   4.684625E-05   4.684625E-05   4.684625E-05   4.684625E-05   4.684625E-05   4.684625E-05   4.684625E-05   4.684625E-05   4.684625E-05   4.684625E-05   4.684625E-05
   4.684625E-05   4.684625E-05   4.684625E-05   4.684625E-05   4.684625E-05   4.684625E-05   4.684625E-05   4.684625E-05   4.684625E-05   4.684625E-05   4.684625E-05   4.684625E-05   4.684625E-05   4.684625E-05   4.684625E-05   4.684625E-05   4.684625E-05   4.684625E-05   4.684625E-05   4.684625E-05
   4.684625E-05   4.684625E-05   4.684625E-05   4.684625E-05   4.684625E-05   4.684625E-05   4.684625E-05   4.684625E-05   4.684625E-05   4.684625E-05   4.684625E-05   4.684625E-05   4.684625E-05   4.684625E-05   4.684625E-05   4.684625E-05   4.684625E-05   4.684625E-05   4.684625E-05   4.684625E-05
   4.684625E-05   4.684625E-05   4.684625E-05   4.684625E-05   4.684625E-05   4.684625E-05   4.684625E-05   4.684625E-05   4.684625E-05   4.684625E-05   4.684625E-05   4.684625E-05   4.684625E-05   4.684625E-05   4.684625E-05   4.684625E-05   4.684625E-05   4.684625E-05   4.684625E-05   4.684625E-05
   4.684625E-05   4.684625E-05   4.684625E-05   4.684625E-05   4.684625E-05   4.684625E-05   4.684625E-05   4.684625E-05   4.684625E-05   4.684625E-05   4.684625E-05   4.684625E-05   4.684625E-05   4.684625E-05   4.684625E-05   4.684625E-05   4.684625E-05   4.684625E-05   4.684625E-05   4.684625E-05
   4.684625E-05   4.684625E-05   4.684625E-05   4.684625E-05   4.684625E-05   4.684625E-05   4.684625E-05   4.684625E-05   4.684625E-05   4.684625E-05   4.684625E-05   4.684625E-05   4.684625E-05   4.684625E-05   4.684625E-05   4.684625E-05   4.684625E-05   4.684625E-05   4.684625E-05   4.684625E-05
   4.684625E-05   4.684625E-05   4.684625E-05   4.684625E-05   4.684625E-05   4.684625E-05   4.684625E-05   4.684625E-05   4.684625E-05   4.684625E-05   4.684625E-05   4.684625E-05   4.684625E-05   4.684625E-05   4.684625E-05   4.684625E-05   4.684625E-05   4.684625E-05   4.684625E-05   4.684625E-05
   4.684625E-05   4.684625E-05   4.684625E-05   4.684625E-05   4.684625E-05   4.684625E-05   4.684625E-05   4.684625E-05   4.684625E-05   4.684625E-05   4.684625E-05   4.684625E-05   4.684625E-05   4.684625E-05   4.684625E-05   4.684625E-05   4.684625E-05   4.684625E-05   4.684625E-05   4.684625E-05
   4.684625E-05   4.684625E-05   4.684625E-05   4.684625E-05   4.684625E-05   4.684625E-05   4.684625E-05   4.684625E-05   4.684625E-05   4.684625E-05   4.684625E-05   4.684625E-05   4.684625E-05   4.684625E-05   4.684625E-05   4.684625E-05   4.684625E-05   4.684625E-05   4.684625E-05   4.684625E-05
   4.684625E-05   4.684625E-05   4.684625E-05   4.684625E-05   4.684625E-05   4.684625E-05   4.684625E-05   4.684625E-05   4.684625E-05   4.684625E-05   4.684625E-05   4.684625E-05   4.684625E-05   4.684625E-05   4.684625E-05   4.684625E-05   4.684625E-05   4.684625E-05   4.684625E-05   4.684625E-05
   4.684625E-05   4.684625E-05   4.684625E-05   4.684625E-05   4.684625E-05   4.684625E-05   4.684625E-05   4.684625E-05   4.684625E-05   4.684625E-05   4.684625E-05   4.684625E-05   4.684625E-05   4.684625E-05   4.684625E-05   4.684625E-05   4.684625E-05   4.684625E-05   4.684625E-05   4.684625E-05
   4.684625E-05   4.684625E-05   4.684625E-05   4.684625E-05   4.684625E-05   4.684625E-05   4.684625E-05   4.684625E-05   4.684625E-05   4.684625E-05   4.684625E-05   4.684625E-05   4.684625E-05   4.684625E-05   4.684625E-05   4.684625E-05   4.684625E-05   4.684625E-05   4.684625E-05   4.684625E-05
   4.684625E-05   4.684625E-05   4.684625E-05   4.684625E-05   4.684625E-05   4.684625E-05   4.684625E-05   4.684625E-05   4.684625E-05   4.684625E-05   4.684625E-05   4.684625E-05   4.684625E-05   4.684625E-05   4.684625E-05   4.684625E-05   4.684625E-05   4.684625E-05   4.684625E-05   4.684625E-05
   4.684625E-05   4.684625E-05   4.684625E-05   4.684625E-05   4.684625E-05   4.684625E-05   4.684625E-05   4.684625E-05   4.684625E-05   4.684625E-05   4.684625E-05   4.684625E-05   4.684625E-05   4.684625E-05   4.684625E-05   4.684625E-05   4.684625E-05   4.684625E-05   4.684625E-05   4.684625E-05
   4.684625E-05   4.684625E-05   4.684625E-05   4.684625E-05   4.684625E-05   4.684625E-05   4.684625E-05   4.684625E-05   4.684625E-05   4.684625E-05   4.684625E-05   4.684625E-05   4.684625E-05   4.684625E-05   4.684625E-05   4.684625E-05   4.684625E-05   4.684625E-05   4.684625E-05   4.684625E-05
   4.684625E-05   4.684625E-05   4.684625E-05   4.684625E-05   4.684625E-05   4.684625E-05   4.684625E-05   4.684625E-05   4.684625E-05   4.684625E-05   4.684625E-05   4.684625E-05   4.684625E-05   4.684625E-05   4.684625E-05   4.684625E-05   4.684625E-05   4.684625E-05   4.684625E-05   4.684625E-05
   4.684625E-05   4.684625E-05   4.684625E-05   4.684625E-05   4.684625E-05   4.684625E-05   4.684625E-05   4.684625E-05   4.684625E-05   4.684625E-05   4.684625E-05   4.684625E-05   4.684625E-05   4.684625E-05   4.684625E-05   4.684625E-05   4.684625E-05   4.684625E-05   4.684625E-05   4.684625E-05
   4.684625E-05   4.684625E-05   4.684625E-05   4.684625E-05   4.684625E-05   4.684625E-05   4.684625E-05   4.684625E-05   4.684625E-05   4.684625E-05   4.684625E-05   4.684625E-05   4.684625E-05   4.684625E-05   4.684625E-05   4.684625E-05   4.684625E-05   4.684625E-05   4.684625E-05   4.684625E-05
   4.684625E-05   4.684625E-05   4.684625E-05   4.684625E-05   4.684625E-05   4.684625E-05   4.684625E-05   4.684625E-05   4.684625E-05   4.684625E-05   4.684625E-05   4.684625E-05   4.684625E-05   4.684625E-05   4.684625E-05   4.684625E-05   4.684625E-05   4.684625E-05   4.684625E-05   4.684625E-05
   4.684625E-05   4.684625E-05   4.684625E-05   4.684625E-05   4.684625E-05   4.684625E-05   4.684625E-05   4.684625E-05   4.684625E-05   4.684625E-05   4.684625E-05   4.684625E-05   4.684625E-05   4.684625E-05   4.684625E-05   4.684625E-05   4.684625E-05   4.684625E-05   4.684625E-05   4.684625E-05
   4.684625E-05   4.684625E-05   4.684625E-05   4.684625E-05   4.684625E-05   4.684625E-05   4.684625E-05   4.684625E-05   4.684625E-05   4.684625E-05   4.684625E-05   4.684625E-05   4.684625E-05   4.684625E-05   4.684625E-05   4.684625E-05   4.684625E-05   4.684625E-05   4.684625E-05   4.684625E-05
   4.684625E-05   4.684625E-05   4.684625E-05   4.684625E-05   4.684625E-05   4.684625E-05   4.684625E-05   4.684625E-05   4.684625E-05   4.684625E-05   4.684625E-05   4.684625E-05   4.684625E-05   4.684625E-05   4.684625E-05   4.684625E-05   4.684625E-05   4.684625E-05   4.684625E-05   4.684625E-05
   4.684625E-05   4.684625E-05   4.684625E-05   4.684625E-05   4.684625E-05   4.684625E-05   4.684625E-05   4.684625E-05   4.684625E-05   4.684625E-05   4.684625E-05   4.684625E-05   4.684625E-05   4.684625E-05   4.684625E-05   4.684625E-05   4.684625E-05   4.684625E-05   4.684625E-05   4.684625E-05
   4.684625E-05   4.684625E-05   4.684625E-05   4.684625E-05   4.684625E-05   4.684625E-05   4.684625E-05   4.684625E-05   4.684625E-05   4.684625E-05   4.684625E-05   4.684625E-05   4.684625E-05   4.684625E-05   4.684625E-05   4.684625E-05   4.684625E-05   4.684625E-05   4.684625E-05   4.684625E-05
   4.684625E-05   4.684625E-05   4.684625E-05   4.684625E-05   4.684625E-05   4.684625E-05   4.684625E-05   4.684625E-05   4.684625E-05   4.684625E-05   4.684625E-05   4.684625E-05   4.684625E-05   4.684625E-05   4.684625E-05   4.684625E-05   4.684625E-05   4.684625E-05   4.684625E-05   4.684625E-05
   4.684625E-05   4.684625E-05   4.684625E-05   4.684625E-05   4.684625E-05   4.684625E-05   4.684625E-05   4.684625E-05   4.684625E-05   4.684625E-05   4.684625E-05   4.684625E-05   4.684625E-05   4.684625E-05   4.684625E-05   4.684625E-05   4.684625E-05   4.684625E-05   4.684625E-05   4.684625E-05
   4.684625E-05   4.684625E-05   4.684625E-05   4.684625E-05   4.684625E-05   4.684625E-05   4.684625E-05   4.684625E-05   4.684625E-05   4.684625E-05   4.684625E-05   4.684625E-05   4.684625E-05   4.684625E-05   4.684625E-05   4.684625E-05   4.684625E-05   4.684625E-05   4.684625E-05   4.684625E-05
   4.684625E-05   4.684625E-05   4.684625E-05   4.684625E-05   4.684625E-05   4.684625E-05   4.684625E-05   4.684625E-05   4.684625E-05   4.684625E-05   4.684625E-05   4.684625E-05   4.684625E-05   4.684625E-05   4.684625E-05   4.684625E-05   4.684625E-05   4.684625E-05   4.684625E-05   4.684625E-05
   4.684625E-05   4.684625E-05   4.684625E-05   4.684625E-05   4.684625E-05   4.684625E-05   4.684625E-05   4.684625E-05   4.684625E-05   4.684625E-05   4.684625E-05   4.684625E-05   4.684625E-05   4.684625E-05   4.684625E-05   4.684625E-05   4.684625E-05   4.684625E-05   4.684625E-05   4.684625E-05
   4.684625E-05   4.684625E-05   4.684625E-05   4.684625E-05   4.684625E-05   4.684625E-05   4.684625E-05   4.684625E-05   4.684625E-05   4.684625E-05   4.684625E-05   4.684625E-05   4.684625E-05   4.684625E-05   4.684625E-05   4.684625E-05   4.684625E-05   4.684625E-05   4.684625E-05   4.684625E-05
   4.684625E-05   4.684625E-05   4.684625E-05   4.684625E-05   4.684625E-05   4.684625E-05   4.684625E-05   4.684625E-05   4.684625E-05   4.684625E-05   4.684625E-05   4.684625E-05   4.684625E-05   4.684625E-05   4.684625E-05   4.684625E-05   4.684625E-05   4.684625E-05   4.684625E-05   4.684625E-05
   4.684625E-05   4.684625E-05   4.684625E-05   4.684625E-05   4.684625E-05   4.684625E-05   4.684625E-05   4.684625E-05   4.684625E-05   4.684625E-05   4.684625E-05   4.684625E-05   4.684625E-05   4.684625E-05   4.684625E-05   4.684625E-05   4.684625E-05   4.684625E-05   4.684625E-05   4.684625E-05
   4.684625E-05   4.684625E-05   4.684625E-05   4.684625E-05   4.684625E-05   4.684625E-05   4.684625E-05   4.684625E-05   4.684625E-05   4.684625E-05   4.684625E-05   4.684625E-05   4.684625E-05   4.684625E-05   4.684625E-05   4.684625E-05   4.684625E-05   4.684625E-05   4.684625E-05   4.684625E-05
