2.999999999999999889e-01 2.999999999999999889e-01 2.999999999999999889e-01 2.999999999999999889e-01 2.999999999999999889e-01 2.999999999999999889e-01 2.999999999999999889e-01 2.999999999999999889e-01 2.999999999999999889e-01 2.999999999999999889e-01 2.999999999999999889e-01 2.999999999999999889e-01 2.999999999999999889e-01 2.999999999999999889e-01 2.999999999999999889e-01 2.999999999999999889e-01 2.999999999999999889e-01 2.999999999999999889e-01 2.999999999999999889e-01 2.999999999999999889e-01
2.999999999999999889e-01 2.999999999999999889e-01 2.999999999999999889e-01 2.999999999999999889e-01 2.999999999999999889e-01 2.999999999999999889e-01 2.999999999999999889e-01 2.999999999999999889e-01 2.999999999999999889e-01 2.999999999999999889e-01 2.999999999999999889e-01 2.999999999999999889e-01 2.999999999999999889e-01 2.999999999999999889e-01 2.999999999999999889e-01 2.999999999999999889e-01 2.999999999999999889e-01 2.999999999999999889e-01 2.999999999999999889e-01 2.999999999999999889e-01
2.999999999999999889e-01 2.999999999999999889e-01 2.999999999999999889e-01 2.999999999999999889e-01 2.999999999999999889e-01 2.999999999999999889e-01 2.999999999999999889e-01 2.999999999999999889e-01 2.999999999999999889e-01 2.999999999999999889e-01 2.999999999999999889e-01 2.999999999999999889e-01 2.999999999999999889e-01 2.999999999999999889e-01 2.999999999999999889e-01 2.999999999999999889e-01 2.999999999999999889e-01 2.999999999999999889e-01 2.999999999999999889e-01 2.999999999999999889e-01
2.999999999999999889e-01 2.999999999999999889e-01 2.999999999999999889e-01 2.999999999999999889e-01 2.999999999999999889e-01 2.999999999999999889e-01 2.999999999999999889e-01 2.999999999999999889e-01 2.999999999999999889e-01 2.999999999999999889e-01 2.999999999999999889e-01 2.999999999999999889e-01 2.999999999999999889e-01 2.999999999999999889e-01 2.999999999999999889e-01 2.999999999999999889e-01 2.999999999999999889e-01 2.999999999999999889e-01 2.999999999999999889e-01 2.999999999999999889e-01
2.999999999999999889e-01 2.999999999999999889e-01 2.999999999999999889e-01 2.999999999999999889e-01 2.999999999999999889e-01 2.999999999999999889e-01 2.999999999999999889e-01 2.999999999999999889e-01 2.999999999999999889e-01 2.999999999999999889e-01 2.999999999999999889e-01 2.999999999999999889e-01 2.999999999999999889e-01 2.999999999999999889e-01 2.999999999999999889e-01 2.999999999999999889e-01 2.999999999999999889e-01 2.999999999999999889e-01 2.999999999999999889e-01 2.999999999999999889e-01
2.999999999999999889e-01 2.999999999999999889e-01 2.999999999999999889e-01 2.999999999999999889e-01 2.999999999999999889e-01 2.999999999999999889e-01 2.999999999999999889e-01 2.999999999999999889e-01 2.999999999999999889e-01 2.999999999999999889e-01 2.999999999999999889e-01 2.999999999999999889e-01 2.999999999999999889e-01 2.999999999999999889e-01 2.999999999999999889e-01 2.999999999999999889e-01 2.999999999999999889e-01 2.999999999999999889e-01 2.999999999999999889e-01 2.999999999999999889e-01
2.999999999999999889e-01 2.999999999999999889e-01 2.999999999999999889e-01 2.999999999999999889e-01 2.999999999999999889e-01 2.999999999999999889e-01 2.999999999999999889e-01 2.999999999999999889e-01 2.999999999999999889e-01 2.999999999999999889e-01 2.999999999999999889e-01 2.999999999999999889e-01 2.999999999999999889e-01 2.999999999999999889e-01 2.999999999999999889e-01 2.999999999999999889e-01 2.999999999999999889e-01 2.999999999999999889e-01 2.999999999999999889e-01 2.999999999999999889e-01
2.999999999999999889e-01 2.999999999999999889e-01 2.999999999999999889e-01 2.999999999999999889e-01 2.999999999999999889e-01 2.999999999999999889e-01 2.999999999999999889e-01 2.999999999999999889e-01 2.999999999999999889e-01 2.999999999999999889e-01 2.999999999999999889e-01 2.999999999999999889e-01 2.999999999999999889e-01 2.999999999999999889e-01 2.999999999999999889e-01 2.999999999999999889e-01 2.999999999999999889e-01 2.999999999999999889e-01 2.999999999999999889e-01 2.999999999999999889e-01
2.999999999999999889e-01 2.999999999999999889e-01 2.999999999999999889e-01 2.999999999999999889e-01 2.999999999999999889e-01 2.999999999999999889e-01 2.999999999999999889e-01 2.999999999999999889e-01 2.999999999999999889e-01 2.999999999999999889e-01 2.999999999999999889e-01 2.999999999999999889e-01 2.999999999999999889e-01 2.999999999999999889e-01 2.999999999999999889e-01 2.999999999999999889e-01 2.999999999999999889e-01 2.999999999999999889e-01 2.999999999999999889e-01 2.999999999999999889e-01
2.999999999999999889e-01 2.999999999999999889e-01 2.999999999999999889e-01 2.999999999999999889e-01 2.999999999999999889e-01 2.999999999999999889e-01 2.999999999999999889e-01 2.999999999999999889e-01 2.999999999999999889e-01 2.999999999999999889e-01 2.999999999999999889e-01 2.999999999999999889e-01 2.999999999999999889e-01 2.999999999999999889e-01 2.999999999999999889e-01 2.999999999999999889e-01 2.999999999999999889e-01 2.999999999999999889e-01 2.999999999999999889e-01 2.999999999999999889e-01
2.999999999999999889e-01 2.999999999999999889e-01 2.999999999999999889e-01 2.999999999999999889e-01 2.999999999999999889e-01 2.999999999999999889e-01 2.999999999999999889e-01 2.999999999999999889e-01 2.999999999999999889e-01 2.999999999999999889e-01 2.999999999999999889e-01 2.999999999999999889e-01 2.999999999999999889e-01 2.999999999999999889e-01 2.999999999999999889e-01 2.999999999999999889e-01 2.999999999999999889e-01 2.999999999999999889e-01 2.999999999999999889e-01 2.999999999999999889e-01
2.999999999999999889e-01 2.999999999999999889e-01 2.999999999999999889e-01 2.999999999999999889e-01 2.999999999999999889e-01 2.999999999999999889e-01 2.999999999999999889e-01 2.999999999999999889e-01 2.999999999999999889e-01 2.999999999999999889e-01 2.999999999999999889e-01 2.999999999999999889e-01 2.999999999999999889e-01 2.999999999999999889e-01 2.999999999999999889e-01 2.999999999999999889e-01 2.999999999999999889e-01 2.999999999999999889e-01 2.999999999999999889e-01 2.999999999999999889e-01
2.999999999999999889e-01 2.999999999999999889e-01 2.999999999999999889e-01 2.999999999999999889e-01 2.999999999999999889e-01 2.999999999999999889e-01 2.999999999999999889e-01 2.999999999999999889e-01 2.999999999999999889e-01 2.999999999999999889e-01 2.999999999999999889e-01 2.999999999999999889e-01 2.999999999999999889e-01 2.999999999999999889e-01 2.999999999999999889e-01 2.999999999999999889e-01 2.999999999999999889e-01 2.999999999999999889e-01 2.999999999999999889e-01 2.999999999999999889e-01
2.999999999999999889e-01 2.999999999999999889e-01 2.999999999999999889e-01 2.999999999999999889e-01 2.999999999999999889e-01 2.999999999999999889e-01 2.999999999999999889e-01 2.999999999999999889e-01 2.999999999999999889e-01 2.999999999999999889e-01 2.999999999999999889e-01 2.999999999999999889e-01 2.999999999999999889e-01 2.999999999999999889e-01 2.999999999999999889e-01 2.999999999999999889e-01 2.999999999999999889e-01 2.999999999999999889e-01 2.999999999999999889e-01 2.999999999999999889e-01
2.999999999999999889e-01 2.999999999999999889e-01 2.999999999999999889e-01 2.999999999999999889e-01 2.999999999999999889e-01 2.999999999999999889e-01 2.999999999999999889e-01 2.999999999999999889e-01 2.999999999999999889e-01 2.999999999999999889e-01 2.999999999999999889e-01 2.999999999999999889e-01 2.999999999999999889e-01 2.999999999999999889e-01 2.999999999999999889e-01 2.999999999999999889e-01 2.999999999999999889e-01 2.999999999999999889e-01 2.999999999999999889e-01 2.999999999999999889e-01
2.999999999999999889e-01 2.999999999999999889e-01 2.999999999999999889e-01 2.999999999999999889e-01 2.999999999999999889e-01 2.999999999999999889e-01 2.999999999999999889e-01 2.999999999999999889e-01 2.999999999999999889e-01 2.999999999999999889e-01 2.999999999999999889e-01 2.999999999999999889e-01 2.999999999999999889e-01 2.999999999999999889e-01 2.999999999999999889e-01 2.999999999999999889e-01 2.999999999999999889e-01 2.999999999999999889e-01 2.999999999999999889e-01 2.999999999999999889e-01
2.999999999999999889e-01 2.999999999999999889e-01 2.999999999999999889e-01 2.999999999999999889e-01 2.999999999999999889e-01 2.999999999999999889e-01 2.999999999999999889e-01 2.999999999999999889e-01 2.999999999999999889e-01 2.999999999999999889e-01 2.999999999999999889e-01 2.999999999999999889e-01 2.999999999999999889e-01 2.999999999999999889e-01 2.999999999999999889e-01 2.999999999999999889e-01 2.999999999999999889e-01 2.999999999999999889e-01 2.999999999999999889e-01 2.999999999999999889e-01
2.999999999999999889e-01 2.999999999999999889e-01 2.999999999999999889e-01 2.999999999999999889e-01 2.999999999999999889e-01 2.999999999999999889e-01 2.999999999999999889e-01 2.999999999999999889e-01 2.999999999999999889e-01 2.999999999999999889e-01 2.999999999999999889e-01 2.999999999999999889e-01 2.999999999999999889e-01 2.999999999999999889e-01 2.999999999999999889e-01 2.999999999999999889e-01 2.999999999999999889e-01 2.999999999999999889e-01 2.999999999999999889e-01 2.999999999999999889e-01
2.999999999999999889e-01 2.999999999999999889e-01 2.999999999999999889e-01 2.999999999999999889e-01 2.999999999999999889e-01 2.999999999999999889e-01 2.999999999999999889e-01 2.999999999999999889e-01 2.999999999999999889e-01 2.999999999999999889e-01 2.999999999999999889e-01 2.999999999999999889e-01 2.999999999999999889e-01 2.999999999999999889e-01 2.999999999999999889e-01 2.999999999999999889e-01 2.999999999999999889e-01 2.999999999999999889e-01 2.999999999999999889e-01 2.999999999999999889e-01
2.999999999999999889e-01 2.999999999999999889e-01 2.999999999999999889e-01 2.999999999999999889e-01 2.999999999999999889e-01 2.999999999999999889e-01 2.999999999999999889e-01 2.999999999999999889e-01 2.999999999999999889e-01 2.999999999999999889e-01 2.999999999999999889e-01 2.999999999999999889e-01 2.999999999999999889e-01 2.999999999999999889e-01 2.999999999999999889e-01 2.999999999999999889e-01 2.999999999999999889e-01 2.999999999999999889e-01 2.999999999999999889e-01 2.999999999999999889e-01
2.999999999999999889e-01 2.999999999999999889e-01 2.999999999999999889e-01 2.999999999999999889e-01 2.999999999999999889e-01 2.999999999999999889e-01 2.999999999999999889e-01 2.999999999999999889e-01 2.999999999999999889e-01 2.999999999999999889e-01 2.999999999999999889e-01 2.999999999999999889e-01 2.999999999999999889e-01 2.999999999999999889e-01 2.999999999999999889e-01 2.999999999999999889e-01 2.999999999999999889e-01 2.999999999999999889e-01 2.999999999999999889e-01 2.999999999999999889e-01
2.999999999999999889e-01 2.999999999999999889e-01 2.999999999999999889e-01 2.999999999999999889e-01 2.999999999999999889e-01 2.999999999999999889e-01 2.999999999999999889e-01 2.999999999999999889e-01 2.999999999999999889e-01 2.999999999999999889e-01 2.999999999999999889e-01 2.999999999999999889e-01 2.999999999999999889e-01 2.999999999999999889e-01 2.999999999999999889e-01 2.999999999999999889e-01 2.999999999999999889e-01 2.999999999999999889e-01 2.999999999999999889e-01 2.999999999999999889e-01
2.999999999999999889e-01 2.999999999999999889e-01 2.999999999999999889e-01 2.999999999999999889e-01 2.999999999999999889e-01 2.999999999999999889e-01 2.999999999999999889e-01 2.999999999999999889e-01 2.999999999999999889e-01 2.999999999999999889e-01 2.999999999999999889e-01 2.999999999999999889e-01 2.999999999999999889e-01 2.999999999999999889e-01 2.999999999999999889e-01 2.999999999999999889e-01 2.999999999999999889e-01 2.999999999999999889e-01 2.999999999999999889e-01 2.999999999999999889e-01
2.999999999999999889e-01 2.999999999999999889e-01 2.999999999999999889e-01 2.999999999999999889e-01 2.999999999999999889e-01 2.999999999999999889e-01 2.999999999999999889e-01 2.999999999999999889e-01 2.999999999999999889e-01 2.999999999999999889e-01 2.999999999999999889e-01 2.999999999999999889e-01 2.999999999999999889e-01 2.999999999999999889e-01 2.999999999999999889e-01 2.999999999999999889e-01 2.999999999999999889e-01 2.999999999999999889e-01 2.999999999999999889e-01 2.999999999999999889e-01
2.999999999999999889e-01 2.999999999999999889e-01 2.999999999999999889e-01 2.999999999999999889e-01 2.999999999999999889e-01 2.999999999999999889e-01 2.999999999999999889e-01 2.999999999999999889e-01 2.999999999999999889e-01 2.999999999999999889e-01 2.999999999999999889e-01 2.999999999999999889e-01 2.999999999999999889e-01 2.999999999999999889e-01 2.999999999999999889e-01 2.999999999999999889e-01 2.999999999999999889e-01 2.999999999999999889e-01 2.999999999999999889e-01 2.999999999999999889e-01
2.999999999999999889e-01 2.999999999999999889e-01 2.999999999999999889e-01 2.999999999999999889e-01 2.999999999999999889e-01 2.999999999999999889e-01 2.999999999999999889e-01 2.999999999999999889e-01 2.999999999999999889e-01 2.999999999999999889e-01 2.999999999999999889e-01 2.999999999999999889e-01 2.999999999999999889e-01 2.999999999999999889e-01 2.999999999999999889e-01 2.999999999999999889e-01 2.999999999999999889e-01 2.999999999999999889e-01 2.999999999999999889e-01 2.999999999999999889e-01
2.999999999999999889e-01 2.999999999999999889e-01 2.999999999999999889e-01 2.999999999999999889e-01 2.999999999999999889e-01 2.999999999999999889e-01 2.999999999999999889e-01 2.999999999999999889e-01 2.999999999999999889e-01 2.999999999999999889e-01 2.999999999999999889e-01 2.999999999999999889e-01 2.999999999999999889e-01 2.999999999999999889e-01 2.999999999999999889e-01 2.999999999999999889e-01 2.999999999999999889e-01 2.999999999999999889e-01 2.999999999999999889e-01 2.999999999999999889e-01
2.999999999999999889e-01 2.999999999999999889e-01 2.999999999999999889e-01 2.999999999999999889e-01 2.999999999999999889e-01 2.999999999999999889e-01 2.999999999999999889e-01 2.999999999999999889e-01 2.999999999999999889e-01 2.999999999999999889e-01 2.999999999999999889e-01 2.999999999999999889e-01 2.999999999999999889e-01 2.999999999999999889e-01 2.999999999999999889e-01 2.999999999999999889e-01 2.999999999999999889e-01 2.999999999999999889e-01 2.999999999999999889e-01 2.999999999999999889e-01
2.999999999999999889e-01 2.999999999999999889e-01 2.999999999999999889e-01 2.999999999999999889e-01 2.999999999999999889e-01 2.999999999999999889e-01 2.999999999999999889e-01 2.999999999999999889e-01 2.999999999999999889e-01 2.999999999999999889e-01 2.999999999999999889e-01 2.999999999999999889e-01 2.999999999999999889e-01 2.999999999999999889e-01 2.999999999999999889e-01 2.999999999999999889e-01 2.999999999999999889e-01 2.999999999999999889e-01 2.999999999999999889e-01 2.999999999999999889e-01
2.999999999999999889e-01 2.999999999999999889e-01 2.999999999999999889e-01 2.999999999999999889e-01 2.999999999999999889e-01 2.999999999999999889e-01 2.999999999999999889e-01 2.999999999999999889e-01 2.999999999999999889e-01 2.999999999999999889e-01 2.999999999999999889e-01 2.999999999999999889e-01 2.999999999999999889e-01 2.999999999999999889e-01 2.999999999999999889e-01 2.999999999999999889e-01 2.999999999999999889e-01 2.999999999999999889e-01 2.999999999999999889e-01 2.999999999999999889e-01
2.999999999999999889e-01 2.999999999999999889e-01 2.999999999999999889e-01 2.999999999999999889e-01 2.999999999999999889e-01 2.999999999999999889e-01 2.999999999999999889e-01 2.999999999999999889e-01 2.999999999999999889e-01 2.999999999999999889e-01 2.999999999999999889e-01 2.999999999999999889e-01 2.999999999999999889e-01 2.999999999999999889e-01 2.999999999999999889e-01 2.999999999999999889e-01 2.999999999999999889e-01 2.999999999999999889e-01 2.999999999999999889e-01 2.999999999999999889e-01
2.999999999999999889e-01 2.999999999999999889e-01 2.999999999999999889e-01 2.999999999999999889e-01 2.999999999999999889e-01 2.999999999999999889e-01 2.999999999999999889e-01 2.999999999999999889e-01 2.999999999999999889e-01 2.999999999999999889e-01 2.999999999999999889e-01 2.999999999999999889e-01 2.999999999999999889e-01 2.999999999999999889e-01 2.999999999999999889e-01 2.999999999999999889e-01 2.999999999999999889e-01 2.999999999999999889e-01 2.999999999999999889e-01 2.999999999999999889e-01
2.999999999999999889e-01 2.999999999999999889e-01 2.999999999999999889e-01 2.999999999999999889e-01 2.999999999999999889e-01 2.999999999999999889e-01 2.999999999999999889e-01 2.999999999999999889e-01 2.999999999999999889e-01 2.999999999999999889e-01 2.999999999999999889e-01 2.999999999999999889e-01 2.999999999999999889e-01 2.999999999999999889e-01 2.999999999999999889e-01 2.999999999999999889e-01 2.999999999999999889e-01 2.999999999999999889e-01 2.999999999999999889e-01 2.999999999999999889e-01
2.999999999999999889e-01 2.999999999999999889e-01 2.999999999999999889e-01 2.999999999999999889e-01 2.999999999999999889e-01 2.999999999999999889e-01 2.999999999999999889e-01 2.999999999999999889e-01 2.999999999999999889e-01 2.999999999999999889e-01 2.999999999999999889e-01 2.999999999999999889e-01 2.999999999999999889e-01 2.999999999999999889e-01 2.999999999999999889e-01 2.999999999999999889e-01 2.999999999999999889e-01 2.999999999999999889e-01 2.999999999999999889e-01 2.999999999999999889e-01
2.999999999999999889e-01 2.999999999999999889e-01 2.999999999999999889e-01 2.999999999999999889e-01 2.999999999999999889e-01 2.999999999999999889e-01 2.999999999999999889e-01 2.999999999999999889e-01 2.999999999999999889e-01 2.999999999999999889e-01 2.999999999999999889e-01 2.999999999999999889e-01 2.999999999999999889e-01 2.999999999999999889e-01 2.999999999999999889e-01 2.999999999999999889e-01 2.999999999999999889e-01 2.999999999999999889e-01 2.999999999999999889e-01 2.999999999999999889e-01
2.999999999999999889e-01 2.999999999999999889e-01 2.999999999999999889e-01 2.999999999999999889e-01 2.999999999999999889e-01 2.999999999999999889e-01 2.999999999999999889e-01 2.999999999999999889e-01 2.999999999999999889e-01 2.999999999999999889e-01 2.999999999999999889e-01 2.999999999999999889e-01 2.999999999999999889e-01 2.999999999999999889e-01 2.999999999999999889e-01 2.999999999999999889e-01 2.999999999999999889e-01 2.999999999999999889e-01 2.999999999999999889e-01 2.999999999999999889e-01
2.999999999999999889e-01 2.999999999999999889e-01 2.999999999999999889e-01 2.999999999999999889e-01 2.999999999999999889e-01 2.999999999999999889e-01 2.999999999999999889e-01 2.999999999999999889e-01 2.999999999999999889e-01 2.999999999999999889e-01 2.999999999999999889e-01 2.999999999999999889e-01 2.999999999999999889e-01 2.999999999999999889e-01 2.999999999999999889e-01 2.999999999999999889e-01 2.999999999999999889e-01 2.999999999999999889e-01 2.999999999999999889e-01 2.999999999999999889e-01
2.999999999999999889e-01 2.999999999999999889e-01 2.999999999999999889e-01 2.999999999999999889e-01 2.999999999999999889e-01 2.999999999999999889e-01 2.999999999999999889e-01 2.999999999999999889e-01 2.999999999999999889e-01 2.999999999999999889e-01 2.999999999999999889e-01 2.999999999999999889e-01 2.999999999999999889e-01 2.999999999999999889e-01 2.999999999999999889e-01 2.999999999999999889e-01 2.999999999999999889e-01 2.999999999999999889e-01 2.999999999999999889e-01 2.999999999999999889e-01
2.999999999999999889e-01 2.999999999999999889e-01 2.999999999999999889e-01 2.999999999999999889e-01 2.999999999999999889e-01 2.999999999999999889e-01 2.999999999999999889e-01 2.999999999999999889e-01 2.999999999999999889e-01 2.999999999999999889e-01 2.999999999999999889e-01 2.999999999999999889e-01 2.999999999999999889e-01 2.999999999999999889e-01 2.999999999999999889e-01 2.999999999999999889e-01 2.999999999999999889e-01 2.999999999999999889e-01 2.999999999999999889e-01 2.999999999999999889e-01
2.999999999999999889e-01 2.999999999999999889e-01 2.999999999999999889e-01 2.999999999999999889e-01 2.999999999999999889e-01 2.999999999999999889e-01 2.999999999999999889e-01 2.999999999999999889e-01 2.999999999999999889e-01 2.999999999999999889e-01 2.999999999999999889e-01 2.999999999999999889e-01 2.999999999999999889e-01 2.999999999999999889e-01 2.999999999999999889e-01 2.999999999999999889e-01 2.999999999999999889e-01 2.999999999999999889e-01 2.999999999999999889e-01 2.999999999999999889e-01
