2.200625e-05 2.200625e-05 2.200625e-05 2.200625e-05 2.200625e-05 2.200625e-05 2.200625e-05 2.200625e-05 2.200625e-05 2.200625e-05 2.200625e-05 2.200625e-05 2.200625e-05 2.200625e-05 2.200625e-05 2.200625e-05 2.200625e-05 2.200625e-05 2.200625e-05 2.200625e-05
2.200625e-05 2.200625e-05 2.200625e-05 2.200625e-05 2.200625e-05 2.200625e-05 2.200625e-05 2.200625e-05 2.200625e-05 2.200625e-05 2.200625e-05 2.200625e-05 2.200625e-05 2.200625e-05 2.200625e-05 2.200625e-05 2.200625e-05 2.200625e-05 2.200625e-05 2.200625e-05
2.200625e-05 2.200625e-05 2.200625e-05 2.200625e-05 2.200625e-05 2.200625e-05 2.200625e-05 2.200625e-05 2.200625e-05 2.200625e-05 2.200625e-05 2.200625e-05 2.200625e-05 2.200625e-05 2.200625e-05 2.200625e-05 2.200625e-05 2.200625e-05 2.200625e-05 2.200625e-05
2.200625e-05 2.200625e-05 2.200625e-05 2.200625e-05 2.200625e-05 2.200625e-05 2.200625e-05 2.200625e-05 2.200625e-05 2.200625e-05 2.200625e-05 2.200625e-05 2.200625e-05 2.200625e-05 2.200625e-05 2.200625e-05 2.200625e-05 2.200625e-05 2.200625e-05 2.200625e-05
2.200625e-05 2.200625e-05 2.200625e-05 2.200625e-05 2.200625e-05 2.200625e-05 2.200625e-05 2.200625e-05 2.200625e-05 2.200625e-05 2.200625e-05 2.200625e-05 2.200625e-05 2.200625e-05 2.200625e-05 2.200625e-05 2.200625e-05 2.200625e-05 2.200625e-05 2.200625e-05
2.200625e-05 2.200625e-05 2.200625e-05 2.200625e-05 2.200625e-05 2.200625e-05 2.200625e-05 2.200625e-05 2.200625e-05 2.200625e-05 2.200625e-05 2.200625e-05 2.200625e-05 2.200625e-05 2.200625e-05 2.200625e-05 2.200625e-05 2.200625e-05 2.200625e-05 2.200625e-05
2.200625e-05 2.200625e-05 2.200625e-05 2.200625e-05 2.200625e-05 2.200625e-05 2.200625e-05 2.200625e-05 2.200625e-05 2.200625e-05 2.200625e-05 2.200625e-05 2.200625e-05 2.200625e-05 2.200625e-05 2.200625e-05 2.200625e-05 2.200625e-05 2.200625e-05 2.200625e-05
2.200625e-05 2.200625e-05 2.200625e-05 2.200625e-05 2.200625e-05 2.200625e-05 2.200625e-05 2.200625e-05 2.200625e-05 2.200625e-05 2.200625e-05 2.200625e-05 2.200625e-05 2.200625e-05 2.200625e-05 2.200625e-05 2.200625e-05 2.200625e-05 2.200625e-05 2.200625e-05
2.200625e-05 2.200625e-05 2.200625e-05 2.200625e-05 2.200625e-05 2.200625e-05 2.200625e-05 2.200625e-05 2.200625e-05 2.200625e-05 2.200625e-05 2.200625e-05 2.200625e-05 2.200625e-05 2.200625e-05 2.200625e-05 2.200625e-05 2.200625e-05 2.200625e-05 2.200625e-05
2.200625e-05 2.200625e-05 2.200625e-05 2.200625e-05 2.200625e-05 2.200625e-05 2.200625e-05 2.200625e-05 2.200625e-05 2.200625e-05 2.200625e-05 2.200625e-05 2.200625e-05 2.200625e-05 2.200625e-05 2.200625e-05 2.200625e-05 2.200625e-05 2.200625e-05 2.200625e-05
2.200625e-05 2.200625e-05 2.200625e-05 2.200625e-05 2.200625e-05 2.200625e-05 2.200625e-05 2.200625e-05 2.200625e-05 2.200625e-05 2.200625e-05 2.200625e-05 2.200625e-05 2.200625e-05 2.200625e-05 2.200625e-05 2.200625e-05 2.200625e-05 2.200625e-05 2.200625e-05
2.200625e-05 2.200625e-05 2.200625e-05 2.200625e-05 2.200625e-05 2.200625e-05 2.200625e-05 2.200625e-05 2.200625e-05 2.200625e-05 2.200625e-05 2.200625e-05 2.200625e-05 2.200625e-05 2.200625e-05 2.200625e-05 2.200625e-05 2.200625e-05 2.200625e-05 2.200625e-05
2.200625e-05 2.200625e-05 2.200625e-05 2.200625e-05 2.200625e-05 2.200625e-05 2.200625e-05 2.200625e-05 2.200625e-05 2.200625e-05 2.200625e-05 2.200625e-05 2.200625e-05 2.200625e-05 2.200625e-05 2.200625e-05 2.200625e-05 2.200625e-05 2.200625e-05 2.200625e-05
2.200625e-05 2.200625e-05 2.200625e-05 2.200625e-05 2.200625e-05 2.200625e-05 2.200625e-05 2.200625e-05 2.200625e-05 2.200625e-05 2.200625e-05 2.200625e-05 2.200625e-05 2.200625e-05 2.200625e-05 2.200625e-05 2.200625e-05 2.200625e-05 2.200625e-05 2.200625e-05
2.200625e-05 2.200625e-05 2.200625e-05 2.200625e-05 2.200625e-05 2.200625e-05 2.200625e-05 2.200625e-05 2.200625e-05 2.200625e-05 2.200625e-05 2.200625e-05 2.200625e-05 2.200625e-05 2.200625e-05 2.200625e-05 2.200625e-05 2.200625e-05 2.200625e-05 2.200625e-05
2.200625e-05 2.200625e-05 2.200625e-05 2.200625e-05 2.200625e-05 2.200625e-05 2.200625e-05 2.200625e-05 2.200625e-05 2.200625e-05 2.200625e-05 2.200625e-05 2.200625e-05 2.200625e-05 2.200625e-05 2.200625e-05 2.200625e-05 2.200625e-05 2.200625e-05 2.200625e-05
2.200625e-05 2.200625e-05 2.200625e-05 2.200625e-05 2.200625e-05 2.200625e-05 2.200625e-05 2.200625e-05 2.200625e-05 2.200625e-05 2.200625e-05 2.200625e-05 2.200625e-05 2.200625e-05 2.200625e-05 2.200625e-05 2.200625e-05 2.200625e-05 2.200625e-05 2.200625e-05
2.200625e-05 2.200625e-05 2.200625e-05 2.200625e-05 2.200625e-05 2.200625e-05 2.200625e-05 2.200625e-05 2.200625e-05 2.200625e-05 2.200625e-05 2.200625e-05 2.200625e-05 2.200625e-05 2.200625e-05 2.200625e-05 2.200625e-05 2.200625e-05 2.200625e-05 2.200625e-05
2.200625e-05 2.200625e-05 2.200625e-05 2.200625e-05 2.200625e-05 2.200625e-05 2.200625e-05 2.200625e-05 2.200625e-05 2.200625e-05 2.200625e-05 2.200625e-05 2.200625e-05 2.200625e-05 2.200625e-05 2.200625e-05 2.200625e-05 2.200625e-05 2.200625e-05 2.200625e-05
2.200625e-05 2.200625e-05 2.200625e-05 2.200625e-05 2.200625e-05 2.200625e-05 2.200625e-05 2.200625e-05 2.200625e-05 2.200625e-05 2.200625e-05 2.200625e-05 2.200625e-05 2.200625e-05 2.200625e-05 2.200625e-05 2.200625e-05 2.200625e-05 2.200625e-05 2.200625e-05
2.200625e-05 2.200625e-05 2.200625e-05 2.200625e-05 2.200625e-05 2.200625e-05 2.200625e-05 2.200625e-05 2.200625e-05 2.200625e-05 2.200625e-05 2.200625e-05 2.200625e-05 2.200625e-05 2.200625e-05 2.200625e-05 2.200625e-05 2.200625e-05 2.200625e-05 2.200625e-05
2.200625e-05 2.200625e-05 2.200625e-05 2.200625e-05 2.200625e-05 2.200625e-05 2.200625e-05 2.200625e-05 2.200625e-05 2.200625e-05 2.200625e-05 2.200625e-05 2.200625e-05 2.200625e-05 2.200625e-05 2.200625e-05 2.200625e-05 2.200625e-05 2.200625e-05 2.200625e-05
2.200625e-05 2.200625e-05 2.200625e-05 2.200625e-05 2.200625e-05 2.200625e-05 2.200625e-05 2.200625e-05 2.200625e-05 2.200625e-05 2.200625e-05 2.200625e-05 2.200625e-05 2.200625e-05 2.200625e-05 2.200625e-05 2.200625e-05 2.200625e-05 2.200625e-05 2.200625e-05
2.200625e-05 2.200625e-05 2.200625e-05 2.200625e-05 2.200625e-05 2.200625e-05 2.200625e-05 2.200625e-05 2.200625e-05 2.200625e-05 2.200625e-05 2.200625e-05 2.200625e-05 2.200625e-05 2.200625e-05 2.200625e-05 2.200625e-05 2.200625e-05 2.200625e-05 2.200625e-05
2.200625e-05 2.200625e-05 2.200625e-05 2.200625e-05 2.200625e-05 2.200625e-05 2.200625e-05 2.200625e-05 2.200625e-05 2.200625e-05 2.200625e-05 2.200625e-05 2.200625e-05 2.200625e-05 2.200625e-05 2.200625e-05 2.200625e-05 2.200625e-05 2.200625e-05 2.200625e-05
2.200625e-05 2.200625e-05 2.200625e-05 2.200625e-05 2.200625e-05 2.200625e-05 2.200625e-05 2.200625e-05 2.200625e-05 2.200625e-05 2.200625e-05 2.200625e-05 2.200625e-05 2.200625e-05 2.200625e-05 2.200625e-05 2.200625e-05 2.200625e-05 2.200625e-05 2.200625e-05
2.200625e-05 2.200625e-05 2.200625e-05 2.200625e-05 2.200625e-05 2.200625e-05 2.200625e-05 2.200625e-05 2.200625e-05 2.200625e-05 2.200625e-05 2.200625e-05 2.200625e-05 2.200625e-05 2.200625e-05 2.200625e-05 2.200625e-05 2.200625e-05 2.200625e-05 2.200625e-05
2.200625e-05 2.200625e-05 2.200625e-05 2.200625e-05 2.200625e-05 2.200625e-05 2.200625e-05 2.200625e-05 2.200625e-05 2.200625e-05 2.200625e-05 2.200625e-05 2.200625e-05 2.200625e-05 2.200625e-05 2.200625e-05 2.200625e-05 2.200625e-05 2.200625e-05 2.200625e-05
2.200625e-05 2.200625e-05 2.200625e-05 2.200625e-05 2.200625e-05 2.200625e-05 2.200625e-05 2.200625e-05 2.200625e-05 2.200625e-05 2.200625e-05 2.200625e-05 2.200625e-05 2.200625e-05 2.200625e-05 2.200625e-05 2.200625e-05 2.200625e-05 2.200625e-05 2.200625e-05
2.200625e-05 2.200625e-05 2.200625e-05 2.200625e-05 2.200625e-05 2.200625e-05 2.200625e-05 2.200625e-05 2.200625e-05 2.200625e-05 2.200625e-05 2.200625e-05 2.200625e-05 2.200625e-05 2.200625e-05 2.200625e-05 2.200625e-05 2.200625e-05 2.200625e-05 2.200625e-05
2.200625e-05 2.200625e-05 2.200625e-05 2.200625e-05 2.200625e-05 2.200625e-05 2.200625e-05 2.200625e-05 2.200625e-05 2.200625e-05 2.200625e-05 2.200625e-05 2.200625e-05 2.200625e-05 2.200625e-05 2.200625e-05 2.200625e-05 2.200625e-05 2.200625e-05 2.200625e-05
2.200625e-05 2.200625e-05 2.200625e-05 2.200625e-05 2.200625e-05 2.200625e-05 2.200625e-05 2.200625e-05 2.200625e-05 2.200625e-05 2.200625e-05 2.200625e-05 2.200625e-05 2.200625e-05 2.200625e-05 2.200625e-05 2.200625e-05 2.200625e-05 2.200625e-05 2.200625e-05
2.200625e-05 2.200625e-05 2.200625e-05 2.200625e-05 2.200625e-05 2.200625e-05 2.200625e-05 2.200625e-05 2.200625e-05 2.200625e-05 2.200625e-05 2.200625e-05 2.200625e-05 2.200625e-05 2.200625e-05 2.200625e-05 2.200625e-05 2.200625e-05 2.200625e-05 2.200625e-05
2.200625e-05 2.200625e-05 2.200625e-05 2.200625e-05 2.200625e-05 2.200625e-05 2.200625e-05 2.200625e-05 2.200625e-05 2.200625e-05 2.200625e-05 2.200625e-05 2.200625e-05 2.200625e-05 2.200625e-05 2.200625e-05 2.200625e-05 2.200625e-05 2.200625e-05 2.200625e-05
2.200625e-05 2.200625e-05 2.200625e-05 2.200625e-05 2.200625e-05 2.200625e-05 2.200625e-05 2.200625e-05 2.200625e-05 2.200625e-05 2.200625e-05 2.200625e-05 2.200625e-05 2.200625e-05 2.200625e-05 2.200625e-05 2.200625e-05 2.200625e-05 2.200625e-05 2.200625e-05
2.200625e-05 2.200625e-05 2.200625e-05 2.200625e-05 2.200625e-05 2.200625e-05 2.200625e-05 2.200625e-05 2.200625e-05 2.200625e-05 2.200625e-05 2.200625e-05 2.200625e-05 2.200625e-05 2.200625e-05 2.200625e-05 2.200625e-05 2.200625e-05 2.200625e-05 2.200625e-05
2.200625e-05 2.200625e-05 2.200625e-05 2.200625e-05 2.200625e-05 2.200625e-05 2.200625e-05 2.200625e-05 2.200625e-05 2.200625e-05 2.200625e-05 2.200625e-05 2.200625e-05 2.200625e-05 2.200625e-05 2.200625e-05 2.200625e-05 2.200625e-05 2.200625e-05 2.200625e-05
2.200625e-05 2.200625e-05 2.200625e-05 2.200625e-05 2.200625e-05 2.200625e-05 2.200625e-05 2.200625e-05 2.200625e-05 2.200625e-05 2.200625e-05 2.200625e-05 2.200625e-05 2.200625e-05 2.200625e-05 2.200625e-05 2.200625e-05 2.200625e-05 2.200625e-05 2.200625e-05
2.200625e-05 2.200625e-05 2.200625e-05 2.200625e-05 2.200625e-05 2.200625e-05 2.200625e-05 2.200625e-05 2.200625e-05 2.200625e-05 2.200625e-05 2.200625e-05 2.200625e-05 2.200625e-05 2.200625e-05 2.200625e-05 2.200625e-05 2.200625e-05 2.200625e-05 2.200625e-05
2.200625e-05 2.200625e-05 2.200625e-05 2.200625e-05 2.200625e-05 2.200625e-05 2.200625e-05 2.200625e-05 2.200625e-05 2.200625e-05 2.200625e-05 2.200625e-05 2.200625e-05 2.200625e-05 2.200625e-05 2.200625e-05 2.200625e-05 2.200625e-05 2.200625e-05 2.200625e-05
