5.846935e-06 5.846935e-06 5.846935e-06 5.846935e-06 5.846935e-06 5.846935e-06 5.846935e-06 5.846935e-06 5.846935e-06 5.846935e-06 5.846935e-06 5.846935e-06 5.846935e-06 5.846935e-06 5.846935e-06 5.846935e-06 5.846935e-06 5.846935e-06 5.846935e-06 5.846935e-06
5.846935e-06 5.846935e-06 5.846935e-06 5.846935e-06 5.846935e-06 5.846935e-06 5.846935e-06 5.846935e-06 5.846935e-06 5.846935e-06 5.846935e-06 5.846935e-06 5.846935e-06 5.846935e-06 5.846935e-06 5.846935e-06 5.846935e-06 5.846935e-06 5.846935e-06 5.846935e-06
5.846935e-06 5.846935e-06 5.846935e-06 5.846935e-06 5.846935e-06 5.846935e-06 5.846935e-06 5.846935e-06 5.846935e-06 5.846935e-06 5.846935e-06 5.846935e-06 5.846935e-06 5.846935e-06 5.846935e-06 5.846935e-06 5.846935e-06 5.846935e-06 5.846935e-06 5.846935e-06
5.846935e-06 5.846935e-06 5.846935e-06 5.846935e-06 5.846935e-06 5.846935e-06 5.846935e-06 5.846935e-06 5.846935e-06 5.846935e-06 5.846935e-06 5.846935e-06 5.846935e-06 5.846935e-06 5.846935e-06 5.846935e-06 5.846935e-06 5.846935e-06 5.846935e-06 5.846935e-06
5.846935e-06 5.846935e-06 5.846935e-06 5.846935e-06 5.846935e-06 5.846935e-06 5.846935e-06 5.846935e-06 5.846935e-06 5.846935e-06 5.846935e-06 5.846935e-06 5.846935e-06 5.846935e-06 5.846935e-06 5.846935e-06 5.846935e-06 5.846935e-06 5.846935e-06 5.846935e-06
5.846935e-06 5.846935e-06 5.846935e-06 5.846935e-06 5.846935e-06 5.846935e-06 5.846935e-06 5.846935e-06 5.846935e-06 5.846935e-06 5.846935e-06 5.846935e-06 5.846935e-06 5.846935e-06 5.846935e-06 5.846935e-06 5.846935e-06 5.846935e-06 5.846935e-06 5.846935e-06
5.846935e-06 5.846935e-06 5.846935e-06 5.846935e-06 5.846935e-06 5.846935e-06 5.846935e-06 5.846935e-06 5.846935e-06 5.846935e-06 5.846935e-06 5.846935e-06 5.846935e-06 5.846935e-06 5.846935e-06 5.846935e-06 5.846935e-06 5.846935e-06 5.846935e-06 5.846935e-06
5.846935e-06 5.846935e-06 5.846935e-06 5.846935e-06 5.846935e-06 5.846935e-06 5.846935e-06 5.846935e-06 5.846935e-06 5.846935e-06 5.846935e-06 5.846935e-06 5.846935e-06 5.846935e-06 5.846935e-06 5.846935e-06 5.846935e-06 5.846935e-06 5.846935e-06 5.846935e-06
5.846935e-06 5.846935e-06 5.846935e-06 5.846935e-06 5.846935e-06 5.846935e-06 5.846935e-06 5.846935e-06 5.846935e-06 5.846935e-06 5.846935e-06 5.846935e-06 5.846935e-06 5.846935e-06 5.846935e-06 5.846935e-06 5.846935e-06 5.846935e-06 5.846935e-06 5.846935e-06
5.846935e-06 5.846935e-06 5.846935e-06 5.846935e-06 5.846935e-06 5.846935e-06 5.846935e-06 5.846935e-06 5.846935e-06 5.846935e-06 5.846935e-06 5.846935e-06 5.846935e-06 5.846935e-06 5.846935e-06 5.846935e-06 5.846935e-06 5.846935e-06 5.846935e-06 5.846935e-06
5.846935e-06 5.846935e-06 5.846935e-06 5.846935e-06 5.846935e-06 5.846935e-06 5.846935e-06 5.846935e-06 5.846935e-06 5.846935e-06 5.846935e-06 5.846935e-06 5.846935e-06 5.846935e-06 5.846935e-06 5.846935e-06 5.846935e-06 5.846935e-06 5.846935e-06 5.846935e-06
5.846935e-06 5.846935e-06 5.846935e-06 5.846935e-06 5.846935e-06 5.846935e-06 5.846935e-06 5.846935e-06 5.846935e-06 5.846935e-06 5.846935e-06 5.846935e-06 5.846935e-06 5.846935e-06 5.846935e-06 5.846935e-06 5.846935e-06 5.846935e-06 5.846935e-06 5.846935e-06
5.846935e-06 5.846935e-06 5.846935e-06 5.846935e-06 5.846935e-06 5.846935e-06 5.846935e-06 5.846935e-06 5.846935e-06 5.846935e-06 5.846935e-06 5.846935e-06 5.846935e-06 5.846935e-06 5.846935e-06 5.846935e-06 5.846935e-06 5.846935e-06 5.846935e-06 5.846935e-06
5.846935e-06 5.846935e-06 5.846935e-06 5.846935e-06 5.846935e-06 5.846935e-06 5.846935e-06 5.846935e-06 5.846935e-06 5.846935e-06 5.846935e-06 5.846935e-06 5.846935e-06 5.846935e-06 5.846935e-06 5.846935e-06 5.846935e-06 5.846935e-06 5.846935e-06 5.846935e-06
5.846935e-06 5.846935e-06 5.846935e-06 5.846935e-06 5.846935e-06 5.846935e-06 5.846935e-06 5.846935e-06 5.846935e-06 5.846935e-06 5.846935e-06 5.846935e-06 5.846935e-06 5.846935e-06 5.846935e-06 5.846935e-06 5.846935e-06 5.846935e-06 5.846935e-06 5.846935e-06
5.846935e-06 5.846935e-06 5.846935e-06 5.846935e-06 5.846935e-06 5.846935e-06 5.846935e-06 5.846935e-06 5.846935e-06 5.846935e-06 5.846935e-06 5.846935e-06 5.846935e-06 5.846935e-06 5.846935e-06 5.846935e-06 5.846935e-06 5.846935e-06 5.846935e-06 5.846935e-06
5.846935e-06 5.846935e-06 5.846935e-06 5.846935e-06 5.846935e-06 5.846935e-06 5.846935e-06 5.846935e-06 5.846935e-06 5.846935e-06 5.846935e-06 5.846935e-06 5.846935e-06 5.846935e-06 5.846935e-06 5.846935e-06 5.846935e-06 5.846935e-06 5.846935e-06 5.846935e-06
5.846935e-06 5.846935e-06 5.846935e-06 5.846935e-06 5.846935e-06 5.846935e-06 5.846935e-06 5.846935e-06 5.846935e-06 5.846935e-06 5.846935e-06 5.846935e-06 5.846935e-06 5.846935e-06 5.846935e-06 5.846935e-06 5.846935e-06 5.846935e-06 5.846935e-06 5.846935e-06
5.846935e-06 5.846935e-06 5.846935e-06 5.846935e-06 5.846935e-06 5.846935e-06 5.846935e-06 5.846935e-06 5.846935e-06 5.846935e-06 5.846935e-06 5.846935e-06 5.846935e-06 5.846935e-06 5.846935e-06 5.846935e-06 5.846935e-06 5.846935e-06 5.846935e-06 5.846935e-06
5.846935e-06 5.846935e-06 5.846935e-06 5.846935e-06 5.846935e-06 5.846935e-06 5.846935e-06 5.846935e-06 5.846935e-06 5.846935e-06 5.846935e-06 5.846935e-06 5.846935e-06 5.846935e-06 5.846935e-06 5.846935e-06 5.846935e-06 5.846935e-06 5.846935e-06 5.846935e-06
5.846935e-06 5.846935e-06 5.846935e-06 5.846935e-06 5.846935e-06 5.846935e-06 5.846935e-06 5.846935e-06 5.846935e-06 5.846935e-06 5.846935e-06 5.846935e-06 5.846935e-06 5.846935e-06 5.846935e-06 5.846935e-06 5.846935e-06 5.846935e-06 5.846935e-06 5.846935e-06
5.846935e-06 5.846935e-06 5.846935e-06 5.846935e-06 5.846935e-06 5.846935e-06 5.846935e-06 5.846935e-06 5.846935e-06 5.846935e-06 5.846935e-06 5.846935e-06 5.846935e-06 5.846935e-06 5.846935e-06 5.846935e-06 5.846935e-06 5.846935e-06 5.846935e-06 5.846935e-06
5.846935e-06 5.846935e-06 5.846935e-06 5.846935e-06 5.846935e-06 5.846935e-06 5.846935e-06 5.846935e-06 5.846935e-06 5.846935e-06 5.846935e-06 5.846935e-06 5.846935e-06 5.846935e-06 5.846935e-06 5.846935e-06 5.846935e-06 5.846935e-06 5.846935e-06 5.846935e-06
5.846935e-06 5.846935e-06 5.846935e-06 5.846935e-06 5.846935e-06 5.846935e-06 5.846935e-06 5.846935e-06 5.846935e-06 5.846935e-06 5.846935e-06 5.846935e-06 5.846935e-06 5.846935e-06 5.846935e-06 5.846935e-06 5.846935e-06 5.846935e-06 5.846935e-06 5.846935e-06
5.846935e-06 5.846935e-06 5.846935e-06 5.846935e-06 5.846935e-06 5.846935e-06 5.846935e-06 5.846935e-06 5.846935e-06 5.846935e-06 5.846935e-06 5.846935e-06 5.846935e-06 5.846935e-06 5.846935e-06 5.846935e-06 5.846935e-06 5.846935e-06 5.846935e-06 5.846935e-06
5.846935e-06 5.846935e-06 5.846935e-06 5.846935e-06 5.846935e-06 5.846935e-06 5.846935e-06 5.846935e-06 5.846935e-06 5.846935e-06 5.846935e-06 5.846935e-06 5.846935e-06 5.846935e-06 5.846935e-06 5.846935e-06 5.846935e-06 5.846935e-06 5.846935e-06 5.846935e-06
5.846935e-06 5.846935e-06 5.846935e-06 5.846935e-06 5.846935e-06 5.846935e-06 5.846935e-06 5.846935e-06 5.846935e-06 5.846935e-06 5.846935e-06 5.846935e-06 5.846935e-06 5.846935e-06 5.846935e-06 5.846935e-06 5.846935e-06 5.846935e-06 5.846935e-06 5.846935e-06
5.846935e-06 5.846935e-06 5.846935e-06 5.846935e-06 5.846935e-06 5.846935e-06 5.846935e-06 5.846935e-06 5.846935e-06 5.846935e-06 5.846935e-06 5.846935e-06 5.846935e-06 5.846935e-06 5.846935e-06 5.846935e-06 5.846935e-06 5.846935e-06 5.846935e-06 5.846935e-06
5.846935e-06 5.846935e-06 5.846935e-06 5.846935e-06 5.846935e-06 5.846935e-06 5.846935e-06 5.846935e-06 5.846935e-06 5.846935e-06 5.846935e-06 5.846935e-06 5.846935e-06 5.846935e-06 5.846935e-06 5.846935e-06 5.846935e-06 5.846935e-06 5.846935e-06 5.846935e-06
5.846935e-06 5.846935e-06 5.846935e-06 5.846935e-06 5.846935e-06 5.846935e-06 5.846935e-06 5.846935e-06 5.846935e-06 5.846935e-06 5.846935e-06 5.846935e-06 5.846935e-06 5.846935e-06 5.846935e-06 5.846935e-06 5.846935e-06 5.846935e-06 5.846935e-06 5.846935e-06
5.846935e-06 5.846935e-06 5.846935e-06 5.846935e-06 5.846935e-06 5.846935e-06 5.846935e-06 5.846935e-06 5.846935e-06 5.846935e-06 5.846935e-06 5.846935e-06 5.846935e-06 5.846935e-06 5.846935e-06 5.846935e-06 5.846935e-06 5.846935e-06 5.846935e-06 5.846935e-06
5.846935e-06 5.846935e-06 5.846935e-06 5.846935e-06 5.846935e-06 5.846935e-06 5.846935e-06 5.846935e-06 5.846935e-06 5.846935e-06 5.846935e-06 5.846935e-06 5.846935e-06 5.846935e-06 5.846935e-06 5.846935e-06 5.846935e-06 5.846935e-06 5.846935e-06 5.846935e-06
5.846935e-06 5.846935e-06 5.846935e-06 5.846935e-06 5.846935e-06 5.846935e-06 5.846935e-06 5.846935e-06 5.846935e-06 5.846935e-06 5.846935e-06 5.846935e-06 5.846935e-06 5.846935e-06 5.846935e-06 5.846935e-06 5.846935e-06 5.846935e-06 5.846935e-06 5.846935e-06
5.846935e-06 5.846935e-06 5.846935e-06 5.846935e-06 5.846935e-06 5.846935e-06 5.846935e-06 5.846935e-06 5.846935e-06 5.846935e-06 5.846935e-06 5.846935e-06 5.846935e-06 5.846935e-06 5.846935e-06 5.846935e-06 5.846935e-06 5.846935e-06 5.846935e-06 5.846935e-06
5.846935e-06 5.846935e-06 5.846935e-06 5.846935e-06 5.846935e-06 5.846935e-06 5.846935e-06 5.846935e-06 5.846935e-06 5.846935e-06 5.846935e-06 5.846935e-06 5.846935e-06 5.846935e-06 5.846935e-06 5.846935e-06 5.846935e-06 5.846935e-06 5.846935e-06 5.846935e-06
5.846935e-06 5.846935e-06 5.846935e-06 5.846935e-06 5.846935e-06 5.846935e-06 5.846935e-06 5.846935e-06 5.846935e-06 5.846935e-06 5.846935e-06 5.846935e-06 5.846935e-06 5.846935e-06 5.846935e-06 5.846935e-06 5.846935e-06 5.846935e-06 5.846935e-06 5.846935e-06
5.846935e-06 5.846935e-06 5.846935e-06 5.846935e-06 5.846935e-06 5.846935e-06 5.846935e-06 5.846935e-06 5.846935e-06 5.846935e-06 5.846935e-06 5.846935e-06 5.846935e-06 5.846935e-06 5.846935e-06 5.846935e-06 5.846935e-06 5.846935e-06 5.846935e-06 5.846935e-06
5.846935e-06 5.846935e-06 5.846935e-06 5.846935e-06 5.846935e-06 5.846935e-06 5.846935e-06 5.846935e-06 5.846935e-06 5.846935e-06 5.846935e-06 5.846935e-06 5.846935e-06 5.846935e-06 5.846935e-06 5.846935e-06 5.846935e-06 5.846935e-06 5.846935e-06 5.846935e-06
5.846935e-06 5.846935e-06 5.846935e-06 5.846935e-06 5.846935e-06 5.846935e-06 5.846935e-06 5.846935e-06 5.846935e-06 5.846935e-06 5.846935e-06 5.846935e-06 5.846935e-06 5.846935e-06 5.846935e-06 5.846935e-06 5.846935e-06 5.846935e-06 5.846935e-06 5.846935e-06
5.846935e-06 5.846935e-06 5.846935e-06 5.846935e-06 5.846935e-06 5.846935e-06 5.846935e-06 5.846935e-06 5.846935e-06 5.846935e-06 5.846935e-06 5.846935e-06 5.846935e-06 5.846935e-06 5.846935e-06 5.846935e-06 5.846935e-06 5.846935e-06 5.846935e-06 5.846935e-06
