   5.304705E-05    5.304705E-05    5.304705E-05    5.304705E-05    5.304705E-05    5.304705E-05    5.304705E-05    5.304705E-05    5.304705E-05    5.304705E-05    5.304705E-05    5.304705E-05    5.304705E-05    5.304705E-05    5.304705E-05    5.304705E-05    5.304705E-05    5.304705E-05    5.304705E-05    5.304705E-05
   5.304705E-05    5.304705E-05    5.304705E-05    5.304705E-05    5.304705E-05    5.304705E-05    5.304705E-05    5.304705E-05    5.304705E-05    5.304705E-05    5.304705E-05    5.304705E-05    5.304705E-05    5.304705E-05    5.304705E-05    5.304705E-05    5.304705E-05    5.304705E-05    5.304705E-05    5.304705E-05
   5.304705E-05    5.304705E-05    5.304705E-05    5.304705E-05    5.304705E-05    5.304705E-05    5.304705E-05    5.304705E-05    5.304705E-05    5.304705E-05    5.304705E-05    5.304705E-05    5.304705E-05    5.304705E-05    5.304705E-05    5.304705E-05    5.304705E-05    5.304705E-05    5.304705E-05    5.304705E-05
   5.304705E-05    5.304705E-05    5.304705E-05    5.304705E-05    5.304705E-05    5.304705E-05    5.304705E-05    5.304705E-05    5.304705E-05    5.304705E-05    5.304705E-05    5.304705E-05    5.304705E-05    5.304705E-05    5.304705E-05    5.304705E-05    5.304705E-05    5.304705E-05    5.304705E-05    5.304705E-05
   5.304705E-05    5.304705E-05    5.304705E-05    5.304705E-05    5.304705E-05    5.304705E-05    5.304705E-05    5.304705E-05    5.304705E-05    5.304705E-05    5.304705E-05    5.304705E-05    5.304705E-05    5.304705E-05    5.304705E-05    5.304705E-05    5.304705E-05    5.304705E-05    5.304705E-05    5.304705E-05
   5.304705E-05    5.304705E-05    5.304705E-05    5.304705E-05    5.304705E-05    5.304705E-05    5.304705E-05    5.304705E-05    5.304705E-05    5.304705E-05    5.304705E-05    5.304705E-05    5.304705E-05    5.304705E-05    5.304705E-05    5.304705E-05    5.304705E-05    5.304705E-05    5.304705E-05    5.304705E-05
   5.304705E-05    5.304705E-05    5.304705E-05    5.304705E-05    5.304705E-05    5.304705E-05    5.304705E-05    5.304705E-05    5.304705E-05    5.304705E-05    5.304705E-05    5.304705E-05    5.304705E-05    5.304705E-05    5.304705E-05    5.304705E-05    5.304705E-05    5.304705E-05    5.304705E-05    5.304705E-05
   5.304705E-05    5.304705E-05    5.304705E-05    5.304705E-05    5.304705E-05    5.304705E-05    5.304705E-05    5.304705E-05    5.304705E-05    5.304705E-05    5.304705E-05    5.304705E-05    5.304705E-05    5.304705E-05    5.304705E-05    5.304705E-05    5.304705E-05    5.304705E-05    5.304705E-05    5.304705E-05
   5.304705E-05    5.304705E-05    5.304705E-05    5.304705E-05    5.304705E-05    5.304705E-05    5.304705E-05    5.304705E-05    5.304705E-05    5.304705E-05    5.304705E-05    5.304705E-05    5.304705E-05    5.304705E-05    5.304705E-05    5.304705E-05    5.304705E-05    5.304705E-05    5.304705E-05    5.304705E-05
   5.304705E-05    5.304705E-05    5.304705E-05    5.304705E-05    5.304705E-05    5.304705E-05    5.304705E-05    5.304705E-05    5.304705E-05    5.304705E-05    5.304705E-05    5.304705E-05    5.304705E-05    5.304705E-05    5.304705E-05    5.304705E-05    5.304705E-05    5.304705E-05    5.304705E-05    5.304705E-05
   5.304705E-05    5.304705E-05    5.304705E-05    5.304705E-05    5.304705E-05    5.304705E-05    5.304705E-05    5.304705E-05    5.304705E-05    5.304705E-05    5.304705E-05    5.304705E-05    5.304705E-05    5.304705E-05    5.304705E-05    5.304705E-05    5.304705E-05    5.304705E-05    5.304705E-05    5.304705E-05
   5.304705E-05    5.304705E-05    5.304705E-05    5.304705E-05    5.304705E-05    5.304705E-05    5.304705E-05    5.304705E-05    5.304705E-05    5.304705E-05    5.304705E-05    5.304705E-05    5.304705E-05    5.304705E-05    5.304705E-05    5.304705E-05    5.304705E-05    5.304705E-05    5.304705E-05    5.304705E-05
   5.304705E-05    5.304705E-05    5.304705E-05    5.304705E-05    5.304705E-05    5.304705E-05    5.304705E-05    5.304705E-05    5.304705E-05    5.304705E-05    5.304705E-05    5.304705E-05    5.304705E-05    5.304705E-05    5.304705E-05    5.304705E-05    5.304705E-05    5.304705E-05    5.304705E-05    5.304705E-05
   5.304705E-05    5.304705E-05    5.304705E-05    5.304705E-05    5.304705E-05    5.304705E-05    5.304705E-05    5.304705E-05    5.304705E-05    5.304705E-05    5.304705E-05    5.304705E-05    5.304705E-05    5.304705E-05    5.304705E-05    5.304705E-05    5.304705E-05    5.304705E-05    5.304705E-05    5.304705E-05
   5.304705E-05    5.304705E-05    5.304705E-05    5.304705E-05    5.304705E-05    5.304705E-05    5.304705E-05    5.304705E-05    5.304705E-05    5.304705E-05    5.304705E-05    5.304705E-05    5.304705E-05    5.304705E-05    5.304705E-05    5.304705E-05    5.304705E-05    5.304705E-05    5.304705E-05    5.304705E-05
   5.304705E-05    5.304705E-05    5.304705E-05    5.304705E-05    5.304705E-05    5.304705E-05    5.304705E-05    5.304705E-05    5.304705E-05    5.304705E-05    5.304705E-05    5.304705E-05    5.304705E-05    5.304705E-05    5.304705E-05    5.304705E-05    5.304705E-05    5.304705E-05    5.304705E-05    5.304705E-05
   5.304705E-05    5.304705E-05    5.304705E-05    5.304705E-05    5.304705E-05    5.304705E-05    5.304705E-05    5.304705E-05    5.304705E-05    5.304705E-05    5.304705E-05    5.304705E-05    5.304705E-05    5.304705E-05    5.304705E-05    5.304705E-05    5.304705E-05    5.304705E-05    5.304705E-05    5.304705E-05
   5.304705E-05    5.304705E-05    5.304705E-05    5.304705E-05    5.304705E-05    5.304705E-05    5.304705E-05    5.304705E-05    5.304705E-05    5.304705E-05    5.304705E-05    5.304705E-05    5.304705E-05    5.304705E-05    5.304705E-05    5.304705E-05    5.304705E-05    5.304705E-05    5.304705E-05    5.304705E-05
   5.304705E-05    5.304705E-05    5.304705E-05    5.304705E-05    5.304705E-05    5.304705E-05    5.304705E-05    5.304705E-05    5.304705E-05    5.304705E-05    5.304705E-05    5.304705E-05    5.304705E-05    5.304705E-05    5.304705E-05    5.304705E-05    5.304705E-05    5.304705E-05    5.304705E-05    5.304705E-05
   5.304705E-05    5.304705E-05    5.304705E-05    5.304705E-05    5.304705E-05    5.304705E-05    5.304705E-05    5.304705E-05    5.304705E-05    5.304705E-05    5.304705E-05    5.304705E-05    5.304705E-05    5.304705E-05    5.304705E-05    5.304705E-05    5.304705E-05    5.304705E-05    5.304705E-05    5.304705E-05
   5.304705E-05    5.304705E-05    5.304705E-05    5.304705E-05    5.304705E-05    5.304705E-05    5.304705E-05    5.304705E-05    5.304705E-05    5.304705E-05    5.304705E-05    5.304705E-05    5.304705E-05    5.304705E-05    5.304705E-05    5.304705E-05    5.304705E-05    5.304705E-05    5.304705E-05    5.304705E-05
   5.304705E-05    5.304705E-05    5.304705E-05    5.304705E-05    5.304705E-05    5.304705E-05    5.304705E-05    5.304705E-05    5.304705E-05    5.304705E-05    5.304705E-05    5.304705E-05    5.304705E-05    5.304705E-05    5.304705E-05    5.304705E-05    5.304705E-05    5.304705E-05    5.304705E-05    5.304705E-05
   5.304705E-05    5.304705E-05    5.304705E-05    5.304705E-05    5.304705E-05    5.304705E-05    5.304705E-05    5.304705E-05    5.304705E-05    5.304705E-05    5.304705E-05    5.304705E-05    5.304705E-05    5.304705E-05    5.304705E-05    5.304705E-05    5.304705E-05    5.304705E-05    5.304705E-05    5.304705E-05
   5.304705E-05    5.304705E-05    5.304705E-05    5.304705E-05    5.304705E-05    5.304705E-05    5.304705E-05    5.304705E-05    5.304705E-05    5.304705E-05    5.304705E-05    5.304705E-05    5.304705E-05    5.304705E-05    5.304705E-05    5.304705E-05    5.304705E-05    5.304705E-05    5.304705E-05    5.304705E-05
   5.304705E-05    5.304705E-05    5.304705E-05    5.304705E-05    5.304705E-05    5.304705E-05    5.304705E-05    5.304705E-05    5.304705E-05    5.304705E-05    5.304705E-05    5.304705E-05    5.304705E-05    5.304705E-05    5.304705E-05    5.304705E-05    5.304705E-05    5.304705E-05    5.304705E-05    5.304705E-05
   5.304705E-05    5.304705E-05    5.304705E-05    5.304705E-05    5.304705E-05    5.304705E-05    5.304705E-05    5.304705E-05    5.304705E-05    5.304705E-05    5.304705E-05    5.304705E-05    5.304705E-05    5.304705E-05    5.304705E-05    5.304705E-05    5.304705E-05    5.304705E-05    5.304705E-05    5.304705E-05
   5.304705E-05    5.304705E-05    5.304705E-05    5.304705E-05    5.304705E-05    5.304705E-05    5.304705E-05    5.304705E-05    5.304705E-05    5.304705E-05    5.304705E-05    5.304705E-05    5.304705E-05    5.304705E-05    5.304705E-05    5.304705E-05    5.304705E-05    5.304705E-05    5.304705E-05    5.304705E-05
   5.304705E-05    5.304705E-05    5.304705E-05    5.304705E-05    5.304705E-05    5.304705E-05    5.304705E-05    5.304705E-05    5.304705E-05    5.304705E-05    5.304705E-05    5.304705E-05    5.304705E-05    5.304705E-05    5.304705E-05    5.304705E-05    5.304705E-05    5.304705E-05    5.304705E-05    5.304705E-05
   5.304705E-05    5.304705E-05    5.304705E-05    5.304705E-05    5.304705E-05    5.304705E-05    5.304705E-05    5.304705E-05    5.304705E-05    5.304705E-05    5.304705E-05    5.304705E-05    5.304705E-05    5.304705E-05    5.304705E-05    5.304705E-05    5.304705E-05    5.304705E-05    5.304705E-05    5.304705E-05
   5.304705E-05    5.304705E-05    5.304705E-05    5.304705E-05    5.304705E-05    5.304705E-05    5.304705E-05    5.304705E-05    5.304705E-05    5.304705E-05    5.304705E-05    5.304705E-05    5.304705E-05    5.304705E-05    5.304705E-05    5.304705E-05    5.304705E-05    5.304705E-05    5.304705E-05    5.304705E-05
   5.304705E-05    5.304705E-05    5.304705E-05    5.304705E-05    5.304705E-05    5.304705E-05    5.304705E-05    5.304705E-05    5.304705E-05    5.304705E-05    5.304705E-05    5.304705E-05    5.304705E-05    5.304705E-05    5.304705E-05    5.304705E-05    5.304705E-05    5.304705E-05    5.304705E-05    5.304705E-05
   5.304705E-05    5.304705E-05    5.304705E-05    5.304705E-05    5.304705E-05    5.304705E-05    5.304705E-05    5.304705E-05    5.304705E-05    5.304705E-05    5.304705E-05    5.304705E-05    5.304705E-05    5.304705E-05    5.304705E-05    5.304705E-05    5.304705E-05    5.304705E-05    5.304705E-05    5.304705E-05
   5.304705E-05    5.304705E-05    5.304705E-05    5.304705E-05    5.304705E-05    5.304705E-05    5.304705E-05    5.304705E-05    5.304705E-05    5.304705E-05    5.304705E-05    5.304705E-05    5.304705E-05    5.304705E-05    5.304705E-05    5.304705E-05    5.304705E-05    5.304705E-05    5.304705E-05    5.304705E-05
   5.304705E-05    5.304705E-05    5.304705E-05    5.304705E-05    5.304705E-05    5.304705E-05    5.304705E-05    5.304705E-05    5.304705E-05    5.304705E-05    5.304705E-05    5.304705E-05    5.304705E-05    5.304705E-05    5.304705E-05    5.304705E-05    5.304705E-05    5.304705E-05    5.304705E-05    5.304705E-05
   5.304705E-05    5.304705E-05    5.304705E-05    5.304705E-05    5.304705E-05    5.304705E-05    5.304705E-05    5.304705E-05    5.304705E-05    5.304705E-05    5.304705E-05    5.304705E-05    5.304705E-05    5.304705E-05    5.304705E-05    5.304705E-05    5.304705E-05    5.304705E-05    5.304705E-05    5.304705E-05
   5.304705E-05    5.304705E-05    5.304705E-05    5.304705E-05    5.304705E-05    5.304705E-05    5.304705E-05    5.304705E-05    5.304705E-05    5.304705E-05    5.304705E-05    5.304705E-05    5.304705E-05    5.304705E-05    5.304705E-05    5.304705E-05    5.304705E-05    5.304705E-05    5.304705E-05    5.304705E-05
   5.304705E-05    5.304705E-05    5.304705E-05    5.304705E-05    5.304705E-05    5.304705E-05    5.304705E-05    5.304705E-05    5.304705E-05    5.304705E-05    5.304705E-05    5.304705E-05    5.304705E-05    5.304705E-05    5.304705E-05    5.304705E-05    5.304705E-05    5.304705E-05    5.304705E-05    5.304705E-05
   5.304705E-05    5.304705E-05    5.304705E-05    5.304705E-05    5.304705E-05    5.304705E-05    5.304705E-05    5.304705E-05    5.304705E-05    5.304705E-05    5.304705E-05    5.304705E-05    5.304705E-05    5.304705E-05    5.304705E-05    5.304705E-05    5.304705E-05    5.304705E-05    5.304705E-05    5.304705E-05
   5.304705E-05    5.304705E-05    5.304705E-05    5.304705E-05    5.304705E-05    5.304705E-05    5.304705E-05    5.304705E-05    5.304705E-05    5.304705E-05    5.304705E-05    5.304705E-05    5.304705E-05    5.304705E-05    5.304705E-05    5.304705E-05    5.304705E-05    5.304705E-05    5.304705E-05    5.304705E-05
   5.304705E-05    5.304705E-05    5.304705E-05    5.304705E-05    5.304705E-05    5.304705E-05    5.304705E-05    5.304705E-05    5.304705E-05    5.304705E-05    5.304705E-05    5.304705E-05    5.304705E-05    5.304705E-05    5.304705E-05    5.304705E-05    5.304705E-05    5.304705E-05    5.304705E-05    5.304705E-05
