1.209585e-04 1.209585e-04 1.209585e-04 1.209585e-04 1.209585e-04 1.209585e-04 1.209585e-04 1.209585e-04 1.209585e-04 1.209585e-04 1.209585e-04 1.209585e-04 1.209585e-04 1.209585e-04 1.209585e-04 1.209585e-04 1.209585e-04 1.209585e-04 1.209585e-04 1.209585e-04
1.209585e-04 1.209585e-04 1.209585e-04 1.209585e-04 1.209585e-04 1.209585e-04 1.209585e-04 1.209585e-04 1.209585e-04 1.209585e-04 1.209585e-04 1.209585e-04 1.209585e-04 1.209585e-04 1.209585e-04 1.209585e-04 1.209585e-04 1.209585e-04 1.209585e-04 1.209585e-04
1.209585e-04 1.209585e-04 1.209585e-04 1.209585e-04 1.209585e-04 1.209585e-04 1.209585e-04 1.209585e-04 1.209585e-04 1.209585e-04 1.209585e-04 1.209585e-04 1.209585e-04 1.209585e-04 1.209585e-04 1.209585e-04 1.209585e-04 1.209585e-04 1.209585e-04 1.209585e-04
1.209585e-04 1.209585e-04 1.209585e-04 1.209585e-04 1.209585e-04 1.209585e-04 1.209585e-04 1.209585e-04 1.209585e-04 1.209585e-04 1.209585e-04 1.209585e-04 1.209585e-04 1.209585e-04 1.209585e-04 1.209585e-04 1.209585e-04 1.209585e-04 1.209585e-04 1.209585e-04
1.209585e-04 1.209585e-04 1.209585e-04 1.209585e-04 1.209585e-04 1.209585e-04 1.209585e-04 1.209585e-04 1.209585e-04 1.209585e-04 1.209585e-04 1.209585e-04 1.209585e-04 1.209585e-04 1.209585e-04 1.209585e-04 1.209585e-04 1.209585e-04 1.209585e-04 1.209585e-04
1.209585e-04 1.209585e-04 1.209585e-04 1.209585e-04 1.209585e-04 1.209585e-04 1.209585e-04 1.209585e-04 1.209585e-04 1.209585e-04 1.209585e-04 1.209585e-04 1.209585e-04 1.209585e-04 1.209585e-04 1.209585e-04 1.209585e-04 1.209585e-04 1.209585e-04 1.209585e-04
1.209585e-04 1.209585e-04 1.209585e-04 1.209585e-04 1.209585e-04 1.209585e-04 1.209585e-04 1.209585e-04 1.209585e-04 1.209585e-04 1.209585e-04 1.209585e-04 1.209585e-04 1.209585e-04 1.209585e-04 1.209585e-04 1.209585e-04 1.209585e-04 1.209585e-04 1.209585e-04
1.209585e-04 1.209585e-04 1.209585e-04 1.209585e-04 1.209585e-04 1.209585e-04 1.209585e-04 1.209585e-04 1.209585e-04 1.209585e-04 1.209585e-04 1.209585e-04 1.209585e-04 1.209585e-04 1.209585e-04 1.209585e-04 1.209585e-04 1.209585e-04 1.209585e-04 1.209585e-04
1.209585e-04 1.209585e-04 1.209585e-04 1.209585e-04 1.209585e-04 1.209585e-04 1.209585e-04 1.209585e-04 1.209585e-04 1.209585e-04 1.209585e-04 1.209585e-04 1.209585e-04 1.209585e-04 1.209585e-04 1.209585e-04 1.209585e-04 1.209585e-04 1.209585e-04 1.209585e-04
1.209585e-04 1.209585e-04 1.209585e-04 1.209585e-04 1.209585e-04 1.209585e-04 1.209585e-04 1.209585e-04 1.209585e-04 1.209585e-04 1.209585e-04 1.209585e-04 1.209585e-04 1.209585e-04 1.209585e-04 1.209585e-04 1.209585e-04 1.209585e-04 1.209585e-04 1.209585e-04
1.209585e-04 1.209585e-04 1.209585e-04 1.209585e-04 1.209585e-04 1.209585e-04 1.209585e-04 1.209585e-04 1.209585e-04 1.209585e-04 1.209585e-04 1.209585e-04 1.209585e-04 1.209585e-04 1.209585e-04 1.209585e-04 1.209585e-04 1.209585e-04 1.209585e-04 1.209585e-04
1.209585e-04 1.209585e-04 1.209585e-04 1.209585e-04 1.209585e-04 1.209585e-04 1.209585e-04 1.209585e-04 1.209585e-04 1.209585e-04 1.209585e-04 1.209585e-04 1.209585e-04 1.209585e-04 1.209585e-04 1.209585e-04 1.209585e-04 1.209585e-04 1.209585e-04 1.209585e-04
1.209585e-04 1.209585e-04 1.209585e-04 1.209585e-04 1.209585e-04 1.209585e-04 1.209585e-04 1.209585e-04 1.209585e-04 1.209585e-04 1.209585e-04 1.209585e-04 1.209585e-04 1.209585e-04 1.209585e-04 1.209585e-04 1.209585e-04 1.209585e-04 1.209585e-04 1.209585e-04
1.209585e-04 1.209585e-04 1.209585e-04 1.209585e-04 1.209585e-04 1.209585e-04 1.209585e-04 1.209585e-04 1.209585e-04 1.209585e-04 1.209585e-04 1.209585e-04 1.209585e-04 1.209585e-04 1.209585e-04 1.209585e-04 1.209585e-04 1.209585e-04 1.209585e-04 1.209585e-04
1.209585e-04 1.209585e-04 1.209585e-04 1.209585e-04 1.209585e-04 1.209585e-04 1.209585e-04 1.209585e-04 1.209585e-04 1.209585e-04 1.209585e-04 1.209585e-04 1.209585e-04 1.209585e-04 1.209585e-04 1.209585e-04 1.209585e-04 1.209585e-04 1.209585e-04 1.209585e-04
1.209585e-04 1.209585e-04 1.209585e-04 1.209585e-04 1.209585e-04 1.209585e-04 1.209585e-04 1.209585e-04 1.209585e-04 1.209585e-04 1.209585e-04 1.209585e-04 1.209585e-04 1.209585e-04 1.209585e-04 1.209585e-04 1.209585e-04 1.209585e-04 1.209585e-04 1.209585e-04
1.209585e-04 1.209585e-04 1.209585e-04 1.209585e-04 1.209585e-04 1.209585e-04 1.209585e-04 1.209585e-04 1.209585e-04 1.209585e-04 1.209585e-04 1.209585e-04 1.209585e-04 1.209585e-04 1.209585e-04 1.209585e-04 1.209585e-04 1.209585e-04 1.209585e-04 1.209585e-04
1.209585e-04 1.209585e-04 1.209585e-04 1.209585e-04 1.209585e-04 1.209585e-04 1.209585e-04 1.209585e-04 1.209585e-04 1.209585e-04 1.209585e-04 1.209585e-04 1.209585e-04 1.209585e-04 1.209585e-04 1.209585e-04 1.209585e-04 1.209585e-04 1.209585e-04 1.209585e-04
1.209585e-04 1.209585e-04 1.209585e-04 1.209585e-04 1.209585e-04 1.209585e-04 1.209585e-04 1.209585e-04 1.209585e-04 1.209585e-04 1.209585e-04 1.209585e-04 1.209585e-04 1.209585e-04 1.209585e-04 1.209585e-04 1.209585e-04 1.209585e-04 1.209585e-04 1.209585e-04
1.209585e-04 1.209585e-04 1.209585e-04 1.209585e-04 1.209585e-04 1.209585e-04 1.209585e-04 1.209585e-04 1.209585e-04 1.209585e-04 1.209585e-04 1.209585e-04 1.209585e-04 1.209585e-04 1.209585e-04 1.209585e-04 1.209585e-04 1.209585e-04 1.209585e-04 1.209585e-04
1.209585e-04 1.209585e-04 1.209585e-04 1.209585e-04 1.209585e-04 1.209585e-04 1.209585e-04 1.209585e-04 1.209585e-04 1.209585e-04 1.209585e-04 1.209585e-04 1.209585e-04 1.209585e-04 1.209585e-04 1.209585e-04 1.209585e-04 1.209585e-04 1.209585e-04 1.209585e-04
1.209585e-04 1.209585e-04 1.209585e-04 1.209585e-04 1.209585e-04 1.209585e-04 1.209585e-04 1.209585e-04 1.209585e-04 1.209585e-04 1.209585e-04 1.209585e-04 1.209585e-04 1.209585e-04 1.209585e-04 1.209585e-04 1.209585e-04 1.209585e-04 1.209585e-04 1.209585e-04
1.209585e-04 1.209585e-04 1.209585e-04 1.209585e-04 1.209585e-04 1.209585e-04 1.209585e-04 1.209585e-04 1.209585e-04 1.209585e-04 1.209585e-04 1.209585e-04 1.209585e-04 1.209585e-04 1.209585e-04 1.209585e-04 1.209585e-04 1.209585e-04 1.209585e-04 1.209585e-04
1.209585e-04 1.209585e-04 1.209585e-04 1.209585e-04 1.209585e-04 1.209585e-04 1.209585e-04 1.209585e-04 1.209585e-04 1.209585e-04 1.209585e-04 1.209585e-04 1.209585e-04 1.209585e-04 1.209585e-04 1.209585e-04 1.209585e-04 1.209585e-04 1.209585e-04 1.209585e-04
1.209585e-04 1.209585e-04 1.209585e-04 1.209585e-04 1.209585e-04 1.209585e-04 1.209585e-04 1.209585e-04 1.209585e-04 1.209585e-04 1.209585e-04 1.209585e-04 1.209585e-04 1.209585e-04 1.209585e-04 1.209585e-04 1.209585e-04 1.209585e-04 1.209585e-04 1.209585e-04
1.209585e-04 1.209585e-04 1.209585e-04 1.209585e-04 1.209585e-04 1.209585e-04 1.209585e-04 1.209585e-04 1.209585e-04 1.209585e-04 1.209585e-04 1.209585e-04 1.209585e-04 1.209585e-04 1.209585e-04 1.209585e-04 1.209585e-04 1.209585e-04 1.209585e-04 1.209585e-04
1.209585e-04 1.209585e-04 1.209585e-04 1.209585e-04 1.209585e-04 1.209585e-04 1.209585e-04 1.209585e-04 1.209585e-04 1.209585e-04 1.209585e-04 1.209585e-04 1.209585e-04 1.209585e-04 1.209585e-04 1.209585e-04 1.209585e-04 1.209585e-04 1.209585e-04 1.209585e-04
1.209585e-04 1.209585e-04 1.209585e-04 1.209585e-04 1.209585e-04 1.209585e-04 1.209585e-04 1.209585e-04 1.209585e-04 1.209585e-04 1.209585e-04 1.209585e-04 1.209585e-04 1.209585e-04 1.209585e-04 1.209585e-04 1.209585e-04 1.209585e-04 1.209585e-04 1.209585e-04
1.209585e-04 1.209585e-04 1.209585e-04 1.209585e-04 1.209585e-04 1.209585e-04 1.209585e-04 1.209585e-04 1.209585e-04 1.209585e-04 1.209585e-04 1.209585e-04 1.209585e-04 1.209585e-04 1.209585e-04 1.209585e-04 1.209585e-04 1.209585e-04 1.209585e-04 1.209585e-04
1.209585e-04 1.209585e-04 1.209585e-04 1.209585e-04 1.209585e-04 1.209585e-04 1.209585e-04 1.209585e-04 1.209585e-04 1.209585e-04 1.209585e-04 1.209585e-04 1.209585e-04 1.209585e-04 1.209585e-04 1.209585e-04 1.209585e-04 1.209585e-04 1.209585e-04 1.209585e-04
1.209585e-04 1.209585e-04 1.209585e-04 1.209585e-04 1.209585e-04 1.209585e-04 1.209585e-04 1.209585e-04 1.209585e-04 1.209585e-04 1.209585e-04 1.209585e-04 1.209585e-04 1.209585e-04 1.209585e-04 1.209585e-04 1.209585e-04 1.209585e-04 1.209585e-04 1.209585e-04
1.209585e-04 1.209585e-04 1.209585e-04 1.209585e-04 1.209585e-04 1.209585e-04 1.209585e-04 1.209585e-04 1.209585e-04 1.209585e-04 1.209585e-04 1.209585e-04 1.209585e-04 1.209585e-04 1.209585e-04 1.209585e-04 1.209585e-04 1.209585e-04 1.209585e-04 1.209585e-04
1.209585e-04 1.209585e-04 1.209585e-04 1.209585e-04 1.209585e-04 1.209585e-04 1.209585e-04 1.209585e-04 1.209585e-04 1.209585e-04 1.209585e-04 1.209585e-04 1.209585e-04 1.209585e-04 1.209585e-04 1.209585e-04 1.209585e-04 1.209585e-04 1.209585e-04 1.209585e-04
1.209585e-04 1.209585e-04 1.209585e-04 1.209585e-04 1.209585e-04 1.209585e-04 1.209585e-04 1.209585e-04 1.209585e-04 1.209585e-04 1.209585e-04 1.209585e-04 1.209585e-04 1.209585e-04 1.209585e-04 1.209585e-04 1.209585e-04 1.209585e-04 1.209585e-04 1.209585e-04
1.209585e-04 1.209585e-04 1.209585e-04 1.209585e-04 1.209585e-04 1.209585e-04 1.209585e-04 1.209585e-04 1.209585e-04 1.209585e-04 1.209585e-04 1.209585e-04 1.209585e-04 1.209585e-04 1.209585e-04 1.209585e-04 1.209585e-04 1.209585e-04 1.209585e-04 1.209585e-04
1.209585e-04 1.209585e-04 1.209585e-04 1.209585e-04 1.209585e-04 1.209585e-04 1.209585e-04 1.209585e-04 1.209585e-04 1.209585e-04 1.209585e-04 1.209585e-04 1.209585e-04 1.209585e-04 1.209585e-04 1.209585e-04 1.209585e-04 1.209585e-04 1.209585e-04 1.209585e-04
1.209585e-04 1.209585e-04 1.209585e-04 1.209585e-04 1.209585e-04 1.209585e-04 1.209585e-04 1.209585e-04 1.209585e-04 1.209585e-04 1.209585e-04 1.209585e-04 1.209585e-04 1.209585e-04 1.209585e-04 1.209585e-04 1.209585e-04 1.209585e-04 1.209585e-04 1.209585e-04
1.209585e-04 1.209585e-04 1.209585e-04 1.209585e-04 1.209585e-04 1.209585e-04 1.209585e-04 1.209585e-04 1.209585e-04 1.209585e-04 1.209585e-04 1.209585e-04 1.209585e-04 1.209585e-04 1.209585e-04 1.209585e-04 1.209585e-04 1.209585e-04 1.209585e-04 1.209585e-04
1.209585e-04 1.209585e-04 1.209585e-04 1.209585e-04 1.209585e-04 1.209585e-04 1.209585e-04 1.209585e-04 1.209585e-04 1.209585e-04 1.209585e-04 1.209585e-04 1.209585e-04 1.209585e-04 1.209585e-04 1.209585e-04 1.209585e-04 1.209585e-04 1.209585e-04 1.209585e-04
1.209585e-04 1.209585e-04 1.209585e-04 1.209585e-04 1.209585e-04 1.209585e-04 1.209585e-04 1.209585e-04 1.209585e-04 1.209585e-04 1.209585e-04 1.209585e-04 1.209585e-04 1.209585e-04 1.209585e-04 1.209585e-04 1.209585e-04 1.209585e-04 1.209585e-04 1.209585e-04
