8.909820e-05 8.909820e-05 8.909820e-05 8.909820e-05 8.909820e-05 8.909820e-05 8.909820e-05 8.909820e-05 8.909820e-05 8.909820e-05 8.909820e-05 8.909820e-05 8.909820e-05 8.909820e-05 8.909820e-05 8.909820e-05 8.909820e-05 8.909820e-05 8.909820e-05 8.909820e-05
8.909820e-05 8.909820e-05 8.909820e-05 8.909820e-05 8.909820e-05 8.909820e-05 8.909820e-05 8.909820e-05 8.909820e-05 8.909820e-05 8.909820e-05 8.909820e-05 8.909820e-05 8.909820e-05 8.909820e-05 8.909820e-05 8.909820e-05 8.909820e-05 8.909820e-05 8.909820e-05
8.909820e-05 8.909820e-05 8.909820e-05 8.909820e-05 8.909820e-05 8.909820e-05 8.909820e-05 8.909820e-05 8.909820e-05 8.909820e-05 8.909820e-05 8.909820e-05 8.909820e-05 8.909820e-05 8.909820e-05 8.909820e-05 8.909820e-05 8.909820e-05 8.909820e-05 8.909820e-05
8.909820e-05 8.909820e-05 8.909820e-05 8.909820e-05 8.909820e-05 8.909820e-05 8.909820e-05 8.909820e-05 8.909820e-05 8.909820e-05 8.909820e-05 8.909820e-05 8.909820e-05 8.909820e-05 8.909820e-05 8.909820e-05 8.909820e-05 8.909820e-05 8.909820e-05 8.909820e-05
8.909820e-05 8.909820e-05 8.909820e-05 8.909820e-05 8.909820e-05 8.909820e-05 8.909820e-05 8.909820e-05 8.909820e-05 8.909820e-05 8.909820e-05 8.909820e-05 8.909820e-05 8.909820e-05 8.909820e-05 8.909820e-05 8.909820e-05 8.909820e-05 8.909820e-05 8.909820e-05
8.909820e-05 8.909820e-05 8.909820e-05 8.909820e-05 8.909820e-05 8.909820e-05 8.909820e-05 8.909820e-05 8.909820e-05 8.909820e-05 8.909820e-05 8.909820e-05 8.909820e-05 8.909820e-05 8.909820e-05 8.909820e-05 8.909820e-05 8.909820e-05 8.909820e-05 8.909820e-05
8.909820e-05 8.909820e-05 8.909820e-05 8.909820e-05 8.909820e-05 8.909820e-05 8.909820e-05 8.909820e-05 8.909820e-05 8.909820e-05 8.909820e-05 8.909820e-05 8.909820e-05 8.909820e-05 8.909820e-05 8.909820e-05 8.909820e-05 8.909820e-05 8.909820e-05 8.909820e-05
8.909820e-05 8.909820e-05 8.909820e-05 8.909820e-05 8.909820e-05 8.909820e-05 8.909820e-05 8.909820e-05 8.909820e-05 8.909820e-05 8.909820e-05 8.909820e-05 8.909820e-05 8.909820e-05 8.909820e-05 8.909820e-05 8.909820e-05 8.909820e-05 8.909820e-05 8.909820e-05
8.909820e-05 8.909820e-05 8.909820e-05 8.909820e-05 8.909820e-05 8.909820e-05 8.909820e-05 8.909820e-05 8.909820e-05 8.909820e-05 8.909820e-05 8.909820e-05 8.909820e-05 8.909820e-05 8.909820e-05 8.909820e-05 8.909820e-05 8.909820e-05 8.909820e-05 8.909820e-05
8.909820e-05 8.909820e-05 8.909820e-05 8.909820e-05 8.909820e-05 8.909820e-05 8.909820e-05 8.909820e-05 8.909820e-05 8.909820e-05 8.909820e-05 8.909820e-05 8.909820e-05 8.909820e-05 8.909820e-05 8.909820e-05 8.909820e-05 8.909820e-05 8.909820e-05 8.909820e-05
8.909820e-05 8.909820e-05 8.909820e-05 8.909820e-05 8.909820e-05 8.909820e-05 8.909820e-05 8.909820e-05 8.909820e-05 8.909820e-05 8.909820e-05 8.909820e-05 8.909820e-05 8.909820e-05 8.909820e-05 8.909820e-05 8.909820e-05 8.909820e-05 8.909820e-05 8.909820e-05
8.909820e-05 8.909820e-05 8.909820e-05 8.909820e-05 8.909820e-05 8.909820e-05 8.909820e-05 8.909820e-05 8.909820e-05 8.909820e-05 8.909820e-05 8.909820e-05 8.909820e-05 8.909820e-05 8.909820e-05 8.909820e-05 8.909820e-05 8.909820e-05 8.909820e-05 8.909820e-05
8.909820e-05 8.909820e-05 8.909820e-05 8.909820e-05 8.909820e-05 8.909820e-05 8.909820e-05 8.909820e-05 8.909820e-05 8.909820e-05 8.909820e-05 8.909820e-05 8.909820e-05 8.909820e-05 8.909820e-05 8.909820e-05 8.909820e-05 8.909820e-05 8.909820e-05 8.909820e-05
8.909820e-05 8.909820e-05 8.909820e-05 8.909820e-05 8.909820e-05 8.909820e-05 8.909820e-05 8.909820e-05 8.909820e-05 8.909820e-05 8.909820e-05 8.909820e-05 8.909820e-05 8.909820e-05 8.909820e-05 8.909820e-05 8.909820e-05 8.909820e-05 8.909820e-05 8.909820e-05
8.909820e-05 8.909820e-05 8.909820e-05 8.909820e-05 8.909820e-05 8.909820e-05 8.909820e-05 8.909820e-05 8.909820e-05 8.909820e-05 8.909820e-05 8.909820e-05 8.909820e-05 8.909820e-05 8.909820e-05 8.909820e-05 8.909820e-05 8.909820e-05 8.909820e-05 8.909820e-05
8.909820e-05 8.909820e-05 8.909820e-05 8.909820e-05 8.909820e-05 8.909820e-05 8.909820e-05 8.909820e-05 8.909820e-05 8.909820e-05 8.909820e-05 8.909820e-05 8.909820e-05 8.909820e-05 8.909820e-05 8.909820e-05 8.909820e-05 8.909820e-05 8.909820e-05 8.909820e-05
8.909820e-05 8.909820e-05 8.909820e-05 8.909820e-05 8.909820e-05 8.909820e-05 8.909820e-05 8.909820e-05 8.909820e-05 8.909820e-05 8.909820e-05 8.909820e-05 8.909820e-05 8.909820e-05 8.909820e-05 8.909820e-05 8.909820e-05 8.909820e-05 8.909820e-05 8.909820e-05
8.909820e-05 8.909820e-05 8.909820e-05 8.909820e-05 8.909820e-05 8.909820e-05 8.909820e-05 8.909820e-05 8.909820e-05 8.909820e-05 8.909820e-05 8.909820e-05 8.909820e-05 8.909820e-05 8.909820e-05 8.909820e-05 8.909820e-05 8.909820e-05 8.909820e-05 8.909820e-05
8.909820e-05 8.909820e-05 8.909820e-05 8.909820e-05 8.909820e-05 8.909820e-05 8.909820e-05 8.909820e-05 8.909820e-05 8.909820e-05 8.909820e-05 8.909820e-05 8.909820e-05 8.909820e-05 8.909820e-05 8.909820e-05 8.909820e-05 8.909820e-05 8.909820e-05 8.909820e-05
8.909820e-05 8.909820e-05 8.909820e-05 8.909820e-05 8.909820e-05 8.909820e-05 8.909820e-05 8.909820e-05 8.909820e-05 8.909820e-05 8.909820e-05 8.909820e-05 8.909820e-05 8.909820e-05 8.909820e-05 8.909820e-05 8.909820e-05 8.909820e-05 8.909820e-05 8.909820e-05
8.909820e-05 8.909820e-05 8.909820e-05 8.909820e-05 8.909820e-05 8.909820e-05 8.909820e-05 8.909820e-05 8.909820e-05 8.909820e-05 8.909820e-05 8.909820e-05 8.909820e-05 8.909820e-05 8.909820e-05 8.909820e-05 8.909820e-05 8.909820e-05 8.909820e-05 8.909820e-05
8.909820e-05 8.909820e-05 8.909820e-05 8.909820e-05 8.909820e-05 8.909820e-05 8.909820e-05 8.909820e-05 8.909820e-05 8.909820e-05 8.909820e-05 8.909820e-05 8.909820e-05 8.909820e-05 8.909820e-05 8.909820e-05 8.909820e-05 8.909820e-05 8.909820e-05 8.909820e-05
8.909820e-05 8.909820e-05 8.909820e-05 8.909820e-05 8.909820e-05 8.909820e-05 8.909820e-05 8.909820e-05 8.909820e-05 8.909820e-05 8.909820e-05 8.909820e-05 8.909820e-05 8.909820e-05 8.909820e-05 8.909820e-05 8.909820e-05 8.909820e-05 8.909820e-05 8.909820e-05
8.909820e-05 8.909820e-05 8.909820e-05 8.909820e-05 8.909820e-05 8.909820e-05 8.909820e-05 8.909820e-05 8.909820e-05 8.909820e-05 8.909820e-05 8.909820e-05 8.909820e-05 8.909820e-05 8.909820e-05 8.909820e-05 8.909820e-05 8.909820e-05 8.909820e-05 8.909820e-05
8.909820e-05 8.909820e-05 8.909820e-05 8.909820e-05 8.909820e-05 8.909820e-05 8.909820e-05 8.909820e-05 8.909820e-05 8.909820e-05 8.909820e-05 8.909820e-05 8.909820e-05 8.909820e-05 8.909820e-05 8.909820e-05 8.909820e-05 8.909820e-05 8.909820e-05 8.909820e-05
8.909820e-05 8.909820e-05 8.909820e-05 8.909820e-05 8.909820e-05 8.909820e-05 8.909820e-05 8.909820e-05 8.909820e-05 8.909820e-05 8.909820e-05 8.909820e-05 8.909820e-05 8.909820e-05 8.909820e-05 8.909820e-05 8.909820e-05 8.909820e-05 8.909820e-05 8.909820e-05
8.909820e-05 8.909820e-05 8.909820e-05 8.909820e-05 8.909820e-05 8.909820e-05 8.909820e-05 8.909820e-05 8.909820e-05 8.909820e-05 8.909820e-05 8.909820e-05 8.909820e-05 8.909820e-05 8.909820e-05 8.909820e-05 8.909820e-05 8.909820e-05 8.909820e-05 8.909820e-05
8.909820e-05 8.909820e-05 8.909820e-05 8.909820e-05 8.909820e-05 8.909820e-05 8.909820e-05 8.909820e-05 8.909820e-05 8.909820e-05 8.909820e-05 8.909820e-05 8.909820e-05 8.909820e-05 8.909820e-05 8.909820e-05 8.909820e-05 8.909820e-05 8.909820e-05 8.909820e-05
8.909820e-05 8.909820e-05 8.909820e-05 8.909820e-05 8.909820e-05 8.909820e-05 8.909820e-05 8.909820e-05 8.909820e-05 8.909820e-05 8.909820e-05 8.909820e-05 8.909820e-05 8.909820e-05 8.909820e-05 8.909820e-05 8.909820e-05 8.909820e-05 8.909820e-05 8.909820e-05
8.909820e-05 8.909820e-05 8.909820e-05 8.909820e-05 8.909820e-05 8.909820e-05 8.909820e-05 8.909820e-05 8.909820e-05 8.909820e-05 8.909820e-05 8.909820e-05 8.909820e-05 8.909820e-05 8.909820e-05 8.909820e-05 8.909820e-05 8.909820e-05 8.909820e-05 8.909820e-05
8.909820e-05 8.909820e-05 8.909820e-05 8.909820e-05 8.909820e-05 8.909820e-05 8.909820e-05 8.909820e-05 8.909820e-05 8.909820e-05 8.909820e-05 8.909820e-05 8.909820e-05 8.909820e-05 8.909820e-05 8.909820e-05 8.909820e-05 8.909820e-05 8.909820e-05 8.909820e-05
8.909820e-05 8.909820e-05 8.909820e-05 8.909820e-05 8.909820e-05 8.909820e-05 8.909820e-05 8.909820e-05 8.909820e-05 8.909820e-05 8.909820e-05 8.909820e-05 8.909820e-05 8.909820e-05 8.909820e-05 8.909820e-05 8.909820e-05 8.909820e-05 8.909820e-05 8.909820e-05
8.909820e-05 8.909820e-05 8.909820e-05 8.909820e-05 8.909820e-05 8.909820e-05 8.909820e-05 8.909820e-05 8.909820e-05 8.909820e-05 8.909820e-05 8.909820e-05 8.909820e-05 8.909820e-05 8.909820e-05 8.909820e-05 8.909820e-05 8.909820e-05 8.909820e-05 8.909820e-05
8.909820e-05 8.909820e-05 8.909820e-05 8.909820e-05 8.909820e-05 8.909820e-05 8.909820e-05 8.909820e-05 8.909820e-05 8.909820e-05 8.909820e-05 8.909820e-05 8.909820e-05 8.909820e-05 8.909820e-05 8.909820e-05 8.909820e-05 8.909820e-05 8.909820e-05 8.909820e-05
8.909820e-05 8.909820e-05 8.909820e-05 8.909820e-05 8.909820e-05 8.909820e-05 8.909820e-05 8.909820e-05 8.909820e-05 8.909820e-05 8.909820e-05 8.909820e-05 8.909820e-05 8.909820e-05 8.909820e-05 8.909820e-05 8.909820e-05 8.909820e-05 8.909820e-05 8.909820e-05
8.909820e-05 8.909820e-05 8.909820e-05 8.909820e-05 8.909820e-05 8.909820e-05 8.909820e-05 8.909820e-05 8.909820e-05 8.909820e-05 8.909820e-05 8.909820e-05 8.909820e-05 8.909820e-05 8.909820e-05 8.909820e-05 8.909820e-05 8.909820e-05 8.909820e-05 8.909820e-05
8.909820e-05 8.909820e-05 8.909820e-05 8.909820e-05 8.909820e-05 8.909820e-05 8.909820e-05 8.909820e-05 8.909820e-05 8.909820e-05 8.909820e-05 8.909820e-05 8.909820e-05 8.909820e-05 8.909820e-05 8.909820e-05 8.909820e-05 8.909820e-05 8.909820e-05 8.909820e-05
8.909820e-05 8.909820e-05 8.909820e-05 8.909820e-05 8.909820e-05 8.909820e-05 8.909820e-05 8.909820e-05 8.909820e-05 8.909820e-05 8.909820e-05 8.909820e-05 8.909820e-05 8.909820e-05 8.909820e-05 8.909820e-05 8.909820e-05 8.909820e-05 8.909820e-05 8.909820e-05
8.909820e-05 8.909820e-05 8.909820e-05 8.909820e-05 8.909820e-05 8.909820e-05 8.909820e-05 8.909820e-05 8.909820e-05 8.909820e-05 8.909820e-05 8.909820e-05 8.909820e-05 8.909820e-05 8.909820e-05 8.909820e-05 8.909820e-05 8.909820e-05 8.909820e-05 8.909820e-05
8.909820e-05 8.909820e-05 8.909820e-05 8.909820e-05 8.909820e-05 8.909820e-05 8.909820e-05 8.909820e-05 8.909820e-05 8.909820e-05 8.909820e-05 8.909820e-05 8.909820e-05 8.909820e-05 8.909820e-05 8.909820e-05 8.909820e-05 8.909820e-05 8.909820e-05 8.909820e-05
