2.906287e-05 2.906287e-05 2.906287e-05 2.906287e-05 2.906287e-05 2.906287e-05 2.906287e-05 2.906287e-05 2.906287e-05 2.906287e-05 2.906287e-05 2.906287e-05 2.906287e-05 2.906287e-05 2.906287e-05 2.906287e-05 2.906287e-05 2.906287e-05 2.906287e-05 2.906287e-05
2.906287e-05 2.906287e-05 2.906287e-05 2.906287e-05 2.906287e-05 2.906287e-05 2.906287e-05 2.906287e-05 2.906287e-05 2.906287e-05 2.906287e-05 2.906287e-05 2.906287e-05 2.906287e-05 2.906287e-05 2.906287e-05 2.906287e-05 2.906287e-05 2.906287e-05 2.906287e-05
2.906287e-05 2.906287e-05 2.906287e-05 2.906287e-05 2.906287e-05 2.906287e-05 2.906287e-05 2.906287e-05 2.906287e-05 2.906287e-05 2.906287e-05 2.906287e-05 2.906287e-05 2.906287e-05 2.906287e-05 2.906287e-05 2.906287e-05 2.906287e-05 2.906287e-05 2.906287e-05
2.906287e-05 2.906287e-05 2.906287e-05 2.906287e-05 2.906287e-05 2.906287e-05 2.906287e-05 2.906287e-05 2.906287e-05 2.906287e-05 2.906287e-05 2.906287e-05 2.906287e-05 2.906287e-05 2.906287e-05 2.906287e-05 2.906287e-05 2.906287e-05 2.906287e-05 2.906287e-05
2.906287e-05 2.906287e-05 2.906287e-05 2.906287e-05 2.906287e-05 2.906287e-05 2.906287e-05 2.906287e-05 2.906287e-05 2.906287e-05 2.906287e-05 2.906287e-05 2.906287e-05 2.906287e-05 2.906287e-05 2.906287e-05 2.906287e-05 2.906287e-05 2.906287e-05 2.906287e-05
2.906287e-05 2.906287e-05 2.906287e-05 2.906287e-05 2.906287e-05 2.906287e-05 2.906287e-05 2.906287e-05 2.906287e-05 2.906287e-05 2.906287e-05 2.906287e-05 2.906287e-05 2.906287e-05 2.906287e-05 2.906287e-05 2.906287e-05 2.906287e-05 2.906287e-05 2.906287e-05
2.906287e-05 2.906287e-05 2.906287e-05 2.906287e-05 2.906287e-05 2.906287e-05 2.906287e-05 2.906287e-05 2.906287e-05 2.906287e-05 2.906287e-05 2.906287e-05 2.906287e-05 2.906287e-05 2.906287e-05 2.906287e-05 2.906287e-05 2.906287e-05 2.906287e-05 2.906287e-05
2.906287e-05 2.906287e-05 2.906287e-05 2.906287e-05 2.906287e-05 2.906287e-05 2.906287e-05 2.906287e-05 2.906287e-05 2.906287e-05 2.906287e-05 2.906287e-05 2.906287e-05 2.906287e-05 2.906287e-05 2.906287e-05 2.906287e-05 2.906287e-05 2.906287e-05 2.906287e-05
2.906287e-05 2.906287e-05 2.906287e-05 2.906287e-05 2.906287e-05 2.906287e-05 2.906287e-05 2.906287e-05 2.906287e-05 2.906287e-05 2.906287e-05 2.906287e-05 2.906287e-05 2.906287e-05 2.906287e-05 2.906287e-05 2.906287e-05 2.906287e-05 2.906287e-05 2.906287e-05
2.906287e-05 2.906287e-05 2.906287e-05 2.906287e-05 2.906287e-05 2.906287e-05 2.906287e-05 2.906287e-05 2.906287e-05 2.906287e-05 2.906287e-05 2.906287e-05 2.906287e-05 2.906287e-05 2.906287e-05 2.906287e-05 2.906287e-05 2.906287e-05 2.906287e-05 2.906287e-05
2.906287e-05 2.906287e-05 2.906287e-05 2.906287e-05 2.906287e-05 2.906287e-05 2.906287e-05 2.906287e-05 2.906287e-05 2.906287e-05 2.906287e-05 2.906287e-05 2.906287e-05 2.906287e-05 2.906287e-05 2.906287e-05 2.906287e-05 2.906287e-05 2.906287e-05 2.906287e-05
2.906287e-05 2.906287e-05 2.906287e-05 2.906287e-05 2.906287e-05 2.906287e-05 2.906287e-05 2.906287e-05 2.906287e-05 2.906287e-05 2.906287e-05 2.906287e-05 2.906287e-05 2.906287e-05 2.906287e-05 2.906287e-05 2.906287e-05 2.906287e-05 2.906287e-05 2.906287e-05
2.906287e-05 2.906287e-05 2.906287e-05 2.906287e-05 2.906287e-05 2.906287e-05 2.906287e-05 2.906287e-05 2.906287e-05 2.906287e-05 2.906287e-05 2.906287e-05 2.906287e-05 2.906287e-05 2.906287e-05 2.906287e-05 2.906287e-05 2.906287e-05 2.906287e-05 2.906287e-05
2.906287e-05 2.906287e-05 2.906287e-05 2.906287e-05 2.906287e-05 2.906287e-05 2.906287e-05 2.906287e-05 2.906287e-05 2.906287e-05 2.906287e-05 2.906287e-05 2.906287e-05 2.906287e-05 2.906287e-05 2.906287e-05 2.906287e-05 2.906287e-05 2.906287e-05 2.906287e-05
2.906287e-05 2.906287e-05 2.906287e-05 2.906287e-05 2.906287e-05 2.906287e-05 2.906287e-05 2.906287e-05 2.906287e-05 2.906287e-05 2.906287e-05 2.906287e-05 2.906287e-05 2.906287e-05 2.906287e-05 2.906287e-05 2.906287e-05 2.906287e-05 2.906287e-05 2.906287e-05
2.906287e-05 2.906287e-05 2.906287e-05 2.906287e-05 2.906287e-05 2.906287e-05 2.906287e-05 2.906287e-05 2.906287e-05 2.906287e-05 2.906287e-05 2.906287e-05 2.906287e-05 2.906287e-05 2.906287e-05 2.906287e-05 2.906287e-05 2.906287e-05 2.906287e-05 2.906287e-05
2.906287e-05 2.906287e-05 2.906287e-05 2.906287e-05 2.906287e-05 2.906287e-05 2.906287e-05 2.906287e-05 2.906287e-05 2.906287e-05 2.906287e-05 2.906287e-05 2.906287e-05 2.906287e-05 2.906287e-05 2.906287e-05 2.906287e-05 2.906287e-05 2.906287e-05 2.906287e-05
2.906287e-05 2.906287e-05 2.906287e-05 2.906287e-05 2.906287e-05 2.906287e-05 2.906287e-05 2.906287e-05 2.906287e-05 2.906287e-05 2.906287e-05 2.906287e-05 2.906287e-05 2.906287e-05 2.906287e-05 2.906287e-05 2.906287e-05 2.906287e-05 2.906287e-05 2.906287e-05
2.906287e-05 2.906287e-05 2.906287e-05 2.906287e-05 2.906287e-05 2.906287e-05 2.906287e-05 2.906287e-05 2.906287e-05 2.906287e-05 2.906287e-05 2.906287e-05 2.906287e-05 2.906287e-05 2.906287e-05 2.906287e-05 2.906287e-05 2.906287e-05 2.906287e-05 2.906287e-05
2.906287e-05 2.906287e-05 2.906287e-05 2.906287e-05 2.906287e-05 2.906287e-05 2.906287e-05 2.906287e-05 2.906287e-05 2.906287e-05 2.906287e-05 2.906287e-05 2.906287e-05 2.906287e-05 2.906287e-05 2.906287e-05 2.906287e-05 2.906287e-05 2.906287e-05 2.906287e-05
2.906287e-05 2.906287e-05 2.906287e-05 2.906287e-05 2.906287e-05 2.906287e-05 2.906287e-05 2.906287e-05 2.906287e-05 2.906287e-05 2.906287e-05 2.906287e-05 2.906287e-05 2.906287e-05 2.906287e-05 2.906287e-05 2.906287e-05 2.906287e-05 2.906287e-05 2.906287e-05
2.906287e-05 2.906287e-05 2.906287e-05 2.906287e-05 2.906287e-05 2.906287e-05 2.906287e-05 2.906287e-05 2.906287e-05 2.906287e-05 2.906287e-05 2.906287e-05 2.906287e-05 2.906287e-05 2.906287e-05 2.906287e-05 2.906287e-05 2.906287e-05 2.906287e-05 2.906287e-05
2.906287e-05 2.906287e-05 2.906287e-05 2.906287e-05 2.906287e-05 2.906287e-05 2.906287e-05 2.906287e-05 2.906287e-05 2.906287e-05 2.906287e-05 2.906287e-05 2.906287e-05 2.906287e-05 2.906287e-05 2.906287e-05 2.906287e-05 2.906287e-05 2.906287e-05 2.906287e-05
2.906287e-05 2.906287e-05 2.906287e-05 2.906287e-05 2.906287e-05 2.906287e-05 2.906287e-05 2.906287e-05 2.906287e-05 2.906287e-05 2.906287e-05 2.906287e-05 2.906287e-05 2.906287e-05 2.906287e-05 2.906287e-05 2.906287e-05 2.906287e-05 2.906287e-05 2.906287e-05
2.906287e-05 2.906287e-05 2.906287e-05 2.906287e-05 2.906287e-05 2.906287e-05 2.906287e-05 2.906287e-05 2.906287e-05 2.906287e-05 2.906287e-05 2.906287e-05 2.906287e-05 2.906287e-05 2.906287e-05 2.906287e-05 2.906287e-05 2.906287e-05 2.906287e-05 2.906287e-05
2.906287e-05 2.906287e-05 2.906287e-05 2.906287e-05 2.906287e-05 2.906287e-05 2.906287e-05 2.906287e-05 2.906287e-05 2.906287e-05 2.906287e-05 2.906287e-05 2.906287e-05 2.906287e-05 2.906287e-05 2.906287e-05 2.906287e-05 2.906287e-05 2.906287e-05 2.906287e-05
2.906287e-05 2.906287e-05 2.906287e-05 2.906287e-05 2.906287e-05 2.906287e-05 2.906287e-05 2.906287e-05 2.906287e-05 2.906287e-05 2.906287e-05 2.906287e-05 2.906287e-05 2.906287e-05 2.906287e-05 2.906287e-05 2.906287e-05 2.906287e-05 2.906287e-05 2.906287e-05
2.906287e-05 2.906287e-05 2.906287e-05 2.906287e-05 2.906287e-05 2.906287e-05 2.906287e-05 2.906287e-05 2.906287e-05 2.906287e-05 2.906287e-05 2.906287e-05 2.906287e-05 2.906287e-05 2.906287e-05 2.906287e-05 2.906287e-05 2.906287e-05 2.906287e-05 2.906287e-05
2.906287e-05 2.906287e-05 2.906287e-05 2.906287e-05 2.906287e-05 2.906287e-05 2.906287e-05 2.906287e-05 2.906287e-05 2.906287e-05 2.906287e-05 2.906287e-05 2.906287e-05 2.906287e-05 2.906287e-05 2.906287e-05 2.906287e-05 2.906287e-05 2.906287e-05 2.906287e-05
2.906287e-05 2.906287e-05 2.906287e-05 2.906287e-05 2.906287e-05 2.906287e-05 2.906287e-05 2.906287e-05 2.906287e-05 2.906287e-05 2.906287e-05 2.906287e-05 2.906287e-05 2.906287e-05 2.906287e-05 2.906287e-05 2.906287e-05 2.906287e-05 2.906287e-05 2.906287e-05
2.906287e-05 2.906287e-05 2.906287e-05 2.906287e-05 2.906287e-05 2.906287e-05 2.906287e-05 2.906287e-05 2.906287e-05 2.906287e-05 2.906287e-05 2.906287e-05 2.906287e-05 2.906287e-05 2.906287e-05 2.906287e-05 2.906287e-05 2.906287e-05 2.906287e-05 2.906287e-05
2.906287e-05 2.906287e-05 2.906287e-05 2.906287e-05 2.906287e-05 2.906287e-05 2.906287e-05 2.906287e-05 2.906287e-05 2.906287e-05 2.906287e-05 2.906287e-05 2.906287e-05 2.906287e-05 2.906287e-05 2.906287e-05 2.906287e-05 2.906287e-05 2.906287e-05 2.906287e-05
2.906287e-05 2.906287e-05 2.906287e-05 2.906287e-05 2.906287e-05 2.906287e-05 2.906287e-05 2.906287e-05 2.906287e-05 2.906287e-05 2.906287e-05 2.906287e-05 2.906287e-05 2.906287e-05 2.906287e-05 2.906287e-05 2.906287e-05 2.906287e-05 2.906287e-05 2.906287e-05
2.906287e-05 2.906287e-05 2.906287e-05 2.906287e-05 2.906287e-05 2.906287e-05 2.906287e-05 2.906287e-05 2.906287e-05 2.906287e-05 2.906287e-05 2.906287e-05 2.906287e-05 2.906287e-05 2.906287e-05 2.906287e-05 2.906287e-05 2.906287e-05 2.906287e-05 2.906287e-05
2.906287e-05 2.906287e-05 2.906287e-05 2.906287e-05 2.906287e-05 2.906287e-05 2.906287e-05 2.906287e-05 2.906287e-05 2.906287e-05 2.906287e-05 2.906287e-05 2.906287e-05 2.906287e-05 2.906287e-05 2.906287e-05 2.906287e-05 2.906287e-05 2.906287e-05 2.906287e-05
2.906287e-05 2.906287e-05 2.906287e-05 2.906287e-05 2.906287e-05 2.906287e-05 2.906287e-05 2.906287e-05 2.906287e-05 2.906287e-05 2.906287e-05 2.906287e-05 2.906287e-05 2.906287e-05 2.906287e-05 2.906287e-05 2.906287e-05 2.906287e-05 2.906287e-05 2.906287e-05
2.906287e-05 2.906287e-05 2.906287e-05 2.906287e-05 2.906287e-05 2.906287e-05 2.906287e-05 2.906287e-05 2.906287e-05 2.906287e-05 2.906287e-05 2.906287e-05 2.906287e-05 2.906287e-05 2.906287e-05 2.906287e-05 2.906287e-05 2.906287e-05 2.906287e-05 2.906287e-05
2.906287e-05 2.906287e-05 2.906287e-05 2.906287e-05 2.906287e-05 2.906287e-05 2.906287e-05 2.906287e-05 2.906287e-05 2.906287e-05 2.906287e-05 2.906287e-05 2.906287e-05 2.906287e-05 2.906287e-05 2.906287e-05 2.906287e-05 2.906287e-05 2.906287e-05 2.906287e-05
2.906287e-05 2.906287e-05 2.906287e-05 2.906287e-05 2.906287e-05 2.906287e-05 2.906287e-05 2.906287e-05 2.906287e-05 2.906287e-05 2.906287e-05 2.906287e-05 2.906287e-05 2.906287e-05 2.906287e-05 2.906287e-05 2.906287e-05 2.906287e-05 2.906287e-05 2.906287e-05
2.906287e-05 2.906287e-05 2.906287e-05 2.906287e-05 2.906287e-05 2.906287e-05 2.906287e-05 2.906287e-05 2.906287e-05 2.906287e-05 2.906287e-05 2.906287e-05 2.906287e-05 2.906287e-05 2.906287e-05 2.906287e-05 2.906287e-05 2.906287e-05 2.906287e-05 2.906287e-05
