8.496600e-06 8.496600e-06 8.496600e-06 8.496600e-06 8.496600e-06 8.496600e-06 8.496600e-06 8.496600e-06 8.496600e-06 8.496600e-06 8.496600e-06 8.496600e-06 8.496600e-06 8.496600e-06 8.496600e-06 8.496600e-06 8.496600e-06 8.496600e-06 8.496600e-06 8.496600e-06
8.496600e-06 8.496600e-06 8.496600e-06 8.496600e-06 8.496600e-06 8.496600e-06 8.496600e-06 8.496600e-06 8.496600e-06 8.496600e-06 8.496600e-06 8.496600e-06 8.496600e-06 8.496600e-06 8.496600e-06 8.496600e-06 8.496600e-06 8.496600e-06 8.496600e-06 8.496600e-06
8.496600e-06 8.496600e-06 8.496600e-06 8.496600e-06 8.496600e-06 8.496600e-06 8.496600e-06 8.496600e-06 8.496600e-06 8.496600e-06 8.496600e-06 8.496600e-06 8.496600e-06 8.496600e-06 8.496600e-06 8.496600e-06 8.496600e-06 8.496600e-06 8.496600e-06 8.496600e-06
8.496600e-06 8.496600e-06 8.496600e-06 8.496600e-06 8.496600e-06 8.496600e-06 8.496600e-06 8.496600e-06 8.496600e-06 8.496600e-06 8.496600e-06 8.496600e-06 8.496600e-06 8.496600e-06 8.496600e-06 8.496600e-06 8.496600e-06 8.496600e-06 8.496600e-06 8.496600e-06
8.496600e-06 8.496600e-06 8.496600e-06 8.496600e-06 8.496600e-06 8.496600e-06 8.496600e-06 8.496600e-06 8.496600e-06 8.496600e-06 8.496600e-06 8.496600e-06 8.496600e-06 8.496600e-06 8.496600e-06 8.496600e-06 8.496600e-06 8.496600e-06 8.496600e-06 8.496600e-06
8.496600e-06 8.496600e-06 8.496600e-06 8.496600e-06 8.496600e-06 8.496600e-06 8.496600e-06 8.496600e-06 8.496600e-06 8.496600e-06 8.496600e-06 8.496600e-06 8.496600e-06 8.496600e-06 8.496600e-06 8.496600e-06 8.496600e-06 8.496600e-06 8.496600e-06 8.496600e-06
8.496600e-06 8.496600e-06 8.496600e-06 8.496600e-06 8.496600e-06 8.496600e-06 8.496600e-06 8.496600e-06 8.496600e-06 8.496600e-06 8.496600e-06 8.496600e-06 8.496600e-06 8.496600e-06 8.496600e-06 8.496600e-06 8.496600e-06 8.496600e-06 8.496600e-06 8.496600e-06
8.496600e-06 8.496600e-06 8.496600e-06 8.496600e-06 8.496600e-06 8.496600e-06 8.496600e-06 8.496600e-06 8.496600e-06 8.496600e-06 8.496600e-06 8.496600e-06 8.496600e-06 8.496600e-06 8.496600e-06 8.496600e-06 8.496600e-06 8.496600e-06 8.496600e-06 8.496600e-06
8.496600e-06 8.496600e-06 8.496600e-06 8.496600e-06 8.496600e-06 8.496600e-06 8.496600e-06 8.496600e-06 8.496600e-06 8.496600e-06 8.496600e-06 8.496600e-06 8.496600e-06 8.496600e-06 8.496600e-06 8.496600e-06 8.496600e-06 8.496600e-06 8.496600e-06 8.496600e-06
8.496600e-06 8.496600e-06 8.496600e-06 8.496600e-06 8.496600e-06 8.496600e-06 8.496600e-06 8.496600e-06 8.496600e-06 8.496600e-06 8.496600e-06 8.496600e-06 8.496600e-06 8.496600e-06 8.496600e-06 8.496600e-06 8.496600e-06 8.496600e-06 8.496600e-06 8.496600e-06
8.496600e-06 8.496600e-06 8.496600e-06 8.496600e-06 8.496600e-06 8.496600e-06 8.496600e-06 8.496600e-06 8.496600e-06 8.496600e-06 8.496600e-06 8.496600e-06 8.496600e-06 8.496600e-06 8.496600e-06 8.496600e-06 8.496600e-06 8.496600e-06 8.496600e-06 8.496600e-06
8.496600e-06 8.496600e-06 8.496600e-06 8.496600e-06 8.496600e-06 8.496600e-06 8.496600e-06 8.496600e-06 8.496600e-06 8.496600e-06 8.496600e-06 8.496600e-06 8.496600e-06 8.496600e-06 8.496600e-06 8.496600e-06 8.496600e-06 8.496600e-06 8.496600e-06 8.496600e-06
8.496600e-06 8.496600e-06 8.496600e-06 8.496600e-06 8.496600e-06 8.496600e-06 8.496600e-06 8.496600e-06 8.496600e-06 8.496600e-06 8.496600e-06 8.496600e-06 8.496600e-06 8.496600e-06 8.496600e-06 8.496600e-06 8.496600e-06 8.496600e-06 8.496600e-06 8.496600e-06
8.496600e-06 8.496600e-06 8.496600e-06 8.496600e-06 8.496600e-06 8.496600e-06 8.496600e-06 8.496600e-06 8.496600e-06 8.496600e-06 8.496600e-06 8.496600e-06 8.496600e-06 8.496600e-06 8.496600e-06 8.496600e-06 8.496600e-06 8.496600e-06 8.496600e-06 8.496600e-06
8.496600e-06 8.496600e-06 8.496600e-06 8.496600e-06 8.496600e-06 8.496600e-06 8.496600e-06 8.496600e-06 8.496600e-06 8.496600e-06 8.496600e-06 8.496600e-06 8.496600e-06 8.496600e-06 8.496600e-06 8.496600e-06 8.496600e-06 8.496600e-06 8.496600e-06 8.496600e-06
8.496600e-06 8.496600e-06 8.496600e-06 8.496600e-06 8.496600e-06 8.496600e-06 8.496600e-06 8.496600e-06 8.496600e-06 8.496600e-06 8.496600e-06 8.496600e-06 8.496600e-06 8.496600e-06 8.496600e-06 8.496600e-06 8.496600e-06 8.496600e-06 8.496600e-06 8.496600e-06
8.496600e-06 8.496600e-06 8.496600e-06 8.496600e-06 8.496600e-06 8.496600e-06 8.496600e-06 8.496600e-06 8.496600e-06 8.496600e-06 8.496600e-06 8.496600e-06 8.496600e-06 8.496600e-06 8.496600e-06 8.496600e-06 8.496600e-06 8.496600e-06 8.496600e-06 8.496600e-06
8.496600e-06 8.496600e-06 8.496600e-06 8.496600e-06 8.496600e-06 8.496600e-06 8.496600e-06 8.496600e-06 8.496600e-06 8.496600e-06 8.496600e-06 8.496600e-06 8.496600e-06 8.496600e-06 8.496600e-06 8.496600e-06 8.496600e-06 8.496600e-06 8.496600e-06 8.496600e-06
8.496600e-06 8.496600e-06 8.496600e-06 8.496600e-06 8.496600e-06 8.496600e-06 8.496600e-06 8.496600e-06 8.496600e-06 8.496600e-06 8.496600e-06 8.496600e-06 8.496600e-06 8.496600e-06 8.496600e-06 8.496600e-06 8.496600e-06 8.496600e-06 8.496600e-06 8.496600e-06
8.496600e-06 8.496600e-06 8.496600e-06 8.496600e-06 8.496600e-06 8.496600e-06 8.496600e-06 8.496600e-06 8.496600e-06 8.496600e-06 8.496600e-06 8.496600e-06 8.496600e-06 8.496600e-06 8.496600e-06 8.496600e-06 8.496600e-06 8.496600e-06 8.496600e-06 8.496600e-06
8.496600e-06 8.496600e-06 8.496600e-06 8.496600e-06 8.496600e-06 8.496600e-06 8.496600e-06 8.496600e-06 8.496600e-06 8.496600e-06 8.496600e-06 8.496600e-06 8.496600e-06 8.496600e-06 8.496600e-06 8.496600e-06 8.496600e-06 8.496600e-06 8.496600e-06 8.496600e-06
8.496600e-06 8.496600e-06 8.496600e-06 8.496600e-06 8.496600e-06 8.496600e-06 8.496600e-06 8.496600e-06 8.496600e-06 8.496600e-06 8.496600e-06 8.496600e-06 8.496600e-06 8.496600e-06 8.496600e-06 8.496600e-06 8.496600e-06 8.496600e-06 8.496600e-06 8.496600e-06
8.496600e-06 8.496600e-06 8.496600e-06 8.496600e-06 8.496600e-06 8.496600e-06 8.496600e-06 8.496600e-06 8.496600e-06 8.496600e-06 8.496600e-06 8.496600e-06 8.496600e-06 8.496600e-06 8.496600e-06 8.496600e-06 8.496600e-06 8.496600e-06 8.496600e-06 8.496600e-06
8.496600e-06 8.496600e-06 8.496600e-06 8.496600e-06 8.496600e-06 8.496600e-06 8.496600e-06 8.496600e-06 8.496600e-06 8.496600e-06 8.496600e-06 8.496600e-06 8.496600e-06 8.496600e-06 8.496600e-06 8.496600e-06 8.496600e-06 8.496600e-06 8.496600e-06 8.496600e-06
8.496600e-06 8.496600e-06 8.496600e-06 8.496600e-06 8.496600e-06 8.496600e-06 8.496600e-06 8.496600e-06 8.496600e-06 8.496600e-06 8.496600e-06 8.496600e-06 8.496600e-06 8.496600e-06 8.496600e-06 8.496600e-06 8.496600e-06 8.496600e-06 8.496600e-06 8.496600e-06
8.496600e-06 8.496600e-06 8.496600e-06 8.496600e-06 8.496600e-06 8.496600e-06 8.496600e-06 8.496600e-06 8.496600e-06 8.496600e-06 8.496600e-06 8.496600e-06 8.496600e-06 8.496600e-06 8.496600e-06 8.496600e-06 8.496600e-06 8.496600e-06 8.496600e-06 8.496600e-06
8.496600e-06 8.496600e-06 8.496600e-06 8.496600e-06 8.496600e-06 8.496600e-06 8.496600e-06 8.496600e-06 8.496600e-06 8.496600e-06 8.496600e-06 8.496600e-06 8.496600e-06 8.496600e-06 8.496600e-06 8.496600e-06 8.496600e-06 8.496600e-06 8.496600e-06 8.496600e-06
8.496600e-06 8.496600e-06 8.496600e-06 8.496600e-06 8.496600e-06 8.496600e-06 8.496600e-06 8.496600e-06 8.496600e-06 8.496600e-06 8.496600e-06 8.496600e-06 8.496600e-06 8.496600e-06 8.496600e-06 8.496600e-06 8.496600e-06 8.496600e-06 8.496600e-06 8.496600e-06
8.496600e-06 8.496600e-06 8.496600e-06 8.496600e-06 8.496600e-06 8.496600e-06 8.496600e-06 8.496600e-06 8.496600e-06 8.496600e-06 8.496600e-06 8.496600e-06 8.496600e-06 8.496600e-06 8.496600e-06 8.496600e-06 8.496600e-06 8.496600e-06 8.496600e-06 8.496600e-06
8.496600e-06 8.496600e-06 8.496600e-06 8.496600e-06 8.496600e-06 8.496600e-06 8.496600e-06 8.496600e-06 8.496600e-06 8.496600e-06 8.496600e-06 8.496600e-06 8.496600e-06 8.496600e-06 8.496600e-06 8.496600e-06 8.496600e-06 8.496600e-06 8.496600e-06 8.496600e-06
8.496600e-06 8.496600e-06 8.496600e-06 8.496600e-06 8.496600e-06 8.496600e-06 8.496600e-06 8.496600e-06 8.496600e-06 8.496600e-06 8.496600e-06 8.496600e-06 8.496600e-06 8.496600e-06 8.496600e-06 8.496600e-06 8.496600e-06 8.496600e-06 8.496600e-06 8.496600e-06
8.496600e-06 8.496600e-06 8.496600e-06 8.496600e-06 8.496600e-06 8.496600e-06 8.496600e-06 8.496600e-06 8.496600e-06 8.496600e-06 8.496600e-06 8.496600e-06 8.496600e-06 8.496600e-06 8.496600e-06 8.496600e-06 8.496600e-06 8.496600e-06 8.496600e-06 8.496600e-06
8.496600e-06 8.496600e-06 8.496600e-06 8.496600e-06 8.496600e-06 8.496600e-06 8.496600e-06 8.496600e-06 8.496600e-06 8.496600e-06 8.496600e-06 8.496600e-06 8.496600e-06 8.496600e-06 8.496600e-06 8.496600e-06 8.496600e-06 8.496600e-06 8.496600e-06 8.496600e-06
8.496600e-06 8.496600e-06 8.496600e-06 8.496600e-06 8.496600e-06 8.496600e-06 8.496600e-06 8.496600e-06 8.496600e-06 8.496600e-06 8.496600e-06 8.496600e-06 8.496600e-06 8.496600e-06 8.496600e-06 8.496600e-06 8.496600e-06 8.496600e-06 8.496600e-06 8.496600e-06
8.496600e-06 8.496600e-06 8.496600e-06 8.496600e-06 8.496600e-06 8.496600e-06 8.496600e-06 8.496600e-06 8.496600e-06 8.496600e-06 8.496600e-06 8.496600e-06 8.496600e-06 8.496600e-06 8.496600e-06 8.496600e-06 8.496600e-06 8.496600e-06 8.496600e-06 8.496600e-06
8.496600e-06 8.496600e-06 8.496600e-06 8.496600e-06 8.496600e-06 8.496600e-06 8.496600e-06 8.496600e-06 8.496600e-06 8.496600e-06 8.496600e-06 8.496600e-06 8.496600e-06 8.496600e-06 8.496600e-06 8.496600e-06 8.496600e-06 8.496600e-06 8.496600e-06 8.496600e-06
8.496600e-06 8.496600e-06 8.496600e-06 8.496600e-06 8.496600e-06 8.496600e-06 8.496600e-06 8.496600e-06 8.496600e-06 8.496600e-06 8.496600e-06 8.496600e-06 8.496600e-06 8.496600e-06 8.496600e-06 8.496600e-06 8.496600e-06 8.496600e-06 8.496600e-06 8.496600e-06
8.496600e-06 8.496600e-06 8.496600e-06 8.496600e-06 8.496600e-06 8.496600e-06 8.496600e-06 8.496600e-06 8.496600e-06 8.496600e-06 8.496600e-06 8.496600e-06 8.496600e-06 8.496600e-06 8.496600e-06 8.496600e-06 8.496600e-06 8.496600e-06 8.496600e-06 8.496600e-06
8.496600e-06 8.496600e-06 8.496600e-06 8.496600e-06 8.496600e-06 8.496600e-06 8.496600e-06 8.496600e-06 8.496600e-06 8.496600e-06 8.496600e-06 8.496600e-06 8.496600e-06 8.496600e-06 8.496600e-06 8.496600e-06 8.496600e-06 8.496600e-06 8.496600e-06 8.496600e-06
8.496600e-06 8.496600e-06 8.496600e-06 8.496600e-06 8.496600e-06 8.496600e-06 8.496600e-06 8.496600e-06 8.496600e-06 8.496600e-06 8.496600e-06 8.496600e-06 8.496600e-06 8.496600e-06 8.496600e-06 8.496600e-06 8.496600e-06 8.496600e-06 8.496600e-06 8.496600e-06
