6.214915e-05 6.214915e-05 6.214915e-05 6.214915e-05 6.214915e-05 6.214915e-05 6.214915e-05 6.214915e-05 6.214915e-05 6.214915e-05 6.214915e-05 6.214915e-05 6.214915e-05 6.214915e-05 6.214915e-05 6.214915e-05 6.214915e-05 6.214915e-05 6.214915e-05 6.214915e-05
6.214915e-05 6.214915e-05 6.214915e-05 6.214915e-05 6.214915e-05 6.214915e-05 6.214915e-05 6.214915e-05 6.214915e-05 6.214915e-05 6.214915e-05 6.214915e-05 6.214915e-05 6.214915e-05 6.214915e-05 6.214915e-05 6.214915e-05 6.214915e-05 6.214915e-05 6.214915e-05
6.214915e-05 6.214915e-05 6.214915e-05 6.214915e-05 6.214915e-05 6.214915e-05 6.214915e-05 6.214915e-05 6.214915e-05 6.214915e-05 6.214915e-05 6.214915e-05 6.214915e-05 6.214915e-05 6.214915e-05 6.214915e-05 6.214915e-05 6.214915e-05 6.214915e-05 6.214915e-05
6.214915e-05 6.214915e-05 6.214915e-05 6.214915e-05 6.214915e-05 6.214915e-05 6.214915e-05 6.214915e-05 6.214915e-05 6.214915e-05 6.214915e-05 6.214915e-05 6.214915e-05 6.214915e-05 6.214915e-05 6.214915e-05 6.214915e-05 6.214915e-05 6.214915e-05 6.214915e-05
6.214915e-05 6.214915e-05 6.214915e-05 6.214915e-05 6.214915e-05 6.214915e-05 6.214915e-05 6.214915e-05 6.214915e-05 6.214915e-05 6.214915e-05 6.214915e-05 6.214915e-05 6.214915e-05 6.214915e-05 6.214915e-05 6.214915e-05 6.214915e-05 6.214915e-05 6.214915e-05
6.214915e-05 6.214915e-05 6.214915e-05 6.214915e-05 6.214915e-05 6.214915e-05 6.214915e-05 6.214915e-05 6.214915e-05 6.214915e-05 6.214915e-05 6.214915e-05 6.214915e-05 6.214915e-05 6.214915e-05 6.214915e-05 6.214915e-05 6.214915e-05 6.214915e-05 6.214915e-05
6.214915e-05 6.214915e-05 6.214915e-05 6.214915e-05 6.214915e-05 6.214915e-05 6.214915e-05 6.214915e-05 6.214915e-05 6.214915e-05 6.214915e-05 6.214915e-05 6.214915e-05 6.214915e-05 6.214915e-05 6.214915e-05 6.214915e-05 6.214915e-05 6.214915e-05 6.214915e-05
6.214915e-05 6.214915e-05 6.214915e-05 6.214915e-05 6.214915e-05 6.214915e-05 6.214915e-05 6.214915e-05 6.214915e-05 6.214915e-05 6.214915e-05 6.214915e-05 6.214915e-05 6.214915e-05 6.214915e-05 6.214915e-05 6.214915e-05 6.214915e-05 6.214915e-05 6.214915e-05
6.214915e-05 6.214915e-05 6.214915e-05 6.214915e-05 6.214915e-05 6.214915e-05 6.214915e-05 6.214915e-05 6.214915e-05 6.214915e-05 6.214915e-05 6.214915e-05 6.214915e-05 6.214915e-05 6.214915e-05 6.214915e-05 6.214915e-05 6.214915e-05 6.214915e-05 6.214915e-05
6.214915e-05 6.214915e-05 6.214915e-05 6.214915e-05 6.214915e-05 6.214915e-05 6.214915e-05 6.214915e-05 6.214915e-05 6.214915e-05 6.214915e-05 6.214915e-05 6.214915e-05 6.214915e-05 6.214915e-05 6.214915e-05 6.214915e-05 6.214915e-05 6.214915e-05 6.214915e-05
6.214915e-05 6.214915e-05 6.214915e-05 6.214915e-05 6.214915e-05 6.214915e-05 6.214915e-05 6.214915e-05 6.214915e-05 6.214915e-05 6.214915e-05 6.214915e-05 6.214915e-05 6.214915e-05 6.214915e-05 6.214915e-05 6.214915e-05 6.214915e-05 6.214915e-05 6.214915e-05
6.214915e-05 6.214915e-05 6.214915e-05 6.214915e-05 6.214915e-05 6.214915e-05 6.214915e-05 6.214915e-05 6.214915e-05 6.214915e-05 6.214915e-05 6.214915e-05 6.214915e-05 6.214915e-05 6.214915e-05 6.214915e-05 6.214915e-05 6.214915e-05 6.214915e-05 6.214915e-05
6.214915e-05 6.214915e-05 6.214915e-05 6.214915e-05 6.214915e-05 6.214915e-05 6.214915e-05 6.214915e-05 6.214915e-05 6.214915e-05 6.214915e-05 6.214915e-05 6.214915e-05 6.214915e-05 6.214915e-05 6.214915e-05 6.214915e-05 6.214915e-05 6.214915e-05 6.214915e-05
6.214915e-05 6.214915e-05 6.214915e-05 6.214915e-05 6.214915e-05 6.214915e-05 6.214915e-05 6.214915e-05 6.214915e-05 6.214915e-05 6.214915e-05 6.214915e-05 6.214915e-05 6.214915e-05 6.214915e-05 6.214915e-05 6.214915e-05 6.214915e-05 6.214915e-05 6.214915e-05
6.214915e-05 6.214915e-05 6.214915e-05 6.214915e-05 6.214915e-05 6.214915e-05 6.214915e-05 6.214915e-05 6.214915e-05 6.214915e-05 6.214915e-05 6.214915e-05 6.214915e-05 6.214915e-05 6.214915e-05 6.214915e-05 6.214915e-05 6.214915e-05 6.214915e-05 6.214915e-05
6.214915e-05 6.214915e-05 6.214915e-05 6.214915e-05 6.214915e-05 6.214915e-05 6.214915e-05 6.214915e-05 6.214915e-05 6.214915e-05 6.214915e-05 6.214915e-05 6.214915e-05 6.214915e-05 6.214915e-05 6.214915e-05 6.214915e-05 6.214915e-05 6.214915e-05 6.214915e-05
6.214915e-05 6.214915e-05 6.214915e-05 6.214915e-05 6.214915e-05 6.214915e-05 6.214915e-05 6.214915e-05 6.214915e-05 6.214915e-05 6.214915e-05 6.214915e-05 6.214915e-05 6.214915e-05 6.214915e-05 6.214915e-05 6.214915e-05 6.214915e-05 6.214915e-05 6.214915e-05
6.214915e-05 6.214915e-05 6.214915e-05 6.214915e-05 6.214915e-05 6.214915e-05 6.214915e-05 6.214915e-05 6.214915e-05 6.214915e-05 6.214915e-05 6.214915e-05 6.214915e-05 6.214915e-05 6.214915e-05 6.214915e-05 6.214915e-05 6.214915e-05 6.214915e-05 6.214915e-05
6.214915e-05 6.214915e-05 6.214915e-05 6.214915e-05 6.214915e-05 6.214915e-05 6.214915e-05 6.214915e-05 6.214915e-05 6.214915e-05 6.214915e-05 6.214915e-05 6.214915e-05 6.214915e-05 6.214915e-05 6.214915e-05 6.214915e-05 6.214915e-05 6.214915e-05 6.214915e-05
6.214915e-05 6.214915e-05 6.214915e-05 6.214915e-05 6.214915e-05 6.214915e-05 6.214915e-05 6.214915e-05 6.214915e-05 6.214915e-05 6.214915e-05 6.214915e-05 6.214915e-05 6.214915e-05 6.214915e-05 6.214915e-05 6.214915e-05 6.214915e-05 6.214915e-05 6.214915e-05
6.214915e-05 6.214915e-05 6.214915e-05 6.214915e-05 6.214915e-05 6.214915e-05 6.214915e-05 6.214915e-05 6.214915e-05 6.214915e-05 6.214915e-05 6.214915e-05 6.214915e-05 6.214915e-05 6.214915e-05 6.214915e-05 6.214915e-05 6.214915e-05 6.214915e-05 6.214915e-05
6.214915e-05 6.214915e-05 6.214915e-05 6.214915e-05 6.214915e-05 6.214915e-05 6.214915e-05 6.214915e-05 6.214915e-05 6.214915e-05 6.214915e-05 6.214915e-05 6.214915e-05 6.214915e-05 6.214915e-05 6.214915e-05 6.214915e-05 6.214915e-05 6.214915e-05 6.214915e-05
6.214915e-05 6.214915e-05 6.214915e-05 6.214915e-05 6.214915e-05 6.214915e-05 6.214915e-05 6.214915e-05 6.214915e-05 6.214915e-05 6.214915e-05 6.214915e-05 6.214915e-05 6.214915e-05 6.214915e-05 6.214915e-05 6.214915e-05 6.214915e-05 6.214915e-05 6.214915e-05
6.214915e-05 6.214915e-05 6.214915e-05 6.214915e-05 6.214915e-05 6.214915e-05 6.214915e-05 6.214915e-05 6.214915e-05 6.214915e-05 6.214915e-05 6.214915e-05 6.214915e-05 6.214915e-05 6.214915e-05 6.214915e-05 6.214915e-05 6.214915e-05 6.214915e-05 6.214915e-05
6.214915e-05 6.214915e-05 6.214915e-05 6.214915e-05 6.214915e-05 6.214915e-05 6.214915e-05 6.214915e-05 6.214915e-05 6.214915e-05 6.214915e-05 6.214915e-05 6.214915e-05 6.214915e-05 6.214915e-05 6.214915e-05 6.214915e-05 6.214915e-05 6.214915e-05 6.214915e-05
6.214915e-05 6.214915e-05 6.214915e-05 6.214915e-05 6.214915e-05 6.214915e-05 6.214915e-05 6.214915e-05 6.214915e-05 6.214915e-05 6.214915e-05 6.214915e-05 6.214915e-05 6.214915e-05 6.214915e-05 6.214915e-05 6.214915e-05 6.214915e-05 6.214915e-05 6.214915e-05
6.214915e-05 6.214915e-05 6.214915e-05 6.214915e-05 6.214915e-05 6.214915e-05 6.214915e-05 6.214915e-05 6.214915e-05 6.214915e-05 6.214915e-05 6.214915e-05 6.214915e-05 6.214915e-05 6.214915e-05 6.214915e-05 6.214915e-05 6.214915e-05 6.214915e-05 6.214915e-05
6.214915e-05 6.214915e-05 6.214915e-05 6.214915e-05 6.214915e-05 6.214915e-05 6.214915e-05 6.214915e-05 6.214915e-05 6.214915e-05 6.214915e-05 6.214915e-05 6.214915e-05 6.214915e-05 6.214915e-05 6.214915e-05 6.214915e-05 6.214915e-05 6.214915e-05 6.214915e-05
6.214915e-05 6.214915e-05 6.214915e-05 6.214915e-05 6.214915e-05 6.214915e-05 6.214915e-05 6.214915e-05 6.214915e-05 6.214915e-05 6.214915e-05 6.214915e-05 6.214915e-05 6.214915e-05 6.214915e-05 6.214915e-05 6.214915e-05 6.214915e-05 6.214915e-05 6.214915e-05
6.214915e-05 6.214915e-05 6.214915e-05 6.214915e-05 6.214915e-05 6.214915e-05 6.214915e-05 6.214915e-05 6.214915e-05 6.214915e-05 6.214915e-05 6.214915e-05 6.214915e-05 6.214915e-05 6.214915e-05 6.214915e-05 6.214915e-05 6.214915e-05 6.214915e-05 6.214915e-05
6.214915e-05 6.214915e-05 6.214915e-05 6.214915e-05 6.214915e-05 6.214915e-05 6.214915e-05 6.214915e-05 6.214915e-05 6.214915e-05 6.214915e-05 6.214915e-05 6.214915e-05 6.214915e-05 6.214915e-05 6.214915e-05 6.214915e-05 6.214915e-05 6.214915e-05 6.214915e-05
6.214915e-05 6.214915e-05 6.214915e-05 6.214915e-05 6.214915e-05 6.214915e-05 6.214915e-05 6.214915e-05 6.214915e-05 6.214915e-05 6.214915e-05 6.214915e-05 6.214915e-05 6.214915e-05 6.214915e-05 6.214915e-05 6.214915e-05 6.214915e-05 6.214915e-05 6.214915e-05
6.214915e-05 6.214915e-05 6.214915e-05 6.214915e-05 6.214915e-05 6.214915e-05 6.214915e-05 6.214915e-05 6.214915e-05 6.214915e-05 6.214915e-05 6.214915e-05 6.214915e-05 6.214915e-05 6.214915e-05 6.214915e-05 6.214915e-05 6.214915e-05 6.214915e-05 6.214915e-05
6.214915e-05 6.214915e-05 6.214915e-05 6.214915e-05 6.214915e-05 6.214915e-05 6.214915e-05 6.214915e-05 6.214915e-05 6.214915e-05 6.214915e-05 6.214915e-05 6.214915e-05 6.214915e-05 6.214915e-05 6.214915e-05 6.214915e-05 6.214915e-05 6.214915e-05 6.214915e-05
6.214915e-05 6.214915e-05 6.214915e-05 6.214915e-05 6.214915e-05 6.214915e-05 6.214915e-05 6.214915e-05 6.214915e-05 6.214915e-05 6.214915e-05 6.214915e-05 6.214915e-05 6.214915e-05 6.214915e-05 6.214915e-05 6.214915e-05 6.214915e-05 6.214915e-05 6.214915e-05
6.214915e-05 6.214915e-05 6.214915e-05 6.214915e-05 6.214915e-05 6.214915e-05 6.214915e-05 6.214915e-05 6.214915e-05 6.214915e-05 6.214915e-05 6.214915e-05 6.214915e-05 6.214915e-05 6.214915e-05 6.214915e-05 6.214915e-05 6.214915e-05 6.214915e-05 6.214915e-05
6.214915e-05 6.214915e-05 6.214915e-05 6.214915e-05 6.214915e-05 6.214915e-05 6.214915e-05 6.214915e-05 6.214915e-05 6.214915e-05 6.214915e-05 6.214915e-05 6.214915e-05 6.214915e-05 6.214915e-05 6.214915e-05 6.214915e-05 6.214915e-05 6.214915e-05 6.214915e-05
6.214915e-05 6.214915e-05 6.214915e-05 6.214915e-05 6.214915e-05 6.214915e-05 6.214915e-05 6.214915e-05 6.214915e-05 6.214915e-05 6.214915e-05 6.214915e-05 6.214915e-05 6.214915e-05 6.214915e-05 6.214915e-05 6.214915e-05 6.214915e-05 6.214915e-05 6.214915e-05
6.214915e-05 6.214915e-05 6.214915e-05 6.214915e-05 6.214915e-05 6.214915e-05 6.214915e-05 6.214915e-05 6.214915e-05 6.214915e-05 6.214915e-05 6.214915e-05 6.214915e-05 6.214915e-05 6.214915e-05 6.214915e-05 6.214915e-05 6.214915e-05 6.214915e-05 6.214915e-05
6.214915e-05 6.214915e-05 6.214915e-05 6.214915e-05 6.214915e-05 6.214915e-05 6.214915e-05 6.214915e-05 6.214915e-05 6.214915e-05 6.214915e-05 6.214915e-05 6.214915e-05 6.214915e-05 6.214915e-05 6.214915e-05 6.214915e-05 6.214915e-05 6.214915e-05 6.214915e-05
