4.684625000000000231e-05 4.684625000000000231e-05 4.684625000000000231e-05 4.684625000000000231e-05 4.684625000000000231e-05 4.684625000000000231e-05 4.684625000000000231e-05 4.684625000000000231e-05 4.684625000000000231e-05 4.684625000000000231e-05 4.684625000000000231e-05 4.684625000000000231e-05 4.684625000000000231e-05 4.684625000000000231e-05 4.684625000000000231e-05 4.684625000000000231e-05 4.684625000000000231e-05 4.684625000000000231e-05 4.684625000000000231e-05 4.684625000000000231e-05
4.684625000000000231e-05 4.684625000000000231e-05 4.684625000000000231e-05 4.684625000000000231e-05 4.684625000000000231e-05 4.684625000000000231e-05 4.684625000000000231e-05 4.684625000000000231e-05 4.684625000000000231e-05 4.684625000000000231e-05 4.684625000000000231e-05 4.684625000000000231e-05 4.684625000000000231e-05 4.684625000000000231e-05 4.684625000000000231e-05 4.684625000000000231e-05 4.684625000000000231e-05 4.684625000000000231e-05 4.684625000000000231e-05 4.684625000000000231e-05
4.684625000000000231e-05 4.684625000000000231e-05 4.684625000000000231e-05 4.684625000000000231e-05 4.684625000000000231e-05 4.684625000000000231e-05 4.684625000000000231e-05 4.684625000000000231e-05 4.684625000000000231e-05 4.684625000000000231e-05 4.684625000000000231e-05 4.684625000000000231e-05 4.684625000000000231e-05 4.684625000000000231e-05 4.684625000000000231e-05 4.684625000000000231e-05 4.684625000000000231e-05 4.684625000000000231e-05 4.684625000000000231e-05 4.684625000000000231e-05
4.684625000000000231e-05 4.684625000000000231e-05 4.684625000000000231e-05 4.684625000000000231e-05 4.684625000000000231e-05 4.684625000000000231e-05 4.684625000000000231e-05 4.684625000000000231e-05 4.684625000000000231e-05 4.684625000000000231e-05 4.684625000000000231e-05 4.684625000000000231e-05 4.684625000000000231e-05 4.684625000000000231e-05 4.684625000000000231e-05 4.684625000000000231e-05 4.684625000000000231e-05 4.684625000000000231e-05 4.684625000000000231e-05 4.684625000000000231e-05
4.684625000000000231e-05 4.684625000000000231e-05 4.684625000000000231e-05 4.684625000000000231e-05 4.684625000000000231e-05 4.684625000000000231e-05 4.684625000000000231e-05 4.684625000000000231e-05 4.684625000000000231e-05 4.684625000000000231e-05 4.684625000000000231e-05 4.684625000000000231e-05 4.684625000000000231e-05 4.684625000000000231e-05 4.684625000000000231e-05 4.684625000000000231e-05 4.684625000000000231e-05 4.684625000000000231e-05 4.684625000000000231e-05 4.684625000000000231e-05
4.684625000000000231e-05 4.684625000000000231e-05 4.684625000000000231e-05 4.684625000000000231e-05 4.684625000000000231e-05 4.684625000000000231e-05 4.684625000000000231e-05 4.684625000000000231e-05 4.684625000000000231e-05 4.684625000000000231e-05 4.684625000000000231e-05 4.684625000000000231e-05 4.684625000000000231e-05 4.684625000000000231e-05 4.684625000000000231e-05 4.684625000000000231e-05 4.684625000000000231e-05 4.684625000000000231e-05 4.684625000000000231e-05 4.684625000000000231e-05
4.684625000000000231e-05 4.684625000000000231e-05 4.684625000000000231e-05 4.684625000000000231e-05 4.684625000000000231e-05 4.684625000000000231e-05 4.684625000000000231e-05 4.684625000000000231e-05 4.684625000000000231e-05 4.684625000000000231e-05 4.684625000000000231e-05 4.684625000000000231e-05 4.684625000000000231e-05 4.684625000000000231e-05 4.684625000000000231e-05 4.684625000000000231e-05 4.684625000000000231e-05 4.684625000000000231e-05 4.684625000000000231e-05 4.684625000000000231e-05
4.684625000000000231e-05 4.684625000000000231e-05 4.684625000000000231e-05 4.684625000000000231e-05 4.684625000000000231e-05 4.684625000000000231e-05 4.684625000000000231e-05 4.684625000000000231e-05 4.684625000000000231e-05 4.684625000000000231e-05 4.684625000000000231e-05 4.684625000000000231e-05 4.684625000000000231e-05 4.684625000000000231e-05 4.684625000000000231e-05 4.684625000000000231e-05 4.684625000000000231e-05 4.684625000000000231e-05 4.684625000000000231e-05 4.684625000000000231e-05
4.684625000000000231e-05 4.684625000000000231e-05 4.684625000000000231e-05 4.684625000000000231e-05 4.684625000000000231e-05 4.684625000000000231e-05 4.684625000000000231e-05 4.684625000000000231e-05 4.684625000000000231e-05 4.684625000000000231e-05 4.684625000000000231e-05 4.684625000000000231e-05 4.684625000000000231e-05 4.684625000000000231e-05 4.684625000000000231e-05 4.684625000000000231e-05 4.684625000000000231e-05 4.684625000000000231e-05 4.684625000000000231e-05 4.684625000000000231e-05
4.684625000000000231e-05 4.684625000000000231e-05 4.684625000000000231e-05 4.684625000000000231e-05 4.684625000000000231e-05 4.684625000000000231e-05 4.684625000000000231e-05 4.684625000000000231e-05 4.684625000000000231e-05 4.684625000000000231e-05 4.684625000000000231e-05 4.684625000000000231e-05 4.684625000000000231e-05 4.684625000000000231e-05 4.684625000000000231e-05 4.684625000000000231e-05 4.684625000000000231e-05 4.684625000000000231e-05 4.684625000000000231e-05 4.684625000000000231e-05
4.684625000000000231e-05 4.684625000000000231e-05 4.684625000000000231e-05 4.684625000000000231e-05 4.684625000000000231e-05 4.684625000000000231e-05 4.684625000000000231e-05 4.684625000000000231e-05 4.684625000000000231e-05 4.684625000000000231e-05 4.684625000000000231e-05 4.684625000000000231e-05 4.684625000000000231e-05 4.684625000000000231e-05 4.684625000000000231e-05 4.684625000000000231e-05 4.684625000000000231e-05 4.684625000000000231e-05 4.684625000000000231e-05 4.684625000000000231e-05
4.684625000000000231e-05 4.684625000000000231e-05 4.684625000000000231e-05 4.684625000000000231e-05 4.684625000000000231e-05 4.684625000000000231e-05 4.684625000000000231e-05 4.684625000000000231e-05 4.684625000000000231e-05 4.684625000000000231e-05 4.684625000000000231e-05 4.684625000000000231e-05 4.684625000000000231e-05 4.684625000000000231e-05 4.684625000000000231e-05 4.684625000000000231e-05 4.684625000000000231e-05 4.684625000000000231e-05 4.684625000000000231e-05 4.684625000000000231e-05
4.684625000000000231e-05 4.684625000000000231e-05 4.684625000000000231e-05 4.684625000000000231e-05 4.684625000000000231e-05 4.684625000000000231e-05 4.684625000000000231e-05 4.684625000000000231e-05 4.684625000000000231e-05 4.684625000000000231e-05 4.684625000000000231e-05 4.684625000000000231e-05 4.684625000000000231e-05 4.684625000000000231e-05 4.684625000000000231e-05 4.684625000000000231e-05 4.684625000000000231e-05 4.684625000000000231e-05 4.684625000000000231e-05 4.684625000000000231e-05
4.684625000000000231e-05 4.684625000000000231e-05 4.684625000000000231e-05 4.684625000000000231e-05 4.684625000000000231e-05 4.684625000000000231e-05 4.684625000000000231e-05 4.684625000000000231e-05 4.684625000000000231e-05 4.684625000000000231e-05 4.684625000000000231e-05 4.684625000000000231e-05 4.684625000000000231e-05 4.684625000000000231e-05 4.684625000000000231e-05 4.684625000000000231e-05 4.684625000000000231e-05 4.684625000000000231e-05 4.684625000000000231e-05 4.684625000000000231e-05
4.684625000000000231e-05 4.684625000000000231e-05 4.684625000000000231e-05 4.684625000000000231e-05 4.684625000000000231e-05 4.684625000000000231e-05 4.684625000000000231e-05 4.684625000000000231e-05 4.684625000000000231e-05 4.684625000000000231e-05 4.684625000000000231e-05 4.684625000000000231e-05 4.684625000000000231e-05 4.684625000000000231e-05 4.684625000000000231e-05 4.684625000000000231e-05 4.684625000000000231e-05 4.684625000000000231e-05 4.684625000000000231e-05 4.684625000000000231e-05
4.684625000000000231e-05 4.684625000000000231e-05 4.684625000000000231e-05 4.684625000000000231e-05 4.684625000000000231e-05 4.684625000000000231e-05 4.684625000000000231e-05 4.684625000000000231e-05 4.684625000000000231e-05 4.684625000000000231e-05 4.684625000000000231e-05 4.684625000000000231e-05 4.684625000000000231e-05 4.684625000000000231e-05 4.684625000000000231e-05 4.684625000000000231e-05 4.684625000000000231e-05 4.684625000000000231e-05 4.684625000000000231e-05 4.684625000000000231e-05
4.684625000000000231e-05 4.684625000000000231e-05 4.684625000000000231e-05 4.684625000000000231e-05 4.684625000000000231e-05 4.684625000000000231e-05 4.684625000000000231e-05 4.684625000000000231e-05 4.684625000000000231e-05 4.684625000000000231e-05 4.684625000000000231e-05 4.684625000000000231e-05 4.684625000000000231e-05 4.684625000000000231e-05 4.684625000000000231e-05 4.684625000000000231e-05 4.684625000000000231e-05 4.684625000000000231e-05 4.684625000000000231e-05 4.684625000000000231e-05
4.684625000000000231e-05 4.684625000000000231e-05 4.684625000000000231e-05 4.684625000000000231e-05 4.684625000000000231e-05 4.684625000000000231e-05 4.684625000000000231e-05 4.684625000000000231e-05 4.684625000000000231e-05 4.684625000000000231e-05 4.684625000000000231e-05 4.684625000000000231e-05 4.684625000000000231e-05 4.684625000000000231e-05 4.684625000000000231e-05 4.684625000000000231e-05 4.684625000000000231e-05 4.684625000000000231e-05 4.684625000000000231e-05 4.684625000000000231e-05
4.684625000000000231e-05 4.684625000000000231e-05 4.684625000000000231e-05 4.684625000000000231e-05 4.684625000000000231e-05 4.684625000000000231e-05 4.684625000000000231e-05 4.684625000000000231e-05 4.684625000000000231e-05 4.684625000000000231e-05 4.684625000000000231e-05 4.684625000000000231e-05 4.684625000000000231e-05 4.684625000000000231e-05 4.684625000000000231e-05 4.684625000000000231e-05 4.684625000000000231e-05 4.684625000000000231e-05 4.684625000000000231e-05 4.684625000000000231e-05
4.684625000000000231e-05 4.684625000000000231e-05 4.684625000000000231e-05 4.684625000000000231e-05 4.684625000000000231e-05 4.684625000000000231e-05 4.684625000000000231e-05 4.684625000000000231e-05 4.684625000000000231e-05 4.684625000000000231e-05 4.684625000000000231e-05 4.684625000000000231e-05 4.684625000000000231e-05 4.684625000000000231e-05 4.684625000000000231e-05 4.684625000000000231e-05 4.684625000000000231e-05 4.684625000000000231e-05 4.684625000000000231e-05 4.684625000000000231e-05
4.684625000000000231e-05 4.684625000000000231e-05 4.684625000000000231e-05 4.684625000000000231e-05 4.684625000000000231e-05 4.684625000000000231e-05 4.684625000000000231e-05 4.684625000000000231e-05 4.684625000000000231e-05 4.684625000000000231e-05 4.684625000000000231e-05 4.684625000000000231e-05 4.684625000000000231e-05 4.684625000000000231e-05 4.684625000000000231e-05 4.684625000000000231e-05 4.684625000000000231e-05 4.684625000000000231e-05 4.684625000000000231e-05 4.684625000000000231e-05
4.684625000000000231e-05 4.684625000000000231e-05 4.684625000000000231e-05 4.684625000000000231e-05 4.684625000000000231e-05 4.684625000000000231e-05 4.684625000000000231e-05 4.684625000000000231e-05 4.684625000000000231e-05 4.684625000000000231e-05 4.684625000000000231e-05 4.684625000000000231e-05 4.684625000000000231e-05 4.684625000000000231e-05 4.684625000000000231e-05 4.684625000000000231e-05 4.684625000000000231e-05 4.684625000000000231e-05 4.684625000000000231e-05 4.684625000000000231e-05
4.684625000000000231e-05 4.684625000000000231e-05 4.684625000000000231e-05 4.684625000000000231e-05 4.684625000000000231e-05 4.684625000000000231e-05 4.684625000000000231e-05 4.684625000000000231e-05 4.684625000000000231e-05 4.684625000000000231e-05 4.684625000000000231e-05 4.684625000000000231e-05 4.684625000000000231e-05 4.684625000000000231e-05 4.684625000000000231e-05 4.684625000000000231e-05 4.684625000000000231e-05 4.684625000000000231e-05 4.684625000000000231e-05 4.684625000000000231e-05
4.684625000000000231e-05 4.684625000000000231e-05 4.684625000000000231e-05 4.684625000000000231e-05 4.684625000000000231e-05 4.684625000000000231e-05 4.684625000000000231e-05 4.684625000000000231e-05 4.684625000000000231e-05 4.684625000000000231e-05 4.684625000000000231e-05 4.684625000000000231e-05 4.684625000000000231e-05 4.684625000000000231e-05 4.684625000000000231e-05 4.684625000000000231e-05 4.684625000000000231e-05 4.684625000000000231e-05 4.684625000000000231e-05 4.684625000000000231e-05
4.684625000000000231e-05 4.684625000000000231e-05 4.684625000000000231e-05 4.684625000000000231e-05 4.684625000000000231e-05 4.684625000000000231e-05 4.684625000000000231e-05 4.684625000000000231e-05 4.684625000000000231e-05 4.684625000000000231e-05 4.684625000000000231e-05 4.684625000000000231e-05 4.684625000000000231e-05 4.684625000000000231e-05 4.684625000000000231e-05 4.684625000000000231e-05 4.684625000000000231e-05 4.684625000000000231e-05 4.684625000000000231e-05 4.684625000000000231e-05
4.684625000000000231e-05 4.684625000000000231e-05 4.684625000000000231e-05 4.684625000000000231e-05 4.684625000000000231e-05 4.684625000000000231e-05 4.684625000000000231e-05 4.684625000000000231e-05 4.684625000000000231e-05 4.684625000000000231e-05 4.684625000000000231e-05 4.684625000000000231e-05 4.684625000000000231e-05 4.684625000000000231e-05 4.684625000000000231e-05 4.684625000000000231e-05 4.684625000000000231e-05 4.684625000000000231e-05 4.684625000000000231e-05 4.684625000000000231e-05
4.684625000000000231e-05 4.684625000000000231e-05 4.684625000000000231e-05 4.684625000000000231e-05 4.684625000000000231e-05 4.684625000000000231e-05 4.684625000000000231e-05 4.684625000000000231e-05 4.684625000000000231e-05 4.684625000000000231e-05 4.684625000000000231e-05 4.684625000000000231e-05 4.684625000000000231e-05 4.684625000000000231e-05 4.684625000000000231e-05 4.684625000000000231e-05 4.684625000000000231e-05 4.684625000000000231e-05 4.684625000000000231e-05 4.684625000000000231e-05
4.684625000000000231e-05 4.684625000000000231e-05 4.684625000000000231e-05 4.684625000000000231e-05 4.684625000000000231e-05 4.684625000000000231e-05 4.684625000000000231e-05 4.684625000000000231e-05 4.684625000000000231e-05 4.684625000000000231e-05 4.684625000000000231e-05 4.684625000000000231e-05 4.684625000000000231e-05 4.684625000000000231e-05 4.684625000000000231e-05 4.684625000000000231e-05 4.684625000000000231e-05 4.684625000000000231e-05 4.684625000000000231e-05 4.684625000000000231e-05
4.684625000000000231e-05 4.684625000000000231e-05 4.684625000000000231e-05 4.684625000000000231e-05 4.684625000000000231e-05 4.684625000000000231e-05 4.684625000000000231e-05 4.684625000000000231e-05 4.684625000000000231e-05 4.684625000000000231e-05 4.684625000000000231e-05 4.684625000000000231e-05 4.684625000000000231e-05 4.684625000000000231e-05 4.684625000000000231e-05 4.684625000000000231e-05 4.684625000000000231e-05 4.684625000000000231e-05 4.684625000000000231e-05 4.684625000000000231e-05
4.684625000000000231e-05 4.684625000000000231e-05 4.684625000000000231e-05 4.684625000000000231e-05 4.684625000000000231e-05 4.684625000000000231e-05 4.684625000000000231e-05 4.684625000000000231e-05 4.684625000000000231e-05 4.684625000000000231e-05 4.684625000000000231e-05 4.684625000000000231e-05 4.684625000000000231e-05 4.684625000000000231e-05 4.684625000000000231e-05 4.684625000000000231e-05 4.684625000000000231e-05 4.684625000000000231e-05 4.684625000000000231e-05 4.684625000000000231e-05
4.684625000000000231e-05 4.684625000000000231e-05 4.684625000000000231e-05 4.684625000000000231e-05 4.684625000000000231e-05 4.684625000000000231e-05 4.684625000000000231e-05 4.684625000000000231e-05 4.684625000000000231e-05 4.684625000000000231e-05 4.684625000000000231e-05 4.684625000000000231e-05 4.684625000000000231e-05 4.684625000000000231e-05 4.684625000000000231e-05 4.684625000000000231e-05 4.684625000000000231e-05 4.684625000000000231e-05 4.684625000000000231e-05 4.684625000000000231e-05
4.684625000000000231e-05 4.684625000000000231e-05 4.684625000000000231e-05 4.684625000000000231e-05 4.684625000000000231e-05 4.684625000000000231e-05 4.684625000000000231e-05 4.684625000000000231e-05 4.684625000000000231e-05 4.684625000000000231e-05 4.684625000000000231e-05 4.684625000000000231e-05 4.684625000000000231e-05 4.684625000000000231e-05 4.684625000000000231e-05 4.684625000000000231e-05 4.684625000000000231e-05 4.684625000000000231e-05 4.684625000000000231e-05 4.684625000000000231e-05
4.684625000000000231e-05 4.684625000000000231e-05 4.684625000000000231e-05 4.684625000000000231e-05 4.684625000000000231e-05 4.684625000000000231e-05 4.684625000000000231e-05 4.684625000000000231e-05 4.684625000000000231e-05 4.684625000000000231e-05 4.684625000000000231e-05 4.684625000000000231e-05 4.684625000000000231e-05 4.684625000000000231e-05 4.684625000000000231e-05 4.684625000000000231e-05 4.684625000000000231e-05 4.684625000000000231e-05 4.684625000000000231e-05 4.684625000000000231e-05
4.684625000000000231e-05 4.684625000000000231e-05 4.684625000000000231e-05 4.684625000000000231e-05 4.684625000000000231e-05 4.684625000000000231e-05 4.684625000000000231e-05 4.684625000000000231e-05 4.684625000000000231e-05 4.684625000000000231e-05 4.684625000000000231e-05 4.684625000000000231e-05 4.684625000000000231e-05 4.684625000000000231e-05 4.684625000000000231e-05 4.684625000000000231e-05 4.684625000000000231e-05 4.684625000000000231e-05 4.684625000000000231e-05 4.684625000000000231e-05
4.684625000000000231e-05 4.684625000000000231e-05 4.684625000000000231e-05 4.684625000000000231e-05 4.684625000000000231e-05 4.684625000000000231e-05 4.684625000000000231e-05 4.684625000000000231e-05 4.684625000000000231e-05 4.684625000000000231e-05 4.684625000000000231e-05 4.684625000000000231e-05 4.684625000000000231e-05 4.684625000000000231e-05 4.684625000000000231e-05 4.684625000000000231e-05 4.684625000000000231e-05 4.684625000000000231e-05 4.684625000000000231e-05 4.684625000000000231e-05
4.684625000000000231e-05 4.684625000000000231e-05 4.684625000000000231e-05 4.684625000000000231e-05 4.684625000000000231e-05 4.684625000000000231e-05 4.684625000000000231e-05 4.684625000000000231e-05 4.684625000000000231e-05 4.684625000000000231e-05 4.684625000000000231e-05 4.684625000000000231e-05 4.684625000000000231e-05 4.684625000000000231e-05 4.684625000000000231e-05 4.684625000000000231e-05 4.684625000000000231e-05 4.684625000000000231e-05 4.684625000000000231e-05 4.684625000000000231e-05
4.684625000000000231e-05 4.684625000000000231e-05 4.684625000000000231e-05 4.684625000000000231e-05 4.684625000000000231e-05 4.684625000000000231e-05 4.684625000000000231e-05 4.684625000000000231e-05 4.684625000000000231e-05 4.684625000000000231e-05 4.684625000000000231e-05 4.684625000000000231e-05 4.684625000000000231e-05 4.684625000000000231e-05 4.684625000000000231e-05 4.684625000000000231e-05 4.684625000000000231e-05 4.684625000000000231e-05 4.684625000000000231e-05 4.684625000000000231e-05
4.684625000000000231e-05 4.684625000000000231e-05 4.684625000000000231e-05 4.684625000000000231e-05 4.684625000000000231e-05 4.684625000000000231e-05 4.684625000000000231e-05 4.684625000000000231e-05 4.684625000000000231e-05 4.684625000000000231e-05 4.684625000000000231e-05 4.684625000000000231e-05 4.684625000000000231e-05 4.684625000000000231e-05 4.684625000000000231e-05 4.684625000000000231e-05 4.684625000000000231e-05 4.684625000000000231e-05 4.684625000000000231e-05 4.684625000000000231e-05
4.684625000000000231e-05 4.684625000000000231e-05 4.684625000000000231e-05 4.684625000000000231e-05 4.684625000000000231e-05 4.684625000000000231e-05 4.684625000000000231e-05 4.684625000000000231e-05 4.684625000000000231e-05 4.684625000000000231e-05 4.684625000000000231e-05 4.684625000000000231e-05 4.684625000000000231e-05 4.684625000000000231e-05 4.684625000000000231e-05 4.684625000000000231e-05 4.684625000000000231e-05 4.684625000000000231e-05 4.684625000000000231e-05 4.684625000000000231e-05
4.684625000000000231e-05 4.684625000000000231e-05 4.684625000000000231e-05 4.684625000000000231e-05 4.684625000000000231e-05 4.684625000000000231e-05 4.684625000000000231e-05 4.684625000000000231e-05 4.684625000000000231e-05 4.684625000000000231e-05 4.684625000000000231e-05 4.684625000000000231e-05 4.684625000000000231e-05 4.684625000000000231e-05 4.684625000000000231e-05 4.684625000000000231e-05 4.684625000000000231e-05 4.684625000000000231e-05 4.684625000000000231e-05 4.684625000000000231e-05
