6.560598999999999424e-05 6.560598999999999424e-05 6.560598999999999424e-05 6.560598999999999424e-05 6.560598999999999424e-05 6.560598999999999424e-05 6.560598999999999424e-05 6.560598999999999424e-05 6.560598999999999424e-05 6.560598999999999424e-05 6.560598999999999424e-05 6.560598999999999424e-05 6.560598999999999424e-05 6.560598999999999424e-05 6.560598999999999424e-05 6.560598999999999424e-05 6.560598999999999424e-05 6.560598999999999424e-05 6.560598999999999424e-05 6.560598999999999424e-05
6.560598999999999424e-05 6.560598999999999424e-05 6.560598999999999424e-05 6.560598999999999424e-05 6.560598999999999424e-05 6.560598999999999424e-05 6.560598999999999424e-05 6.560598999999999424e-05 6.560598999999999424e-05 6.560598999999999424e-05 6.560598999999999424e-05 6.560598999999999424e-05 6.560598999999999424e-05 6.560598999999999424e-05 6.560598999999999424e-05 6.560598999999999424e-05 6.560598999999999424e-05 6.560598999999999424e-05 6.560598999999999424e-05 6.560598999999999424e-05
6.560598999999999424e-05 6.560598999999999424e-05 6.560598999999999424e-05 6.560598999999999424e-05 6.560598999999999424e-05 6.560598999999999424e-05 6.560598999999999424e-05 6.560598999999999424e-05 6.560598999999999424e-05 6.560598999999999424e-05 6.560598999999999424e-05 6.560598999999999424e-05 6.560598999999999424e-05 6.560598999999999424e-05 6.560598999999999424e-05 6.560598999999999424e-05 6.560598999999999424e-05 6.560598999999999424e-05 6.560598999999999424e-05 6.560598999999999424e-05
6.560598999999999424e-05 6.560598999999999424e-05 6.560598999999999424e-05 6.560598999999999424e-05 6.560598999999999424e-05 6.560598999999999424e-05 6.560598999999999424e-05 6.560598999999999424e-05 6.560598999999999424e-05 6.560598999999999424e-05 6.560598999999999424e-05 6.560598999999999424e-05 6.560598999999999424e-05 6.560598999999999424e-05 6.560598999999999424e-05 6.560598999999999424e-05 6.560598999999999424e-05 6.560598999999999424e-05 6.560598999999999424e-05 6.560598999999999424e-05
6.560598999999999424e-05 6.560598999999999424e-05 6.560598999999999424e-05 6.560598999999999424e-05 6.560598999999999424e-05 6.560598999999999424e-05 6.560598999999999424e-05 6.560598999999999424e-05 6.560598999999999424e-05 6.560598999999999424e-05 6.560598999999999424e-05 6.560598999999999424e-05 6.560598999999999424e-05 6.560598999999999424e-05 6.560598999999999424e-05 6.560598999999999424e-05 6.560598999999999424e-05 6.560598999999999424e-05 6.560598999999999424e-05 6.560598999999999424e-05
6.560598999999999424e-05 6.560598999999999424e-05 6.560598999999999424e-05 6.560598999999999424e-05 6.560598999999999424e-05 6.560598999999999424e-05 6.560598999999999424e-05 6.560598999999999424e-05 6.560598999999999424e-05 6.560598999999999424e-05 6.560598999999999424e-05 6.560598999999999424e-05 6.560598999999999424e-05 6.560598999999999424e-05 6.560598999999999424e-05 6.560598999999999424e-05 6.560598999999999424e-05 6.560598999999999424e-05 6.560598999999999424e-05 6.560598999999999424e-05
6.560598999999999424e-05 6.560598999999999424e-05 6.560598999999999424e-05 6.560598999999999424e-05 6.560598999999999424e-05 6.560598999999999424e-05 6.560598999999999424e-05 6.560598999999999424e-05 6.560598999999999424e-05 6.560598999999999424e-05 6.560598999999999424e-05 6.560598999999999424e-05 6.560598999999999424e-05 6.560598999999999424e-05 6.560598999999999424e-05 6.560598999999999424e-05 6.560598999999999424e-05 6.560598999999999424e-05 6.560598999999999424e-05 6.560598999999999424e-05
6.560598999999999424e-05 6.560598999999999424e-05 6.560598999999999424e-05 6.560598999999999424e-05 6.560598999999999424e-05 6.560598999999999424e-05 6.560598999999999424e-05 6.560598999999999424e-05 6.560598999999999424e-05 6.560598999999999424e-05 6.560598999999999424e-05 6.560598999999999424e-05 6.560598999999999424e-05 6.560598999999999424e-05 6.560598999999999424e-05 6.560598999999999424e-05 6.560598999999999424e-05 6.560598999999999424e-05 6.560598999999999424e-05 6.560598999999999424e-05
6.560598999999999424e-05 6.560598999999999424e-05 6.560598999999999424e-05 6.560598999999999424e-05 6.560598999999999424e-05 6.560598999999999424e-05 6.560598999999999424e-05 6.560598999999999424e-05 6.560598999999999424e-05 6.560598999999999424e-05 6.560598999999999424e-05 6.560598999999999424e-05 6.560598999999999424e-05 6.560598999999999424e-05 6.560598999999999424e-05 6.560598999999999424e-05 6.560598999999999424e-05 6.560598999999999424e-05 6.560598999999999424e-05 6.560598999999999424e-05
6.560598999999999424e-05 6.560598999999999424e-05 6.560598999999999424e-05 6.560598999999999424e-05 6.560598999999999424e-05 6.560598999999999424e-05 6.560598999999999424e-05 6.560598999999999424e-05 6.560598999999999424e-05 6.560598999999999424e-05 6.560598999999999424e-05 6.560598999999999424e-05 6.560598999999999424e-05 6.560598999999999424e-05 6.560598999999999424e-05 6.560598999999999424e-05 6.560598999999999424e-05 6.560598999999999424e-05 6.560598999999999424e-05 6.560598999999999424e-05
6.560598999999999424e-05 6.560598999999999424e-05 6.560598999999999424e-05 6.560598999999999424e-05 6.560598999999999424e-05 6.560598999999999424e-05 6.560598999999999424e-05 6.560598999999999424e-05 6.560598999999999424e-05 6.560598999999999424e-05 6.560598999999999424e-05 6.560598999999999424e-05 6.560598999999999424e-05 6.560598999999999424e-05 6.560598999999999424e-05 6.560598999999999424e-05 6.560598999999999424e-05 6.560598999999999424e-05 6.560598999999999424e-05 6.560598999999999424e-05
6.560598999999999424e-05 6.560598999999999424e-05 6.560598999999999424e-05 6.560598999999999424e-05 6.560598999999999424e-05 6.560598999999999424e-05 6.560598999999999424e-05 6.560598999999999424e-05 6.560598999999999424e-05 6.560598999999999424e-05 6.560598999999999424e-05 6.560598999999999424e-05 6.560598999999999424e-05 6.560598999999999424e-05 6.560598999999999424e-05 6.560598999999999424e-05 6.560598999999999424e-05 6.560598999999999424e-05 6.560598999999999424e-05 6.560598999999999424e-05
6.560598999999999424e-05 6.560598999999999424e-05 6.560598999999999424e-05 6.560598999999999424e-05 6.560598999999999424e-05 6.560598999999999424e-05 6.560598999999999424e-05 6.560598999999999424e-05 6.560598999999999424e-05 6.560598999999999424e-05 6.560598999999999424e-05 6.560598999999999424e-05 6.560598999999999424e-05 6.560598999999999424e-05 6.560598999999999424e-05 6.560598999999999424e-05 6.560598999999999424e-05 6.560598999999999424e-05 6.560598999999999424e-05 6.560598999999999424e-05
6.560598999999999424e-05 6.560598999999999424e-05 6.560598999999999424e-05 6.560598999999999424e-05 6.560598999999999424e-05 6.560598999999999424e-05 6.560598999999999424e-05 6.560598999999999424e-05 6.560598999999999424e-05 6.560598999999999424e-05 6.560598999999999424e-05 6.560598999999999424e-05 6.560598999999999424e-05 6.560598999999999424e-05 6.560598999999999424e-05 6.560598999999999424e-05 6.560598999999999424e-05 6.560598999999999424e-05 6.560598999999999424e-05 6.560598999999999424e-05
6.560598999999999424e-05 6.560598999999999424e-05 6.560598999999999424e-05 6.560598999999999424e-05 6.560598999999999424e-05 6.560598999999999424e-05 6.560598999999999424e-05 6.560598999999999424e-05 6.560598999999999424e-05 6.560598999999999424e-05 6.560598999999999424e-05 6.560598999999999424e-05 6.560598999999999424e-05 6.560598999999999424e-05 6.560598999999999424e-05 6.560598999999999424e-05 6.560598999999999424e-05 6.560598999999999424e-05 6.560598999999999424e-05 6.560598999999999424e-05
6.560598999999999424e-05 6.560598999999999424e-05 6.560598999999999424e-05 6.560598999999999424e-05 6.560598999999999424e-05 6.560598999999999424e-05 6.560598999999999424e-05 6.560598999999999424e-05 6.560598999999999424e-05 6.560598999999999424e-05 6.560598999999999424e-05 6.560598999999999424e-05 6.560598999999999424e-05 6.560598999999999424e-05 6.560598999999999424e-05 6.560598999999999424e-05 6.560598999999999424e-05 6.560598999999999424e-05 6.560598999999999424e-05 6.560598999999999424e-05
6.560598999999999424e-05 6.560598999999999424e-05 6.560598999999999424e-05 6.560598999999999424e-05 6.560598999999999424e-05 6.560598999999999424e-05 6.560598999999999424e-05 6.560598999999999424e-05 6.560598999999999424e-05 6.560598999999999424e-05 6.560598999999999424e-05 6.560598999999999424e-05 6.560598999999999424e-05 6.560598999999999424e-05 6.560598999999999424e-05 6.560598999999999424e-05 6.560598999999999424e-05 6.560598999999999424e-05 6.560598999999999424e-05 6.560598999999999424e-05
6.560598999999999424e-05 6.560598999999999424e-05 6.560598999999999424e-05 6.560598999999999424e-05 6.560598999999999424e-05 6.560598999999999424e-05 6.560598999999999424e-05 6.560598999999999424e-05 6.560598999999999424e-05 6.560598999999999424e-05 6.560598999999999424e-05 6.560598999999999424e-05 6.560598999999999424e-05 6.560598999999999424e-05 6.560598999999999424e-05 6.560598999999999424e-05 6.560598999999999424e-05 6.560598999999999424e-05 6.560598999999999424e-05 6.560598999999999424e-05
6.560598999999999424e-05 6.560598999999999424e-05 6.560598999999999424e-05 6.560598999999999424e-05 6.560598999999999424e-05 6.560598999999999424e-05 6.560598999999999424e-05 6.560598999999999424e-05 6.560598999999999424e-05 6.560598999999999424e-05 6.560598999999999424e-05 6.560598999999999424e-05 6.560598999999999424e-05 6.560598999999999424e-05 6.560598999999999424e-05 6.560598999999999424e-05 6.560598999999999424e-05 6.560598999999999424e-05 6.560598999999999424e-05 6.560598999999999424e-05
6.560598999999999424e-05 6.560598999999999424e-05 6.560598999999999424e-05 6.560598999999999424e-05 6.560598999999999424e-05 6.560598999999999424e-05 6.560598999999999424e-05 6.560598999999999424e-05 6.560598999999999424e-05 6.560598999999999424e-05 6.560598999999999424e-05 6.560598999999999424e-05 6.560598999999999424e-05 6.560598999999999424e-05 6.560598999999999424e-05 6.560598999999999424e-05 6.560598999999999424e-05 6.560598999999999424e-05 6.560598999999999424e-05 6.560598999999999424e-05
6.560598999999999424e-05 6.560598999999999424e-05 6.560598999999999424e-05 6.560598999999999424e-05 6.560598999999999424e-05 6.560598999999999424e-05 6.560598999999999424e-05 6.560598999999999424e-05 6.560598999999999424e-05 6.560598999999999424e-05 6.560598999999999424e-05 6.560598999999999424e-05 6.560598999999999424e-05 6.560598999999999424e-05 6.560598999999999424e-05 6.560598999999999424e-05 6.560598999999999424e-05 6.560598999999999424e-05 6.560598999999999424e-05 6.560598999999999424e-05
6.560598999999999424e-05 6.560598999999999424e-05 6.560598999999999424e-05 6.560598999999999424e-05 6.560598999999999424e-05 6.560598999999999424e-05 6.560598999999999424e-05 6.560598999999999424e-05 6.560598999999999424e-05 6.560598999999999424e-05 6.560598999999999424e-05 6.560598999999999424e-05 6.560598999999999424e-05 6.560598999999999424e-05 6.560598999999999424e-05 6.560598999999999424e-05 6.560598999999999424e-05 6.560598999999999424e-05 6.560598999999999424e-05 6.560598999999999424e-05
6.560598999999999424e-05 6.560598999999999424e-05 6.560598999999999424e-05 6.560598999999999424e-05 6.560598999999999424e-05 6.560598999999999424e-05 6.560598999999999424e-05 6.560598999999999424e-05 6.560598999999999424e-05 6.560598999999999424e-05 6.560598999999999424e-05 6.560598999999999424e-05 6.560598999999999424e-05 6.560598999999999424e-05 6.560598999999999424e-05 6.560598999999999424e-05 6.560598999999999424e-05 6.560598999999999424e-05 6.560598999999999424e-05 6.560598999999999424e-05
6.560598999999999424e-05 6.560598999999999424e-05 6.560598999999999424e-05 6.560598999999999424e-05 6.560598999999999424e-05 6.560598999999999424e-05 6.560598999999999424e-05 6.560598999999999424e-05 6.560598999999999424e-05 6.560598999999999424e-05 6.560598999999999424e-05 6.560598999999999424e-05 6.560598999999999424e-05 6.560598999999999424e-05 6.560598999999999424e-05 6.560598999999999424e-05 6.560598999999999424e-05 6.560598999999999424e-05 6.560598999999999424e-05 6.560598999999999424e-05
6.560598999999999424e-05 6.560598999999999424e-05 6.560598999999999424e-05 6.560598999999999424e-05 6.560598999999999424e-05 6.560598999999999424e-05 6.560598999999999424e-05 6.560598999999999424e-05 6.560598999999999424e-05 6.560598999999999424e-05 6.560598999999999424e-05 6.560598999999999424e-05 6.560598999999999424e-05 6.560598999999999424e-05 6.560598999999999424e-05 6.560598999999999424e-05 6.560598999999999424e-05 6.560598999999999424e-05 6.560598999999999424e-05 6.560598999999999424e-05
6.560598999999999424e-05 6.560598999999999424e-05 6.560598999999999424e-05 6.560598999999999424e-05 6.560598999999999424e-05 6.560598999999999424e-05 6.560598999999999424e-05 6.560598999999999424e-05 6.560598999999999424e-05 6.560598999999999424e-05 6.560598999999999424e-05 6.560598999999999424e-05 6.560598999999999424e-05 6.560598999999999424e-05 6.560598999999999424e-05 6.560598999999999424e-05 6.560598999999999424e-05 6.560598999999999424e-05 6.560598999999999424e-05 6.560598999999999424e-05
6.560598999999999424e-05 6.560598999999999424e-05 6.560598999999999424e-05 6.560598999999999424e-05 6.560598999999999424e-05 6.560598999999999424e-05 6.560598999999999424e-05 6.560598999999999424e-05 6.560598999999999424e-05 6.560598999999999424e-05 6.560598999999999424e-05 6.560598999999999424e-05 6.560598999999999424e-05 6.560598999999999424e-05 6.560598999999999424e-05 6.560598999999999424e-05 6.560598999999999424e-05 6.560598999999999424e-05 6.560598999999999424e-05 6.560598999999999424e-05
6.560598999999999424e-05 6.560598999999999424e-05 6.560598999999999424e-05 6.560598999999999424e-05 6.560598999999999424e-05 6.560598999999999424e-05 6.560598999999999424e-05 6.560598999999999424e-05 6.560598999999999424e-05 6.560598999999999424e-05 6.560598999999999424e-05 6.560598999999999424e-05 6.560598999999999424e-05 6.560598999999999424e-05 6.560598999999999424e-05 6.560598999999999424e-05 6.560598999999999424e-05 6.560598999999999424e-05 6.560598999999999424e-05 6.560598999999999424e-05
6.560598999999999424e-05 6.560598999999999424e-05 6.560598999999999424e-05 6.560598999999999424e-05 6.560598999999999424e-05 6.560598999999999424e-05 6.560598999999999424e-05 6.560598999999999424e-05 6.560598999999999424e-05 6.560598999999999424e-05 6.560598999999999424e-05 6.560598999999999424e-05 6.560598999999999424e-05 6.560598999999999424e-05 6.560598999999999424e-05 6.560598999999999424e-05 6.560598999999999424e-05 6.560598999999999424e-05 6.560598999999999424e-05 6.560598999999999424e-05
6.560598999999999424e-05 6.560598999999999424e-05 6.560598999999999424e-05 6.560598999999999424e-05 6.560598999999999424e-05 6.560598999999999424e-05 6.560598999999999424e-05 6.560598999999999424e-05 6.560598999999999424e-05 6.560598999999999424e-05 6.560598999999999424e-05 6.560598999999999424e-05 6.560598999999999424e-05 6.560598999999999424e-05 6.560598999999999424e-05 6.560598999999999424e-05 6.560598999999999424e-05 6.560598999999999424e-05 6.560598999999999424e-05 6.560598999999999424e-05
6.560598999999999424e-05 6.560598999999999424e-05 6.560598999999999424e-05 6.560598999999999424e-05 6.560598999999999424e-05 6.560598999999999424e-05 6.560598999999999424e-05 6.560598999999999424e-05 6.560598999999999424e-05 6.560598999999999424e-05 6.560598999999999424e-05 6.560598999999999424e-05 6.560598999999999424e-05 6.560598999999999424e-05 6.560598999999999424e-05 6.560598999999999424e-05 6.560598999999999424e-05 6.560598999999999424e-05 6.560598999999999424e-05 6.560598999999999424e-05
6.560598999999999424e-05 6.560598999999999424e-05 6.560598999999999424e-05 6.560598999999999424e-05 6.560598999999999424e-05 6.560598999999999424e-05 6.560598999999999424e-05 6.560598999999999424e-05 6.560598999999999424e-05 6.560598999999999424e-05 6.560598999999999424e-05 6.560598999999999424e-05 6.560598999999999424e-05 6.560598999999999424e-05 6.560598999999999424e-05 6.560598999999999424e-05 6.560598999999999424e-05 6.560598999999999424e-05 6.560598999999999424e-05 6.560598999999999424e-05
6.560598999999999424e-05 6.560598999999999424e-05 6.560598999999999424e-05 6.560598999999999424e-05 6.560598999999999424e-05 6.560598999999999424e-05 6.560598999999999424e-05 6.560598999999999424e-05 6.560598999999999424e-05 6.560598999999999424e-05 6.560598999999999424e-05 6.560598999999999424e-05 6.560598999999999424e-05 6.560598999999999424e-05 6.560598999999999424e-05 6.560598999999999424e-05 6.560598999999999424e-05 6.560598999999999424e-05 6.560598999999999424e-05 6.560598999999999424e-05
6.560598999999999424e-05 6.560598999999999424e-05 6.560598999999999424e-05 6.560598999999999424e-05 6.560598999999999424e-05 6.560598999999999424e-05 6.560598999999999424e-05 6.560598999999999424e-05 6.560598999999999424e-05 6.560598999999999424e-05 6.560598999999999424e-05 6.560598999999999424e-05 6.560598999999999424e-05 6.560598999999999424e-05 6.560598999999999424e-05 6.560598999999999424e-05 6.560598999999999424e-05 6.560598999999999424e-05 6.560598999999999424e-05 6.560598999999999424e-05
6.560598999999999424e-05 6.560598999999999424e-05 6.560598999999999424e-05 6.560598999999999424e-05 6.560598999999999424e-05 6.560598999999999424e-05 6.560598999999999424e-05 6.560598999999999424e-05 6.560598999999999424e-05 6.560598999999999424e-05 6.560598999999999424e-05 6.560598999999999424e-05 6.560598999999999424e-05 6.560598999999999424e-05 6.560598999999999424e-05 6.560598999999999424e-05 6.560598999999999424e-05 6.560598999999999424e-05 6.560598999999999424e-05 6.560598999999999424e-05
6.560598999999999424e-05 6.560598999999999424e-05 6.560598999999999424e-05 6.560598999999999424e-05 6.560598999999999424e-05 6.560598999999999424e-05 6.560598999999999424e-05 6.560598999999999424e-05 6.560598999999999424e-05 6.560598999999999424e-05 6.560598999999999424e-05 6.560598999999999424e-05 6.560598999999999424e-05 6.560598999999999424e-05 6.560598999999999424e-05 6.560598999999999424e-05 6.560598999999999424e-05 6.560598999999999424e-05 6.560598999999999424e-05 6.560598999999999424e-05
6.560598999999999424e-05 6.560598999999999424e-05 6.560598999999999424e-05 6.560598999999999424e-05 6.560598999999999424e-05 6.560598999999999424e-05 6.560598999999999424e-05 6.560598999999999424e-05 6.560598999999999424e-05 6.560598999999999424e-05 6.560598999999999424e-05 6.560598999999999424e-05 6.560598999999999424e-05 6.560598999999999424e-05 6.560598999999999424e-05 6.560598999999999424e-05 6.560598999999999424e-05 6.560598999999999424e-05 6.560598999999999424e-05 6.560598999999999424e-05
6.560598999999999424e-05 6.560598999999999424e-05 6.560598999999999424e-05 6.560598999999999424e-05 6.560598999999999424e-05 6.560598999999999424e-05 6.560598999999999424e-05 6.560598999999999424e-05 6.560598999999999424e-05 6.560598999999999424e-05 6.560598999999999424e-05 6.560598999999999424e-05 6.560598999999999424e-05 6.560598999999999424e-05 6.560598999999999424e-05 6.560598999999999424e-05 6.560598999999999424e-05 6.560598999999999424e-05 6.560598999999999424e-05 6.560598999999999424e-05
6.560598999999999424e-05 6.560598999999999424e-05 6.560598999999999424e-05 6.560598999999999424e-05 6.560598999999999424e-05 6.560598999999999424e-05 6.560598999999999424e-05 6.560598999999999424e-05 6.560598999999999424e-05 6.560598999999999424e-05 6.560598999999999424e-05 6.560598999999999424e-05 6.560598999999999424e-05 6.560598999999999424e-05 6.560598999999999424e-05 6.560598999999999424e-05 6.560598999999999424e-05 6.560598999999999424e-05 6.560598999999999424e-05 6.560598999999999424e-05
6.560598999999999424e-05 6.560598999999999424e-05 6.560598999999999424e-05 6.560598999999999424e-05 6.560598999999999424e-05 6.560598999999999424e-05 6.560598999999999424e-05 6.560598999999999424e-05 6.560598999999999424e-05 6.560598999999999424e-05 6.560598999999999424e-05 6.560598999999999424e-05 6.560598999999999424e-05 6.560598999999999424e-05 6.560598999999999424e-05 6.560598999999999424e-05 6.560598999999999424e-05 6.560598999999999424e-05 6.560598999999999424e-05 6.560598999999999424e-05
