   8.412827E-05   8.412827E-05   8.412827E-05   8.412827E-05   8.412827E-05   8.412827E-05   8.412827E-05   8.412827E-05   8.412827E-05   8.412827E-05   8.412827E-05   8.412827E-05   8.412827E-05   8.412827E-05   8.412827E-05   8.412827E-05   8.412827E-05   8.412827E-05   8.412827E-05   8.412827E-05
   8.412827E-05   8.412827E-05   8.412827E-05   8.412827E-05   8.412827E-05   8.412827E-05   8.412827E-05   8.412827E-05   8.412827E-05   8.412827E-05   8.412827E-05   8.412827E-05   8.412827E-05   8.412827E-05   8.412827E-05   8.412827E-05   8.412827E-05   8.412827E-05   8.412827E-05   8.412827E-05
   8.412827E-05   8.412827E-05   8.412827E-05   8.412827E-05   8.412827E-05   8.412827E-05   8.412827E-05   8.412827E-05   8.412827E-05   8.412827E-05   8.412827E-05   8.412827E-05   8.412827E-05   8.412827E-05   8.412827E-05   8.412827E-05   8.412827E-05   8.412827E-05   8.412827E-05   8.412827E-05
   8.412827E-05   8.412827E-05   8.412827E-05   8.412827E-05   8.412827E-05   8.412827E-05   8.412827E-05   8.412827E-05   8.412827E-05   8.412827E-05   8.412827E-05   8.412827E-05   8.412827E-05   8.412827E-05   8.412827E-05   8.412827E-05   8.412827E-05   8.412827E-05   8.412827E-05   8.412827E-05
   8.412827E-05   8.412827E-05   8.412827E-05   8.412827E-05   8.412827E-05   8.412827E-05   8.412827E-05   8.412827E-05   8.412827E-05   8.412827E-05   8.412827E-05   8.412827E-05   8.412827E-05   8.412827E-05   8.412827E-05   8.412827E-05   8.412827E-05   8.412827E-05   8.412827E-05   8.412827E-05
   8.412827E-05   8.412827E-05   8.412827E-05   8.412827E-05   8.412827E-05   8.412827E-05   8.412827E-05   8.412827E-05   8.412827E-05   8.412827E-05   8.412827E-05   8.412827E-05   8.412827E-05   8.412827E-05   8.412827E-05   8.412827E-05   8.412827E-05   8.412827E-05   8.412827E-05   8.412827E-05
   8.412827E-05   8.412827E-05   8.412827E-05   8.412827E-05   8.412827E-05   8.412827E-05   8.412827E-05   8.412827E-05   8.412827E-05   8.412827E-05   8.412827E-05   8.412827E-05   8.412827E-05   8.412827E-05   8.412827E-05   8.412827E-05   8.412827E-05   8.412827E-05   8.412827E-05   8.412827E-05
   8.412827E-05   8.412827E-05   8.412827E-05   8.412827E-05   8.412827E-05   8.412827E-05   8.412827E-05   8.412827E-05   8.412827E-05   8.412827E-05   8.412827E-05   8.412827E-05   8.412827E-05   8.412827E-05   8.412827E-05   8.412827E-05   8.412827E-05   8.412827E-05   8.412827E-05   8.412827E-05
   8.412827E-05   8.412827E-05   8.412827E-05   8.412827E-05   8.412827E-05   8.412827E-05   8.412827E-05   8.412827E-05   8.412827E-05   8.412827E-05   8.412827E-05   8.412827E-05   8.412827E-05   8.412827E-05   8.412827E-05   8.412827E-05   8.412827E-05   8.412827E-05   8.412827E-05   8.412827E-05
   8.412827E-05   8.412827E-05   8.412827E-05   8.412827E-05   8.412827E-05   8.412827E-05   8.412827E-05   8.412827E-05   8.412827E-05   8.412827E-05   8.412827E-05   8.412827E-05   8.412827E-05   8.412827E-05   8.412827E-05   8.412827E-05   8.412827E-05   8.412827E-05   8.412827E-05   8.412827E-05
   8.412827E-05   8.412827E-05   8.412827E-05   8.412827E-05   8.412827E-05   8.412827E-05   8.412827E-05   8.412827E-05   8.412827E-05   8.412827E-05   8.412827E-05   8.412827E-05   8.412827E-05   8.412827E-05   8.412827E-05   8.412827E-05   8.412827E-05   8.412827E-05   8.412827E-05   8.412827E-05
   8.412827E-05   8.412827E-05   8.412827E-05   8.412827E-05   8.412827E-05   8.412827E-05   8.412827E-05   8.412827E-05   8.412827E-05   8.412827E-05   8.412827E-05   8.412827E-05   8.412827E-05   8.412827E-05   8.412827E-05   8.412827E-05   8.412827E-05   8.412827E-05   8.412827E-05   8.412827E-05
   8.412827E-05   8.412827E-05   8.412827E-05   8.412827E-05   8.412827E-05   8.412827E-05   8.412827E-05   8.412827E-05   8.412827E-05   8.412827E-05   8.412827E-05   8.412827E-05   8.412827E-05   8.412827E-05   8.412827E-05   8.412827E-05   8.412827E-05   8.412827E-05   8.412827E-05   8.412827E-05
   8.412827E-05   8.412827E-05   8.412827E-05   8.412827E-05   8.412827E-05   8.412827E-05   8.412827E-05   8.412827E-05   8.412827E-05   8.412827E-05   8.412827E-05   8.412827E-05   8.412827E-05   8.412827E-05   8.412827E-05   8.412827E-05   8.412827E-05   8.412827E-05   8.412827E-05   8.412827E-05
   8.412827E-05   8.412827E-05   8.412827E-05   8.412827E-05   8.412827E-05   8.412827E-05   8.412827E-05   8.412827E-05   8.412827E-05   8.412827E-05   8.412827E-05   8.412827E-05   8.412827E-05   8.412827E-05   8.412827E-05   8.412827E-05   8.412827E-05   8.412827E-05   8.412827E-05   8.412827E-05
   8.412827E-05   8.412827E-05   8.412827E-05   8.412827E-05   8.412827E-05   8.412827E-05   8.412827E-05   8.412827E-05   8.412827E-05   8.412827E-05   8.412827E-05   8.412827E-05   8.412827E-05   8.412827E-05   8.412827E-05   8.412827E-05   8.412827E-05   8.412827E-05   8.412827E-05   8.412827E-05
   8.412827E-05   8.412827E-05   8.412827E-05   8.412827E-05   8.412827E-05   8.412827E-05   8.412827E-05   8.412827E-05   8.412827E-05   8.412827E-05   8.412827E-05   8.412827E-05   8.412827E-05   8.412827E-05   8.412827E-05   8.412827E-05   8.412827E-05   8.412827E-05   8.412827E-05   8.412827E-05
   8.412827E-05   8.412827E-05   8.412827E-05   8.412827E-05   8.412827E-05   8.412827E-05   8.412827E-05   8.412827E-05   8.412827E-05   8.412827E-05   8.412827E-05   8.412827E-05   8.412827E-05   8.412827E-05   8.412827E-05   8.412827E-05   8.412827E-05   8.412827E-05   8.412827E-05   8.412827E-05
   8.412827E-05   8.412827E-05   8.412827E-05   8.412827E-05   8.412827E-05   8.412827E-05   8.412827E-05   8.412827E-05   8.412827E-05   8.412827E-05   8.412827E-05   8.412827E-05   8.412827E-05   8.412827E-05   8.412827E-05   8.412827E-05   8.412827E-05   8.412827E-05   8.412827E-05   8.412827E-05
   8.412827E-05   8.412827E-05   8.412827E-05   8.412827E-05   8.412827E-05   8.412827E-05   8.412827E-05   8.412827E-05   8.412827E-05   8.412827E-05   8.412827E-05   8.412827E-05   8.412827E-05   8.412827E-05   8.412827E-05   8.412827E-05   8.412827E-05   8.412827E-05   8.412827E-05   8.412827E-05
   8.412827E-05   8.412827E-05   8.412827E-05   8.412827E-05   8.412827E-05   8.412827E-05   8.412827E-05   8.412827E-05   8.412827E-05   8.412827E-05   8.412827E-05   8.412827E-05   8.412827E-05   8.412827E-05   8.412827E-05   8.412827E-05   8.412827E-05   8.412827E-05   8.412827E-05   8.412827E-05
   8.412827E-05   8.412827E-05   8.412827E-05   8.412827E-05   8.412827E-05   8.412827E-05   8.412827E-05   8.412827E-05   8.412827E-05   8.412827E-05   8.412827E-05   8.412827E-05   8.412827E-05   8.412827E-05   8.412827E-05   8.412827E-05   8.412827E-05   8.412827E-05   8.412827E-05   8.412827E-05
   8.412827E-05   8.412827E-05   8.412827E-05   8.412827E-05   8.412827E-05   8.412827E-05   8.412827E-05   8.412827E-05   8.412827E-05   8.412827E-05   8.412827E-05   8.412827E-05   8.412827E-05   8.412827E-05   8.412827E-05   8.412827E-05   8.412827E-05   8.412827E-05   8.412827E-05   8.412827E-05
   8.412827E-05   8.412827E-05   8.412827E-05   8.412827E-05   8.412827E-05   8.412827E-05   8.412827E-05   8.412827E-05   8.412827E-05   8.412827E-05   8.412827E-05   8.412827E-05   8.412827E-05   8.412827E-05   8.412827E-05   8.412827E-05   8.412827E-05   8.412827E-05   8.412827E-05   8.412827E-05
   8.412827E-05   8.412827E-05   8.412827E-05   8.412827E-05   8.412827E-05   8.412827E-05   8.412827E-05   8.412827E-05   8.412827E-05   8.412827E-05   8.412827E-05   8.412827E-05   8.412827E-05   8.412827E-05   8.412827E-05   8.412827E-05   8.412827E-05   8.412827E-05   8.412827E-05   8.412827E-05
   8.412827E-05   8.412827E-05   8.412827E-05   8.412827E-05   8.412827E-05   8.412827E-05   8.412827E-05   8.412827E-05   8.412827E-05   8.412827E-05   8.412827E-05   8.412827E-05   8.412827E-05   8.412827E-05   8.412827E-05   8.412827E-05   8.412827E-05   8.412827E-05   8.412827E-05   8.412827E-05
   8.412827E-05   8.412827E-05   8.412827E-05   8.412827E-05   8.412827E-05   8.412827E-05   8.412827E-05   8.412827E-05   8.412827E-05   8.412827E-05   8.412827E-05   8.412827E-05   8.412827E-05   8.412827E-05   8.412827E-05   8.412827E-05   8.412827E-05   8.412827E-05   8.412827E-05   8.412827E-05
   8.412827E-05   8.412827E-05   8.412827E-05   8.412827E-05   8.412827E-05   8.412827E-05   8.412827E-05   8.412827E-05   8.412827E-05   8.412827E-05   8.412827E-05   8.412827E-05   8.412827E-05   8.412827E-05   8.412827E-05   8.412827E-05   8.412827E-05   8.412827E-05   8.412827E-05   8.412827E-05
   8.412827E-05   8.412827E-05   8.412827E-05   8.412827E-05   8.412827E-05   8.412827E-05   8.412827E-05   8.412827E-05   8.412827E-05   8.412827E-05   8.412827E-05   8.412827E-05   8.412827E-05   8.412827E-05   8.412827E-05   8.412827E-05   8.412827E-05   8.412827E-05   8.412827E-05   8.412827E-05
   8.412827E-05   8.412827E-05   8.412827E-05   8.412827E-05   8.412827E-05   8.412827E-05   8.412827E-05   8.412827E-05   8.412827E-05   8.412827E-05   8.412827E-05   8.412827E-05   8.412827E-05   8.412827E-05   8.412827E-05   8.412827E-05   8.412827E-05   8.412827E-05   8.412827E-05   8.412827E-05
   8.412827E-05   8.412827E-05   8.412827E-05   8.412827E-05   8.412827E-05   8.412827E-05   8.412827E-05   8.412827E-05   8.412827E-05   8.412827E-05   8.412827E-05   8.412827E-05   8.412827E-05   8.412827E-05   8.412827E-05   8.412827E-05   8.412827E-05   8.412827E-05   8.412827E-05   8.412827E-05
   8.412827E-05   8.412827E-05   8.412827E-05   8.412827E-05   8.412827E-05   8.412827E-05   8.412827E-05   8.412827E-05   8.412827E-05   8.412827E-05   8.412827E-05   8.412827E-05   8.412827E-05   8.412827E-05   8.412827E-05   8.412827E-05   8.412827E-05   8.412827E-05   8.412827E-05   8.412827E-05
   8.412827E-05   8.412827E-05   8.412827E-05   8.412827E-05   8.412827E-05   8.412827E-05   8.412827E-05   8.412827E-05   8.412827E-05   8.412827E-05   8.412827E-05   8.412827E-05   8.412827E-05   8.412827E-05   8.412827E-05   8.412827E-05   8.412827E-05   8.412827E-05   8.412827E-05   8.412827E-05
   8.412827E-05   8.412827E-05   8.412827E-05   8.412827E-05   8.412827E-05   8.412827E-05   8.412827E-05   8.412827E-05   8.412827E-05   8.412827E-05   8.412827E-05   8.412827E-05   8.412827E-05   8.412827E-05   8.412827E-05   8.412827E-05   8.412827E-05   8.412827E-05   8.412827E-05   8.412827E-05
   8.412827E-05   8.412827E-05   8.412827E-05   8.412827E-05   8.412827E-05   8.412827E-05   8.412827E-05   8.412827E-05   8.412827E-05   8.412827E-05   8.412827E-05   8.412827E-05   8.412827E-05   8.412827E-05   8.412827E-05   8.412827E-05   8.412827E-05   8.412827E-05   8.412827E-05   8.412827E-05
   8.412827E-05   8.412827E-05   8.412827E-05   8.412827E-05   8.412827E-05   8.412827E-05   8.412827E-05   8.412827E-05   8.412827E-05   8.412827E-05   8.412827E-05   8.412827E-05   8.412827E-05   8.412827E-05   8.412827E-05   8.412827E-05   8.412827E-05   8.412827E-05   8.412827E-05   8.412827E-05
   8.412827E-05   8.412827E-05   8.412827E-05   8.412827E-05   8.412827E-05   8.412827E-05   8.412827E-05   8.412827E-05   8.412827E-05   8.412827E-05   8.412827E-05   8.412827E-05   8.412827E-05   8.412827E-05   8.412827E-05   8.412827E-05   8.412827E-05   8.412827E-05   8.412827E-05   8.412827E-05
   8.412827E-05   8.412827E-05   8.412827E-05   8.412827E-05   8.412827E-05   8.412827E-05   8.412827E-05   8.412827E-05   8.412827E-05   8.412827E-05   8.412827E-05   8.412827E-05   8.412827E-05   8.412827E-05   8.412827E-05   8.412827E-05   8.412827E-05   8.412827E-05   8.412827E-05   8.412827E-05
   8.412827E-05   8.412827E-05   8.412827E-05   8.412827E-05   8.412827E-05   8.412827E-05   8.412827E-05   8.412827E-05   8.412827E-05   8.412827E-05   8.412827E-05   8.412827E-05   8.412827E-05   8.412827E-05   8.412827E-05   8.412827E-05   8.412827E-05   8.412827E-05   8.412827E-05   8.412827E-05
   8.412827E-05   8.412827E-05   8.412827E-05   8.412827E-05   8.412827E-05   8.412827E-05   8.412827E-05   8.412827E-05   8.412827E-05   8.412827E-05   8.412827E-05   8.412827E-05   8.412827E-05   8.412827E-05   8.412827E-05   8.412827E-05   8.412827E-05   8.412827E-05   8.412827E-05   8.412827E-05
