1 40 6 32.50467336428356 100.0
1 40 7 33.1953461352703 100.0
1 40 8 34.99320887646017 100.0
1 40 9 33.8684842301154 59.96899147801696
1 40 10 33.60231261800085 100.0
1 40 11 34.723148760794885 100.0
1 40 12 36.40561318206858 100.0
1 40 13 33.61947217973093 100.0
1 40 14 32.931455992406995 57.42360871610987
1 40 15 36.1246314726596 100.0
2 40 6 33.90101512459414 100.0
2 40 7 33.71806751522678 100.0
2 40 8 35.93564274086762 100.0
2 40 9 35.92624210192096 100.0
2 40 10 35.54088361020899 51.747304705143996
2 40 11 35.16869278850421 100.0
2 40 12 36.40561318206858 100.0
2 40 13 36.40561318206858 100.0
2 40 14 33.83713178398608 100.0
2 40 15 34.459298589481584 100.0
3 40 6 36.40561318206858 100.0
3 40 7 34.74745672108254 100.0
3 40 8 33.11595067181193 100.0
3 40 9 35.41414010674528 100.0
3 40 10 35.03348063648682 100.0
3 40 11 34.53717853911675 100.0
3 40 12 34.2870930857227 100.0
3 40 13 34.39230032560015 100.0
3 40 14 32.5 100.0
3 40 15 35.894313221968545 100.0
