   2.299651E-06   2.170000E-06   1.969394E-06   5.259318E-06   3.012855E-06   6.159018E-06   1.028938E-05   1.978765E-06   1.000000E-06   1.812924E-06   7.980999E-06   1.858617E-06   5.027563E-06   2.338744E-06   1.346297E-06   1.000000E-06   2.118879E-06   2.647034E-06   4.510253E-06   4.970076E-06
   3.842792E-06   1.471026E-05   1.314151E-05   3.676059E-06   7.907431E-06   1.131782E-05   1.834405E-05   4.849747E-06   1.000000E-06   2.007853E-06   6.678274E-06   1.954116E-06   1.000000E-06   5.882470E-06   1.299847E-06   1.000000E-06   2.746841E-06   1.579658E-06   1.000000E-06   1.000000E-06
   2.643680E-05   1.068124E-05   9.176921E-06   5.328306E-06   1.632395E-05   8.754186E-06   3.861985E-06   1.472783E-06   9.822058E-06   3.969333E-06   1.836340E-06   3.406367E-06   6.591940E-06   1.239419E-06   1.442520E-06   1.000000E-06   2.542951E-06   2.581972E-06   1.605881E-06   2.147856E-06
   7.856030E-06   8.499320E-06   4.317687E-06   3.450372E-06   1.103238E-05   2.125509E-05   1.184661E-05   1.485585E-06   1.577381E-06   1.999064E-06   1.777523E-06   2.642184E-06   1.557789E-06   2.427920E-06   3.836784E-06   2.882685E-06   1.887324E-06   2.203237E-06   1.000000E-06   1.540156E-06
   3.673621E-06   1.612846E-05   5.113114E-06   2.030698E-06   5.411807E-06   5.500351E-06   5.448741E-06   3.363926E-06   1.000000E-06   1.259394E-06   1.000000E-06   1.753239E-06   1.000000E-06   1.000000E-06   1.354039E-06   1.360734E-06   1.637835E-06   1.807155E-06   5.964168E-06   5.583715E-06
   1.000000E-06   2.737572E-06   2.871910E-06   3.859986E-06   6.376859E-06   5.605958E-06   5.847425E-06   4.637020E-06   1.000000E-06   2.781489E-06   2.037384E-06   2.725132E-06   3.841887E-06   1.000000E-06   7.090872E-06   1.000000E-06   1.000000E-06   2.343829E-06   1.000000E-06   1.681509E-06
   2.913146E-06   1.896617E-06   1.715914E-06   1.500252E-06   2.554249E-06   3.704350E-06   3.581992E-06   1.000000E-06   2.278523E-06   1.000000E-06   5.149296E-06   3.899919E-06   1.000000E-06   1.000000E-06   2.995278E-06   1.431211E-06   3.987846E-06   5.032598E-06   1.834008E-06   2.000817E-06
   9.214059E-06   1.024246E-06   3.976797E-06   4.952312E-06   1.186216E-06   2.932189E-06   6.407556E-06   4.524312E-06   1.525368E-06   2.440057E-06   6.274476E-06   6.928927E-06   1.000000E-06   3.954903E-06   6.437097E-06   1.000000E-06   2.126950E-06   2.966026E-06   2.546549E-06   2.209746E-06
   1.000000E-06   2.694516E-06   1.207293E-06   9.921508E-06   1.000000E-06   1.000000E-06   1.000000E-06   1.124281E-06   1.333700E-06   1.109554E-06   2.365849E-06   1.000000E-06   1.969346E-06   6.251030E-06   1.578320E-06   3.321110E-06   2.866743E-06   1.394149E-06   2.375297E-06   2.048223E-06
   7.600095E-06   3.815883E-06   6.476988E-06   3.048994E-06   1.000000E-06   1.000000E-06   1.000000E-06   1.000000E-06   1.339590E-06   1.167396E-06   2.958979E-06   5.967063E-06   1.702667E-06   6.566109E-06   2.405762E-06   2.649394E-06   1.000000E-06   2.044806E-06   1.000000E-06   1.316166E-06
   1.767595E-06   1.988160E-06   3.577060E-06   2.133818E-06   1.000000E-06   1.000000E-06   1.000000E-06   1.000000E-06   1.413393E-06   3.115220E-06   2.650508E-06   6.410337E-06   4.307727E-06   7.220075E-06   1.182386E-06   3.290565E-06   2.573402E-06   2.753320E-06   2.467908E-06   4.502104E-06
   3.886102E-06   6.275377E-06   2.006532E-06   1.289697E-05   1.000000E-06   1.000000E-06   1.000000E-06   1.000000E-06   1.084772E-05   3.597392E-06   6.444620E-06   3.189675E-06   6.217332E-06   2.663398E-06   3.478548E-06   2.532723E-06   1.000000E-06   1.265114E-06   1.000000E-06   2.804301E-06
   1.083606E-05   1.000000E-06   1.000000E-06   2.842907E-06   1.000000E-06   1.000000E-06   1.000000E-06   1.000000E-06   4.003999E-06   1.541145E-06   3.754322E-06   1.385376E-06   1.000000E-06   2.449055E-06   3.480842E-06   1.000000E-06   2.268838E-06   2.552093E-06   2.396561E-06   1.787758E-06
   1.340947E-06   1.421418E-06   2.753177E-06   2.188286E-06   1.000000E-06   1.000000E-06   1.000000E-06   1.000000E-06   6.983421E-06   1.190154E-06   1.016544E-06   1.872882E-06   1.000000E-06   7.594643E-06   5.543680E-06   2.751087E-06   1.000000E-06   1.000000E-06   3.595724E-06   3.291529E-06
   1.712051E-06   3.337599E-06   1.436640E-06   7.912999E-06   1.000000E-06   1.000000E-06   1.000000E-06   1.000000E-06   1.000000E-06   4.524713E-06   7.542147E-06   3.795074E-06   3.374150E-06   1.000000E-06   1.000000E-06   3.008950E-06   1.000000E-06   2.170996E-06   2.894072E-06   1.000000E-06
   1.185560E-06   1.013657E-06   1.105541E-06   1.000000E-06   1.000000E-06   1.000000E-06   1.000000E-06   1.000000E-06   1.000000E-06   1.378958E-06   1.000000E-06   1.000000E-06   1.000000E-06   1.000000E-06   1.000000E-06   1.498200E-06   6.756805E-06   2.169777E-06   3.028278E-06   2.837021E-06
   1.355198E-06   3.364276E-06   1.687639E-06   1.000000E-06   1.000000E-06   1.000000E-06   1.000000E-06   1.000000E-06   1.746568E-06   1.725692E-06   3.705293E-06   3.098955E-06   3.183339E-06   3.327978E-06   2.837442E-06   3.402142E-06   1.000000E-06   1.648129E-06   3.900705E-06   2.694416E-06
   2.484234E-06   6.970402E-06   3.801714E-06   6.650743E-06   1.000000E-06   1.000000E-06   1.000000E-06   1.000000E-06   1.435737E-06   1.000000E-06   1.071983E-06   1.000000E-06   1.024642E-06   1.603756E-06   1.000000E-06   1.000000E-06   4.338401E-06   1.000000E-06   1.222833E-06   1.612163E-06
   8.476162E-06   5.859617E-06   2.022962E-06   1.211789E-06   1.000000E-06   1.000000E-06   1.000000E-06   1.000000E-06   7.595019E-06   4.793011E-06   1.000000E-06   1.523775E-06   2.962802E-06   1.553589E-06   1.568770E-06   2.069519E-06   1.000000E-06   1.000000E-06   3.033607E-06   2.303807E-06
   7.751800E-06   1.122297E-06   6.196978E-06   1.096096E-05   1.000000E-06   1.000000E-06   1.000000E-06   1.000000E-06   1.232907E-06   1.502716E-06   1.348925E-06   1.000000E-06   2.539577E-06   1.000000E-06   7.681878E-06   4.029095E-06   4.380062E-06   1.371938E-06   1.741701E-06   1.227116E-06
   1.248431E-05   1.300752E-05   1.306661E-05   1.469333E-05   1.000000E-06   1.000000E-06   1.000000E-06   1.000000E-06   3.184443E-06   1.682060E-06   2.088263E-06   1.534309E-06   1.540858E-06   1.000000E-06   1.864725E-06   1.171174E-06   3.962958E-06   3.738690E-06   8.132293E-06   5.433299E-06
   3.545875E-06   2.904863E-06   7.027897E-06   1.345007E-05   1.000000E-06   1.000000E-06   1.000000E-06   1.895096E-06   1.044361E-06   3.819369E-06   1.000000E-06   1.000000E-06   1.000000E-06   1.000000E-06   2.284186E-06   1.086603E-06   2.590482E-06   1.000000E-06   2.308180E-06   1.000000E-06
   1.022219E-06   8.348697E-06   2.258313E-06   3.745367E-06   3.452683E-06   1.000000E-06   2.446878E-06   6.018706E-06   2.329027E-06   1.000000E-06   1.742775E-06   1.000000E-06   1.232164E-06   1.000000E-06   1.927846E-06   1.152638E-06   2.435288E-06   2.602645E-06   1.301157E-06   1.768767E-06
   1.000000E-06   2.329690E-06   2.361725E-06   4.218126E-06   1.912463E-06   2.832151E-06   4.886916E-06   1.000000E-06   1.363042E-06   2.826023E-06   1.248097E-06   1.000000E-06   1.490094E-06   1.000000E-06   2.577144E-06   1.731931E-06   7.334865E-06   1.000000E-06   1.629676E-06   3.011040E-06
   2.929158E-06   1.000000E-06   2.955956E-06   3.124217E-06   2.928714E-06   1.832026E-06   2.323586E-06   3.033048E-06   1.000000E-06   1.524383E-06   5.403319E-06   1.269556E-06   1.000000E-06   1.000000E-06   1.000000E-06   1.000000E-06   1.230322E-06   2.671348E-06   2.719531E-06   2.488375E-06
   1.909703E-06   1.176166E-06   1.000000E-06   1.000000E-06   1.000000E-06   5.880122E-06   2.394385E-06   4.693591E-06   1.829644E-06   1.444474E-06   1.000000E-06   1.546853E-06   1.666623E-06   1.000000E-06   1.000000E-06   3.107042E-06   3.665474E-06   1.000000E-06   1.487981E-06   1.871879E-06
   1.285986E-06   1.270217E-06   2.628945E-06   1.000000E-06   1.957305E-06   1.106353E-06   1.279885E-05   9.705479E-06   1.968179E-06   2.392901E-06   2.785368E-06   1.000000E-06   1.000000E-06   5.221724E-06   1.542158E-06   1.246562E-06   1.000000E-06   1.000000E-06   1.105860E-06   1.536635E-06
   1.000000E-06   6.775832E-06   2.477264E-06   2.090856E-06   3.887958E-06   1.000000E-06   1.556232E-05   2.416906E-06   1.522284E-05   3.373036E-06   1.000000E-06   1.000000E-06   2.120925E-06   1.354102E-06   1.000000E-06   1.985702E-06   1.000000E-06   7.281231E-06   1.349902E-06   2.742199E-06
   4.791193E-06   1.083384E-06   2.139188E-06   3.920355E-06   6.136798E-06   6.481978E-06   3.163957E-06   1.109676E-06   6.700157E-06   1.952957E-06   2.211014E-06   3.876667E-06   3.898835E-06   1.563162E-06   1.203407E-06   6.720045E-06   1.501513E-06   1.000000E-06   2.721431E-06   1.061315E-06
   1.620401E-06   1.394125E-06   4.685664E-06   1.160852E-06   1.165167E-06   6.780661E-06   4.094935E-06   4.301907E-06   2.561218E-06   1.669085E-06   2.806149E-06   1.000000E-06   1.000000E-06   5.033061E-06   1.920525E-06   3.826787E-06   1.000000E-06   7.952032E-06   1.000000E-06   1.774598E-06
   1.028142E-05   1.818628E-06   4.050360E-06   2.180362E-06   1.073030E-06   3.010799E-06   1.505851E-06   1.000000E-06   1.655816E-06   5.386923E-06   6.134281E-06   1.017276E-06   1.969903E-06   6.157189E-06   1.103121E-06   1.885913E-06   1.315263E-06   1.000000E-06   1.845708E-06   1.000000E-06
   8.341469E-06   5.662945E-06   2.043509E-06   1.068661E-06   2.387933E-06   3.838947E-06   7.851629E-06   5.811996E-06   2.465568E-06   1.000000E-06   2.826941E-06   2.005196E-06   4.124433E-06   2.192698E-06   8.700871E-06   1.359471E-06   1.000000E-06   1.000000E-06   1.000000E-06   3.536931E-06
   1.000000E-06   3.839196E-06   3.208099E-06   8.232813E-06   1.644900E-06   1.000000E-06   1.608595E-05   7.462591E-06   4.248093E-06   1.564702E-06   4.582823E-06   1.000000E-06   7.015814E-06   1.379218E-06   1.016298E-06   1.677772E-06   2.406901E-06   1.103696E-06   1.000000E-06   1.000000E-06
   1.000000E-06   1.000000E-06   1.816534E-06   1.274324E-05   6.874408E-06   2.794126E-06   4.645070E-06   1.812914E-06   8.895751E-06   5.652513E-06   2.016939E-06   1.000000E-06   2.598126E-06   3.079032E-06   1.140230E-06   1.160208E-06   2.443514E-06   3.986737E-06   1.000000E-06   1.734082E-06
   1.000000E-06   1.000000E-06   1.000000E-06   1.905705E-06   1.616188E-06   2.995882E-06   4.029516E-06   9.707815E-06   3.761800E-06   2.080326E-06   9.436140E-06   1.637455E-06   2.759622E-06   2.736421E-06   1.000000E-06   1.148787E-06   8.235718E-06   1.487287E-06   1.000000E-06   2.340126E-06
   1.000000E-06   1.000000E-06   1.000000E-06   1.000000E-06   1.261313E-06   3.770913E-06   7.967211E-06   1.724993E-06   1.468812E-06   3.472097E-06   6.028466E-06   6.183076E-06   2.350170E-06   4.258971E-06   3.187152E-06   1.116408E-06   4.415421E-06   1.000000E-06   3.537013E-06   1.000000E-06
   1.000000E-06   1.000000E-06   1.000000E-06   1.000000E-06   3.602592E-06   3.072980E-06   8.419669E-06   4.198079E-06   5.606686E-06   1.426621E-05   3.058228E-06   2.065610E-06   2.880452E-06   1.184670E-06   3.157038E-06   8.729482E-06   8.009045E-06   2.456140E-06   1.000000E-06   1.000000E-06
   1.000000E-06   1.000000E-06   1.000000E-06   1.000000E-06   1.000000E-06   1.873939E-06   3.335361E-06   3.532349E-06   6.608567E-06   6.846691E-06   3.503805E-06   1.000000E-06   1.087439E-06   8.113307E-06   2.187066E-06   2.285446E-06   1.000000E-06   1.387035E-06   1.000000E-06   1.000000E-06
   1.000000E-06   1.000000E-06   1.000000E-06   1.000000E-06   1.000000E-06   1.186031E-06   3.946759E-06   8.249851E-06   1.000000E-06   1.000000E-06   1.246924E-06   1.947152E-06   2.198226E-06   1.074370E-06   1.313388E-06   2.292244E-06   3.506784E-06   1.000000E-06   1.000000E-06   1.000000E-06
   1.000000E-06   1.000000E-06   1.000000E-06   1.000000E-06   1.000000E-06   5.865010E-06   2.299386E-06   1.070813E-06   1.076791E-06   2.259909E-06   3.915266E-06   1.275493E-06   1.000000E-06   4.667730E-06   1.000000E-06   8.067739E-06   1.000000E-06   1.000000E-06   1.000000E-06   1.000000E-06
