   2.000000E-05   2.292771E-05   2.000000E-05   2.473661E-05   3.182828E-05   2.098568E-05   2.525114E-05   2.583060E-05   1.145977E-04   8.938429E-05   3.250009E-05   5.798895E-05   1.119783E-04   2.000000E-05   8.443777E-05   2.242889E-05   3.698600E-05   7.911227E-05   5.572598E-05   1.726837E-04
   2.419627E-05   2.396685E-05   2.000000E-05   2.000000E-05   2.000000E-05   3.034718E-05   2.000000E-05   3.531798E-05   2.000000E-05   7.802854E-05   2.439478E-05   2.000000E-05   9.580167E-05   2.000000E-05   2.000000E-05   1.059575E-04   2.000000E-05   5.473290E-05   2.961849E-05   4.073478E-05
   2.000000E-05   6.982582E-05   3.589646E-05   2.000000E-05   3.011553E-05   4.152483E-05   2.000000E-05   2.278615E-05   2.000000E-05   1.567747E-04   2.000000E-05   2.701921E-05   2.518997E-05   8.119171E-05   9.262727E-05   3.186588E-05   1.315841E-04   2.000000E-05   7.137866E-05   7.629055E-05
   5.418544E-05   3.012866E-05   2.000000E-05   2.000000E-05   2.000000E-05   3.129779E-05   2.000000E-05   4.569914E-05   2.555507E-05   2.000000E-05   8.558320E-05   2.000000E-05   2.000000E-05   2.000000E-05   8.091318E-05   2.319147E-05   8.715331E-05   3.839617E-05   1.149257E-04   2.000000E-05
   2.124690E-05   2.000000E-05   2.000000E-05   2.000000E-05   2.000000E-05   7.992460E-05   3.010587E-05   3.236610E-05   2.000000E-05   2.888195E-05   7.395329E-05   5.238620E-05   2.000000E-05   7.027268E-05   6.369823E-05   1.029907E-04   2.035774E-05   2.000000E-05   2.000000E-05   1.598092E-04
   2.000000E-05   2.000000E-05   2.000000E-05   2.000000E-05   3.119389E-05   4.161357E-05   2.530069E-05   3.157245E-05   2.264330E-05   6.265131E-05   2.000000E-05   2.000000E-05   3.194308E-05   2.463742E-05   2.000000E-05   2.000000E-05   2.000000E-05   2.000000E-05   2.757582E-05   3.897558E-05
   2.000000E-05   2.000000E-05   2.000000E-05   2.000000E-05   2.000000E-05   2.000000E-05   3.506226E-05   2.000000E-05   2.000000E-05   1.354424E-04   2.964870E-05   2.000000E-05   2.218641E-05   6.852611E-05   2.000000E-05   2.000000E-05   5.491224E-05   6.355651E-05   2.000000E-05   2.000000E-05
   2.000000E-05   2.000000E-05   2.000000E-05   2.004908E-05   2.000000E-05   2.000000E-05   2.171436E-05   2.919903E-05   1.120577E-04   3.969172E-05   2.000000E-05   9.253343E-05   2.197593E-05   2.000000E-05   2.000000E-05   3.153507E-05   3.674922E-05   4.146730E-05   6.678266E-05   2.000000E-05
   3.392318E-05   3.754393E-05   2.915082E-05   2.000000E-05   2.336357E-05   2.336357E-05   2.336357E-05   2.516793E-05   5.287419E-05   4.522015E-05   4.600388E-05   2.000000E-05   4.714990E-05   2.000000E-05   3.677394E-05   2.636481E-05   2.976269E-05   5.181113E-05   2.048087E-05   1.555324E-04
   1.092372E-04   2.000000E-05   2.000000E-05   6.093449E-05   2.336357E-05   2.336357E-05   2.336357E-05   2.336357E-05   5.429476E-05   1.277223E-04   8.655503E-05   1.436194E-04   4.546806E-05   1.081453E-04   1.472620E-04   2.000000E-05   3.741209E-05   2.000000E-05   3.098403E-05   1.314375E-04
   2.246667E-05   6.921291E-05   4.411350E-05   2.000000E-05   2.336357E-05   2.336357E-05   2.336357E-05   2.336357E-05   2.000000E-05   1.016247E-04   6.536168E-05   2.758617E-05   1.765285E-04   2.000000E-05   3.523382E-05   1.183037E-04   2.567835E-05   1.211146E-04   2.466508E-05   1.569047E-04
   3.243329E-05   1.321348E-04   5.600369E-05   5.946937E-05   2.336357E-05   2.336357E-05   2.336357E-05   2.336357E-05   5.002283E-05   3.054808E-05   2.000000E-05   3.812527E-05   2.000000E-05   4.320793E-05   7.257051E-05   1.274769E-04   4.736801E-05   2.000000E-05   1.012439E-04   2.511996E-05
   3.489607E-05   4.457509E-05   4.164621E-05   2.000000E-05   2.336357E-05   2.336357E-05   2.336357E-05   2.336357E-05   2.000000E-04   3.328557E-05   9.852790E-05   2.000000E-04   6.263975E-05   4.007621E-05   2.000000E-04   2.000000E-05   3.130090E-05   2.000000E-05   3.541719E-05   1.650348E-04
   1.017712E-04   1.981736E-04   2.000000E-04   2.588831E-05   2.336357E-05   2.336357E-05   2.336357E-05   2.336357E-05   4.577839E-05   9.745554E-05   4.738498E-05   7.304364E-05   6.896373E-05   4.513784E-05   3.455713E-05   4.957680E-05   3.956605E-05   1.409952E-04   2.000000E-05   8.753726E-05
   4.361511E-05   3.663073E-05   6.459745E-05   3.752749E-05   2.336357E-05   2.336357E-05   2.336357E-05   2.336357E-05   2.000000E-05   1.726901E-04   2.378219E-05   2.515151E-05   2.000000E-05   2.000000E-05   6.184043E-05   2.000000E-05   2.775280E-05   2.000000E-05   1.174493E-04   2.000000E-05
   3.256326E-05   9.414560E-05   2.801799E-05   8.731042E-05   2.336357E-05   2.336357E-05   2.336357E-05   2.336357E-05   1.552667E-04   1.164875E-04   2.000000E-05   2.060519E-05   4.049547E-05   2.000000E-05   2.000000E-05   2.000000E-05   1.245346E-04   3.176113E-05   6.596427E-05   5.230330E-05
   7.276453E-05   2.000000E-05   3.299920E-05   3.333486E-05   2.336357E-05   2.336357E-05   2.336357E-05   2.336357E-05   4.284099E-05   2.324357E-05   3.820982E-05   2.000000E-05   2.448116E-05   2.000000E-05   4.359057E-05   5.425092E-05   2.480066E-05   2.851968E-05   2.776543E-05   2.000000E-05
   5.934129E-05   2.000000E-04   2.053714E-05   8.607932E-05   2.336357E-05   2.336357E-05   2.336357E-05   2.336357E-05   2.000000E-05   2.028735E-05   2.000000E-05   2.028555E-05   2.000000E-05   2.000000E-05   4.117701E-05   2.000000E-05   2.000000E-05   2.000000E-05   8.425454E-05   9.222623E-05
   2.470559E-05   2.000000E-05   8.119709E-05   4.660289E-05   2.336357E-05   2.336357E-05   2.336357E-05   2.336357E-05   2.000000E-05   3.840079E-05   2.000000E-05   2.000000E-05   3.825801E-05   3.351965E-05   2.000000E-05   2.230182E-05   3.119925E-05   2.167505E-05   2.000000E-05   2.000000E-05
   9.379215E-05   2.889430E-05   2.000000E-05   2.533656E-05   2.336357E-05   2.336357E-05   2.336357E-05   2.336357E-05   2.376012E-05   2.000000E-05   4.085079E-05   2.000000E-05   2.000000E-05   3.718839E-05   2.404905E-05   2.000000E-05   6.500413E-05   9.162527E-05   5.175935E-05   2.000000E-05
   7.610084E-05   6.982692E-05   4.088872E-05   2.867833E-05   2.336357E-05   2.336357E-05   2.336357E-05   2.336357E-05   6.676495E-05   2.000000E-05   4.512224E-05   4.621736E-05   3.363311E-05   2.000000E-05   4.294678E-05   5.925456E-05   4.130599E-05   8.433255E-05   2.000000E-05   2.000000E-05
   1.367662E-04   9.139371E-05   3.718737E-05   4.149631E-05   2.336357E-05   2.336357E-05   9.480384E-05   2.000000E-05   8.914448E-05   1.323437E-04   9.657258E-05   2.238770E-05   2.379415E-05   2.542128E-05   2.776730E-05   2.673878E-05   2.216005E-05   5.529600E-05   1.045973E-04   2.000000E-05
   4.815619E-05   7.867756E-05   6.731787E-05   2.412406E-05   4.186264E-05   2.336357E-05   5.019542E-05   3.545199E-05   7.953992E-05   2.000000E-04   8.346050E-05   2.000000E-05   2.000000E-05   3.082375E-05   2.000000E-05   3.278027E-05   2.000000E-05   2.092093E-05   2.000000E-05   2.000000E-05
   4.555529E-05   1.207452E-04   5.298996E-05   9.670745E-05   5.548504E-05   2.000000E-05   3.030487E-05   2.532187E-05   2.000000E-05   2.138536E-05   2.682398E-05   4.625757E-05   3.703502E-05   5.904098E-05   3.656143E-05   3.331634E-05   2.000000E-05   2.622767E-05   2.509794E-05   8.770391E-05
   2.000000E-04   1.794714E-04   3.026681E-05   2.000000E-05   2.000000E-05   2.733022E-05   2.097674E-05   2.070769E-05   2.000000E-05   3.913101E-05   2.000000E-05   2.000000E-05   2.475606E-05   3.771005E-05   6.432619E-05   2.000000E-05   2.000000E-05   2.000000E-05   3.307377E-05   3.377222E-05
   3.982770E-05   5.854665E-05   8.060466E-05   1.194872E-04   4.083636E-05   2.435032E-05   2.000000E-05   2.000000E-05   3.252629E-05   2.000000E-05   2.000000E-05   2.000000E-05   2.000000E-05   1.094186E-04   3.408679E-05   3.569830E-05   2.248104E-05   4.028723E-05   5.470682E-05   2.730711E-05
   1.439566E-04   4.119052E-05   9.501717E-05   2.236034E-05   2.940656E-05   6.321464E-05   8.900775E-05   2.370134E-05   2.000000E-05   2.000000E-05   2.000000E-05   2.000000E-05   2.000000E-05   5.004798E-05   2.000000E-05   3.804315E-05   2.616907E-05   4.532639E-05   3.498199E-05   3.424804E-05
   2.000000E-05   2.618288E-05   4.685873E-05   7.160112E-05   7.417757E-05   1.217635E-04   2.000000E-05   2.327952E-05   2.080282E-05   2.000000E-05   2.000000E-05   2.000000E-05   2.000000E-05   3.038337E-05   2.000000E-05   3.906029E-05   2.000000E-05   1.223857E-04   1.194457E-04   3.646887E-05
   4.012954E-05   2.000000E-05   2.559873E-05   2.614010E-05   1.005403E-04   5.483170E-05   3.624796E-05   2.576225E-05   2.000000E-05   2.091036E-05   2.000000E-05   2.000000E-05   2.000000E-05   8.913309E-05   2.000000E-05   2.091133E-05   3.385078E-05   5.625077E-05   5.503506E-05   2.000000E-05
   2.000000E-05   2.000000E-05   6.436690E-05   2.747877E-05   2.000000E-05   2.923159E-05   2.607124E-05   6.736281E-05   6.422461E-05   2.000000E-05   2.000000E-05   2.792719E-05   3.178822E-05   2.000000E-05   2.000000E-05   2.473227E-05   4.813186E-05   2.282975E-05   8.272218E-05   2.000000E-05
   2.000000E-05   2.000000E-05   4.395532E-05   2.015590E-05   2.000000E-05   4.744980E-05   3.780415E-05   6.435906E-05   2.000000E-05   2.000000E-05   2.000000E-05   2.000000E-05   2.007450E-05   2.000000E-05   1.540962E-04   2.000000E-05   2.226583E-05   2.000000E-05   2.306151E-05   2.000000E-05
   3.485394E-05   5.146341E-05   2.000000E-05   2.000000E-05   5.651746E-05   3.044178E-05   4.214148E-05   6.007089E-05   2.000000E-05   2.000000E-05   2.000000E-05   2.000000E-05   2.000000E-05   2.186627E-05   6.727332E-05   2.000000E-05   2.000000E-05   2.000000E-05   2.000000E-05   2.000000E-05
   2.336357E-05   2.000000E-05   2.000000E-05   3.146792E-05   2.000000E-05   8.585467E-05   2.000000E-05   2.000000E-05   4.161867E-05   3.064615E-05   2.000000E-05   2.269523E-05   5.331230E-05   2.000000E-05   2.000000E-05   2.000000E-05   2.000000E-05   4.024542E-05   5.472774E-05   6.724479E-05
   2.336357E-05   2.336357E-05   2.000000E-05   3.115108E-05   2.000000E-05   2.000000E-05   8.386480E-05   2.000000E-05   2.237823E-05   2.000000E-05   2.000000E-05   3.358233E-05   2.000000E-05   2.000000E-05   2.000000E-05   2.000000E-05   2.000000E-05   2.845868E-05   2.000000E-05   5.540200E-05
   2.336357E-05   2.336357E-05   2.336357E-05   2.000000E-05   2.982946E-05   2.000000E-05   2.000000E-05   2.000000E-05   4.041749E-05   4.035076E-05   2.000000E-05   2.000000E-05   2.000000E-05   2.000000E-05   2.000000E-05   2.000000E-05   2.771306E-05   2.000000E-05   2.000000E-05   3.288500E-05
   2.336357E-05   2.336357E-05   2.336357E-05   2.336357E-05   2.000000E-05   2.000000E-05   6.236450E-05   2.000000E-05   2.130424E-05   2.000000E-05   2.840736E-05   2.000000E-05   2.000000E-05   2.000000E-05   2.000000E-05   2.000000E-05   2.000000E-05   2.895631E-05   4.435185E-05   2.336357E-05
   2.336357E-05   2.336357E-05   2.336357E-05   2.336357E-05   3.358519E-05   2.000000E-05   2.000000E-05   2.000000E-05   2.000000E-05   4.557588E-05   2.835670E-05   2.000000E-05   2.000000E-05   2.000000E-05   2.585844E-05   2.000000E-05   2.000000E-05   2.000000E-05   2.000000E-05   2.336357E-05
   2.336357E-05   2.336357E-05   2.336357E-05   2.336357E-05   2.336357E-05   2.000000E-05   2.000000E-05   2.000000E-05   2.000000E-05   2.000000E-05   2.000000E-05   2.000000E-05   2.000000E-05   2.334458E-05   2.000000E-05   3.008955E-05   3.380859E-05   2.000000E-05   2.336357E-05   2.336357E-05
   2.336357E-05   2.336357E-05   2.336357E-05   2.336357E-05   2.336357E-05   2.450528E-05   2.000000E-05   2.000000E-05   2.872225E-05   2.000000E-05   2.000000E-05   2.000000E-05   2.000000E-05   2.070795E-05   2.153278E-05   2.000000E-05   2.000000E-05   2.336357E-05   2.336357E-05   2.336357E-05
   2.336357E-05   2.336357E-05   2.336357E-05   2.336357E-05   2.336357E-05   2.034210E-05   2.000000E-05   2.000000E-05   2.000000E-05   2.000000E-05   6.619448E-05   4.196284E-05   2.065785E-05   3.186227E-05   2.000000E-05   2.000000E-05   2.336357E-05   2.336357E-05   2.336357E-05   2.336357E-05
