   3.991404E-05   9.419339E-05   1.456083E-04   5.525407E-05   2.322833E-05   2.688408E-05   4.541305E-05   4.166840E-05   3.222362E-05   2.000000E-04   8.837360E-05   1.786046E-04   2.000000E-04   2.000000E-04   2.000000E-04   9.157686E-05   2.000000E-04   9.947302E-05   9.631838E-05   4.270506E-05
   5.009444E-05   6.104448E-05   1.128286E-04   2.000000E-04   2.765642E-05   6.543853E-05   5.908448E-05   1.030988E-04   1.627482E-04   9.608710E-05   2.000000E-04   1.623193E-04   2.000000E-04   1.010220E-04   6.839943E-05   4.773103E-05   1.170600E-04   1.631463E-04   5.634126E-05   2.000000E-04
   6.940571E-05   8.715455E-05   2.000000E-05   2.000000E-04   3.254435E-05   3.500846E-05   2.000000E-05   2.000000E-05   7.016683E-05   1.451666E-04   1.260169E-04   2.000000E-04   1.909918E-04   1.478086E-04   1.365297E-04   2.000000E-04   1.024204E-04   3.581854E-05   3.670364E-05   7.627121E-05
   2.000000E-04   2.000000E-04   3.704430E-05   6.423270E-05   1.634776E-04   2.000000E-05   4.641263E-05   2.639823E-05   4.410284E-05   2.000000E-04   1.108095E-04   2.000000E-04   5.366047E-05   1.075584E-04   3.969328E-05   1.664348E-04   1.194924E-04   8.187890E-05   9.531854E-05   4.384643E-05
   2.000000E-04   1.996705E-04   4.707783E-05   8.081616E-05   2.000000E-04   2.485650E-05   8.799907E-05   1.243367E-04   1.540809E-04   2.000000E-04   2.000000E-04   2.000000E-04   1.506234E-04   3.659737E-05   1.136039E-04   1.045614E-04   1.083946E-04   2.000000E-04   2.000000E-04   8.007924E-05
   3.444827E-05   2.759295E-05   4.482809E-05   1.587649E-04   1.732692E-04   2.000000E-04   2.000000E-04   7.236474E-05   8.737526E-05   3.884443E-05   2.000000E-04   1.774943E-04   1.643997E-04   1.553013E-04   3.193704E-05   2.000000E-05   1.856046E-04   9.127149E-05   1.123301E-04   6.371444E-05
   1.825104E-04   1.478477E-04   1.069634E-04   4.430773E-05   6.974341E-05   4.976158E-05   6.839781E-05   9.610838E-05   2.000000E-04   2.000000E-04   2.000000E-04   1.310820E-04   1.621372E-04   2.000000E-04   1.202271E-04   5.575887E-05   4.103412E-05   1.418937E-04   2.000000E-04   1.381413E-04
   2.000000E-04   1.336990E-04   1.825536E-04   1.315260E-04   9.104316E-05   2.000000E-04   1.016106E-04   1.817866E-04   1.731303E-04   2.000000E-04   2.000000E-04   2.000000E-04   3.618191E-05   8.807278E-05   2.000000E-04   6.381725E-05   6.658759E-05   9.573835E-05   2.000000E-04   2.000000E-04
   1.091741E-04   1.261848E-04   9.564101E-05   1.172185E-04   6.560599E-05   6.560599E-05   6.560599E-05   2.000000E-04   1.998646E-04   8.818515E-05   2.000000E-04   1.443509E-04   1.182320E-04   7.094697E-05   3.446773E-05   3.908969E-05   8.395312E-05   6.449600E-05   1.251689E-04   4.438595E-05
   1.423490E-04   1.968544E-04   4.653829E-05   2.000000E-04   6.560599E-05   6.560599E-05   6.560599E-05   6.560599E-05   1.721391E-04   2.000000E-04   7.847482E-05   1.829705E-04   1.258209E-04   1.472842E-04   2.000000E-04   5.580493E-05   2.961319E-05   7.059224E-05   2.000000E-04   2.000000E-04
   1.187250E-04   5.110550E-05   1.918406E-04   2.000000E-04   6.560599E-05   6.560599E-05   6.560599E-05   6.560599E-05   9.573601E-05   2.000000E-04   2.000000E-04   2.992741E-05   2.342534E-05   2.000000E-04   4.627862E-05   3.763323E-05   8.929380E-05   1.025252E-04   6.066605E-05   6.436847E-05
   9.318519E-05   1.166005E-04   2.000000E-04   2.000000E-04   6.560599E-05   6.560599E-05   6.560599E-05   6.560599E-05   1.479397E-04   2.000000E-04   2.000000E-04   1.398981E-04   1.115920E-04   8.891227E-05   1.051321E-04   6.705637E-05   5.768822E-05   2.000000E-04   7.007808E-05   1.868776E-04
   2.000000E-04   6.353598E-05   2.000000E-04   2.000000E-04   6.560599E-05   6.560599E-05   6.560599E-05   6.560599E-05   1.484413E-04   5.539464E-05   1.813331E-04   5.916127E-05   8.230886E-05   1.425044E-04   2.000000E-04   8.047862E-05   8.354277E-05   1.157087E-04   6.323630E-05   9.781039E-05
   7.494786E-05   6.297243E-05   8.549077E-05   2.977803E-05   6.560599E-05   6.560599E-05   6.560599E-05   6.560599E-05   2.000000E-04   2.000000E-04   2.000000E-04   1.643518E-04   1.726792E-04   1.208622E-04   2.000000E-04   9.519057E-05   8.244240E-05   2.000000E-04   1.056309E-04   3.042025E-05
   2.000000E-04   7.079955E-05   2.000000E-04   2.000000E-04   6.560599E-05   6.560599E-05   6.560599E-05   6.560599E-05   1.053554E-04   2.000000E-04   2.000000E-04   2.000000E-04   2.000000E-04   3.810786E-05   2.000000E-04   7.958356E-05   6.789085E-05   2.000000E-04   2.000000E-04   1.644719E-04
   1.346682E-04   2.092915E-05   8.599659E-05   2.000000E-04   6.560599E-05   6.560599E-05   6.560599E-05   6.560599E-05   5.222846E-05   2.000000E-04   1.464480E-04   1.232580E-04   2.000000E-04   2.000000E-04   5.049707E-05   2.998473E-05   2.103841E-05   1.441835E-04   9.113884E-05   1.474121E-04
   1.409366E-04   6.742089E-05   2.000000E-04   5.641446E-05   6.560599E-05   6.560599E-05   6.560599E-05   6.560599E-05   3.849939E-05   2.000000E-04   2.740381E-05   1.440287E-04   5.912161E-05   5.316540E-05   4.198727E-05   2.050047E-05   1.694169E-04   6.637943E-05   3.700183E-05   2.000000E-04
   4.423380E-05   2.000000E-04   7.157342E-05   2.000000E-04   6.560599E-05   6.560599E-05   6.560599E-05   6.560599E-05   2.136121E-05   5.930499E-05   1.971352E-04   3.695430E-05   1.005114E-04   9.907327E-05   5.372993E-05   5.444995E-05   5.077864E-05   4.205232E-05   3.901220E-05   5.783002E-05
   4.583851E-05   7.632717E-05   5.751003E-05   6.004676E-05   6.560599E-05   6.560599E-05   6.560599E-05   6.560599E-05   1.751139E-04   5.523970E-05   1.040254E-04   6.294107E-05   2.000000E-04   3.900950E-05   1.140911E-04   8.308069E-05   1.395493E-04   1.757800E-04   5.817163E-05   2.000000E-04
   2.000000E-04   7.654675E-05   2.000000E-04   5.286335E-05   6.560599E-05   6.560599E-05   6.560599E-05   6.560599E-05   2.000000E-04   5.026327E-05   5.069933E-05   1.880946E-04   4.735038E-05   4.357789E-05   5.475925E-05   2.000000E-05   4.399838E-05   7.259126E-05   1.428435E-04   2.273984E-05
   4.351526E-05   1.147752E-04   3.979606E-05   3.074230E-05   6.560599E-05   6.560599E-05   6.560599E-05   6.560599E-05   3.109555E-05   1.014889E-04   2.000000E-04   4.400500E-05   1.344919E-04   2.579803E-05   5.224668E-05   5.027582E-05   2.078714E-05   4.811867E-05   7.496594E-05   8.283264E-05
   2.649213E-05   2.000000E-04   5.873469E-05   9.190704E-05   6.560599E-05   6.560599E-05   1.028192E-04   3.018049E-05   9.130335E-05   1.332717E-04   3.215657E-05   2.000000E-05   7.616136E-05   4.458782E-05   1.265973E-04   8.883056E-05   3.177764E-05   5.659251E-05   7.369231E-05   5.760884E-05
   8.929162E-05   1.144616E-04   2.000000E-04   1.262630E-04   4.506843E-05   6.560599E-05   2.000000E-04   2.760909E-05   9.203109E-05   4.562721E-05   6.339895E-05   3.195221E-05   1.763817E-04   9.798372E-05   2.000000E-04   1.154468E-04   3.129010E-05   8.343102E-05   9.838354E-05   1.006420E-04
   1.318960E-04   2.000000E-04   6.990606E-05   2.047916E-05   3.239401E-05   1.565110E-04   2.000000E-05   6.874748E-05   4.195424E-05   2.000000E-05   2.029499E-05   4.508942E-05   2.000000E-05   7.630373E-05   2.000000E-05   1.227235E-04   8.255586E-05   1.478071E-04   1.108048E-04   2.000000E-04
   6.789414E-05   3.085954E-05   4.430869E-05   6.814432E-05   6.631946E-05   8.955676E-05   5.263395E-05   9.261585E-05   2.000000E-05   2.000000E-05   2.000000E-05   3.422407E-05   2.850824E-05   6.123605E-05   2.164515E-05   4.385376E-05   8.480633E-05   6.927920E-05   4.176704E-05   7.393979E-05
   7.750537E-05   9.579881E-05   2.000000E-05   4.494085E-05   1.114760E-04   2.000000E-05   5.012626E-05   2.000000E-05   1.164600E-04   1.131589E-04   3.179180E-05   2.263982E-05   6.724034E-05   8.396044E-05   2.000000E-05   5.569462E-05   1.222924E-04   5.117718E-05   9.676336E-05   2.013076E-05
   5.513378E-05   2.000000E-05   2.069229E-05   2.000000E-05   6.785642E-05   2.000000E-04   5.167899E-05   2.082829E-05   1.119368E-04   5.795368E-05   4.873771E-05   3.024592E-05   3.175675E-05   3.433175E-05   2.000000E-05   1.025317E-04   1.783940E-04   2.000000E-05   8.466536E-05   8.057639E-05
   6.709658E-05   1.828898E-04   4.559443E-05   7.858998E-05   6.310635E-05   2.000000E-05   4.947583E-05   1.234942E-04   7.869536E-05   5.014881E-05   9.783454E-05   3.024853E-05   9.100016E-05   7.948125E-05   2.355501E-05   3.463711E-05   3.137476E-05   9.497643E-05   2.000000E-05   8.420381E-05
   1.029858E-04   2.000000E-04   4.617861E-05   2.089463E-05   9.734524E-05   2.000000E-04   6.296821E-05   4.265383E-05   1.050208E-04   9.768440E-05   5.176178E-05   5.014668E-05   2.000000E-05   2.597227E-05   6.986664E-05   4.115792E-05   2.000000E-05   4.734173E-05   3.249774E-05   2.000000E-04
   6.167359E-05   9.313087E-05   3.913209E-05   1.528042E-04   7.425888E-05   4.875840E-05   4.321038E-05   4.432105E-05   1.328691E-04   2.000000E-04   2.000000E-04   2.000000E-04   3.326670E-05   2.706143E-05   8.900314E-05   8.397972E-05   5.943670E-05   7.738590E-05   1.656483E-04   3.494355E-05
   2.000000E-04   1.755566E-04   1.755667E-04   9.203857E-05   4.925951E-05   1.276868E-04   2.964747E-05   2.000000E-05   1.760928E-04   1.672964E-04   2.000000E-04   7.729643E-05   9.446974E-05   1.600787E-04   1.306254E-04   1.027213E-04   1.145965E-04   6.877132E-05   9.080494E-05   6.474771E-05
   9.608930E-05   1.925615E-04   6.271035E-05   2.000000E-04   1.423212E-04   8.050267E-05   2.807854E-05   1.219849E-04   2.000000E-04   2.000000E-04   2.000000E-04   1.221845E-04   5.734157E-05   1.062397E-04   1.424616E-04   5.524258E-05   8.019698E-05   2.718760E-05   1.064976E-04   5.852505E-05
   6.560599E-05   2.316015E-05   7.297426E-05   2.000000E-04   2.000000E-04   2.663854E-05   2.926534E-05   9.009666E-05   4.505116E-05   2.000000E-04   1.026253E-04   1.326832E-04   6.740805E-05   4.365509E-05   1.939315E-04   3.148588E-05   4.556058E-05   1.013272E-04   1.273674E-04   4.421477E-05
   6.560599E-05   6.560599E-05   2.000000E-04   2.000000E-04   2.000000E-05   9.908006E-05   2.000000E-04   3.571295E-05   1.811927E-04   5.059934E-05   3.416225E-05   1.781864E-04   8.821122E-05   8.871429E-05   9.253013E-05   3.415893E-05   7.130267E-05   1.043811E-04   1.499925E-04   2.000000E-04
   6.560599E-05   6.560599E-05   6.560599E-05   1.195739E-04   1.914082E-04   7.497098E-05   4.244179E-05   5.055037E-05   1.707482E-04   1.374084E-04   7.129593E-05   1.164915E-04   2.350888E-05   5.917659E-05   8.691374E-05   1.575235E-04   2.855674E-05   3.141676E-05   4.163637E-05   1.162177E-04
   6.560599E-05   6.560599E-05   6.560599E-05   6.560599E-05   3.631442E-05   1.056558E-04   3.812646E-05   1.054235E-04   1.282007E-04   1.262194E-04   8.842423E-05   5.636860E-05   1.519369E-04   2.000000E-04   7.954864E-05   2.785823E-05   3.368107E-05   6.155000E-05   1.186844E-04   6.560599E-05
   6.560599E-05   6.560599E-05   6.560599E-05   6.560599E-05   4.751933E-05   4.775388E-05   2.888262E-05   6.984782E-05   1.610596E-04   1.250967E-04   1.203767E-04   7.886370E-05   6.373351E-05   9.262981E-05   9.604539E-05   4.567395E-05   8.665320E-05   2.516294E-05   1.924920E-04   6.560599E-05
   6.560599E-05   6.560599E-05   6.560599E-05   6.560599E-05   6.560599E-05   2.000000E-05   3.639446E-05   1.519208E-04   1.484703E-04   1.427512E-04   1.181966E-04   1.980418E-04   8.130202E-05   1.238541E-04   3.961758E-05   4.184838E-05   4.887496E-05   5.109796E-05   6.560599E-05   6.560599E-05
   6.560599E-05   6.560599E-05   6.560599E-05   6.560599E-05   6.560599E-05   4.137795E-05   4.536805E-05   2.000000E-04   1.965564E-04   2.000000E-04   4.235471E-05   1.894124E-04   8.207892E-05   2.000000E-04   7.383733E-05   2.000000E-04   1.188642E-04   6.560599E-05   6.560599E-05   6.560599E-05
   6.560599E-05   6.560599E-05   6.560599E-05   6.560599E-05   6.560599E-05   1.257378E-04   7.957032E-05   8.794551E-05   1.463792E-04   7.123324E-05   1.716805E-04   3.659589E-05   7.147652E-05   4.373271E-05   3.802089E-05   3.088822E-05   6.560599E-05   6.560599E-05   6.560599E-05   6.560599E-05
