   2.000000E-05   1.603328E-04   2.000000E-05   3.362779E-05   4.436381E-05   8.795620E-05   2.543620E-05   2.000000E-04   2.143316E-05   2.000000E-04   1.104804E-04   1.020570E-04   9.326388E-05   3.078535E-05   2.000000E-05   3.605137E-05   9.900056E-05   7.254514E-05   2.012472E-05   8.574451E-05
   5.843901E-05   4.377243E-05   3.496633E-05   6.201929E-05   2.000000E-04   5.982319E-05   2.000000E-04   8.681415E-05   2.000000E-04   5.768620E-05   2.000000E-04   1.822784E-04   2.995762E-05   6.890588E-05   4.468948E-05   2.024482E-05   2.000000E-04   2.633971E-05   6.732145E-05   1.574910E-04
   3.334673E-05   1.256427E-04   2.702870E-05   1.114966E-04   2.470468E-05   8.235442E-05   2.000000E-04   2.000000E-04   8.016981E-05   2.395525E-05   9.373875E-05   2.000000E-05   2.000000E-05   2.000000E-05   2.193398E-05   2.000000E-05   3.476995E-05   7.874291E-05   2.000000E-05   4.036689E-05
   3.732795E-05   3.936141E-05   1.230092E-04   7.845589E-05   1.116667E-04   7.297758E-05   1.456454E-04   1.018926E-04   6.437177E-05   9.798653E-05   3.434307E-05   9.961276E-05   2.000000E-05   1.172814E-04   2.000000E-05   1.215574E-04   3.791215E-05   7.676216E-05   2.070102E-05   4.797717E-05
   6.132724E-05   5.323828E-05   2.000000E-05   1.242937E-04   2.000000E-05   2.000000E-05   2.000000E-05   4.981108E-05   2.000000E-05   2.000000E-05   5.392740E-05   2.000000E-05   1.543198E-04   3.960128E-05   3.556413E-05   4.497512E-05   2.575171E-05   4.602352E-05   2.000000E-05   1.453078E-04
   2.000000E-05   3.423408E-05   7.992358E-05   6.370168E-05   3.861259E-05   3.963276E-05   3.255016E-05   2.000000E-05   7.876317E-05   9.355074E-05   3.138859E-05   2.000000E-05   1.362345E-04   3.832702E-05   2.000000E-05   5.979291E-05   4.436476E-05   3.647816E-05   4.233088E-05   3.091935E-05
   1.776197E-04   2.000000E-04   1.038458E-04   2.461711E-05   2.642806E-05   2.460401E-05   2.000000E-05   2.000000E-05   1.140445E-04   3.000015E-05   3.196236E-05   2.000000E-05   5.633654E-05   2.000000E-05   2.027476E-05   2.635791E-05   8.189816E-05   9.227291E-05   6.855077E-05   7.081949E-05
   1.700880E-04   3.063246E-05   3.490945E-05   6.568060E-05   3.568156E-05   2.000000E-05   4.065160E-05   2.551734E-05   2.000000E-05   2.000000E-05   2.000000E-05   2.000000E-05   3.031897E-05   6.482239E-05   6.129975E-05   9.507787E-05   2.957798E-05   4.645160E-05   2.196339E-05   7.078392E-05
   1.991132E-04   9.725415E-05   9.372991E-05   2.000000E-04   5.521591E-05   5.521591E-05   5.521591E-05   4.416859E-05   6.177687E-05   5.003682E-05   3.586110E-05   2.280750E-05   3.613274E-05   4.710353E-05   4.815997E-05   5.798797E-05   1.579274E-04   4.031442E-05   3.085337E-05   2.857349E-05
   8.112789E-05   1.355679E-04   2.552806E-05   1.239546E-04   5.521591E-05   5.521591E-05   5.521591E-05   5.521591E-05   9.103456E-05   4.478565E-05   2.406916E-05   2.979522E-05   2.029055E-05   1.832594E-04   1.764586E-04   1.003385E-04   1.041555E-04   8.155499E-05   7.134171E-05   4.967799E-05
   3.696501E-05   9.416398E-05   1.658789E-04   9.562647E-05   5.521591E-05   5.521591E-05   5.521591E-05   5.521591E-05   6.138546E-05   2.000000E-05   4.047991E-05   2.697784E-05   2.098913E-05   2.776175E-05   1.281813E-04   7.470780E-05   5.450729E-05   2.000000E-05   2.736359E-05   6.369602E-05
   2.000000E-04   2.965806E-05   4.420941E-05   2.633545E-05   5.521591E-05   5.521591E-05   5.521591E-05   5.521591E-05   4.842810E-05   6.102103E-05   3.307920E-05   1.022517E-04   5.102119E-05   1.199129E-04   3.729750E-05   5.280601E-05   6.093532E-05   1.505607E-04   1.415159E-04   9.134466E-05
   4.954595E-05   2.185741E-05   1.580078E-04   4.396702E-05   5.521591E-05   5.521591E-05   5.521591E-05   5.521591E-05   2.664476E-05   2.000000E-05   3.500025E-05   9.708182E-05   3.400962E-05   1.186120E-04   9.975048E-05   1.036055E-04   6.176222E-05   5.914718E-05   1.225777E-04   1.434304E-04
   9.582627E-05   1.041145E-04   7.969758E-05   3.327302E-05   5.521591E-05   5.521591E-05   5.521591E-05   5.521591E-05   2.000000E-05   5.778037E-05   2.000000E-04   6.574729E-05   4.843780E-05   7.269907E-05   3.087963E-05   2.162351E-05   4.718982E-05   3.912257E-05   9.269154E-05   8.889471E-05
   5.842182E-05   2.813997E-05   2.519701E-05   6.948561E-05   5.521591E-05   5.521591E-05   5.521591E-05   5.521591E-05   4.868417E-05   3.329532E-05   1.789667E-04   3.217214E-05   5.461323E-05   3.107119E-05   2.466164E-05   3.744361E-05   1.269525E-04   6.842951E-05   2.000000E-04   2.604221E-05
   4.377750E-05   4.704192E-05   1.145783E-04   1.415172E-04   5.521591E-05   5.521591E-05   5.521591E-05   5.521591E-05   3.841866E-05   4.055175E-05   6.638434E-05   3.761064E-05   8.724982E-05   6.231484E-05   6.003569E-05   6.668341E-05   5.019695E-05   1.637101E-04   7.898291E-05   2.000000E-05
   4.874959E-05   3.290341E-05   3.666484E-05   1.062569E-04   5.521591E-05   5.521591E-05   5.521591E-05   5.521591E-05   3.323202E-05   1.011849E-04   9.966574E-05   2.000000E-05   2.629807E-05   1.557763E-04   4.928440E-05   6.484961E-05   6.683243E-05   6.241705E-05   1.109480E-04   3.282821E-05
   9.847905E-05   2.000000E-05   1.354976E-04   2.000000E-05   5.521591E-05   5.521591E-05   5.521591E-05   5.521591E-05   2.000000E-05   2.000000E-05   2.107659E-05   3.362899E-05   7.542800E-05   4.569017E-05   2.624334E-05   2.000000E-04   2.000000E-05   8.026369E-05   1.141250E-04   6.783771E-05
   2.000000E-04   9.178190E-05   9.837026E-05   3.518416E-05   5.521591E-05   5.521591E-05   5.521591E-05   5.521591E-05   2.000000E-05   2.000000E-05   2.000000E-05   2.666159E-05   6.878771E-05   2.342703E-05   1.151179E-04   4.414920E-05   9.502554E-05   1.773080E-04   2.000000E-05   8.514473E-05
   8.938956E-05   1.149822E-04   2.011024E-05   2.000000E-05   5.521591E-05   5.521591E-05   5.521591E-05   5.521591E-05   2.683219E-05   3.211551E-05   3.628929E-05   5.696224E-05   1.339989E-04   4.687534E-05   8.430657E-05   1.001891E-04   7.964258E-05   1.033684E-04   4.439552E-05   1.071604E-04
   1.328151E-04   6.657910E-05   2.000000E-05   1.312284E-04   5.521591E-05   5.521591E-05   5.521591E-05   5.521591E-05   2.000000E-05   5.793979E-05   2.000000E-05   3.508528E-05   4.358572E-05   1.079608E-04   1.191440E-04   7.837788E-05   1.625552E-04   1.014157E-04   4.167167E-05   2.000000E-05
   2.000000E-04   2.000000E-05   1.217729E-04   7.338615E-05   5.521591E-05   5.521591E-05   2.000000E-05   1.067004E-04   4.065806E-05   1.398111E-04   2.000000E-04   1.418004E-04   1.200332E-04   4.517797E-05   1.810642E-04   2.000000E-05   5.593941E-05   1.596740E-04   8.533743E-05   1.053889E-04
   1.322702E-04   2.000000E-05   8.245290E-05   1.419737E-04   4.651402E-05   5.521591E-05   2.000000E-05   3.794670E-05   3.763822E-05   4.679560E-05   2.000000E-04   9.791470E-05   1.616576E-04   4.181842E-05   8.998612E-05   3.221505E-05   1.983971E-04   2.000000E-04   4.968818E-05   2.000000E-04
   3.988114E-05   7.308850E-05   2.000000E-04   2.000000E-05   7.134822E-05   2.000000E-05   1.066085E-04   2.000000E-05   2.000000E-04   1.008617E-04   1.085803E-04   2.000000E-05   4.786053E-05   4.941420E-05   3.410272E-05   3.661377E-05   5.424997E-05   4.955909E-05   6.500678E-05   9.058426E-05
   7.279835E-05   3.345523E-05   1.098999E-04   3.000439E-05   2.000000E-05   2.131510E-05   2.000000E-05   2.000000E-05   2.472922E-05   2.490284E-05   1.814559E-04   2.000000E-05   2.000000E-04   1.152183E-04   2.000000E-05   7.315886E-05   2.000000E-05   2.606982E-05   1.888987E-04   9.525362E-05
   4.026491E-05   8.019318E-05   1.113124E-04   3.711368E-05   4.253559E-05   6.966818E-05   1.350499E-04   2.000000E-05   3.819686E-05   6.633464E-05   3.881522E-05   2.000000E-04   2.777693E-05   1.069261E-04   2.000000E-05   2.881980E-05   5.098788E-05   2.000000E-05   3.082413E-05   2.000000E-04
   1.245312E-04   2.000000E-04   6.432921E-05   2.342971E-05   4.383475E-05   7.114219E-05   1.358352E-04   2.758512E-05   2.020691E-05   3.526834E-05   2.010214E-05   6.569331E-05   4.443758E-05   5.641673E-05   2.000000E-05   2.000000E-05   3.156753E-05   1.012434E-04   4.786283E-05   6.497884E-05
   7.782582E-05   6.010556E-05   1.268916E-04   6.985282E-05   1.883043E-04   2.000000E-05   5.121701E-05   1.637419E-04   5.066918E-05   2.713706E-05   8.706861E-05   2.000000E-05   1.308653E-04   3.083567E-05   2.000000E-05   2.612829E-05   1.595981E-04   2.000000E-05   1.476882E-04   5.665386E-05
   4.667882E-05   9.652516E-05   1.344720E-04   1.108834E-04   2.332372E-05   8.339158E-05   2.948062E-05   1.159312E-04   2.000000E-05   5.071246E-05   4.543711E-05   4.112448E-05   2.750834E-05   2.264846E-05   2.234019E-05   5.835804E-05   2.000000E-05   2.858780E-05   1.573936E-04   5.935099E-05
   5.804521E-05   2.281652E-05   1.535024E-04   6.442533E-05   4.543734E-05   8.430594E-05   3.680115E-05   2.000000E-05   1.074018E-04   1.063751E-04   3.608654E-05   4.066922E-05   4.077415E-05   2.791755E-05   4.552772E-05   2.000000E-05   5.460471E-05   2.000000E-05   1.083423E-04   2.000000E-05
   5.657889E-05   8.879758E-05   2.000000E-04   2.000000E-04   6.721625E-05   2.000000E-04   1.711940E-04   2.413969E-05   2.927757E-05   2.534900E-05   1.941066E-04   6.487245E-05   5.822004E-05   4.397482E-05   2.000000E-05   1.082682E-04   2.000000E-05   2.423646E-05   2.000000E-05   7.217174E-05
   3.994796E-05   1.772173E-04   1.170288E-04   3.631478E-05   2.000000E-05   3.929850E-05   1.549267E-04   4.934165E-05   3.036986E-05   1.111425E-04   7.414519E-05   7.388798E-05   1.216202E-04   2.000000E-05   2.354243E-05   6.980811E-05   2.000000E-05   4.102802E-05   2.000000E-05   1.988635E-04
   5.521591E-05   4.269765E-05   1.908927E-04   2.000000E-05   2.613274E-05   3.987298E-05   3.102176E-05   6.704030E-05   1.188388E-04   2.000000E-05   3.335687E-05   4.394634E-05   5.530179E-05   4.882290E-05   3.039332E-05   2.064593E-05   9.013084E-05   4.242430E-05   4.074103E-05   8.111287E-05
   5.521591E-05   5.521591E-05   2.000000E-04   5.114504E-05   2.530020E-05   2.000000E-05   2.000000E-05   3.433819E-05   2.000000E-05   2.000000E-05   2.000000E-05   2.268467E-05   2.000000E-05   2.000000E-05   2.415112E-05   3.719795E-05   2.777076E-05   2.390161E-05   4.919110E-05   2.079673E-05
   5.521591E-05   5.521591E-05   5.521591E-05   6.504816E-05   2.000000E-05   4.120350E-05   2.000000E-05   2.000000E-05   3.120668E-05   2.000000E-05   3.741534E-05   2.000000E-05   2.976122E-05   4.380652E-05   2.328330E-05   3.875860E-05   4.771071E-05   2.385245E-05   8.918654E-05   5.873137E-05
   5.521591E-05   5.521591E-05   5.521591E-05   5.521591E-05   4.609147E-05   2.000000E-05   4.901018E-05   2.000000E-05   2.839867E-05   2.543407E-05   2.000000E-05   2.000000E-05   4.300281E-05   2.797385E-05   1.197011E-04   4.735449E-05   7.158153E-05   1.500729E-04   3.908153E-05   5.521591E-05
   5.521591E-05   5.521591E-05   5.521591E-05   5.521591E-05   2.000000E-05   2.000000E-05   3.586365E-05   6.447582E-05   2.000000E-05   4.662086E-05   1.040199E-04   2.000000E-05   2.324052E-05   5.414005E-05   1.146052E-04   1.304070E-04   1.222938E-04   1.403110E-04   2.668232E-05   5.521591E-05
   5.521591E-05   5.521591E-05   5.521591E-05   5.521591E-05   5.521591E-05   8.034260E-05   4.861677E-05   2.000000E-05   9.140946E-05   2.075978E-05   4.519697E-05   2.000000E-05   9.831493E-05   2.000000E-05   1.422349E-04   4.863671E-05   5.545900E-05   2.000000E-05   5.521591E-05   5.521591E-05
   5.521591E-05   5.521591E-05   5.521591E-05   5.521591E-05   5.521591E-05   5.417890E-05   2.000000E-05   1.256947E-04   2.000000E-05   4.113779E-05   2.000000E-05   2.000000E-05   4.233718E-05   2.000000E-05   3.405851E-05   2.000000E-05   3.360585E-05   5.521591E-05   5.521591E-05   5.521591E-05
   5.521591E-05   5.521591E-05   5.521591E-05   5.521591E-05   5.521591E-05   5.695750E-05   3.231451E-05   4.595535E-05   2.219341E-05   2.903965E-05   5.452666E-05   4.068456E-05   3.434103E-05   2.980459E-05   3.658983E-05   3.490118E-05   5.521591E-05   5.521591E-05   5.521591E-05   5.521591E-05
