   7.693582E-05   3.488389E-05   2.000000E-04   1.468413E-04   1.872026E-04   7.261768E-05   2.423969E-05   4.515306E-05   1.837281E-04   7.849796E-05   6.346784E-05   2.000000E-04   1.792711E-04   2.000000E-04   2.000000E-04   6.129299E-05   7.936362E-05   1.379580E-04   1.195648E-04   2.000000E-04
   3.133935E-05   2.000000E-04   9.401150E-05   2.914153E-05   1.238344E-04   8.760936E-05   5.536428E-05   2.038937E-05   2.000000E-04   2.000000E-04   3.533624E-05   2.000000E-04   1.264708E-04   1.276406E-04   2.000000E-04   8.148729E-05   3.691623E-05   2.000000E-04   2.000000E-04   2.000000E-04
   2.626075E-05   1.935810E-04   6.444660E-05   1.188935E-04   1.835133E-04   1.118979E-04   9.926719E-05   2.000000E-04   2.082219E-05   6.561964E-05   2.000000E-04   8.332264E-05   2.086840E-05   1.540274E-04   5.263982E-05   2.000000E-04   2.246733E-05   1.453924E-04   1.812045E-04   1.375936E-04
   2.590541E-05   7.233815E-05   2.000000E-05   1.227908E-04   3.217377E-05   1.277952E-04   1.879385E-04   4.202351E-05   7.177230E-05   4.418177E-05   2.929821E-05   3.957821E-05   2.000000E-04   6.502276E-05   1.704376E-04   1.419267E-04   2.186724E-05   2.000000E-04   2.000000E-04   2.913823E-05
   1.395477E-04   9.236433E-05   4.767096E-05   1.544886E-04   2.000000E-04   7.150763E-05   1.651919E-04   5.725348E-05   2.000000E-05   8.814583E-05   2.000000E-05   1.259239E-04   1.113529E-04   4.578252E-05   1.666416E-04   3.285263E-05   1.356617E-04   2.182596E-05   2.000000E-04   1.163414E-04
   2.000000E-04   1.388462E-04   2.000000E-04   7.572081E-05   6.497354E-05   1.335011E-04   2.064664E-05   7.147922E-05   8.011924E-05   2.728126E-05   4.320842E-05   3.893381E-05   1.084380E-04   2.000000E-04   4.633249E-05   4.643367E-05   2.000000E-04   5.133815E-05   1.774311E-04   1.472423E-04
   5.285166E-05   2.842121E-05   7.430560E-05   5.201256E-05   7.575060E-05   5.720587E-05   9.984107E-05   5.952832E-05   1.671433E-04   3.455596E-05   3.078293E-05   3.334228E-05   5.695053E-05   8.534135E-05   1.849411E-04   1.053883E-04   1.860308E-04   1.111983E-04   5.243713E-05   1.133655E-04
   2.000000E-04   1.534454E-04   9.552387E-05   6.323964E-05   9.773399E-05   6.725477E-05   7.181467E-05   4.063590E-05   4.382066E-05   1.100962E-04   3.918750E-05   8.989415E-05   1.070474E-04   2.000000E-05   7.558534E-05   2.000000E-05   2.000000E-04   7.898323E-05   1.611166E-04   5.847158E-05
   2.000000E-04   2.000000E-04   2.000000E-04   2.687949E-05   9.088677E-05   9.088677E-05   9.088677E-05   6.044265E-05   7.451977E-05   4.840364E-05   2.000000E-05   2.000000E-05   1.966515E-04   3.662821E-05   5.760479E-05   6.898924E-05   1.185901E-04   7.394023E-05   1.132399E-04   2.000000E-04
   2.000000E-04   2.000000E-04   2.000000E-04   2.339813E-05   9.088677E-05   9.088677E-05   9.088677E-05   9.088677E-05   5.582520E-05   2.000000E-05   5.690273E-05   1.055380E-04   1.432800E-04   2.000000E-04   8.435480E-05   8.985166E-05   8.140588E-05   2.000000E-04   1.870051E-04   5.811765E-05
   5.012487E-05   2.923096E-05   6.598265E-05   1.196950E-04   9.088677E-05   9.088677E-05   9.088677E-05   9.088677E-05   5.879574E-05   2.000000E-05   8.904390E-05   7.821134E-05   1.881973E-04   9.461160E-05   1.081033E-04   5.508812E-05   9.533373E-05   6.876542E-05   5.118255E-05   2.000000E-04
   8.426688E-05   7.924683E-05   2.000000E-04   2.000000E-04   9.088677E-05   9.088677E-05   9.088677E-05   9.088677E-05   2.000000E-04   4.000860E-05   1.104618E-04   1.429614E-04   2.000000E-04   6.849632E-05   3.738500E-05   3.977818E-05   2.000000E-04   5.482225E-05   1.598851E-04   9.000329E-05
   2.000000E-04   1.491308E-04   7.812467E-05   8.258255E-05   9.088677E-05   9.088677E-05   9.088677E-05   9.088677E-05   2.000000E-04   2.000000E-04   7.508209E-05   1.760288E-04   6.222670E-05   1.690814E-04   7.595401E-05   2.000000E-04   2.000000E-04   5.939559E-05   1.502707E-04   9.818737E-05
   2.000000E-04   3.684508E-05   2.184708E-05   1.069187E-04   9.088677E-05   9.088677E-05   9.088677E-05   9.088677E-05   2.000000E-04   2.000000E-04   1.821137E-04   1.475050E-04   1.156193E-04   1.262162E-04   2.000000E-04   2.867818E-05   3.496397E-05   7.168206E-05   2.849762E-05   5.005035E-05
   2.714770E-05   1.066143E-04   1.251167E-04   1.138760E-04   9.088677E-05   9.088677E-05   9.088677E-05   9.088677E-05   2.000000E-04   2.000000E-04   2.000000E-04   2.000000E-04   6.871044E-05   2.000000E-04   2.992786E-05   1.162911E-04   2.000000E-05   1.305732E-04   2.000000E-04   1.503907E-04
   1.799422E-04   8.234947E-05   2.000000E-04   5.714068E-05   9.088677E-05   9.088677E-05   9.088677E-05   9.088677E-05   1.485207E-04   2.000000E-04   2.000000E-04   2.000000E-04   2.000000E-04   1.749704E-04   9.333953E-05   9.993582E-05   1.032579E-04   5.442005E-05   1.332482E-04   1.049725E-04
   2.000000E-04   1.255720E-04   2.000000E-04   4.462545E-05   9.088677E-05   9.088677E-05   9.088677E-05   9.088677E-05   2.000000E-04   2.000000E-04   1.921105E-04   1.405671E-04   4.393304E-05   9.907036E-05   5.874359E-05   2.000000E-04   1.693109E-04   3.174031E-05   2.079745E-05   6.811531E-05
   9.969301E-05   5.884614E-05   2.000000E-04   1.162605E-04   9.088677E-05   9.088677E-05   9.088677E-05   9.088677E-05   2.000000E-04   2.000000E-04   2.000000E-04   2.000000E-04   1.074039E-04   1.272493E-04   1.473210E-04   1.320058E-04   1.076234E-04   1.253458E-04   5.211921E-05   5.135906E-05
   1.431190E-04   1.258417E-04   8.250100E-05   2.000000E-04   9.088677E-05   9.088677E-05   9.088677E-05   9.088677E-05   2.000000E-04   1.564888E-04   1.173899E-04   2.000000E-04   2.000000E-04   1.235025E-04   2.000000E-04   1.088471E-04   1.129219E-04   3.994836E-05   2.831085E-05   5.385142E-05
   1.533315E-04   2.000000E-04   2.000000E-04   7.048856E-05   9.088677E-05   9.088677E-05   9.088677E-05   9.088677E-05   2.000000E-04   1.764481E-04   1.823445E-04   1.255400E-04   7.651665E-05   9.700401E-05   8.296700E-05   3.288162E-05   2.000000E-04   2.000000E-04   2.000000E-04   2.000000E-04
   1.876062E-04   1.247854E-04   2.000000E-04   5.904924E-05   9.088677E-05   9.088677E-05   9.088677E-05   9.088677E-05   2.000000E-04   2.000000E-04   1.159224E-04   8.293319E-05   9.245996E-05   2.000000E-04   2.000000E-04   2.000000E-04   2.000000E-04   6.322480E-05   1.869289E-04   4.803898E-05
   2.000000E-04   1.787552E-04   2.000000E-04   2.000000E-04   9.088677E-05   9.088677E-05   2.000000E-04   2.000000E-04   2.000000E-04   1.144784E-04   2.000000E-04   1.860247E-04   1.999503E-04   2.000000E-04   2.000000E-04   1.211506E-04   2.000000E-04   2.000000E-04   1.368385E-04   2.000000E-04
   2.959379E-05   3.320023E-05   1.550779E-04   8.254836E-05   2.000000E-04   9.088677E-05   1.034991E-04   2.000000E-04   2.000000E-04   2.000000E-04   1.019487E-04   3.796977E-05   2.000000E-04   2.000000E-04   8.188762E-05   1.808180E-04   1.668700E-04   1.088611E-04   1.411244E-04   2.000000E-04
   2.000000E-04   2.000000E-04   1.268614E-04   1.660718E-04   1.193563E-04   2.000000E-04   2.000000E-04   2.000000E-04   2.000000E-04   2.000000E-04   2.000000E-04   9.149187E-05   9.526972E-05   1.216896E-04   2.000000E-04   1.505782E-04   7.918682E-05   1.905602E-04   3.709117E-05   8.755101E-05
   2.000000E-04   2.000000E-04   1.785394E-04   1.099032E-04   2.000000E-04   2.000000E-04   2.000000E-04   2.000000E-04   2.000000E-04   2.000000E-04   1.634966E-04   2.000000E-04   2.000000E-04   1.397594E-04   2.000000E-04   4.110629E-05   1.166360E-04   2.000000E-04   9.721911E-05   1.514082E-04
   8.074815E-05   2.000000E-04   1.197983E-04   8.261276E-05   9.620393E-05   4.026100E-05   7.106019E-05   2.000000E-04   7.764392E-05   1.699864E-04   1.248546E-04   1.346054E-04   1.128916E-04   1.496761E-04   7.576458E-05   2.000000E-05   6.697249E-05   1.415876E-04   1.657380E-04   2.000000E-04
   2.000000E-04   1.419215E-04   3.744974E-05   2.000000E-04   1.418390E-04   1.506672E-04   2.000000E-04   9.875242E-05   2.000000E-04   1.000944E-04   2.000000E-04   2.000000E-04   4.145576E-05   1.208770E-04   9.918146E-05   5.554164E-05   7.232785E-05   1.074852E-04   1.259367E-04   4.839053E-05
   2.000000E-04   8.548621E-05   8.573762E-05   2.188858E-05   3.847730E-05   1.171213E-04   3.765567E-05   1.674524E-04   2.000000E-04   2.000000E-04   3.043646E-05   3.904146E-05   8.791566E-05   4.399292E-05   9.058075E-05   2.238819E-05   1.691480E-04   1.785006E-04   2.000000E-04   1.101449E-04
   1.459349E-04   9.026201E-05   6.022838E-05   2.000000E-04   2.000000E-04   1.467622E-04   1.113729E-04   1.335941E-04   5.567821E-05   4.599974E-05   2.000000E-04   2.000000E-04   5.543424E-05   2.000000E-04   2.000000E-04   6.027564E-05   2.827664E-05   4.829126E-05   1.038315E-04   3.978379E-05
   2.000000E-04   6.329352E-05   1.702844E-04   5.439663E-05   1.036957E-04   2.000000E-05   6.440726E-05   3.224135E-05   1.830031E-04   5.613528E-05   2.000000E-04   2.000000E-04   1.810876E-04   1.655941E-04   3.194931E-05   1.850671E-04   5.051544E-05   3.413245E-05   9.682398E-05   2.000000E-04
   1.724612E-04   1.062515E-04   2.000000E-04   2.000000E-04   1.843057E-04   1.466046E-04   1.198067E-04   4.312330E-05   2.000000E-04   1.208233E-04   2.000000E-04   2.000000E-04   9.243132E-05   1.460275E-04   1.819004E-04   3.454620E-05   1.604514E-04   2.251928E-05   1.018127E-04   6.273593E-05
   4.907353E-05   2.000000E-04   4.823970E-05   1.921812E-04   6.098167E-05   6.428017E-05   1.183126E-04   6.524973E-05   1.314147E-04   1.265260E-04   2.000000E-04   2.000000E-04   2.000000E-04   2.000000E-04   4.021816E-05   2.000000E-04   2.356885E-05   5.806139E-05   1.184871E-04   1.878104E-04
   9.088677E-05   2.000000E-04   1.306790E-04   9.203533E-05   8.901276E-05   3.818436E-05   3.272902E-05   1.272312E-04   2.000000E-04   6.779687E-05   1.130742E-04   2.000000E-04   2.000000E-04   5.501660E-05   3.881565E-05   6.678878E-05   1.141485E-04   2.000000E-04   9.728783E-05   9.797526E-05
   9.088677E-05   9.088677E-05   8.373464E-05   4.936557E-05   5.500990E-05   2.000000E-04   2.000000E-04   5.160775E-05   2.000000E-04   2.000000E-04   2.000000E-04   1.436664E-04   1.950508E-04   2.000000E-04   6.793441E-05   2.762241E-05   8.604596E-05   4.240542E-05   9.270119E-05   3.062728E-05
   9.088677E-05   9.088677E-05   9.088677E-05   2.000000E-04   1.727677E-04   1.789088E-04   1.263138E-04   2.000000E-04   2.000000E-04   2.000000E-04   2.000000E-04   7.082572E-05   2.000000E-04   1.206955E-04   4.953287E-05   6.404222E-05   2.000000E-04   1.141468E-04   2.000000E-04   6.259007E-05
   9.088677E-05   9.088677E-05   9.088677E-05   9.088677E-05   2.000000E-04   1.064216E-04   2.000000E-04   2.000000E-04   2.000000E-04   1.228389E-04   4.383097E-05   1.359795E-04   1.905015E-04   1.695343E-04   4.386833E-05   2.068726E-05   1.540791E-04   2.000000E-04   2.701131E-05   9.088677E-05
   9.088677E-05   9.088677E-05   9.088677E-05   9.088677E-05   6.689514E-05   2.000000E-04   2.000000E-04   2.000000E-04   2.000000E-04   2.000000E-04   6.490052E-05   8.349470E-05   8.253916E-05   2.000000E-04   5.237960E-05   1.312601E-04   2.000000E-04   7.547003E-05   3.290969E-05   9.088677E-05
   9.088677E-05   9.088677E-05   9.088677E-05   9.088677E-05   9.088677E-05   5.502518E-05   6.105030E-05   2.000000E-04   2.000000E-04   1.976966E-04   9.206990E-05   1.806072E-04   1.408348E-04   1.219571E-04   2.000000E-04   1.697215E-04   2.000000E-04   1.035071E-04   9.088677E-05   9.088677E-05
   9.088677E-05   9.088677E-05   9.088677E-05   9.088677E-05   9.088677E-05   1.396249E-04   1.418090E-04   2.000000E-04   2.000000E-04   2.000000E-04   1.790821E-04   2.000000E-04   2.000000E-04   2.775246E-05   1.062378E-04   1.100342E-04   1.730833E-04   9.088677E-05   9.088677E-05   9.088677E-05
   9.088677E-05   9.088677E-05   9.088677E-05   9.088677E-05   9.088677E-05   1.039308E-04   2.000000E-04   2.000000E-04   2.000000E-04   1.787522E-04   6.646450E-05   5.065568E-05   6.741991E-05   1.673359E-04   9.037890E-05   2.000000E-04   9.088677E-05   9.088677E-05   9.088677E-05   9.088677E-05
