   1.520685E-01   1.062229E+00   1.438540E+00   8.412400E-02   1.195514E+00   3.919054E-01   1.036954E+00   4.407248E+00   1.330067E+00   9.507114E-01   7.621549E-01   3.577339E+00   3.888577E+00   4.343047E-01   1.909145E-01   1.447391E-01   8.854605E-02   1.217750E+00   3.177783E-01   6.334553E-01
   1.098683E+00   1.559928E+00   1.640911E-01   3.857561E-01   4.381971E-01   2.670308E-01   3.795358E-01   2.963280E+00   8.309157E-01   2.645073E+00   4.795596E+00   8.200983E-01   5.676160E-01   1.953651E+00   1.279395E-01   9.433472E-01   4.663074E-01   1.201910E+00   5.811804E-01   6.230662E-01
   2.380235E-01   3.292157E-01   1.307926E-01   2.270505E-01   6.010400E-01   9.595812E-01   6.722931E-01   1.125545E+00   7.070568E+00   1.792190E+00   4.393049E+00   2.866464E-01   2.165295E+00   2.088087E-01   5.858120E-01   1.625350E+00   1.033656E-01   4.045732E-01   2.762763E-01   2.677065E-01
   4.498371E-01   1.629185E-01   4.779613E-01   1.774133E-01   9.779476E-01   4.232270E-01   1.675102E+00   3.369413E+00   1.344761E+00   5.314050E-01   1.300908E+00   3.352984E+00   1.410819E+00   5.412822E-01   6.376807E-01   4.613244E-01   1.772596E-01   2.369953E-01   5.609671E-01   4.665177E-01
   3.123550E-01   7.557772E-01   4.719156E-01   6.066175E-01   1.199167E+00   1.844571E+00   1.166927E+00   9.017022E-01   1.501326E+00   1.863954E+00   3.272017E+00   6.881112E-01   1.572481E+00   7.596051E-01   8.790044E-02   2.861245E-01   1.705870E-01   1.448371E+00   2.345220E-01   1.744955E-01
   2.238385E-01   2.852118E-01   8.607284E-01   1.055981E+00   1.206980E+00   5.195982E+00   2.119360E+00   1.298350E+00   1.363138E+00   4.636077E+00   1.046649E+00   7.480358E-01   6.391554E-01   3.388685E-01   8.265013E-01   1.383306E+00   3.276289E-01   6.085666E-01   1.884169E-01   1.609250E-01
   1.939409E+00   5.166759E+00   1.121727E+00   2.117024E+00   1.012117E+00   1.029592E+00   1.842417E+00   3.237697E+00   1.587883E+00   2.605806E+00   8.064396E-01   4.704063E-01   1.606022E+00   5.032251E-01   9.934661E-01   9.724451E-01   9.220122E-02   1.882544E+00   4.233045E-01   1.396827E-01
   1.938315E+00   1.286773E+00   5.075409E+00   1.126010E+00   6.860718E+00   3.576672E+00   1.435228E+00   4.957592E+00   3.822039E-01   1.865944E+00   3.568584E-01   6.988632E-01   1.868443E+00   3.429453E-01   3.285534E-01   3.025655E-01   3.055512E-01   3.440594E-01   6.635271E-01   5.573456E-01
   6.815239E-01   1.416867E+00   1.790614E+00   6.234950E-01   3.000000E-01   3.000000E-01   3.000000E-01   5.104911E-01   1.009035E+00   1.642331E+00   2.831169E-01   5.245643E-01   5.971821E-01   2.392405E-01   2.734831E-01   4.715050E-01   2.818286E-01   3.497703E-01   2.371191E-01   6.648034E-01
   3.518454E+00   7.310686E-01   2.004664E+00   1.374971E+00   3.000000E-01   3.000000E-01   3.000000E-01   3.000000E-01   8.259116E-01   3.045538E-01   2.748393E-01   4.514155E-01   1.327304E+00   3.229287E-01   4.121914E-01   4.021310E-01   2.062706E+00   4.834547E-01   7.655401E-01   1.851535E+00
   5.697686E-01   1.966296E+00   6.985516E-01   6.116794E-01   3.000000E-01   3.000000E-01   3.000000E-01   3.000000E-01   1.027540E+00   6.408733E-01   1.646071E-01   6.793002E-01   1.401894E+00   6.497364E-01   3.183376E-01   1.336455E-01   1.259927E-01   2.455514E+00   7.873684E-01   3.492134E-01
   6.239790E-01   8.962711E-01   5.059428E-01   9.102322E-01   3.000000E-01   3.000000E-01   3.000000E-01   3.000000E-01   6.113707E-01   4.826305E-01   7.228889E-01   3.493835E-01   4.370330E-01   2.249119E-01   4.736107E-01   9.751841E-01   1.881511E+00   2.432077E+00   5.150566E-01   1.365173E+00
   1.460444E+00   8.467594E-01   4.676878E-01   1.456338E+00   3.000000E-01   3.000000E-01   3.000000E-01   3.000000E-01   2.113147E-01   5.908361E-01   7.766805E-01   3.086722E-01   1.929423E-01   7.679844E-01   5.016362E-01   4.473585E-01   7.676046E-01   2.073208E-01   1.090660E+00   3.350268E-01
   1.464073E+00   1.473959E+00   7.212358E-01   1.005766E+00   3.000000E-01   3.000000E-01   3.000000E-01   3.000000E-01   3.065492E+00   1.190118E+00   8.137764E-01   9.579946E-02   8.969475E-01   4.810277E-01   2.729502E-01   6.650484E-01   7.009837E-01   1.073208E+00   3.400332E-01   4.318552E-01
   1.651618E-01   1.564757E+00   1.390982E+00   1.579090E+00   3.000000E-01   3.000000E-01   3.000000E-01   3.000000E-01   4.475294E-01   6.293815E-01   6.909671E-01   4.130490E-01   4.521193E-01   7.583976E-01   3.668135E-01   2.055238E+00   7.914183E-01   8.539421E-01   1.192830E+00   2.295015E+00
   2.501477E-01   5.187737E-01   1.494797E+00   6.933447E-01   3.000000E-01   3.000000E-01   3.000000E-01   3.000000E-01   2.252691E+00   8.796975E-01   7.350685E-01   2.158342E-01   2.706882E-01   5.422588E-01   3.485827E-01   2.090952E-01   2.619577E-01   2.127270E-01   5.978189E-01   2.447409E-01
   2.194474E+00   3.820953E-01   3.108865E-01   1.558310E+00   3.000000E-01   3.000000E-01   3.000000E-01   3.000000E-01   1.632208E+00   1.909807E+00   1.239664E-01   7.375261E-01   2.235933E-01   5.023082E-01   1.271955E-01   8.235119E-02   4.478364E-01   3.651650E-01   2.759998E-01   9.354559E-02
   1.615190E-01   4.057526E-01   1.260974E-01   9.131723E-01   3.000000E-01   3.000000E-01   3.000000E-01   3.000000E-01   3.951644E-01   2.270813E-01   2.770605E-01   2.162205E-01   6.275211E-01   3.256456E-01   2.696655E-01   4.733437E-01   8.425079E-02   2.236208E-01   4.122725E-01   2.625802E-01
   1.240136E-01   2.878743E-01   2.145509E-02   4.928697E-01   3.000000E-01   3.000000E-01   3.000000E-01   3.000000E-01   1.865115E+00   3.095777E-01   9.927062E-01   4.660432E-01   1.078833E+00   2.572743E-01   1.591362E-01   1.306506E-01   1.658781E-01   2.140981E-01   3.227434E-01   1.975499E-01
   2.475150E-01   1.624922E-01   2.916984E-01   8.571051E-01   3.000000E-01   3.000000E-01   3.000000E-01   3.000000E-01   1.964847E+00   1.846091E-01   1.248438E+00   9.292601E-01   3.300410E-01   9.885353E-01   5.114214E-01   4.102114E-01   1.444780E+00   4.542711E-01   4.325956E-01   6.539371E-01
   1.446259E-01   2.352735E-01   6.935693E-01   1.410849E-01   3.000000E-01   3.000000E-01   3.000000E-01   3.000000E-01   4.590290E-01   4.548598E-01   8.313352E-01   6.314689E-01   3.094976E-01   2.971104E-01   5.765267E-01   2.543570E-01   4.623447E-01   2.974335E-01   6.178947E-01   3.517087E-01
   1.607114E-01   1.163527E-01   4.368881E-01   1.976276E-01   3.000000E-01   3.000000E-01   7.272386E-01   8.283809E-01   1.659708E+00   3.556372E-01   1.095097E+00   2.097051E+00   9.985784E-01   5.490623E-01   5.184824E-01   1.967361E+00   4.770720E-01   3.014229E-01   1.013454E+00   4.560179E-01
   5.293628E-01   8.546196E-01   3.139784E-01   6.690769E-01   1.940001E+00   3.000000E-01   4.135557E+00   1.753160E+00   5.869746E-01   1.960249E+00   5.347245E+00   5.429537E-01   5.415195E-01   8.424474E-01   1.434867E+00   1.123878E+00   2.972488E-01   3.068568E-01   5.095826E-01   1.708376E-01
   6.396202E-01   5.170414E-01   4.737531E-01   2.327572E-01   4.873918E+00   8.086822E-01   2.252143E+00   2.351561E+00   6.109854E-01   1.518742E+00   4.472468E-01   5.646544E-01   1.406198E+00   7.163919E-01   1.674901E+00   3.366905E-01   8.332514E-01   9.423729E-01   1.262157E-01   6.876530E-01
   6.461200E-01   1.049311E+00   7.189335E-01   1.577626E+00   2.920718E+00   4.664070E-01   4.569135E-01   5.664162E-01   4.911701E-01   1.299974E+00   2.966551E-01   1.686459E-01   3.252609E-01   1.040060E+00   9.997034E-01   1.475588E+00   8.412963E-01   3.281433E-01   6.397742E-01   7.848060E-01
   8.811484E-01   2.323676E+00   1.127987E+00   7.470219E-01   2.091705E+00   3.917290E-01   5.821495E-01   7.414815E-01   2.620957E-01   2.417113E-01   3.054353E-01   1.924995E-01   2.510666E-01   5.699337E-01   3.786949E-01   1.570813E+00   5.055791E-01   1.658907E+00   1.541566E+00   5.265789E-01
   2.317518E-01   1.494887E+00   7.504295E-01   1.329692E+00   6.504633E-01   4.558173E-01   1.009472E+00   2.450482E-01   8.923080E-02   2.335067E-01   3.501421E-02   1.474926E-01   2.876669E-01   3.239016E-01   4.210122E-01   1.372547E-01   3.091923E-01   1.362814E+00   7.012614E-01   7.072958E-01
   7.169701E-01   5.438029E-01   2.868489E+00   1.220521E+00   1.269180E+00   2.968727E-01   9.425572E-01   7.841061E-01   4.865471E-01   8.140702E-02   2.542986E-01   1.602961E-01   1.261570E-01   3.487406E-01   7.482377E-02   8.429090E-02   1.102115E+00   3.448245E-01   2.010203E-01   2.547255E-01
   5.422139E-01   4.705125E-01   1.650821E+00   1.328958E-01   5.891085E-01   2.248768E-01   7.524273E-01   1.495477E-01   4.274878E-01   5.871393E-02   2.220901E-01   6.956426E-01   1.060227E-01   3.067527E-01   2.675932E-01   9.018438E-01   3.765022E-01   8.467646E-01   1.441968E+00   5.063301E-01
   3.035098E-01   2.143247E+00   3.520498E-01   1.176151E+00   1.401428E+00   5.657057E-01   6.708301E-01   3.069276E+00   6.163165E-01   9.108985E-01   6.167867E-02   1.256060E+00   7.673128E-01   1.454698E-01   3.385830E-01   7.341939E-02   1.536322E-01   5.895327E-01   1.293726E+00   2.900581E-01
   2.803145E-01   3.072211E-01   1.412830E-01   1.685002E+00   1.658842E-01   4.404880E-01   5.727912E-01   1.191607E+00   1.562403E+00   3.350328E-01   3.325874E-01   2.025835E-01   4.974279E-02   2.270217E-01   2.486492E-01   4.812795E-01   7.932236E-02   1.049832E+00   7.536916E-01   5.214427E-01
   6.076507E-01   1.547571E+00   7.074416E-01   2.807515E-01   7.659049E-01   2.303331E+00   1.150333E+00   2.408494E+00   4.129041E-01   1.781062E-01   3.559234E-01   4.791997E-01   3.201536E-01   7.080859E-02   6.025300E-01   1.473885E-01   1.126679E+00   6.305429E-01   8.302709E-01   2.583992E-01
   3.000000E-01   2.355987E-01   3.234111E-01   6.621374E-01   2.068666E+00   3.721446E+00   2.768538E+00   5.442607E-01   5.310264E-01   5.800778E-01   1.339831E+00   3.393026E-01   1.512471E-01   5.863565E-01   1.890811E+00   1.196363E-01   1.743070E-01   1.064505E+00   3.228897E-01   4.227918E-01
   3.000000E-01   3.000000E-01   4.572070E-01   7.249565E-01   7.244572E-01   1.371440E+00   9.194759E-01   1.167874E+00   2.024822E-01   2.531030E-01   9.887629E-01   4.893065E-01   1.101225E+00   2.492982E-01   1.687667E+00   1.641789E+00   1.382245E+00   3.393537E-01   5.176644E-01   3.876237E-01
   3.000000E-01   3.000000E-01   3.000000E-01   9.715377E-01   1.430098E+00   1.176599E+00   3.955509E+00   1.563107E+00   3.277831E-01   8.720360E-02   8.468565E-02   3.282771E-01   2.142348E-01   2.965437E+00   1.846955E+00   4.506906E-01   3.526785E+00   3.316435E-01   4.175871E-01   2.400836E-01
   3.000000E-01   3.000000E-01   3.000000E-01   3.000000E-01   2.324016E+00   5.278781E+00   1.013859E+00   2.681601E-01   5.346027E-01   2.603645E-01   2.192429E-01   1.198043E-01   6.768218E-01   7.159384E-01   8.811855E-01   4.072272E-01   2.667380E+00   6.635017E-01   1.196550E+00   3.000000E-01
   3.000000E-01   3.000000E-01   3.000000E-01   3.000000E-01   1.230586E+00   1.626673E+00   1.147327E+00   1.897419E-01   4.586062E-01   5.204945E-01   6.377628E-01   7.280313E-02   2.635545E-01   3.948279E-01   1.543194E+00   3.885884E-01   7.841434E-01   1.014377E+00   1.506878E-01   3.000000E-01
   3.000000E-01   3.000000E-01   3.000000E-01   3.000000E-01   3.000000E-01   4.522041E+00   2.374932E+00   3.044475E-01   7.075652E-01   4.663888E-01   1.090850E+00   1.775985E-01   1.073869E+00   2.067170E-01   1.207327E-01   2.790455E-01   6.597438E-01   3.031196E-01   3.000000E-01   3.000000E-01
   3.000000E-01   3.000000E-01   3.000000E-01   3.000000E-01   3.000000E-01   8.611425E-01   6.775941E-01   2.110139E+00   3.510837E-01   2.216307E-01   3.480766E-01   2.124220E-01   5.208906E-01   9.461956E-01   7.958739E-01   4.524992E-01   5.352743E-01   3.000000E-01   3.000000E-01   3.000000E-01
   3.000000E-01   3.000000E-01   3.000000E-01   3.000000E-01   3.000000E-01   3.472565E+00   9.203293E-01   1.224040E+00   2.093100E-01   2.461742E-01   7.785385E-01   2.870759E-01   2.746892E-01   8.204136E-01   1.143855E-01   9.517243E-01   3.000000E-01   3.000000E-01   3.000000E-01   3.000000E-01
