   1.386387E-04   6.319589E-05   1.130424E-04   7.428693E-05   3.731769E-05   1.233676E-04   1.276781E-04   7.230064E-05   6.692729E-05   2.000000E-04   4.213768E-05   2.000000E-04   8.198315E-05   2.000000E-04   2.000000E-04   3.675168E-05   2.000000E-04   2.000000E-04   5.488499E-05   9.670394E-05
   1.825789E-04   2.000000E-04   4.349002E-05   2.000000E-04   2.000000E-04   6.142731E-05   3.970926E-05   3.439630E-05   4.192933E-05   1.072549E-04   2.000000E-04   2.000000E-04   1.372197E-04   1.774793E-04   8.799762E-05   3.037093E-05   8.736579E-05   2.000000E-04   5.404405E-05   9.244366E-05
   2.000000E-04   2.000000E-04   7.652654E-05   9.202642E-05   5.542319E-05   4.986632E-05   1.268412E-04   1.303595E-04   6.929880E-05   1.680587E-04   2.000000E-04   8.087677E-05   1.457002E-04   2.105876E-05   2.000000E-04   1.083614E-04   2.201598E-05   8.355809E-05   2.000000E-04   8.446368E-05
   1.655713E-04   1.924753E-04   5.628564E-05   1.170026E-04   1.208293E-04   4.855273E-05   2.000000E-04   2.172075E-05   5.109235E-05   1.608081E-04   1.689621E-04   9.503015E-05   5.399680E-05   2.000000E-04   1.172819E-04   2.000000E-04   7.446836E-05   1.427136E-04   2.000000E-04   3.631612E-05
   1.539226E-04   1.906743E-04   1.789301E-04   6.477286E-05   8.508315E-05   6.598764E-05   2.000000E-05   1.814932E-04   5.929665E-05   4.704393E-05   2.000000E-04   9.526665E-05   7.324285E-05   9.634800E-05   2.676476E-05   6.722369E-05   2.000000E-04   4.146598E-05   1.321488E-04   3.287234E-05
   1.429362E-04   1.823844E-04   1.465809E-04   9.608604E-05   2.000000E-04   2.000000E-04   8.541547E-05   7.718289E-05   2.515766E-05   2.000000E-05   8.173354E-05   1.008674E-04   1.231319E-04   9.978227E-05   2.000000E-04   2.000000E-04   1.092445E-04   2.835293E-05   2.000000E-04   1.122486E-04
   7.875517E-05   7.901872E-05   2.000000E-04   2.000000E-04   1.231004E-04   2.345714E-05   3.189554E-05   4.059149E-05   2.000000E-04   4.864078E-05   2.000000E-04   4.908798E-05   2.271680E-05   1.276744E-04   1.943240E-04   2.000000E-04   2.000000E-04   2.000000E-04   2.000000E-04   1.715842E-04
   2.000000E-04   2.000000E-04   8.682364E-05   3.111694E-05   1.502179E-04   3.992778E-05   3.070005E-05   2.000000E-05   3.923161E-05   6.721656E-05   3.300897E-05   2.000000E-04   2.000000E-04   1.306575E-04   2.000000E-04   7.909590E-05   8.412825E-05   2.000000E-04   2.000000E-04   1.041341E-04
   1.940492E-04   2.000000E-04   2.000000E-04   2.000000E-04   9.088677E-05   9.088677E-05   9.088677E-05   9.866785E-05   1.284436E-04   1.036591E-04   1.026947E-04   5.891541E-05   6.190439E-05   2.000000E-04   1.686916E-04   6.266724E-05   6.334641E-05   1.066985E-04   2.000000E-04   1.498417E-04
   2.000000E-04   2.000000E-04   2.000000E-04   1.131098E-04   9.088677E-05   9.088677E-05   9.088677E-05   9.088677E-05   6.075312E-05   9.973514E-05   2.000000E-04   1.230199E-04   1.226622E-04   1.900451E-04   5.248462E-05   2.000000E-04   2.000000E-04   1.063887E-04   5.249245E-05   9.973376E-05
   1.335271E-04   2.000000E-04   2.000000E-04   7.371089E-05   9.088677E-05   9.088677E-05   9.088677E-05   9.088677E-05   9.884037E-05   8.526101E-05   2.000000E-04   7.344255E-05   9.700723E-05   8.453832E-05   1.676676E-04   8.060581E-05   8.693123E-05   2.000000E-04   2.000000E-04   2.000000E-04
   1.305651E-04   2.000000E-04   2.000000E-04   2.000000E-04   9.088677E-05   9.088677E-05   9.088677E-05   9.088677E-05   4.153809E-05   2.682804E-05   4.733081E-05   1.286603E-04   7.486656E-05   1.092672E-04   3.192381E-05   1.216213E-04   5.613671E-05   2.787782E-05   6.067579E-05   6.570909E-05
   2.000000E-04   1.590358E-04   1.895720E-04   1.868133E-04   9.088677E-05   9.088677E-05   9.088677E-05   9.088677E-05   3.077934E-05   9.794931E-05   5.626150E-05   9.953151E-05   3.127556E-05   2.616994E-05   2.000000E-04   8.305233E-05   9.373845E-05   7.051809E-05   2.000000E-04   1.019300E-04
   2.000000E-04   2.000000E-04   2.000000E-04   2.000000E-04   9.088677E-05   9.088677E-05   9.088677E-05   9.088677E-05   2.000000E-05   2.730305E-05   5.399331E-05   1.575545E-04   3.174940E-05   8.914879E-05   2.000000E-04   2.000000E-04   1.061304E-04   6.600524E-05   9.196009E-05   1.051650E-04
   2.000000E-04   1.254338E-04   2.000000E-04   2.000000E-04   9.088677E-05   9.088677E-05   9.088677E-05   9.088677E-05   4.416481E-05   4.798628E-05   2.000000E-05   2.000000E-05   2.000000E-04   5.120415E-05   1.159014E-04   2.000000E-04   1.090580E-04   2.000000E-04   1.754576E-04   2.000000E-04
   1.148510E-04   2.000000E-04   2.000000E-04   1.189370E-04   9.088677E-05   9.088677E-05   9.088677E-05   9.088677E-05   5.282934E-05   3.536106E-05   5.557873E-05   5.605792E-05   1.210252E-04   4.422308E-05   1.147129E-04   2.038107E-05   1.090155E-04   2.740899E-05   2.000000E-04   1.802469E-04
   2.000000E-04   5.541448E-05   2.000000E-04   2.000000E-04   9.088677E-05   9.088677E-05   9.088677E-05   9.088677E-05   3.736028E-05   6.061810E-05   7.149484E-05   1.321687E-04   2.000000E-04   1.115399E-04   2.000000E-04   1.622132E-04   8.340854E-05   2.858900E-05   1.459556E-04   7.360629E-05
   2.000000E-04   8.046254E-05   1.602083E-04   2.000000E-04   9.088677E-05   9.088677E-05   9.088677E-05   9.088677E-05   1.631558E-04   6.922110E-05   1.208214E-04   1.639838E-04   5.530530E-05   2.000000E-04   2.000000E-04   1.219033E-04   5.207146E-05   1.578179E-04   1.410267E-04   1.640729E-04
   8.098060E-05   1.639599E-04   2.000000E-04   5.684601E-05   9.088677E-05   9.088677E-05   9.088677E-05   9.088677E-05   4.554734E-05   7.333045E-05   2.000000E-04   1.017133E-04   6.167902E-05   5.334776E-05   3.379042E-05   8.090080E-05   2.451177E-05   1.944201E-04   9.565503E-05   2.816745E-05
   1.124820E-04   2.000000E-04   1.227215E-04   1.812797E-04   9.088677E-05   9.088677E-05   9.088677E-05   9.088677E-05   8.664866E-05   2.000000E-04   4.965333E-05   9.286148E-05   9.317673E-05   1.094267E-04   4.803368E-05   5.493966E-05   1.487863E-04   2.000000E-04   6.083340E-05   2.171391E-05
   1.372907E-04   2.000000E-04   2.000000E-04   4.329991E-05   9.088677E-05   9.088677E-05   9.088677E-05   9.088677E-05   8.224820E-05   5.491181E-05   7.564964E-05   1.819942E-04   2.000000E-04   1.372782E-04   5.036798E-05   2.000000E-04   1.844371E-04   2.000000E-04   1.167425E-04   5.348518E-05
   8.016767E-05   1.698603E-04   4.064750E-05   5.727852E-05   9.088677E-05   9.088677E-05   1.169035E-04   2.000000E-04   2.000000E-04   1.479344E-04   3.943318E-05   2.000000E-05   1.390376E-04   1.020345E-04   5.792606E-05   8.689077E-05   4.058868E-05   5.812907E-05   2.000000E-05   5.604342E-05
   1.112207E-04   4.967493E-05   9.966942E-05   4.416601E-05   1.736081E-04   9.088677E-05   6.733231E-05   2.000000E-04   1.901445E-04   5.486721E-05   9.927364E-05   1.018054E-04   3.824740E-05   5.197497E-05   1.011772E-04   1.941820E-04   8.447199E-05   1.540338E-04   7.240602E-05   1.542659E-04
   1.093194E-04   1.349060E-04   3.447402E-05   1.000869E-04   1.092048E-04   1.519016E-04   1.547950E-04   2.753993E-05   1.838810E-04   1.144919E-04   1.014907E-04   2.882074E-05   2.000000E-04   1.629047E-04   2.000000E-04   1.810784E-04   8.925935E-05   1.562753E-04   1.934333E-04   3.773716E-05
   2.000000E-04   1.224941E-04   1.261968E-04   1.942316E-04   1.392673E-04   3.526025E-05   4.399465E-05   5.064768E-05   3.490521E-05   4.419009E-05   1.521198E-04   4.941348E-05   3.426106E-05   4.235457E-05   9.055209E-05   2.389179E-05   2.000000E-04   3.580300E-05   2.000000E-04   2.000000E-05
   1.822248E-04   1.541635E-04   2.000000E-04   1.689027E-04   1.598892E-04   6.654174E-05   1.297104E-04   2.000000E-04   3.593299E-05   4.378290E-05   1.075323E-04   7.418787E-05   1.390226E-04   2.000000E-04   4.649496E-05   5.512461E-05   6.523271E-05   2.000000E-05   5.587109E-05   2.000000E-04
   3.952054E-05   1.110087E-04   2.000000E-04   2.000000E-04   3.218282E-05   1.045283E-04   2.000000E-05   1.068443E-04   2.000000E-04   5.944284E-05   2.152431E-05   5.029659E-05   3.744579E-05   8.080834E-05   4.150181E-05   8.354336E-05   7.735647E-05   9.875151E-05   8.765687E-05   4.437180E-05
   1.088708E-04   2.000000E-04   8.724946E-05   1.849260E-04   7.085789E-05   2.000000E-04   2.960827E-05   6.864103E-05   1.059729E-04   4.133326E-05   6.727117E-05   1.500460E-04   9.658610E-05   1.117852E-04   2.000000E-04   2.000000E-04   2.000000E-05   5.958445E-05   1.207159E-04   1.365724E-04
   1.982515E-04   2.000000E-04   2.000000E-04   2.000000E-04   7.117011E-05   1.695930E-04   1.087200E-04   7.299584E-05   3.580250E-05   5.425895E-05   3.961678E-05   7.044711E-05   7.112878E-05   5.739538E-05   2.000000E-05   7.027407E-05   4.802804E-05   5.008820E-05   3.845564E-05   6.250499E-05
   1.332704E-04   4.785812E-05   1.186559E-04   4.477375E-05   7.161762E-05   1.497648E-04   4.770280E-05   7.880008E-05   2.000000E-04   5.224671E-05   7.735341E-05   7.013708E-05   8.332882E-05   2.187878E-05   5.918686E-05   8.080432E-05   2.000000E-05   9.496563E-05   2.945288E-05   1.318065E-04
   1.245075E-04   3.574051E-05   1.426654E-04   4.378288E-05   3.648174E-05   1.397255E-04   2.391494E-05   2.000000E-04   6.549001E-05   8.183079E-05   1.406032E-04   6.248963E-05   7.254216E-05   1.095589E-04   1.362021E-04   5.867618E-05   5.926084E-05   6.325173E-05   1.180609E-04   8.933620E-05
   9.021230E-05   2.000000E-04   8.099538E-05   5.386164E-05   1.130454E-04   5.423406E-05   1.279073E-04   7.088630E-05   3.301854E-05   4.095414E-05   8.927241E-05   2.686280E-05   1.749105E-04   1.453540E-04   2.947332E-05   7.726043E-05   7.091644E-05   1.087278E-04   3.947986E-05   7.743698E-05
   9.088677E-05   1.852054E-04   1.110937E-04   9.642896E-05   1.133687E-04   2.000000E-04   4.565421E-05   7.869011E-05   1.823015E-04   2.000000E-04   7.660497E-05   1.307273E-04   2.000000E-04   7.826515E-05   2.000000E-05   8.659305E-05   2.000000E-04   1.479480E-04   2.480158E-05   7.412131E-05
   9.088677E-05   9.088677E-05   1.587176E-04   5.101240E-05   8.382167E-05   2.000000E-04   2.000000E-04   2.807911E-05   2.000000E-04   7.113415E-05   1.530202E-04   4.985316E-05   4.976366E-05   2.000000E-05   1.195754E-04   3.018442E-05   9.833804E-05   6.097770E-05   1.799090E-04   1.192835E-04
   9.088677E-05   9.088677E-05   9.088677E-05   4.765027E-05   1.967487E-04   1.074533E-04   2.000000E-04   2.000000E-04   1.375990E-04   2.000000E-04   2.000000E-04   3.681848E-05   2.000000E-04   3.963345E-05   7.899578E-05   7.795761E-05   1.864575E-04   8.239308E-05   5.105730E-05   2.580856E-05
   9.088677E-05   9.088677E-05   9.088677E-05   9.088677E-05   2.000000E-04   1.075805E-04   2.978719E-05   7.081993E-05   2.000000E-04   2.000000E-04   2.000000E-04   4.368853E-05   1.347793E-04   2.000000E-05   2.878630E-05   1.003862E-04   7.318481E-05   4.959461E-05   5.181765E-05   9.088677E-05
   9.088677E-05   9.088677E-05   9.088677E-05   9.088677E-05   4.960150E-05   1.003427E-04   1.001115E-04   2.000000E-04   2.000000E-04   8.744861E-05   2.000000E-04   2.000000E-04   1.348776E-04   6.434073E-05   2.942484E-05   1.333198E-04   7.226247E-05   1.758263E-04   7.419117E-05   9.088677E-05
   9.088677E-05   9.088677E-05   9.088677E-05   9.088677E-05   9.088677E-05   1.189195E-04   2.000000E-04   2.000000E-04   6.695722E-05   6.138493E-05   2.000000E-04   2.000000E-04   6.042598E-05   2.000000E-04   5.839429E-05   2.000000E-05   2.000000E-05   3.170782E-05   9.088677E-05   9.088677E-05
   9.088677E-05   9.088677E-05   9.088677E-05   9.088677E-05   9.088677E-05   1.928063E-04   8.406449E-05   1.362939E-04   2.000000E-04   4.388744E-05   1.453925E-04   2.000000E-04   1.305235E-04   2.483314E-05   8.447789E-05   3.675286E-05   1.098479E-04   9.088677E-05   9.088677E-05   9.088677E-05
   9.088677E-05   9.088677E-05   9.088677E-05   9.088677E-05   9.088677E-05   4.192545E-05   2.000000E-04   2.000000E-04   1.083974E-04   2.000000E-04   1.330277E-04   5.873191E-05   1.057356E-04   8.646050E-05   1.024757E-04   2.000000E-05   9.088677E-05   9.088677E-05   9.088677E-05   9.088677E-05
