   3.163932E-05   8.709551E-05   1.374119E-04   1.063013E-04   6.715080E-05   4.221881E-05   8.253864E-05   8.127366E-05   1.271472E-04   4.077617E-05   3.800095E-05   2.196097E-05   5.851631E-05   4.326751E-05   9.058705E-05   2.000000E-05   3.335123E-05   4.347516E-05   4.389032E-05   3.195270E-05
   2.000000E-04   6.606469E-05   2.349069E-05   2.000000E-05   2.000000E-05   1.877443E-04   1.786226E-04   2.986230E-05   8.954453E-05   6.944448E-05   3.434983E-05   6.817581E-05   2.972308E-05   1.190333E-04   4.319694E-05   7.781236E-05   8.448153E-05   6.655522E-05   2.000000E-05   1.226341E-04
   2.000000E-05   3.990712E-05   1.086551E-04   2.061045E-05   2.000000E-04   3.484224E-05   7.404256E-05   1.003731E-04   2.149911E-05   2.000000E-05   2.100194E-05   3.138504E-05   2.000000E-05   7.228244E-05   2.000000E-05   5.096469E-05   1.317638E-04   4.459320E-05   3.599062E-05   6.152714E-05
   2.827569E-05   5.679694E-05   5.875143E-05   9.139055E-05   9.266569E-05   2.000000E-04   3.699579E-05   5.665328E-05   3.655709E-05   2.642589E-05   2.707120E-05   2.495450E-05   3.383056E-05   1.651198E-04   1.238965E-04   2.679550E-05   2.000000E-04   1.811560E-04   2.380883E-05   1.790258E-04
   1.121676E-04   2.000000E-04   8.367955E-05   3.699020E-05   2.000000E-04   1.478279E-04   5.567704E-05   2.334793E-05   1.943175E-04   2.000000E-05   3.306266E-05   1.034120E-04   9.456526E-05   3.105714E-05   5.539549E-05   1.156675E-04   2.000000E-04   4.011300E-05   4.888050E-05   5.018968E-05
   2.000000E-04   1.490384E-04   6.810429E-05   2.000000E-04   2.000000E-05   1.398443E-04   7.443805E-05   3.113398E-05   9.021155E-05   7.498166E-05   2.000000E-05   2.000000E-05   7.712010E-05   1.242569E-04   1.382328E-04   5.139708E-05   5.992864E-05   1.309229E-04   1.036714E-04   6.321456E-05
   2.000000E-04   1.616912E-04   2.000000E-04   3.378123E-05   7.304756E-05   5.456419E-05   5.756733E-05   2.493077E-05   3.465510E-05   2.000000E-05   9.010060E-05   7.299563E-05   4.494151E-05   1.450413E-04   2.000000E-04   2.000000E-04   2.000000E-04   5.474759E-05   5.843595E-05   5.514690E-05
   5.247939E-05   9.129361E-05   5.468082E-05   1.617473E-04   6.211828E-05   3.265175E-05   2.857459E-05   2.000000E-05   2.738404E-05   2.366119E-05   2.000000E-05   2.000000E-04   2.000000E-04   8.960318E-05   1.878941E-04   2.000000E-04   4.498119E-05   5.495942E-05   2.000000E-04   4.918341E-05
   8.802182E-05   8.351394E-05   2.000000E-04   1.059565E-04   3.749804E-05   3.749804E-05   3.749804E-05   3.084196E-05   4.433739E-05   2.315706E-05   2.968631E-05   2.978065E-05   2.000000E-04   5.882493E-05   2.000000E-04   2.000000E-04   2.000000E-04   1.928775E-04   2.317937E-05   1.937439E-04
   1.045359E-04   1.265926E-04   1.687044E-04   1.324445E-04   3.749804E-05   3.749804E-05   3.749804E-05   3.749804E-05   5.840104E-05   2.000000E-05   6.674331E-05   5.306920E-05   1.852118E-04   2.000000E-04   9.065218E-05   6.811068E-05   4.364321E-05   7.958758E-05   2.000000E-04   4.829404E-05
   2.000000E-04   2.000000E-05   4.442479E-05   1.663382E-04   3.749804E-05   3.749804E-05   3.749804E-05   3.749804E-05   1.610859E-04   7.000407E-05   1.396024E-04   6.624237E-05   3.625346E-05   2.000000E-04   1.911549E-04   3.983662E-05   2.000000E-04   5.238703E-05   1.269046E-04   1.012728E-04
   5.073142E-05   7.410840E-05   4.596133E-05   7.150468E-05   3.749804E-05   3.749804E-05   3.749804E-05   3.749804E-05   3.911775E-05   5.616159E-05   2.992766E-05   4.955875E-05   8.933367E-05   1.570985E-04   2.000000E-04   1.924392E-04   4.759609E-05   1.849988E-04   8.201971E-05   2.369544E-05
   1.334929E-04   1.172502E-04   8.090959E-05   9.365012E-05   3.749804E-05   3.749804E-05   3.749804E-05   3.749804E-05   1.919592E-04   1.830499E-04   6.001858E-05   2.454850E-05   1.863297E-04   2.000000E-05   6.205839E-05   8.388697E-05   3.620327E-05   2.000000E-04   6.876462E-05   7.178459E-05
   3.709492E-05   2.000000E-04   4.789571E-05   2.318931E-05   3.749804E-05   3.749804E-05   3.749804E-05   3.749804E-05   6.197043E-05   1.355272E-04   3.358290E-05   2.756049E-05   2.477839E-05   2.000000E-05   2.000000E-05   2.000000E-05   3.508319E-05   8.216993E-05   2.000000E-05   5.070993E-05
   9.879827E-05   8.050253E-05   5.451775E-05   3.070500E-05   3.749804E-05   3.749804E-05   3.749804E-05   3.749804E-05   9.479615E-05   2.875872E-05   8.244928E-05   3.754101E-05   2.299056E-05   2.168818E-05   2.000000E-05   2.900161E-05   4.596701E-05   2.000000E-05   2.000000E-05   5.313006E-05
   7.539774E-05   2.357447E-05   4.609653E-05   1.405570E-04   3.749804E-05   3.749804E-05   3.749804E-05   3.749804E-05   1.119099E-04   9.607978E-05   2.544284E-05   6.182533E-05   5.961772E-05   6.174440E-05   4.203826E-05   5.788318E-05   2.000000E-05   2.463230E-05   4.664007E-05   2.000000E-05
   1.479118E-04   7.590012E-05   3.280452E-05   2.000000E-05   3.749804E-05   3.749804E-05   3.749804E-05   3.749804E-05   9.194217E-05   2.000000E-05   2.000000E-05   1.543492E-04   3.654051E-05   3.767295E-05   2.000000E-05   2.777044E-05   2.139300E-05   1.013270E-04   4.059225E-05   6.010125E-05
   1.040566E-04   5.702330E-05   2.000000E-05   2.000000E-04   3.749804E-05   3.749804E-05   3.749804E-05   3.749804E-05   6.682341E-05   2.000000E-05   3.231061E-05   2.000000E-05   3.141852E-05   4.264246E-05   2.000000E-05   5.069180E-05   7.183256E-05   9.930913E-05   7.929408E-05   2.167901E-05
   3.788622E-05   2.618968E-05   9.354941E-05   2.000000E-05   3.749804E-05   3.749804E-05   3.749804E-05   3.749804E-05   3.277375E-05   4.440924E-05   2.514942E-05   5.770506E-05   1.712221E-04   2.000000E-05   7.139653E-05   6.047164E-05   2.000000E-05   3.312758E-05   7.357645E-05   3.123477E-05
   1.916415E-04   2.000000E-04   1.223614E-04   2.000000E-05   3.749804E-05   3.749804E-05   3.749804E-05   3.749804E-05   2.560226E-05   2.030166E-05   4.775258E-05   5.601603E-05   4.644536E-05   1.383327E-04   2.284511E-05   2.866109E-05   4.105925E-05   2.223714E-05   2.000000E-05   8.218892E-05
   2.116469E-05   5.067644E-05   2.000000E-05   2.000000E-05   3.749804E-05   3.749804E-05   3.749804E-05   3.749804E-05   3.785895E-05   7.673964E-05   3.565952E-05   2.387880E-05   3.513498E-05   2.000000E-05   4.085766E-05   2.000000E-05   8.068840E-05   1.245507E-04   1.261748E-04   2.000000E-05
   9.971933E-05   2.000000E-04   8.919687E-05   2.000000E-05   3.749804E-05   3.749804E-05   4.907849E-05   2.000000E-05   4.298721E-05   3.144980E-05   2.000000E-05   1.446980E-04   2.342969E-05   4.116246E-05   3.949937E-05   6.535530E-05   2.000000E-05   3.189714E-05   5.430996E-05   8.028153E-05
   2.000000E-04   2.000000E-04   3.792957E-05   4.574726E-05   2.000000E-05   3.749804E-05   4.403361E-05   2.102534E-05   5.728568E-05   1.021000E-04   4.941558E-05   9.724549E-05   1.276109E-04   2.664640E-05   4.178490E-05   2.000000E-05   2.000000E-05   3.159854E-05   3.710448E-05   5.998676E-05
   5.486463E-05   2.295991E-05   1.127390E-04   9.796613E-05   4.817194E-05   5.231900E-05   4.849981E-05   2.917198E-05   5.681354E-05   1.083899E-04   9.835404E-05   1.589269E-04   3.283538E-05   7.718248E-05   2.375559E-05   4.011092E-05   1.188858E-04   2.000000E-05   3.121531E-05   2.000000E-05
   1.079312E-04   8.450668E-05   1.566218E-04   2.000000E-05   1.157725E-04   2.388636E-05   4.219588E-05   5.481586E-05   2.000000E-04   2.000000E-04   1.842494E-04   1.037800E-04   5.413297E-05   6.808081E-05   5.988993E-05   8.344068E-05   3.685477E-05   1.211554E-04   1.215305E-04   3.858813E-05
   1.663563E-04   3.546791E-05   1.856087E-04   1.271802E-04   4.451305E-05   2.436925E-05   3.846951E-05   2.000000E-05   2.037670E-05   5.382754E-05   1.296700E-04   2.034196E-05   3.799018E-05   4.239960E-05   9.351879E-05   1.861172E-04   5.972062E-05   8.165701E-05   3.949888E-05   1.097049E-04
   1.108604E-04   2.000000E-04   2.000000E-04   1.221365E-04   6.671387E-05   2.000000E-05   2.000000E-05   3.661560E-05   2.128767E-05   4.983117E-05   5.456880E-05   2.000000E-04   2.000000E-04   1.711453E-04   1.692042E-04   1.232545E-04   4.694856E-05   2.000000E-05   8.387183E-05   7.682767E-05
   2.733890E-05   1.590271E-04   1.349250E-04   1.219478E-04   1.176533E-04   4.081286E-05   2.282460E-05   5.460836E-05   7.243051E-05   2.411076E-05   1.104935E-04   6.260814E-05   2.000000E-04   2.807306E-05   1.234800E-04   1.163353E-04   2.000000E-05   1.097596E-04   3.583015E-05   1.188077E-04
   4.911047E-05   1.244142E-04   2.000000E-04   7.670369E-05   6.295217E-05   6.612772E-05   8.755763E-05   9.285860E-05   4.581652E-05   3.858404E-05   2.613467E-05   7.280822E-05   2.488029E-05   2.000000E-04   1.606802E-04   1.120232E-04   1.107634E-04   7.423394E-05   7.790998E-05   7.736714E-05
   1.065330E-04   2.453725E-05   5.893303E-05   1.078145E-04   1.050744E-04   2.000000E-05   4.134494E-05   4.538878E-05   1.683849E-04   2.000000E-05   1.761041E-04   6.820641E-05   2.443205E-05   1.321522E-04   1.911631E-04   3.764674E-05   2.000000E-04   4.598381E-05   1.110762E-04   6.737605E-05
   8.441306E-05   3.845943E-05   6.801924E-05   2.215285E-05   6.357520E-05   5.034047E-05   2.000000E-05   2.208958E-05   3.985955E-05   6.292231E-05   2.000000E-04   1.519988E-04   1.798544E-04   7.468218E-05   2.000000E-04   1.282133E-04   5.662320E-05   5.881080E-05   1.368143E-04   1.519178E-04
   3.413203E-05   1.281643E-04   4.651182E-05   5.506384E-05   2.024975E-05   5.684918E-05   9.955687E-05   3.043109E-05   4.907554E-05   3.776953E-05   1.826002E-04   1.309567E-04   2.000000E-04   3.054547E-05   2.000000E-04   8.559156E-05   2.000000E-04   1.141316E-04   1.519680E-04   5.552493E-05
   3.749804E-05   3.387420E-05   7.282878E-05   9.113171E-05   4.655443E-05   3.907957E-05   5.796883E-05   2.000000E-04   1.485089E-04   4.304758E-05   1.548848E-04   1.530983E-04   1.356497E-04   8.537123E-05   3.591405E-05   2.000000E-04   4.519746E-05   1.259927E-04   2.572826E-05   2.942033E-05
   3.749804E-05   3.749804E-05   9.002243E-05   8.980846E-05   3.456191E-05   4.198973E-05   4.387738E-05   1.332503E-04   1.287460E-04   1.505678E-04   5.390278E-05   2.000000E-04   2.000000E-04   5.715905E-05   9.246719E-05   4.682566E-05   5.258653E-05   5.482766E-05   1.844528E-04   5.298587E-05
   3.749804E-05   3.749804E-05   3.749804E-05   2.603518E-05   4.928512E-05   6.847682E-05   2.000000E-05   8.111858E-05   2.778504E-05   2.402863E-05   1.424006E-04   1.813411E-04   6.349750E-05   1.351405E-04   1.975389E-04   1.109387E-04   8.346372E-05   4.627112E-05   2.627108E-05   1.162386E-04
   3.749804E-05   3.749804E-05   3.749804E-05   3.749804E-05   6.402659E-05   3.401636E-05   2.000000E-05   2.000000E-05   3.821938E-05   1.927329E-04   1.878988E-04   1.787697E-04   2.000000E-04   5.065267E-05   2.000000E-05   1.077098E-04   2.804407E-05   4.904976E-05   1.380719E-04   3.749804E-05
   3.749804E-05   3.749804E-05   3.749804E-05   3.749804E-05   3.978446E-05   4.610284E-05   4.103927E-05   5.129395E-05   7.001435E-05   1.073395E-04   6.188066E-05   1.027311E-04   7.392358E-05   7.427633E-05   1.010081E-04   1.155395E-04   1.437254E-04   4.486854E-05   1.558745E-04   3.749804E-05
   3.749804E-05   3.749804E-05   3.749804E-05   3.749804E-05   3.749804E-05   1.365394E-04   1.028129E-04   7.190291E-05   9.689178E-05   8.572830E-05   4.245157E-05   7.802755E-05   2.690650E-05   8.453308E-05   4.044506E-05   2.067059E-05   7.976361E-05   3.398128E-05   3.749804E-05   3.749804E-05
   3.749804E-05   3.749804E-05   3.749804E-05   3.749804E-05   3.749804E-05   5.492801E-05   2.894416E-05   6.554590E-05   8.040649E-05   6.672927E-05   1.403245E-04   2.000000E-04   8.211421E-05   5.486181E-05   8.466831E-05   1.301481E-04   2.626664E-05   3.749804E-05   3.749804E-05   3.749804E-05
   3.749804E-05   3.749804E-05   3.749804E-05   3.749804E-05   3.749804E-05   4.277185E-05   2.153151E-05   2.361411E-05   7.613218E-05   4.638674E-05   3.923136E-05   1.205995E-04   2.000000E-05   7.040510E-05   5.629843E-05   4.533738E-05   3.749804E-05   3.749804E-05   3.749804E-05   3.749804E-05
