   4.769757E-05   3.699054E-05   2.595852E-05   2.000000E-05   8.793429E-05   3.757604E-05   3.602989E-05   2.276237E-05   1.756190E-04   8.166640E-05   7.163515E-05   6.697764E-05   3.850711E-05   5.750707E-05   2.000000E-05   6.418921E-05   4.018757E-05   1.596655E-04   2.000000E-05   5.478503E-05
   3.177182E-05   3.630285E-05   3.972937E-05   7.702276E-05   2.000000E-05   2.000000E-05   9.332505E-05   7.951169E-05   7.529747E-05   8.941156E-05   6.747559E-05   7.990116E-05   9.416780E-05   5.581955E-05   7.337941E-05   3.460515E-05   6.365702E-05   6.037204E-05   2.115314E-05   2.000000E-05
   6.873480E-05   8.660590E-05   5.962536E-05   5.574828E-05   4.057108E-05   4.693420E-05   2.292471E-05   6.901969E-05   6.008166E-05   2.235451E-05   1.614028E-04   6.504291E-05   2.000000E-05   8.429670E-05   3.921338E-05   2.232793E-05   2.606288E-05   2.122370E-05   2.651522E-05   2.000000E-05
   6.213962E-05   2.000000E-05   3.005283E-05   2.000000E-05   2.000000E-05   9.939561E-05   4.426447E-05   1.060297E-04   5.735314E-05   7.021128E-05   1.724784E-04   8.531014E-05   2.000000E-05   3.813492E-05   4.882993E-05   8.112922E-05   2.000000E-05   2.000000E-05   2.561666E-05   6.388567E-05
   1.385391E-04   1.588586E-04   5.694928E-05   6.771785E-05   3.863054E-05   4.079912E-05   2.000000E-04   5.794949E-05   2.000000E-05   2.000000E-05   1.228616E-04   5.154425E-05   2.972477E-05   2.000000E-05   3.915145E-05   2.198917E-05   2.000000E-04   2.409063E-05   8.088231E-05   2.000000E-04
   1.294462E-04   6.633227E-05   2.166175E-05   2.710421E-05   6.466438E-05   9.414142E-05   9.993745E-05   6.532483E-05   2.000000E-05   7.582985E-05   2.000000E-05   2.983546E-05   3.340729E-05   1.751488E-04   6.323932E-05   3.515185E-05   1.010063E-04   8.143287E-05   4.654992E-05   3.055553E-05
   2.988686E-05   2.000000E-05   3.791429E-05   2.000000E-04   3.565541E-05   2.000000E-04   6.526337E-05   2.076610E-05   6.735455E-05   2.000000E-05   2.264857E-05   2.177458E-05   7.018825E-05   7.757238E-05   2.180473E-05   2.000000E-05   1.407706E-04   4.781975E-05   3.251607E-05   3.269832E-05
   7.685261E-05   4.395564E-05   2.000000E-05   3.579497E-05   3.839040E-05   2.000000E-04   7.766341E-05   7.684045E-05   2.032664E-05   5.848966E-05   2.200292E-05   7.679399E-05   2.497828E-05   3.098784E-05   9.576045E-05   2.000000E-04   2.811294E-05   6.581244E-05   1.030805E-04   4.274007E-05
   2.000000E-05   2.649063E-05   1.215909E-04   9.177718E-05   5.707746E-05   5.707746E-05   5.707746E-05   4.789543E-05   9.881102E-05   3.564785E-05   2.080930E-05   3.854952E-05   2.451178E-05   2.000000E-04   1.264574E-04   5.161207E-05   4.031145E-05   1.477018E-04   2.000000E-04   2.000000E-04
   2.000000E-05   4.869533E-05   4.617489E-05   4.467512E-05   5.707746E-05   5.707746E-05   5.707746E-05   5.707746E-05   9.040233E-05   5.741091E-05   4.878006E-05   5.216990E-05   3.830464E-05   8.223703E-05   1.248429E-04   1.177948E-04   6.645899E-05   4.549385E-05   4.124570E-05   7.916613E-05
   2.000000E-05   2.000000E-05   4.371513E-05   4.795936E-05   5.707746E-05   5.707746E-05   5.707746E-05   5.707746E-05   2.000000E-05   2.000000E-05   1.537313E-04   6.795248E-05   5.997895E-05   1.879559E-04   1.364539E-04   1.653123E-04   4.987097E-05   2.248320E-05   2.843913E-05   2.000000E-05
   2.000000E-05   2.000000E-05   2.495302E-05   3.729536E-05   5.707746E-05   5.707746E-05   5.707746E-05   5.707746E-05   2.000000E-05   2.984101E-05   3.630093E-05   2.000000E-04   3.324748E-05   8.516217E-05   1.102628E-04   3.025314E-05   4.511897E-05   2.483279E-05   4.291517E-05   2.110536E-05
   3.318228E-05   2.278899E-05   3.459839E-05   2.492622E-05   5.707746E-05   5.707746E-05   5.707746E-05   5.707746E-05   2.743610E-05   2.217224E-05   7.052413E-05   2.459794E-05   7.715296E-05   4.002255E-05   1.458319E-04   2.190558E-05   7.972986E-05   6.439300E-05   2.000000E-05   5.299252E-05
   4.227508E-05   2.000000E-05   2.000000E-05   2.415785E-05   5.707746E-05   5.707746E-05   5.707746E-05   5.707746E-05   2.000000E-05   2.483105E-05   4.048039E-05   2.000000E-05   4.142297E-05   5.745254E-05   1.512984E-04   3.110996E-05   2.311462E-05   2.000000E-05   6.067719E-05   6.503345E-05
   3.210034E-05   3.913657E-05   2.000000E-05   2.000000E-05   5.707746E-05   5.707746E-05   5.707746E-05   5.707746E-05   3.192185E-05   2.000000E-05   1.818675E-04   3.716102E-05   3.672689E-05   2.000000E-05   4.010338E-05   2.000000E-05   3.977055E-05   2.593712E-05   2.000000E-05   2.551253E-05
   2.734440E-05   2.000000E-05   2.000000E-05   4.650087E-05   5.707746E-05   5.707746E-05   5.707746E-05   5.707746E-05   2.000000E-05   9.533224E-05   2.000000E-05   2.341009E-05   2.755872E-05   3.410583E-05   1.153149E-04   2.013965E-05   3.697322E-05   2.078984E-05   2.543761E-05   4.460465E-05
   2.667743E-05   2.000000E-05   2.000000E-05   2.754818E-05   5.707746E-05   5.707746E-05   5.707746E-05   5.707746E-05   1.192666E-04   6.638575E-05   2.000000E-05   5.009653E-05   2.000000E-05   2.179964E-05   2.000000E-05   7.493678E-05   2.000000E-05   4.032566E-05   2.000000E-05   2.726524E-05
   2.000000E-05   2.000000E-05   4.738120E-05   2.000000E-05   5.707746E-05   5.707746E-05   5.707746E-05   5.707746E-05   2.345161E-05   2.000000E-05   5.252313E-05   8.145403E-05   4.900054E-05   4.901600E-05   2.000000E-05   2.357944E-05   2.000000E-05   4.564461E-05   2.000000E-05   2.000000E-05
   3.611631E-05   5.552324E-05   2.000000E-05   3.911574E-05   5.707746E-05   5.707746E-05   5.707746E-05   5.707746E-05   1.248990E-04   4.743371E-05   1.177820E-04   2.574875E-05   2.010490E-05   2.000000E-05   3.175865E-05   7.203377E-05   2.000000E-05   5.341851E-05   8.408833E-05   2.000000E-05
   2.000000E-05   2.000000E-05   3.132994E-05   2.361155E-05   5.707746E-05   5.707746E-05   5.707746E-05   5.707746E-05   8.945232E-05   8.041287E-05   4.633961E-05   2.000000E-05   6.015301E-05   6.075122E-05   2.000000E-05   2.000000E-05   2.000000E-05   2.000000E-05   2.959383E-05   2.070475E-05
   2.000000E-05   2.040483E-05   2.858729E-05   2.000000E-05   5.707746E-05   5.707746E-05   5.707746E-05   5.707746E-05   5.173508E-05   5.283928E-05   2.720103E-05   3.702854E-05   6.314557E-05   2.655301E-05   2.496052E-05   2.000000E-05   4.068680E-05   2.000000E-05   2.000000E-05   2.539503E-05
   2.000000E-05   2.000000E-05   3.745569E-05   2.714936E-05   5.707746E-05   5.707746E-05   2.000000E-05   6.677322E-05   2.000000E-05   2.000000E-05   2.594369E-05   5.397261E-05   2.000000E-05   2.000000E-05   3.541678E-05   2.000000E-05   2.000657E-05   3.399203E-05   2.000000E-05   3.050873E-05
   2.582377E-05   2.000000E-05   8.394421E-05   2.000000E-05   3.902040E-05   5.707746E-05   1.731399E-04   1.847693E-04   4.300459E-05   2.789982E-05   2.000000E-05   1.362863E-04   4.464823E-05   2.426250E-05   4.636983E-05   3.567530E-05   2.562336E-05   4.330382E-05   2.000000E-05   2.000000E-05
   3.332456E-05   2.000000E-05   2.000000E-05   2.000000E-05   2.439235E-05   9.089733E-05   2.949778E-05   2.745591E-05   2.000000E-05   4.736426E-05   2.066602E-05   7.796224E-05   2.000000E-05   9.365341E-05   2.000000E-05   3.920082E-05   2.000000E-05   2.950643E-05   2.962967E-05   1.251617E-04
   2.000000E-05   2.000000E-05   2.000000E-05   2.000000E-05   2.000000E-05   2.000000E-05   4.674473E-05   2.299013E-05   3.382817E-05   5.189358E-05   2.000000E-05   2.000000E-05   2.000000E-05   2.000000E-05   2.796810E-05   3.395896E-05   3.332538E-05   3.042439E-05   2.000000E-05   2.000000E-05
   2.000000E-05   2.000000E-05   3.145962E-05   2.207352E-05   2.000000E-05   3.528621E-05   9.621950E-05   6.125997E-05   2.000000E-05   5.691655E-05   2.000000E-05   2.000000E-05   2.000000E-05   1.146172E-04   2.112129E-05   2.000000E-05   4.776822E-05   2.158638E-05   2.000000E-05   2.459290E-05
   2.000000E-05   2.000000E-05   2.000000E-05   2.000000E-05   3.201661E-05   2.000000E-05   2.000000E-05   2.000000E-05   3.658413E-05   3.752896E-05   2.369717E-05   2.000000E-05   2.029151E-05   7.669252E-05   3.864571E-05   2.000000E-05   2.000000E-05   3.502418E-05   2.000000E-05   2.000000E-05
   4.834086E-05   2.000000E-05   2.000000E-05   2.862457E-05   2.983518E-05   2.959747E-05   2.000000E-05   2.000000E-05   8.825995E-05   3.932641E-05   8.900018E-05   5.433077E-05   2.592345E-05   2.000000E-05   2.000000E-05   2.000000E-05   2.000000E-05   4.368522E-05   2.000000E-05   2.229451E-05
   2.000000E-05   2.000000E-05   3.560720E-05   2.000000E-05   2.000000E-05   7.072024E-05   4.374847E-05   2.000000E-05   2.000000E-05   4.391779E-05   8.809897E-05   3.239224E-05   2.000000E-05   4.227330E-05   2.461544E-05   2.000000E-05   2.000000E-05   2.000000E-05   9.480728E-05   2.000000E-05
   2.000000E-05   2.000000E-05   2.000000E-05   2.000000E-05   2.000000E-05   2.565664E-05   2.000000E-05   7.799662E-05   7.862951E-05   4.133175E-05   3.861081E-05   2.000000E-05   5.603530E-05   2.255090E-05   3.531523E-05   3.584061E-05   2.000000E-05   2.000000E-05   2.000000E-05   2.000000E-05
   4.319298E-05   4.702808E-05   2.000000E-05   2.000000E-05   2.000000E-05   3.582819E-05   4.002022E-05   3.331746E-05   5.355738E-05   4.493864E-05   4.676467E-05   2.000000E-05   5.989269E-05   2.000000E-05   2.000000E-05   2.000000E-05   2.000000E-05   4.348131E-05   2.000000E-05   2.053840E-05
   2.439762E-05   2.000000E-05   3.226832E-05   1.264448E-04   2.000000E-05   1.772867E-04   2.312355E-05   5.581677E-05   2.000000E-05   2.000000E-05   3.291046E-05   3.178250E-05   3.397521E-05   2.000000E-05   2.000000E-05   2.000000E-05   2.000000E-05   2.000000E-05   7.682213E-05   2.097024E-05
   5.707746E-05   2.000000E-05   2.000000E-05   2.000000E-05   1.724501E-04   7.130726E-05   2.000000E-05   2.929680E-05   1.335864E-04   2.000000E-05   2.085738E-05   2.000000E-05   2.000000E-05   2.000000E-05   2.000000E-05   2.000000E-05   2.000000E-05   4.143965E-05   2.000000E-05   2.112910E-05
   5.707746E-05   5.707746E-05   2.000000E-05   3.181520E-05   3.439580E-05   1.600964E-04   8.696595E-05   2.232247E-05   4.038670E-05   2.000000E-05   6.773520E-05   2.463872E-05   3.015455E-05   2.000000E-05   2.000000E-05   2.000000E-05   4.023764E-05   2.736236E-05   7.994845E-05   2.000000E-05
   5.707746E-05   5.707746E-05   5.707746E-05   2.000000E-05   2.516832E-05   6.478134E-05   7.429100E-05   1.348756E-04   4.808577E-05   2.000000E-05   2.000000E-05   2.000000E-05   2.000000E-05   3.748220E-05   2.000000E-05   2.000000E-05   3.032634E-05   2.000000E-05   2.000000E-05   2.000000E-05
   5.707746E-05   5.707746E-05   5.707746E-05   5.707746E-05   1.734572E-04   4.080420E-05   2.481436E-05   2.037170E-05   6.398007E-05   2.804033E-05   2.000000E-05   2.000000E-05   2.324796E-05   2.338165E-05   2.065835E-05   2.350800E-05   2.000000E-05   2.304848E-05   2.000000E-05   5.707746E-05
   5.707746E-05   5.707746E-05   5.707746E-05   5.707746E-05   2.000000E-05   2.000000E-05   3.688673E-05   4.524910E-05   2.000000E-05   3.237123E-05   2.000000E-05   2.000000E-05   3.666007E-05   2.000000E-05   2.000000E-05   2.646790E-05   2.000000E-05   2.000000E-05   2.000000E-05   5.707746E-05
   5.707746E-05   5.707746E-05   5.707746E-05   5.707746E-05   5.707746E-05   3.026232E-05   4.496681E-05   2.000000E-05   2.193434E-05   2.674908E-05   2.000000E-05   2.000000E-05   2.000000E-05   8.016088E-05   2.000000E-05   2.000000E-05   2.000000E-05   2.000000E-05   5.707746E-05   5.707746E-05
   5.707746E-05   5.707746E-05   5.707746E-05   5.707746E-05   5.707746E-05   4.492456E-05   3.793569E-05   4.899795E-05   2.000000E-05   2.000000E-05   6.442464E-05   7.519276E-05   2.000000E-05   2.000000E-05   3.875008E-05   3.347623E-05   2.000000E-05   5.707746E-05   5.707746E-05   5.707746E-05
   5.707746E-05   5.707746E-05   5.707746E-05   5.707746E-05   5.707746E-05   1.218685E-04   7.039598E-05   4.971131E-05   6.884027E-05   2.000000E-05   3.654357E-05   2.833459E-05   2.103478E-05   2.000000E-05   2.000000E-05   2.000000E-05   5.707746E-05   5.707746E-05   5.707746E-05   5.707746E-05
