   2.000000E-05   2.000000E-05   2.000000E-05   2.000000E-05   2.000000E-05   2.000000E-05   3.120572E-05   7.237944E-05   2.316645E-05   2.000000E-05   2.000000E-05   2.969315E-05   6.374545E-05   4.018126E-05   5.314001E-05   5.797303E-05   4.450060E-05   2.000000E-05   2.004749E-05   2.000000E-05
   2.000000E-05   2.073402E-05   2.000000E-05   2.000000E-05   4.905402E-05   2.000000E-05   2.000000E-05   2.000000E-05   7.570770E-05   2.000000E-05   2.000000E-05   2.429723E-05   5.076530E-05   2.000000E-05   5.913147E-05   2.294990E-05   2.244609E-05   3.184429E-05   6.190380E-05   2.107714E-05
   2.000000E-05   2.000000E-05   2.000000E-05   2.191056E-05   2.277509E-05   2.820147E-05   2.000000E-05   3.469906E-05   2.000000E-05   2.325405E-05   4.343799E-05   2.000000E-05   2.842996E-05   5.337244E-05   8.911856E-05   2.000000E-05   2.000000E-05   3.208871E-05   4.213908E-05   2.875647E-05
   2.000000E-05   2.000000E-05   4.225690E-05   2.000000E-05   2.000000E-05   2.782194E-05   7.244750E-05   2.000000E-05   2.000000E-05   2.320290E-05   3.389756E-05   3.102244E-05   4.782053E-05   2.000000E-05   5.901761E-05   1.686261E-04   2.000000E-05   2.634264E-05   4.814374E-05   4.342086E-05
   2.000000E-05   3.446275E-05   2.000000E-05   2.000000E-05   2.000000E-05   3.122754E-05   2.000000E-05   6.485431E-05   6.173307E-05   5.199344E-05   6.122001E-05   2.370372E-05   2.686533E-05   1.678459E-04   1.435892E-04   1.046301E-04   1.083931E-04   2.000000E-05   2.868505E-05   8.485896E-05
   2.533123E-05   2.000000E-05   2.000000E-05   2.000000E-05   3.998711E-05   2.000000E-05   2.000000E-05   4.183116E-05   2.000000E-05   6.339205E-05   2.000000E-05   2.025082E-05   1.616152E-04   2.000000E-05   7.336513E-05   2.000000E-05   7.900517E-05   3.661302E-05   5.682211E-05   2.328480E-05
   2.000000E-05   2.000000E-05   2.000000E-05   2.000000E-05   3.356416E-05   2.000000E-05   5.211005E-05   1.627968E-04   2.283319E-05   5.304610E-05   2.132575E-05   3.933330E-05   3.609828E-05   6.445189E-05   5.483078E-05   1.290284E-04   4.824914E-05   3.175060E-05   3.467995E-05   4.238362E-05
   9.772446E-05   1.127750E-04   2.000000E-05   3.036914E-05   2.467563E-05   1.332446E-04   1.710362E-04   4.048895E-05   6.124863E-05   4.603233E-05   2.000000E-05   2.000000E-05   4.240455E-05   2.000000E-05   4.947486E-05   8.658597E-05   1.461573E-04   3.623751E-05   2.000000E-05   4.736037E-05
   6.371261E-05   2.000000E-05   5.620628E-05   2.917574E-05   2.972613E-05   2.972613E-05   2.972613E-05   2.394271E-05   3.721959E-05   2.815892E-05   5.104860E-05   2.000000E-05   4.661602E-05   3.158248E-05   9.531413E-05   5.254628E-05   2.000000E-05   3.524327E-05   3.439108E-05   2.000000E-05
   2.874191E-05   2.000000E-05   2.000000E-05   9.586466E-05   2.972613E-05   2.972613E-05   2.972613E-05   2.972613E-05   2.314681E-05   4.750216E-05   2.000000E-05   3.465567E-05   8.613298E-05   3.572393E-05   2.414885E-05   6.484539E-05   3.966441E-05   8.912966E-05   9.123867E-05   8.418508E-05
   2.000000E-05   2.000000E-05   6.703810E-05   2.000000E-04   2.972613E-05   2.972613E-05   2.972613E-05   2.972613E-05   2.676052E-05   2.000000E-05   2.648576E-05   3.274414E-05   4.638785E-05   2.783278E-05   1.006603E-04   1.295928E-04   2.000000E-05   1.810054E-04   9.105153E-05   2.000000E-05
   5.134841E-05   2.000000E-05   2.588727E-05   5.175881E-05   2.972613E-05   2.972613E-05   2.972613E-05   2.972613E-05   3.231117E-05   2.000000E-05   2.000000E-05   2.000000E-05   2.000000E-05   8.850493E-05   2.000000E-05   2.000000E-04   2.000000E-05   2.000000E-05   6.209121E-05   4.339112E-05
   2.046497E-05   4.563283E-05   5.694472E-05   2.000000E-05   2.972613E-05   2.972613E-05   2.972613E-05   2.972613E-05   3.118559E-05   2.000000E-05   2.000000E-05   3.870312E-05   7.051367E-05   1.713384E-04   6.211061E-05   2.000000E-05   7.193021E-05   6.214919E-05   4.333493E-05   4.515354E-05
   5.028739E-05   4.505576E-05   2.000000E-05   3.409125E-05   2.972613E-05   2.972613E-05   2.972613E-05   2.972613E-05   7.888599E-05   2.000000E-05   2.000000E-05   1.428554E-04   3.012759E-05   7.739966E-05   2.000000E-04   6.236274E-05   1.124885E-04   7.498964E-05   1.027650E-04   2.905875E-05
   2.000000E-05   2.000000E-05   2.000000E-05   2.000000E-05   2.972613E-05   2.972613E-05   2.972613E-05   2.972613E-05   3.513984E-05   9.246723E-05   2.000000E-05   4.131644E-05   9.220541E-05   1.042678E-04   2.000000E-04   2.000000E-04   1.632165E-04   2.088327E-05   1.265855E-04   3.920930E-05
   7.574210E-05   2.000000E-05   2.000000E-05   2.000000E-05   2.972613E-05   2.972613E-05   2.972613E-05   2.972613E-05   2.000000E-05   3.464335E-05   2.000000E-05   2.000000E-05   4.605942E-05   6.462118E-05   4.695662E-05   1.197049E-04   1.356188E-04   6.327081E-05   2.000000E-05   8.692205E-05
   2.000000E-05   2.060258E-05   3.001943E-05   2.000000E-05   2.972613E-05   2.972613E-05   2.972613E-05   2.972613E-05   2.221156E-05   2.000000E-05   4.512468E-05   2.000000E-05   8.772853E-05   2.000000E-05   1.164123E-04   4.590723E-05   4.568350E-05   3.301216E-05   8.054438E-05   2.408980E-05
   2.366106E-05   2.300452E-05   2.000000E-05   2.000000E-05   2.972613E-05   2.972613E-05   2.972613E-05   2.972613E-05   2.000000E-05   2.524070E-05   2.545035E-05   2.000000E-05   2.000000E-05   3.613536E-05   8.372407E-05   4.526267E-05   2.000000E-05   4.784203E-05   2.000000E-05   2.217829E-05
   2.000000E-05   2.000000E-05   3.186756E-05   3.423386E-05   2.972613E-05   2.972613E-05   2.972613E-05   2.972613E-05   2.000000E-05   2.000000E-05   4.143236E-05   2.585892E-05   2.000000E-05   1.179335E-04   5.367979E-05   3.632616E-05   2.600361E-05   5.870560E-05   3.437812E-05   2.000000E-05
   2.014914E-05   4.759536E-05   2.000000E-05   2.265372E-05   2.972613E-05   2.972613E-05   2.972613E-05   2.972613E-05   1.113611E-04   6.800237E-05   2.000000E-05   2.000000E-05   2.399457E-05   2.931102E-05   2.000000E-05   2.000000E-05   2.148496E-05   2.000000E-05   2.782200E-05   4.678543E-05
   2.000000E-05   2.674743E-05   2.166853E-05   2.000000E-05   2.972613E-05   2.972613E-05   2.972613E-05   2.972613E-05   5.863465E-05   4.012130E-05   3.444790E-05   1.541515E-04   6.463828E-05   4.595295E-05   2.000000E-05   2.000000E-05   2.453089E-05   4.148459E-05   2.629533E-05   2.140032E-05
   2.000000E-05   3.116383E-05   2.000000E-05   3.265803E-05   2.972613E-05   2.972613E-05   2.000000E-05   2.752155E-05   2.637469E-05   8.818856E-05   4.334022E-05   1.045220E-04   6.081069E-05   2.000000E-05   2.000000E-05   5.865429E-05   6.761366E-05   3.472374E-05   5.248159E-05   2.295000E-05
   2.955073E-05   5.685072E-05   2.112154E-05   3.339759E-05   5.210273E-05   2.972613E-05   3.164133E-05   5.300204E-05   2.000000E-05   4.026601E-05   1.264147E-04   1.406018E-04   2.000000E-05   3.182438E-05   2.000000E-05   8.713516E-05   2.738633E-05   2.000000E-05   3.246284E-05   5.794909E-05
   1.863621E-04   7.728418E-05   2.000000E-05   5.046553E-05   4.087835E-05   1.501893E-04   9.147758E-05   3.753167E-05   1.017040E-04   8.444628E-05   4.313290E-05   6.161828E-05   7.285332E-05   2.502162E-05   1.442670E-04   2.000000E-05   4.339775E-05   5.683115E-05   2.450444E-05   2.384285E-05
   7.084931E-05   4.379740E-05   4.828641E-05   2.000000E-05   2.000000E-05   1.042983E-04   2.000000E-05   3.181453E-05   3.062567E-05   9.757427E-05   9.382954E-05   2.000000E-05   9.414270E-05   5.374472E-05   3.461551E-05   1.510457E-04   2.000000E-05   3.330100E-05   3.047270E-05   2.000000E-04
   2.063767E-05   1.667409E-04   6.401255E-05   3.718596E-05   3.975164E-05   2.512738E-05   2.000000E-05   2.000000E-05   6.335407E-05   3.418035E-05   4.996306E-05   1.792100E-04   2.000000E-04   8.378743E-05   6.967705E-05   1.458411E-04   9.501694E-05   3.078340E-05   2.000000E-05   1.791088E-04
   8.108026E-05   3.123158E-05   2.000000E-04   2.000000E-05   2.000000E-05   2.000000E-05   2.000000E-05   2.000000E-05   2.861425E-05   3.714318E-05   2.687190E-05   3.263963E-05   2.730661E-05   4.559457E-05   2.000000E-04   4.802397E-05   1.532778E-04   2.000000E-05   5.625081E-05   6.905571E-05
   2.000000E-04   1.105822E-04   4.535735E-05   2.292933E-05   2.000000E-05   4.064530E-05   2.000000E-05   2.000000E-05   3.066751E-05   3.943351E-05   2.894845E-05   2.111877E-05   4.840713E-05   2.927187E-05   7.023775E-05   8.590763E-05   3.240476E-05   2.782827E-05   2.845224E-05   5.898856E-05
   1.320351E-04   5.700436E-05   4.714127E-05   6.603318E-05   5.220606E-05   3.403933E-05   2.000000E-05   7.014529E-05   2.000000E-05   3.867305E-05   3.079523E-05   4.063269E-05   1.607982E-04   1.684509E-04   9.559821E-05   4.194493E-05   3.719173E-05   1.007152E-04   3.539316E-05   7.696844E-05
   2.287001E-05   4.716573E-05   7.695878E-05   1.117970E-04   1.706058E-04   4.872418E-05   7.969132E-05   2.000000E-05   9.488518E-05   2.000000E-05   2.788796E-05   1.578173E-04   2.000000E-05   9.908608E-05   8.123523E-05   4.766125E-05   4.164283E-05   3.259451E-05   7.590154E-05   2.000000E-05
   1.313783E-04   8.330552E-05   4.885772E-05   5.425549E-05   1.923366E-04   4.070530E-05   5.210548E-05   1.553321E-04   2.283191E-05   2.968325E-05   1.470652E-04   2.000000E-05   9.712903E-05   1.158155E-04   9.607421E-05   6.116254E-05   7.474156E-05   5.192317E-05   1.452233E-04   6.007388E-05
   2.233752E-05   2.000000E-05   2.000000E-05   1.063943E-04   5.770595E-05   1.444580E-04   2.904479E-05   4.902667E-05   6.543392E-05   2.000000E-05   5.422313E-05   1.146571E-04   1.416833E-04   2.000000E-05   6.315321E-05   6.863405E-05   1.629672E-04   5.946031E-05   6.410844E-05   2.000000E-05
   2.972613E-05   3.444119E-05   1.457161E-04   1.233671E-04   8.239079E-05   7.445030E-05   4.065410E-05   7.440909E-05   2.000000E-05   2.000000E-05   2.000000E-05   2.070308E-05   5.455963E-05   5.228013E-05   8.792570E-05   9.646698E-05   1.716813E-04   9.977220E-05   9.481067E-05   8.216343E-05
   2.972613E-05   2.972613E-05   9.040376E-05   1.022867E-04   2.000000E-05   1.625865E-04   2.000000E-05   2.071946E-05   2.000000E-05   2.000000E-05   2.230664E-05   2.203657E-05   3.239352E-05   2.215462E-05   9.035037E-05   5.767176E-05   2.000000E-04   2.467257E-05   5.360800E-05   8.736801E-05
   2.972613E-05   2.972613E-05   2.972613E-05   6.403099E-05   7.424137E-05   7.419950E-05   2.000000E-05   2.000000E-05   2.000000E-05   2.990051E-05   2.000000E-05   3.645767E-05   4.597586E-05   4.283361E-05   6.031902E-05   1.490206E-04   8.018456E-05   2.000000E-04   2.251542E-05   3.748427E-05
   2.972613E-05   2.972613E-05   2.972613E-05   2.972613E-05   2.839380E-05   4.922267E-05   3.416414E-05   2.221839E-05   4.339039E-05   2.155038E-05   2.794119E-05   2.000000E-05   1.820623E-04   7.526485E-05   8.734843E-05   8.594851E-05   4.219105E-05   1.184103E-04   1.180223E-04   2.972613E-05
   2.972613E-05   2.972613E-05   2.972613E-05   2.972613E-05   4.021233E-05   2.000000E-05   3.020733E-05   2.000000E-05   3.028209E-05   6.887423E-05   2.000000E-05   9.445911E-05   2.838712E-05   4.533273E-05   1.123450E-04   2.000000E-05   2.000000E-04   2.824508E-05   9.653062E-05   2.972613E-05
   2.972613E-05   2.972613E-05   2.972613E-05   2.972613E-05   2.972613E-05   2.601917E-05   1.231747E-04   2.000000E-05   2.000000E-05   2.000000E-05   7.311055E-05   6.050922E-05   2.000000E-05   1.349344E-04   2.000000E-04   7.746013E-05   3.750570E-05   6.382240E-05   2.972613E-05   2.972613E-05
   2.972613E-05   2.972613E-05   2.972613E-05   2.972613E-05   2.972613E-05   2.000000E-05   2.000000E-05   3.861461E-05   2.000000E-05   4.795695E-05   3.564886E-05   2.304869E-05   4.159075E-05   6.926103E-05   3.402801E-05   3.353132E-05   2.000000E-05   2.972613E-05   2.972613E-05   2.972613E-05
   2.972613E-05   2.972613E-05   2.972613E-05   2.972613E-05   2.972613E-05   6.143233E-05   2.000000E-05   3.576677E-05   6.126221E-05   5.815676E-05   7.912141E-05   2.000000E-05   3.477005E-05   2.000000E-05   6.141337E-05   1.336478E-04   2.972613E-05   2.972613E-05   2.972613E-05   2.972613E-05
