   6.001104E+01   5.115249E+01   4.290320E+01   3.207153E+01   1.000000E+02   1.736259E+01   5.582614E+01   2.370627E+01   1.000000E+02   3.454133E+01   4.129349E+01   9.041917E+01   5.210536E+01   5.458748E+01   1.000000E+02   1.465454E+01   1.000000E+02   3.273762E+01   3.699972E+01   5.116215E+01
   1.000000E+02   2.657069E+01   3.036454E+01   1.000000E+02   7.143463E+01   3.828777E+01   2.939023E+01   1.322212E+01   4.568103E+01   1.124147E+01   4.188837E+01   3.598560E+01   3.858234E+01   8.326258E+01   3.034934E+01   5.341425E+01   1.000000E+02   6.601153E+01   9.741964E+01   1.000000E+02
   7.640302E+01   1.000000E+02   4.404729E+01   7.189674E+01   4.244902E+01   4.854487E+01   7.093794E+01   2.228428E+01   2.577336E+01   1.000000E+02   2.883070E+01   3.201170E+01   1.016763E+01   1.000000E+02   4.337336E+01   1.918347E+01   9.980994E+01   1.000000E+02   8.658938E+01   6.091357E+01
   1.120778E+01   1.000000E+02   3.031144E+01   1.000000E+02   4.050294E+01   6.383389E+01   7.451746E+01   6.711030E+01   1.000000E+02   4.685027E+01   2.123077E+01   8.888349E+01   1.000000E+02   1.000000E+02   5.699437E+01   9.816701E+01   1.000000E+02   5.233381E+01   4.945847E+01   8.173862E+01
   4.328075E+01   1.874111E+01   8.697804E+01   2.085052E+01   2.211485E+01   1.000000E+02   1.000000E+02   1.000000E+02   4.045409E+01   3.624695E+01   5.226187E+01   6.240153E+01   6.956833E+01   1.000000E+02   4.804236E+01   1.752799E+01   2.984225E+01   1.000000E+02   1.000000E+02   7.213539E+01
   5.828788E+01   1.000000E+02   8.838806E+01   3.435638E+01   1.686927E+01   3.096912E+01   1.000000E+02   4.921606E+01   4.163713E+01   4.121864E+01   3.712922E+01   2.162250E+01   9.597610E+01   1.000000E+02   1.000000E+02   1.000000E+02   1.000000E+02   5.632939E+01   1.000000E+02   1.000000E+02
   1.000000E+02   5.749175E+01   2.379836E+01   5.922272E+01   2.297647E+01   5.555883E+01   2.683503E+01   6.124664E+01   6.632069E+01   5.605563E+01   2.772999E+01   9.472483E+01   1.000000E+02   6.559195E+01   1.000000E+02   1.000000E+02   9.910470E+01   9.431142E+01   4.711662E+01   6.582097E+01
   1.000000E+02   1.000000E+02   8.365109E+01   8.021211E+01   9.739473E+01   2.059093E+01   1.000000E+02   1.000000E+02   9.710072E+01   5.767669E+01   1.000000E+02   5.424473E+01   5.108055E+01   1.000000E+02   3.464814E+01   4.551494E+01   5.096234E+01   7.742213E+01   1.000000E+02   1.000000E+02
   1.000000E+02   1.000000E+02   1.000000E+02   2.012452E+01   3.000000E+01   3.000000E+01   3.000000E+01   4.007276E+01   8.746552E+01   1.000000E+02   1.000000E+02   1.000000E+02   1.000000E+02   1.000000E+02   1.000000E+02   2.398097E+01   2.757844E+01   1.000000E+02   1.000000E+02   1.000000E+02
   1.000000E+02   1.000000E+02   9.039355E+01   9.949495E+01   3.000000E+01   3.000000E+01   3.000000E+01   3.000000E+01   6.280709E+01   1.000000E+02   1.000000E+02   1.000000E+02   1.000000E+02   6.876548E+01   1.000000E+02   2.748191E+01   9.916787E+01   6.556668E+01   1.000000E+02   1.000000E+02
   1.000000E+02   1.000000E+02   1.000000E+02   1.000000E+02   3.000000E+01   3.000000E+01   3.000000E+01   3.000000E+01   6.778716E+01   5.390718E+01   1.000000E+02   1.000000E+02   9.334169E+01   2.983786E+01   1.000000E+02   9.631133E+01   1.000000E+02   1.000000E+02   5.723477E+01   5.895620E+01
   1.000000E+02   1.000000E+02   1.000000E+02   1.000000E+02   3.000000E+01   3.000000E+01   3.000000E+01   3.000000E+01   1.000000E+02   3.795823E+01   1.000000E+02   1.000000E+02   1.000000E+02   4.011200E+01   1.000000E+02   2.183281E+01   1.000000E+02   1.000000E+02   2.560833E+01   9.672730E+01
   1.000000E+02   9.870855E+01   1.000000E+02   1.000000E+02   3.000000E+01   3.000000E+01   3.000000E+01   3.000000E+01   7.336803E+01   1.000000E+02   1.000000E+02   1.000000E+02   1.000000E+02   2.406605E+01   5.049880E+01   1.000000E+02   3.091322E+01   2.659823E+01   7.313879E+01   1.000000E+02
   1.000000E+02   1.000000E+02   1.000000E+02   8.871449E+01   3.000000E+01   3.000000E+01   3.000000E+01   3.000000E+01   9.977994E+01   6.039625E+01   1.000000E+02   7.944464E+01   1.000000E+02   1.000000E+02   9.964734E+01   1.000000E+02   1.000000E+02   1.000000E+02   1.000000E+02   3.424056E+01
   5.983876E+01   1.000000E+02   1.000000E+02   1.000000E+02   3.000000E+01   3.000000E+01   3.000000E+01   3.000000E+01   1.000000E+02   1.000000E+02   4.481868E+01   2.083510E+01   6.281738E+01   1.000000E+02   1.000000E+02   5.341731E+01   5.813551E+01   1.000000E+02   1.000000E+02   5.870487E+01
   4.243291E+01   1.000000E+02   1.000000E+02   7.861691E+01   3.000000E+01   3.000000E+01   3.000000E+01   3.000000E+01   9.169416E+01   1.000000E+02   1.000000E+02   1.000000E+02   1.000000E+02   1.000000E+02   1.000000E+02   1.000000E+02   9.306082E+01   1.000000E+02   8.536656E+01   2.068595E+01
   6.642800E+01   1.000000E+02   1.000000E+02   3.634959E+01   3.000000E+01   3.000000E+01   3.000000E+01   3.000000E+01   9.110415E+01   1.000000E+02   1.000000E+02   7.230879E+01   1.000000E+02   1.000000E+02   1.000000E+02   8.522264E+01   7.668141E+01   9.745955E+01   1.000000E+02   1.698175E+01
   3.817826E+01   2.346550E+01   3.318905E+01   5.044123E+01   3.000000E+01   3.000000E+01   3.000000E+01   3.000000E+01   1.000000E+02   1.000000E+02   1.000000E+02   1.000000E+02   1.000000E+02   8.329518E+01   1.000000E+02   1.000000E+02   3.771507E+01   1.000000E+02   5.068832E+01   5.795770E+01
   4.591554E+01   1.868842E+01   1.000000E+02   1.000000E+02   3.000000E+01   3.000000E+01   3.000000E+01   3.000000E+01   1.000000E+02   1.000000E+02   7.420296E+01   1.000000E+02   1.000000E+02   6.132755E+01   7.572950E+01   3.284910E+01   1.000000E+02   1.000000E+02   7.531079E+01   1.000000E+02
   8.336581E+00   1.000000E+02   1.563572E+01   1.244193E+01   3.000000E+01   3.000000E+01   3.000000E+01   3.000000E+01   7.829475E+01   1.000000E+02   1.000000E+02   8.281109E+01   1.000000E+02   1.000000E+02   1.000000E+02   7.829375E+01   1.000000E+02   4.887516E+01   1.000000E+02   1.000000E+02
   2.347138E+01   4.710803E+01   9.071367E+00   7.784806E+01   3.000000E+01   3.000000E+01   3.000000E+01   3.000000E+01   1.000000E+02   5.741217E+01   1.000000E+02   1.000000E+02   5.462457E+01   1.000000E+02   2.781767E+01   6.320978E+01   4.037848E+01   9.138657E+01   2.775232E+01   5.876182E+01
   6.851374E+00   5.988029E+01   1.173700E+01   3.231311E+01   3.000000E+01   3.000000E+01   1.967859E+01   5.380423E+01   8.639235E+01   1.000000E+02   1.000000E+02   5.991130E+01   8.420202E+01   5.889522E+01   1.142946E+01   2.303958E+01   3.626128E+01   1.000000E+02   2.163375E+01   1.732885E+01
   5.942377E+01   5.351272E+00   9.200370E+01   7.975290E+01   9.899129E+01   3.000000E+01   1.000000E+02   9.443020E+01   9.384021E+01   6.175806E+01   1.000000E+02   4.022473E+01   6.875259E+01   2.020576E+01   2.658209E+01   9.185407E+01   1.731766E+01   3.040160E+01   1.000000E+02   1.000000E+02
   1.406011E+01   6.483942E+00   4.077451E+01   8.465553E+01   6.346252E+01   1.000000E+02   1.000000E+02   1.000000E+02   1.000000E+02   6.816477E+01   9.574936E+01   1.000000E+02   3.623151E+01   4.401906E+01   2.957665E+01   2.948379E+01   2.697900E+01   4.363761E+01   1.000000E+02   1.727751E+01
   3.234873E+01   2.717654E+01   9.512741E+01   2.610140E+01   5.696494E+01   6.839535E+01   1.000000E+02   1.000000E+02   5.182451E+01   1.000000E+02   1.000000E+02   8.529273E+01   4.613398E+01   6.802213E+01   1.563308E+01   2.195322E+01   1.000000E+02   4.487276E+01   1.000000E+02   2.061623E+01
   2.570534E+01   6.526822E+01   3.409389E+01   7.110995E+01   7.137993E+01   1.000000E+02   8.960408E+01   7.604229E+01   7.462114E+01   1.000000E+02   5.945286E+01   4.757432E+01   1.000000E+02   2.302316E+01   7.246269E+01   5.892562E+01   2.976588E+01   8.616767E+00   3.704960E+01   7.893404E+01
   8.265046E+01   2.737157E+01   1.000000E+02   4.417726E+01   4.162770E+01   8.308175E+01   1.000000E+02   1.000000E+02   7.028454E+01   1.000000E+02   5.498341E+01   1.000000E+02   7.114968E+01   5.434609E+01   2.750915E+01   8.588447E+01   3.112599E+01   3.461937E+01   2.922084E+01   1.000000E+02
   5.876517E+01   1.000000E+02   1.000000E+02   1.000000E+02   8.273733E+01   4.156303E+01   3.429206E+01   6.615198E+01   6.093417E+01   4.255800E+01   4.847169E+01   4.129289E+01   6.054273E+01   7.262456E+01   3.442694E+01   3.094468E+01   2.052023E+01   3.798297E+01   1.051190E+01   8.071629E+01
   4.949240E+01   4.092035E+01   1.000000E+02   3.891618E+01   5.132296E+01   8.201072E+01   4.318900E+01   1.000000E+02   7.981205E+01   1.000000E+02   1.000000E+02   1.000000E+02   1.000000E+02   1.170712E+01   6.688337E+01   7.123998E+01   2.879054E+01   4.586457E+01   3.475398E+01   1.998149E+01
   4.217934E+01   1.000000E+02   8.060587E+01   6.852750E+01   5.016154E+01   1.000000E+02   7.404036E+01   1.000000E+02   2.667407E+01   1.000000E+02   9.338574E+01   9.690830E+01   4.392174E+01   2.092775E+01   1.736607E+01   1.000000E+02   1.476677E+01   1.568827E+01   6.085233E+01   2.153300E+01
   1.000000E+02   6.172697E+01   4.848556E+01   4.245006E+01   5.230710E+01   1.000000E+02   1.934820E+01   2.218408E+01   1.000000E+02   2.979400E+01   1.000000E+02   6.114343E+01   1.000000E+02   5.987977E+01   9.949982E+01   4.487881E+01   1.000000E+02   5.285031E+01   1.308111E+01   6.655650E+01
   7.860019E+01   1.324822E+01   3.778137E+01   1.000000E+02   7.179373E+01   6.528063E+01   5.154414E+01   5.053139E+01   2.862123E+01   1.000000E+02   6.872791E+01   1.000000E+02   3.562337E+01   4.746560E+01   1.000000E+02   6.209277E+01   1.000000E+02   5.779044E+01   1.409764E+01   1.000000E+02
   3.000000E+01   3.871760E+01   1.000000E+02   3.903741E+01   7.412850E+01   1.000000E+02   6.746046E+01   8.897065E+01   1.000000E+02   5.637327E+01   1.000000E+02   1.000000E+02   1.000000E+02   9.067672E+01   1.000000E+02   1.000000E+02   2.293035E+01   6.669944E+01   3.417083E+01   2.449671E+01
   3.000000E+01   3.000000E+01   2.397563E+01   4.410269E+01   6.048304E+01   5.967850E+01   1.000000E+02   6.063218E+01   5.713972E+01   1.000000E+02   9.982229E+01   1.000000E+02   1.000000E+02   1.000000E+02   1.000000E+02   9.108007E+01   1.000000E+02   1.000000E+02   6.512854E+01   2.192038E+01
   3.000000E+01   3.000000E+01   3.000000E+01   1.000000E+02   9.206205E+01   1.000000E+02   2.260365E+01   1.000000E+02   1.000000E+02   1.000000E+02   5.256760E+01   1.000000E+02   6.906294E+01   6.371555E+01   1.000000E+02   6.979829E+01   1.000000E+02   9.330652E+01   1.000000E+02   2.090597E+01
   3.000000E+01   3.000000E+01   3.000000E+01   3.000000E+01   3.372018E+01   1.000000E+02   8.493425E+01   1.000000E+02   1.000000E+02   4.291974E+01   1.000000E+02   1.000000E+02   1.000000E+02   4.487957E+01   9.668234E+01   1.000000E+02   6.062812E+01   2.388636E+01   1.000000E+02   3.000000E+01
   3.000000E+01   3.000000E+01   3.000000E+01   3.000000E+01   1.000000E+02   1.000000E+02   1.000000E+02   9.763724E+01   1.000000E+02   8.456173E+01   1.000000E+02   1.000000E+02   9.953618E+01   1.000000E+02   1.000000E+02   1.000000E+02   1.000000E+02   3.168229E+01   5.389753E+01   3.000000E+01
   3.000000E+01   3.000000E+01   3.000000E+01   3.000000E+01   3.000000E+01   2.761899E+01   1.000000E+02   1.000000E+02   1.000000E+02   1.000000E+02   9.478021E+01   9.308275E+01   8.655809E+01   1.000000E+02   5.647685E+01   1.000000E+02   1.998970E+01   6.196449E+01   3.000000E+01   3.000000E+01
   3.000000E+01   3.000000E+01   3.000000E+01   3.000000E+01   3.000000E+01   1.000000E+02   5.134280E+01   1.000000E+02   7.143071E+01   6.729541E+01   5.755467E+01   1.000000E+02   1.000000E+02   1.000000E+02   1.000000E+02   1.000000E+02   4.715574E+01   3.000000E+01   3.000000E+01   3.000000E+01
   3.000000E+01   3.000000E+01   3.000000E+01   3.000000E+01   3.000000E+01   1.000000E+02   1.000000E+02   1.000000E+02   1.000000E+02   1.000000E+02   2.773925E+01   7.564303E+01   7.293582E+01   1.000000E+02   3.568598E+01   1.000000E+02   3.000000E+01   3.000000E+01   3.000000E+01   3.000000E+01
