   2.000000E-05   2.000000E-05   2.000000E-05   2.000000E-05   2.000000E-05   2.000000E-05   2.000000E-05   2.000000E-05   2.000000E-05   3.405280E-05   4.156879E-05   2.000000E-05   2.187350E-05   3.424152E-05   2.000000E-05   4.267395E-05   2.000000E-05   5.190424E-05   2.000000E-05   2.000000E-05
   2.184827E-05   2.000000E-05   2.000000E-05   2.000000E-05   2.000000E-05   2.173126E-05   2.000000E-05   2.000000E-05   2.000000E-05   5.374024E-05   5.441526E-05   2.000000E-05   2.000000E-05   4.350744E-05   2.000000E-05   2.000000E-05   2.000000E-05   2.000000E-05   2.000000E-05   2.000000E-05
   2.000000E-05   2.000000E-05   2.000000E-05   2.000000E-05   2.000000E-05   2.000000E-05   5.241172E-05   2.000000E-05   2.000000E-05   2.104648E-05   5.698389E-05   2.000000E-05   2.000000E-05   2.264610E-05   2.000000E-05   2.000000E-05   2.000000E-05   2.000000E-05   2.000000E-05   2.000000E-05
   2.000000E-05   2.000000E-05   2.000000E-05   2.000000E-05   2.000000E-05   2.000000E-05   2.720335E-05   3.143638E-05   2.000000E-05   5.950247E-05   3.764354E-05   2.000000E-05   2.000000E-05   2.000000E-05   2.000000E-05   3.876299E-05   3.074559E-05   2.000000E-05   2.000000E-05   2.000000E-05
   2.000000E-05   2.000000E-05   2.145450E-05   2.000000E-05   2.000000E-05   2.000000E-05   2.000000E-05   2.000000E-05   2.168143E-05   2.000000E-05   2.000000E-05   2.000000E-05   2.000000E-05   2.000000E-05   2.000000E-05   2.000000E-05   2.000000E-05   2.000000E-05   4.314146E-05   2.000000E-05
   2.000000E-05   2.000000E-05   2.000000E-05   2.000000E-05   2.000000E-05   2.000000E-05   2.000000E-05   2.000000E-05   2.000000E-05   2.000000E-05   4.936598E-05   2.705312E-05   2.000000E-05   2.000000E-05   2.000000E-05   2.348042E-05   2.000000E-05   2.000000E-05   2.000000E-05   2.000000E-05
   2.000000E-05   2.000000E-05   2.000000E-05   2.000000E-05   2.000000E-05   2.000000E-05   2.000000E-05   2.000000E-05   2.000000E-05   2.260496E-05   2.000000E-05   2.000000E-05   2.405194E-05   2.000000E-05   2.000000E-05   2.000000E-05   2.000000E-05   2.000000E-05   2.000000E-05   2.529655E-05
   2.000000E-05   4.493368E-05   2.000000E-05   2.000000E-05   2.000000E-05   2.000000E-05   2.000000E-05   2.000000E-05   2.000000E-05   2.000000E-05   2.000000E-05   2.000000E-05   2.000000E-05   2.000000E-05   2.000000E-05   2.000000E-05   2.000000E-05   2.000000E-05   2.000000E-05   2.000000E-05
   2.000000E-05   2.000000E-05   2.000000E-05   2.783117E-05   2.080315E-05   2.080315E-05   2.080315E-05   2.000000E-05   2.000000E-05   6.629575E-05   4.648631E-05   2.000000E-05   2.000000E-05   2.000000E-05   2.000000E-05   2.000000E-05   2.000000E-05   2.000000E-05   2.879707E-05   2.000000E-05
   2.290965E-05   2.000000E-05   2.000000E-05   2.000000E-05   2.080315E-05   2.080315E-05   2.080315E-05   2.080315E-05   4.080347E-05   5.839669E-05   2.000000E-05   2.224693E-05   2.093680E-05   2.000000E-05   2.000000E-05   2.000000E-05   2.000000E-05   2.000000E-05   2.000000E-05   2.364703E-05
   2.000000E-05   2.339135E-05   7.714457E-05   5.691479E-05   2.080315E-05   2.080315E-05   2.080315E-05   2.080315E-05   2.000000E-05   2.000000E-05   2.000000E-05   3.008673E-05   4.429846E-05   2.000000E-05   4.033141E-05   2.000000E-05   2.000000E-05   2.000000E-05   2.000000E-05   2.000000E-05
   7.090757E-05   2.129498E-05   2.434364E-05   2.018554E-05   2.080315E-05   2.080315E-05   2.080315E-05   2.080315E-05   3.206476E-05   2.789574E-05   2.000000E-05   2.000000E-05   2.000000E-05   2.000000E-05   2.000000E-05   2.000000E-05   2.000000E-05   2.000000E-05   2.000000E-05   2.000000E-05
   2.375120E-05   1.710083E-04   2.074142E-05   5.635531E-05   2.080315E-05   2.080315E-05   2.080315E-05   2.080315E-05   2.000000E-05   3.521228E-05   2.885924E-05   2.000000E-05   2.000000E-05   2.000000E-05   2.000000E-05   2.000000E-05   2.000000E-05   2.000000E-05   2.000000E-05   2.000000E-05
   2.251673E-05   2.089315E-05   4.703611E-05   2.000000E-05   2.080315E-05   2.080315E-05   2.080315E-05   2.080315E-05   2.000000E-05   2.000000E-05   3.174722E-05   8.147004E-05   2.006747E-05   2.000000E-05   2.000000E-05   2.000000E-05   2.000000E-05   2.000000E-05   2.000000E-05   2.000000E-05
   2.077027E-05   2.000000E-04   1.225248E-04   7.873894E-05   2.080315E-05   2.080315E-05   2.080315E-05   2.080315E-05   2.000000E-05   1.052956E-04   6.374580E-05   3.925479E-05   2.244778E-05   2.000000E-05   2.000000E-05   2.000000E-05   2.000000E-05   2.229739E-05   4.845896E-05   4.437085E-05
   2.141677E-05   6.512559E-05   2.000000E-04   1.029000E-04   2.080315E-05   2.080315E-05   2.080315E-05   2.080315E-05   3.185657E-05   3.335401E-05   3.623031E-05   2.000000E-05   2.000000E-05   2.000000E-05   2.000000E-05   2.000000E-05   2.000000E-05   2.000000E-05   2.000000E-05   2.000000E-05
   9.721507E-05   2.000000E-04   6.395358E-05   1.365050E-04   2.080315E-05   2.080315E-05   2.080315E-05   2.080315E-05   4.706240E-05   2.000000E-05   2.000000E-05   4.350935E-05   2.000000E-05   2.000000E-05   2.000000E-05   2.182147E-05   3.480740E-05   2.000000E-05   2.000000E-05   2.000000E-05
   8.271224E-05   1.850648E-04   1.021031E-04   2.000000E-05   2.080315E-05   2.080315E-05   2.080315E-05   2.080315E-05   2.000000E-05   2.000000E-05   2.000000E-05   2.000000E-05   2.000000E-05   2.000000E-05   2.839642E-05   2.000000E-05   2.000000E-05   2.000000E-05   2.000000E-05   2.000000E-05
   5.055249E-05   5.623391E-05   3.471227E-05   2.000000E-05   2.080315E-05   2.080315E-05   2.080315E-05   2.080315E-05   2.000000E-05   2.000000E-05   2.000000E-05   4.273616E-05   2.000000E-05   2.000000E-05   2.000000E-05   2.000000E-05   2.000000E-05   2.000000E-05   3.821637E-05   3.827385E-05
   2.451500E-05   2.089433E-05   8.588714E-05   2.000000E-05   2.080315E-05   2.080315E-05   2.080315E-05   2.080315E-05   2.111928E-05   2.000000E-05   2.000000E-05   3.508020E-05   2.000000E-05   2.000000E-05   2.000000E-05   2.000000E-05   2.000000E-05   2.000000E-05   2.000000E-05   2.000000E-05
   2.418224E-05   2.000000E-05   5.612543E-05   5.438346E-05   2.080315E-05   2.080315E-05   2.080315E-05   2.080315E-05   2.000000E-05   2.000000E-05   2.009202E-05   2.325445E-05   2.000000E-05   3.433690E-05   3.182953E-05   2.000000E-05   2.000000E-05   2.000000E-05   4.547302E-05   2.006725E-05
   5.090288E-05   2.000000E-05   2.796903E-05   2.000000E-05   2.080315E-05   2.080315E-05   2.000000E-05   2.000000E-05   2.000000E-05   2.000000E-05   2.761423E-05   4.776097E-05   2.000000E-05   2.128160E-05   2.000000E-05   3.192892E-05   2.000000E-05   5.062772E-05   2.000000E-05   2.000000E-05
   2.903110E-05   4.346320E-05   2.000000E-05   3.737412E-05   2.514431E-05   2.080315E-05   2.000000E-05   5.800276E-05   2.000000E-05   2.301689E-05   2.000000E-05   2.000000E-05   2.000000E-05   2.000000E-05   4.346172E-05   2.012956E-05   2.000000E-05   2.505642E-05   2.000000E-05   2.000000E-05
   3.193222E-05   2.000000E-05   5.731861E-05   2.000000E-05   3.305298E-05   2.000000E-05   2.000000E-05   2.000000E-05   2.000000E-05   2.000000E-05   2.237315E-05   2.000000E-05   3.471203E-05   2.000000E-05   2.000000E-05   3.650252E-05   2.000000E-05   2.000000E-05   2.477459E-05   2.000000E-05
   2.000000E-05   3.450011E-05   2.000000E-05   2.624944E-05   6.528975E-05   2.000000E-05   2.000000E-05   2.000000E-05   2.000000E-05   2.000000E-05   2.000000E-05   2.000000E-05   2.000000E-05   2.000000E-05   2.000000E-05   2.000000E-05   2.000000E-05   2.000000E-05   3.781377E-05   2.000000E-05
   2.000000E-05   2.000000E-05   2.989807E-05   2.675893E-05   2.000000E-05   2.000000E-05   3.393973E-05   2.559092E-05   2.000000E-05   2.000000E-05   2.000000E-05   2.975637E-05   2.000000E-05   2.000000E-05   2.000000E-05   2.000000E-05   2.000000E-05   2.000000E-05   2.000000E-05   2.395677E-05
   2.075315E-05   3.379996E-05   2.931641E-05   2.000000E-05   2.000000E-05   8.836897E-05   2.570859E-05   2.262157E-05   2.655930E-05   3.212107E-05   2.000000E-05   2.633843E-05   2.000000E-05   2.000000E-05   2.000000E-05   2.000000E-05   2.000000E-05   2.000000E-05   2.000000E-05   2.000000E-05
   2.641468E-05   2.926248E-05   1.027581E-04   2.000000E-05   2.000000E-05   2.000000E-05   2.000000E-05   2.000000E-05   2.000000E-05   4.245491E-05   2.000000E-05   2.000000E-05   2.000000E-05   2.000000E-05   2.000000E-05   2.000000E-05   2.000000E-05   2.000000E-05   2.000000E-05   2.000000E-05
   2.000000E-05   8.230428E-05   2.289679E-05   3.914892E-05   4.793997E-05   2.000000E-05   2.000000E-05   2.000000E-05   2.000000E-05   2.054655E-05   2.000000E-05   2.000000E-05   2.000000E-05   2.000000E-05   2.000000E-05   2.204310E-05   2.000000E-05   3.464590E-05   2.000000E-05   2.000000E-05
   2.000000E-05   3.076725E-05   6.297802E-05   3.675236E-05   2.169889E-05   2.000000E-05   6.419811E-05   2.000000E-05   3.396544E-05   2.000000E-05   2.000000E-05   2.000000E-05   2.000000E-05   2.000000E-05   2.000000E-05   2.000000E-05   2.000000E-05   2.000000E-05   2.000000E-05   2.409468E-05
   6.547542E-05   9.191895E-05   5.295305E-05   3.918831E-05   2.000000E-05   2.000000E-05   2.000000E-05   2.000000E-05   2.000000E-05   2.000000E-05   2.000000E-05   9.404434E-05   2.000000E-05   2.000000E-05   2.000000E-05   2.000000E-05   2.241037E-05   2.000000E-05   2.000000E-05   2.000000E-05
   5.554597E-05   4.393738E-05   2.770704E-05   9.201527E-05   8.726023E-05   2.000000E-05   2.000000E-05   2.000000E-05   2.000000E-05   2.000000E-05   2.058368E-05   2.000000E-05   2.000000E-05   2.000000E-05   2.000000E-05   4.604519E-05   2.000000E-05   2.000000E-05   2.000000E-05   2.000000E-05
   2.080315E-05   4.014508E-05   3.155998E-05   2.307135E-05   2.920009E-05   4.773531E-05   3.070608E-05   2.000000E-05   2.000000E-05   2.525864E-05   4.070376E-05   2.000000E-05   3.043344E-05   2.000000E-05   2.458741E-05   2.000000E-05   2.000000E-05   2.000000E-05   2.000000E-05   2.000000E-05
   2.080315E-05   2.080315E-05   6.328070E-05   2.000000E-05   3.074649E-05   2.905924E-05   2.711047E-05   2.841421E-05   2.326934E-05   3.099158E-05   4.219115E-05   4.163581E-05   2.946133E-05   2.634311E-05   2.000000E-05   2.000000E-05   2.000000E-05   2.026167E-05   2.000000E-05   2.000000E-05
   2.080315E-05   2.080315E-05   2.080315E-05   3.601096E-05   3.515638E-05   2.000000E-05   2.000000E-05   5.535828E-05   3.134801E-05   2.000000E-05   5.147660E-05   6.695367E-05   3.054949E-05   2.000000E-05   2.000000E-05   2.000000E-05   2.000000E-05   2.000000E-05   2.000000E-05   2.046154E-05
   2.080315E-05   2.080315E-05   2.080315E-05   2.080315E-05   2.000000E-05   2.487717E-05   4.850893E-05   2.139726E-05   2.091988E-05   3.695608E-05   8.169311E-05   4.257405E-05   2.406632E-05   2.000000E-05   2.000000E-05   2.000000E-05   2.093851E-05   2.000000E-05   2.000000E-05   2.080315E-05
   2.080315E-05   2.080315E-05   2.080315E-05   2.080315E-05   2.000000E-05   2.130123E-05   4.710345E-05   2.211996E-05   5.036525E-05   3.045178E-05   5.206204E-05   2.000000E-05   2.000000E-05   2.000000E-05   2.000000E-05   2.000000E-05   2.000000E-05   2.000000E-05   2.927263E-05   2.080315E-05
   2.080315E-05   2.080315E-05   2.080315E-05   2.080315E-05   2.080315E-05   2.000000E-05   2.000000E-05   2.000000E-05   5.961574E-05   2.000000E-05   2.000000E-05   3.038256E-05   2.000000E-05   2.196144E-05   3.698656E-05   3.022807E-05   2.000000E-05   2.000000E-05   2.080315E-05   2.080315E-05
   2.080315E-05   2.080315E-05   2.080315E-05   2.080315E-05   2.080315E-05   4.611064E-05   6.104458E-05   2.000000E-05   4.755466E-05   2.077962E-05   2.000000E-05   2.484280E-05   2.389483E-05   4.597441E-05   2.000000E-05   2.000000E-05   2.725288E-05   2.080315E-05   2.080315E-05   2.080315E-05
   2.080315E-05   2.080315E-05   2.080315E-05   2.080315E-05   2.080315E-05   3.146403E-05   2.257849E-05   2.000000E-05   2.000000E-05   2.057205E-05   6.974464E-05   2.067349E-05   2.082547E-05   2.000000E-05   2.000000E-05   2.000000E-05   2.080315E-05   2.080315E-05   2.080315E-05   2.080315E-05
