   1.076614E+01   3.599894E+00   2.272633E+00   1.902594E+01   2.088715E+00   1.356307E+01   2.671450E+00   3.163253E+00   2.122391E+00   5.215260E+00   4.945873E+00   1.516600E+00   1.845577E+01   4.805584E+00   1.477080E+01   1.047960E+01   3.935664E+00   1.850927E+01   4.308211E+00   1.654108E+00
   1.666312E+01   5.127498E+00   6.542414E+00   2.315782E+00   5.633785E+00   5.327970E+00   3.806371E+00   1.684196E+01   2.206248E+00   3.380159E+00   1.471935E+00   2.889462E+00   5.692845E+00   2.371659E+00   6.784554E+00   3.262301E+00   1.096777E+01   4.986737E+00   3.735706E+00   3.035203E+00
   1.116621E+01   3.412592E+00   5.894248E+00   9.864025E-01   5.489570E+00   3.113868E+00   2.767451E+00   5.595811E+00   3.438157E+00   2.734757E+00   4.278530E+00   4.667649E-01   5.493352E+00   1.207927E+01   4.967542E+00   6.413361E+00   6.832144E+00   5.965384E+00   2.926831E+00   6.288056E+00
   5.147421E+00   1.022583E+01   2.893893E+00   3.505051E+00   2.270551E+00   1.077581E+01   7.658827E+00   4.857306E+00   7.506853E-01   5.893626E+00   1.834577E+00   3.223727E+00   1.130274E+01   4.619323E+00   1.583085E+01   1.664129E+01   2.713524E+00   2.987104E+00   3.991067E+00   9.879941E+00
   5.728877E+00   1.828850E+01   8.039299E+00   7.305042E-01   1.912973E+00   2.331014E+00   2.472235E+00   1.032410E+00   8.020677E-01   8.026803E-01   5.834399E-01   4.579055E-01   3.558564E+00   4.644919E+00   1.007157E+01   3.429881E+00   5.075680E+00   1.226363E+01   5.562534E+00   8.619344E+00
   1.678022E+00   3.037019E+00   6.619623E+00   7.449078E+00   9.079729E+00   2.633994E+00   9.907147E-01   5.801207E-01   1.328936E+00   7.979859E-01   5.884107E-01   9.497547E-01   1.571539E+00   3.332971E+00   8.001329E+00   5.194904E+00   4.452855E+00   3.100450E+00   2.571316E+00   7.265312E+00
   7.841940E+00   8.867523E+00   5.844903E+00   1.598959E+00   2.098249E+00   1.122405E+00   7.366591E-01   2.624938E+00   5.099564E+00   8.836623E-01   5.183371E-01   7.534324E-01   3.912352E+00   1.174564E+00   1.149591E+01   4.315888E+00   1.415519E+01   2.125782E+01   1.414140E+00   7.821464E+00
   1.103446E+00   1.851231E+00   4.862169E+00   3.030759E+00   4.662487E-01   9.835451E-01   3.081733E+00   5.437101E-01   3.069685E+00   1.664638E+00   4.593235E+00   5.523232E-01   1.953725E+00   5.263843E+00   2.934517E+00   7.919304E-01   1.067797E+00   1.897555E+00   6.106784E+00   2.352297E+01
   2.390301E+00   3.461023E+00   2.640847E+00   2.265617E+00   3.000000E+00   3.000000E+00   3.000000E+00   5.927189E-01   2.922178E-01   7.799400E-01   1.718512E+00   4.603195E+00   4.317465E+00   3.850756E+00   2.002101E+00   1.459620E+00   2.335456E+00   9.328051E+00   4.925639E+00   4.949918E+00
   5.221961E+00   2.751253E+00   1.575183E+01   4.105790E+00   3.000000E+00   3.000000E+00   3.000000E+00   3.000000E+00   1.355711E+00   9.244115E+00   6.331172E+00   7.748081E+00   2.378980E+00   2.999555E+00   7.879613E+00   1.105291E+00   8.831893E-01   1.608071E+01   7.041737E+00   2.992472E+00
   4.094941E+00   1.493306E+00   8.572164E+00   1.581203E+00   3.000000E+00   3.000000E+00   3.000000E+00   3.000000E+00   5.886965E+00   1.627929E+00   4.480069E+00   3.311879E+00   4.989510E+00   3.589529E+00   2.123121E+01   1.961337E+00   3.247990E+00   2.212680E+00   2.210361E+00   2.899148E+00
   7.505452E+00   1.269184E+00   3.448457E+00   6.795965E+00   3.000000E+00   3.000000E+00   3.000000E+00   3.000000E+00   4.546864E+00   4.154256E+00   3.124087E+00   3.861415E+00   4.807879E+00   7.322428E+00   5.923478E+00   2.090419E+00   2.201262E+00   4.048096E+00   9.072990E-01   7.529238E+00
   4.500120E+00   1.154855E+01   1.147511E+00   6.024703E+00   3.000000E+00   3.000000E+00   3.000000E+00   3.000000E+00   7.213640E+00   4.157253E+00   4.742456E+00   5.415359E+00   2.776999E+00   1.950536E+00   9.222887E-01   7.023207E+00   4.619220E+00   1.795582E+00   1.483424E+00   2.294846E+00
   2.661282E+00   9.366177E+00   5.169750E+00   1.353996E+01   3.000000E+00   3.000000E+00   3.000000E+00   3.000000E+00   3.575754E+00   1.355331E+00   1.777448E+00   1.200371E+00   8.693483E+00   1.005968E+01   2.101141E+00   7.235810E+00   7.323984E+00   9.090920E+00   1.393457E+01   5.374766E+00
   2.084025E+01   1.929654E+00   2.595512E+00   5.127685E+00   3.000000E+00   3.000000E+00   3.000000E+00   3.000000E+00   1.517843E+01   1.148672E+01   4.925012E+00   4.118617E+00   7.222148E+00   3.088324E+00   9.631185E+00   8.827347E+00   7.544165E+00   2.773226E+00   2.162684E+01   1.717443E+00
   1.220470E+01   4.459250E+00   2.260176E+00   1.297872E+01   3.000000E+00   3.000000E+00   3.000000E+00   3.000000E+00   1.438586E+01   7.706303E+00   1.252088E+01   3.473904E+00   1.310657E+00   5.333074E+00   4.074268E+00   1.571296E+00   5.243305E+00   1.350993E+01   5.671897E+00   1.722204E+00
   1.654264E+00   9.467807E+00   9.471282E+00   9.372935E+00   3.000000E+00   3.000000E+00   3.000000E+00   3.000000E+00   1.779832E+01   1.128608E+01   6.541040E+00   5.579820E+00   7.009316E+00   1.002801E+01   5.891105E+00   1.506090E+01   6.050568E+00   4.015682E+00   2.068819E+00   8.767191E+00
   2.873158E+00   1.067187E+01   1.043303E+01   5.305638E+00   3.000000E+00   3.000000E+00   3.000000E+00   3.000000E+00   7.228757E+00   1.504646E+01   1.970758E+01   9.313152E+00   1.911972E+00   2.077756E+00   5.172933E+00   3.437108E+00   2.673998E+00   3.490743E+00   5.943370E+00   2.421913E+00
   2.101948E+00   5.221667E+00   1.584793E+01   1.800084E+01   3.000000E+00   3.000000E+00   3.000000E+00   3.000000E+00   4.627145E+01   3.653617E+00   9.797220E+00   1.106456E+01   8.465278E+00   1.597437E+00   8.915241E+00   2.545358E+00   1.213337E+01   8.727479E+00   5.734934E+00   2.852109E+00
   9.304492E+00   1.316888E+01   1.354563E+01   1.393698E+00   3.000000E+00   3.000000E+00   3.000000E+00   3.000000E+00   2.023770E+01   1.835567E+01   7.611603E+00   1.153747E+01   2.235489E+01   1.390404E+01   8.975569E+00   5.330959E+00   1.137780E+00   5.105751E+00   2.124118E+01   8.479888E+00
   2.755696E+00   1.333171E+00   9.760563E-01   4.064411E+00   3.000000E+00   3.000000E+00   3.000000E+00   3.000000E+00   1.000821E+01   9.981539E+00   9.945449E+00   3.494477E+00   4.183282E+00   1.040258E+01   4.621806E+00   6.514857E+00   4.140327E+00   1.657668E+01   4.226281E+00   6.186547E+00
   5.393012E+00   2.631816E+00   3.490919E+00   3.498379E+00   3.000000E+00   3.000000E+00   1.120194E+01   1.117799E+01   1.005498E+01   2.504845E+00   3.501789E+00   2.272900E+00   3.889702E+01   2.358941E+00   8.296317E+00   4.670399E+00   1.348516E+01   2.878740E+00   4.318537E+00   6.609493E+00
   1.265242E+01   1.050640E+00   2.856563E+00   6.830263E+00   4.750871E+00   3.000000E+00   6.596707E+00   1.235013E+01   7.482387E+00   8.296373E+00   7.203213E+00   5.103668E+00   3.428581E+00   4.856854E+01   9.686561E+00   6.026610E+00   5.875035E+00   1.959507E+00   2.463730E+00   1.076938E+00
   7.150061E-01   2.649476E+00   1.668744E+00   1.932898E+00   1.507909E+00   4.807757E+00   1.911217E+00   2.866406E+00   1.350781E+01   1.678226E+01   2.976873E+00   3.882238E+00   1.377269E+01   2.505694E+00   1.299684E+01   4.403427E+00   4.286788E+00   9.314795E+00   1.786533E+00   1.139394E+00
   4.480168E+00   2.588564E+00   1.368448E+00   1.299962E+00   5.634929E+00   3.909797E+00   2.990267E+00   7.749807E+00   2.296842E+01   4.357219E+00   1.532794E+01   3.864230E+00   3.589235E+00   1.158296E+01   6.551555E+00   1.451246E+01   1.430201E+00   6.653579E+00   1.748629E+00   1.247851E+00
   7.524196E-01   2.650827E+00   5.937904E-01   5.421431E-01   2.366115E+00   7.345202E+00   2.110241E+00   1.572610E+01   1.366352E+01   4.084652E+00   1.186101E+01   1.492945E+00   5.282549E+00   5.421906E+00   4.631043E+00   2.340395E+00   9.013148E+00   6.348367E+00   1.953999E+00   2.478458E+01
   1.273386E+00   1.348572E+00   4.004421E-01   1.503466E+00   8.981029E-01   3.038184E+00   1.407172E+00   7.324285E-01   3.047775E+00   4.771401E+00   1.090448E+00   2.482362E+00   6.716751E+00   2.880041E+00   2.706660E+00   7.305001E+00   2.807943E+00   9.972702E+00   7.399841E+00   3.888178E+00
   1.139455E+00   3.685879E+00   1.454881E+00   4.210335E+00   7.838882E+00   1.010750E+00   6.709663E-01   1.031806E+01   4.441766E+00   1.325969E+01   1.123139E+01   6.489909E+00   1.824750E+00   5.437383E+00   4.468603E+00   1.197223E+01   2.203607E+00   2.616059E+01   1.203984E+01   5.107516E+00
   3.922503E+00   2.244434E+00   8.499641E-01   7.171237E-01   3.800793E-01   9.524933E+00   4.462217E+00   2.355026E+00   6.534397E+00   1.555868E+00   1.123494E+01   4.052215E+00   2.927828E+00   1.282435E+01   5.868702E+00   3.809954E+00   2.369046E+00   2.900549E+01   3.181964E+00   8.300108E+00
   3.815580E-01   1.597290E+00   1.313555E+00   3.352372E-01   1.286188E+00   8.922773E+00   8.687992E-01   2.036717E+00   3.030360E+00   1.151435E+00   1.111381E+01   4.058387E+00   8.421758E-01   5.783963E+00   4.708130E+00   5.577403E+00   4.062199E+00   3.042121E+01   1.486701E+01   2.266579E+01
   3.504197E+00   1.048557E+00   6.260991E-01   1.273053E+00   4.436692E+00   1.239438E+00   1.013858E+00   4.841257E-01   5.325659E+00   6.468833E+00   4.381512E-01   2.601996E+00   9.379583E+00   4.444912E+00   7.921534E+00   7.303549E+00   5.498750E+00   1.395317E+01   6.912111E+00   5.563532E+00
   5.082046E+00   3.768828E+00   4.613024E+00   4.631666E+00   5.851284E+00   2.444231E+00   4.370413E+00   1.695878E+00   2.073228E+00   2.618974E+00   7.735095E-01   6.049812E+00   9.685302E-01   8.683859E+00   4.347691E+00   5.800614E+00   1.026621E+01   4.312403E+00   3.088769E+00   4.413992E+00
   3.000000E+00   3.641587E+00   1.393601E+01   3.905761E+00   2.868473E+00   9.399551E-01   5.793303E+00   1.015600E+00   6.744675E+00   8.649322E+00   1.012035E+01   3.141578E+00   5.087040E+00   1.805074E+00   1.207930E+01   9.807519E+00   1.690509E+01   2.650863E+00   1.066395E+01   2.356005E+00
   3.000000E+00   3.000000E+00   4.644431E+00   3.503816E+00   1.156312E+00   5.008254E+00   1.635290E+00   2.974250E+00   1.526329E+01   4.337377E+00   5.224156E+00   1.159733E+00   2.649510E+00   1.753759E+00   2.888728E+00   1.507892E+01   8.956111E+00   4.832124E+00   3.233905E+00   4.654558E+00
   3.000000E+00   3.000000E+00   3.000000E+00   4.776444E+00   1.755648E+00   2.209716E+00   3.690399E+00   4.806981E+00   1.520367E+00   9.089370E+00   1.241059E+01   2.419701E+00   1.739758E+01   4.418454E+00   2.460441E+01   1.196349E+01   9.078166E+00   1.066974E+00   9.502967E+00   4.482025E+00
   3.000000E+00   3.000000E+00   3.000000E+00   3.000000E+00   5.808770E+00   1.694794E+01   3.780333E+00   5.846444E+00   2.229696E+00   2.211725E+00   2.867950E+00   1.101506E+00   2.176101E+00   2.828129E+00   5.036380E+00   3.923381E+00   2.514848E+01   9.541270E+00   4.996229E+00   3.000000E+00
   3.000000E+00   3.000000E+00   3.000000E+00   3.000000E+00   1.601470E+00   2.463513E+00   1.872371E+00   2.413463E+00   5.196686E+00   1.011626E+01   4.183566E+00   2.941501E+00   4.940302E+00   2.463410E+00   1.921259E+00   1.766903E+00   9.834739E-01   3.371641E+00   1.347083E+01   3.000000E+00
   3.000000E+00   3.000000E+00   3.000000E+00   3.000000E+00   3.000000E+00   3.521999E+00   1.457837E+00   7.865069E+00   3.665668E+00   5.645867E+00   1.017000E+01   1.633640E+01   1.663904E+00   6.002265E+00   1.484781E+01   7.316562E+00   1.426364E+01   9.745171E+00   3.000000E+00   3.000000E+00
   3.000000E+00   3.000000E+00   3.000000E+00   3.000000E+00   3.000000E+00   2.641039E+00   7.834837E+00   1.658135E+00   6.098879E+00   2.498643E+01   2.223033E+00   5.696769E+00   2.184772E+00   1.019057E+01   2.822712E+00   6.356577E+00   4.694914E+00   3.000000E+00   3.000000E+00   3.000000E+00
   3.000000E+00   3.000000E+00   3.000000E+00   3.000000E+00   3.000000E+00   6.489595E+00   3.590262E+00   4.407269E+00   3.589662E+00   5.812377E+00   9.875716E-01   4.233343E+00   7.842022E+00   3.354844E+00   3.102791E+00   1.610774E+00   3.000000E+00   3.000000E+00   3.000000E+00   3.000000E+00
