   9.923697E-02   5.175998E-01   3.272291E-01   9.669628E-02   1.420042E-01   5.728277E-01   5.526541E-02   5.912407E-01   1.305052E-01   2.100413E-01   4.805928E-02   4.650858E-02   9.852203E-01   7.600746E-02   1.837118E-01   1.915313E-01   1.938072E-01   2.329061E-01   7.707349E-01   6.279959E-02
   2.130155E-01   3.707194E-01   5.441644E-01   8.954023E-02   6.796171E-01   4.588644E-01   4.744454E-02   2.890337E-01   4.036930E-02   1.367236E-01   7.167419E-02   6.650542E-02   3.000465E-01   1.556161E+00   3.386919E-01   4.881901E-01   2.000637E-01   5.203943E-01   5.403657E-01   2.680411E-01
   2.140677E-01   4.603106E-01   1.007682E-01   4.479524E-01   1.467713E-01   3.677781E-01   9.797742E-02   3.625339E-01   2.049797E-01   2.824392E-01   2.144371E-01   1.659170E-01   2.733584E-01   5.197226E-01   1.966647E-01   1.095864E-01   5.544241E-01   1.565966E-01   1.131505E+00   6.213144E-01
   2.725964E-01   3.165562E-01   2.998687E-01   2.092023E-01   3.672067E-01   4.364127E-01   9.138823E-02   1.178211E-01   1.772299E-01   6.598157E-01   5.722923E-01   1.508178E-01   2.884884E-01   7.225224E-01   2.324994E-01   1.148885E-01   6.129241E-01   7.905958E-01   3.931244E-01   5.173143E-01
   3.295281E-01   3.479300E-01   5.819389E-02   5.431322E-01   3.137174E-01   9.682307E-02   6.823271E-01   1.828465E-01   4.007134E-01   9.144349E-01   5.125126E-02   3.884523E-01   5.088242E-01   2.211457E-01   2.234464E-01   2.444956E-01   1.158615E+00   1.665247E+00   3.249333E-01   7.899069E-01
   3.545154E-01   1.751721E+00   3.068939E-01   7.391064E-02   3.654590E-01   3.656266E-01   1.341682E-01   4.235367E-01   1.649131E-01   1.282097E-01   4.983985E-02   3.973615E-01   1.729334E-01   1.505101E-01   4.833280E-01   4.797638E-01   2.136400E-01   4.323146E-01   1.607923E-01   1.519299E+00
   8.159736E-02   1.754462E-01   1.091734E-01   1.421245E-01   2.474081E-01   5.939341E-02   3.621060E-02   3.499023E-02   1.976185E-01   1.329530E-01   1.886353E-01   6.395942E-01   5.364068E-01   3.896949E-01   8.290753E-02   1.316474E-01   1.174491E-01   2.044165E-01   9.462806E-01   3.038807E-01
   7.539509E-01   1.190879E+00   5.621151E-01   3.149575E-01   2.109923E-01   4.175874E-01   4.331415E-02   6.822257E-02   7.294796E-01   4.735683E-01   1.378132E-01   1.182170E-01   1.555132E-01   1.974268E-01   1.557143E-01   1.427200E-01   2.638334E-01   2.574057E-01   3.538637E-01   2.402399E-01
   3.098340E-01   3.797290E-01   2.133188E+00   8.702145E-01   3.000000E-01   3.000000E-01   3.000000E-01   1.323782E-01   4.206923E-02   5.320987E-01   4.040053E-02   1.687360E-01   5.500124E-02   1.633144E-01   3.106287E-01   1.736003E-01   1.478013E+00   9.904242E-01   1.211734E-01   4.169436E-01
   9.336341E-01   9.211448E-01   9.890558E-01   3.375635E-01   3.000000E-01   3.000000E-01   3.000000E-01   3.000000E-01   1.240261E-01   1.138709E-01   6.141057E-02   5.536469E-02   1.140610E-01   3.192564E-01   5.199266E-01   4.360368E-01   5.997142E-02   1.358459E-01   2.004894E-01   1.966523E-01
   4.316133E-01   9.282021E-01   2.550677E-01   1.614404E-01   3.000000E-01   3.000000E-01   3.000000E-01   3.000000E-01   1.210607E-01   1.232569E-01   3.050599E-02   6.493687E-02   1.139991E-01   6.461775E-01   4.057914E-01   6.071910E-01   1.995467E-01   1.273698E+00   1.780209E-01   6.405286E-01
   1.241153E+00   1.155191E+00   6.273674E-01   2.936855E-01   3.000000E-01   3.000000E-01   3.000000E-01   3.000000E-01   4.723871E-01   6.538739E-02   2.840133E-01   1.589961E-01   5.019392E-01   1.138709E-01   1.269343E-01   1.425788E-01   6.111620E-02   2.272432E-01   3.571836E-01   1.381068E-01
   2.507346E-01   2.699337E-01   2.439701E-01   4.183023E-01   3.000000E-01   3.000000E-01   3.000000E-01   3.000000E-01   2.721225E-01   1.179437E-01   5.076374E-02   1.237153E-01   9.091668E-02   1.256688E-01   1.616647E-01   4.019698E-01   3.281227E-01   8.420465E-02   4.825412E-02   9.551157E-02
   3.633720E-01   4.709401E-01   4.372100E-01   6.501039E-01   3.000000E-01   3.000000E-01   3.000000E-01   3.000000E-01   1.563372E-01   5.533022E-02   3.287174E-01   5.345161E-02   1.387792E-01   1.639753E-01   1.557020E-01   4.343536E-02   8.438614E-02   2.240851E-01   4.526694E-01   1.637015E-01
   3.803203E-01   7.677510E-01   2.889059E-01   3.315824E-01   3.000000E-01   3.000000E-01   3.000000E-01   3.000000E-01   3.162917E-01   6.457345E-01   9.112633E-02   1.312558E-01   8.906965E-02   3.971597E-01   3.793836E-01   1.037661E-01   3.007928E-01   2.343571E-01   3.304198E-01   2.378184E-01
   6.873811E-01   1.397748E-01   1.360417E-01   9.532232E-02   3.000000E-01   3.000000E-01   3.000000E-01   3.000000E-01   1.975282E-01   1.383392E-01   2.152020E-01   4.777309E-01   7.939825E-01   6.680336E-02   5.307966E-01   3.579522E-01   2.302291E-01   7.092426E-01   5.771434E-01   1.086432E-01
   1.255666E-01   5.854265E-01   2.607705E-01   1.443774E-01   3.000000E-01   3.000000E-01   3.000000E-01   3.000000E-01   1.618628E-01   3.990823E-01   1.087306E-01   5.052970E-02   2.855336E-01   1.370985E-01   4.745237E-02   2.452789E-01   1.203746E-01   3.294338E-01   3.462713E-02   4.166347E-02
   1.214988E-01   2.214241E-01   3.688857E-01   8.189730E-02   3.000000E-01   3.000000E-01   3.000000E-01   3.000000E-01   3.603044E-01   5.842944E-01   3.052548E-01   1.547099E-01   8.576416E-02   4.934269E-01   1.113093E-01   9.027845E-02   1.376398E-01   9.303501E-02   3.695085E-01   6.866302E-02
   9.202338E-02   1.650319E-01   2.565264E-01   6.040920E-02   3.000000E-01   3.000000E-01   3.000000E-01   3.000000E-01   1.361900E-01   3.380586E-01   1.262235E+00   3.919982E-01   1.659429E-01   1.872426E-01   1.458314E-01   5.786456E-02   1.038261E-01   1.882081E-01   5.839803E-01   8.469880E-02
   1.095753E-01   2.036012E-01   8.934818E-01   5.599304E-01   3.000000E-01   3.000000E-01   3.000000E-01   3.000000E-01   1.813641E-01   2.132103E-01   1.320981E+00   1.407921E-01   1.279831E-01   3.869946E-01   1.640422E-01   2.597943E-02   1.196468E-01   1.339065E-01   3.039533E-01   1.448988E-01
   6.930044E-01   4.362689E-01   8.636459E-01   4.156619E-01   3.000000E-01   3.000000E-01   3.000000E-01   3.000000E-01   2.346021E-01   1.243441E+00   4.476154E-01   1.183721E-01   1.348036E-01   9.464432E-02   3.678411E-01   2.040831E-01   3.183919E-01   3.348204E-01   1.166876E-01   3.543869E-01
   7.147187E-01   1.617457E-01   1.359131E+00   5.511901E-01   3.000000E-01   3.000000E-01   5.030774E-01   1.021455E-01   4.331998E-01   3.029413E-01   4.897289E-01   4.555278E-01   1.454201E-01   5.800260E-01   7.350669E-01   3.547972E-01   1.059195E-01   1.148649E-01   8.997405E-01   1.451694E-01
   1.578227E-01   1.573517E-01   9.888688E-02   8.119454E-02   2.607496E-01   3.000000E-01   2.194226E-01   8.174397E-02   6.939410E-01   7.156441E-01   1.973390E-01   1.336175E+00   2.174940E-01   2.874881E-01   1.078594E-01   5.369868E-01   4.855030E-01   3.961205E-02   1.032370E-01   3.092480E-01
   1.807708E-01   1.967159E-01   1.121704E-01   1.860272E-01   2.259552E-01   4.842900E-01   3.579083E-01   3.379271E-01   3.574110E-01   4.730871E-01   2.129707E-01   8.148996E-01   3.987575E-01   9.523950E-02   2.112976E-01   1.994052E-01   4.688870E-01   1.153287E-01   1.528547E-01   2.593101E-01
   5.452095E-01   1.955642E-01   2.083210E-01   5.857527E-01   4.112869E-01   2.213134E-01   3.820434E-01   8.146771E-01   3.389796E-01   2.124700E-01   1.087185E-01   2.111265E-01   9.794529E-02   3.023274E-02   9.399974E-02   2.695313E-02   4.188450E-01   2.179274E-01   2.828883E-01   3.218891E-02
   1.923966E-01   2.368775E-01   8.184498E-02   2.345908E-01   6.868576E-01   1.683831E-01   3.636118E-01   4.898015E-01   3.579066E-01   3.011844E-01   4.517601E-01   5.210959E-02   2.253387E-01   2.917095E-02   2.324722E-01   2.514602E-01   3.913393E-01   7.507206E-02   3.482626E-01   3.896426E-02
   2.606918E-01   1.722708E-01   1.081024E-01   1.720795E-01   2.932646E-01   1.409759E+00   8.904225E-01   5.917492E-01   1.114660E+00   1.306938E+00   2.004899E-01   3.655308E-01   8.971059E-02   4.224837E-02   3.145878E-02   1.456813E-01   2.038982E-01   5.559638E-02   4.866744E-02   1.800821E-01
   7.174096E-01   1.184278E-01   9.673926E-02   9.281647E-02   1.748848E-01   4.476887E-01   1.881825E-01   3.741028E-01   2.233672E-01   2.070044E-01   6.962100E-01   9.923274E-02   1.709334E-01   8.843545E-02   1.010183E-01   5.352199E-02   5.647709E-01   7.300220E-02   3.478875E-02   1.258690E-01
   2.315380E-01   4.525753E-01   2.745125E-01   2.941037E-01   3.131579E-01   2.771389E-01   2.650029E-01   4.208176E-01   3.838405E-01   1.883903E-01   1.055384E+00   2.373409E-01   3.276470E-01   5.277767E-02   7.456779E-02   1.511942E-01   3.246973E-01   9.423920E-02   1.904034E-01   1.699433E-01
   8.881137E-01   1.214832E+00   2.540075E-01   5.905757E-01   1.106061E+00   3.453595E-01   3.732258E-01   1.332276E-01   1.642906E-01   2.504667E-01   1.297660E+00   1.632800E-01   1.058884E+00   4.216198E-01   1.929187E-01   2.791495E-01   1.305701E-01   5.167404E-01   4.328899E-01   2.104666E-01
   3.969774E-01   2.612224E+00   1.606921E+00   2.757466E-01   1.225650E+00   1.445316E+00   1.177921E+00   3.812555E-01   4.672773E-01   1.427504E-01   2.051111E-01   6.997836E-01   1.063156E-01   6.686557E-01   1.101831E-01   3.928778E-01   9.474656E-01   3.995572E-01   2.729493E-01   9.242041E-01
   6.273023E-01   8.420779E-01   1.958732E-01   9.217654E-02   3.933955E-01   4.295549E-01   6.092170E-01   3.511506E-01   1.348157E-01   2.508455E-01   1.407770E-01   1.492486E-01   8.829149E-01   2.901234E-01   9.034868E-02   4.467457E-01   2.334648E-01   2.461316E-01   3.675907E-01   2.858837E-01
   3.000000E-01   3.228849E-01   2.540111E-01   1.776706E+00   5.342048E-01   6.717832E-01   2.473099E-01   4.762179E-01   1.403875E-01   8.572832E-01   2.783935E-01   3.529921E-01   3.786259E-01   5.215287E-01   1.230579E+00   1.619074E+00   1.644972E-01   1.141923E+00   8.628498E-02   4.170633E-01
   3.000000E-01   3.000000E-01   4.133781E-01   2.403000E-01   1.614204E-01   5.395743E-01   2.508854E-01   1.100361E-01   6.304086E-01   5.264272E-01   5.361024E-01   7.946247E-01   3.870014E-01   1.386468E+00   2.075738E-01   2.143093E-01   3.445630E-01   1.649007E-01   2.618586E-01   1.079015E+00
   3.000000E-01   3.000000E-01   3.000000E-01   2.327840E-01   8.204868E-01   3.713904E-02   5.452227E-02   6.412777E-02   9.716102E-02   3.474012E-01   3.747717E-01   1.547636E+00   8.398552E-01   1.109606E-01   1.049961E+00   2.771690E+00   8.901842E-02   4.524381E-01   1.103106E+00   4.417292E-01
   3.000000E-01   3.000000E-01   3.000000E-01   3.000000E-01   1.213327E-01   5.758075E-02   8.760035E-02   1.107998E-01   4.310553E-01   1.687589E-01   2.700466E-01   2.863710E-01   2.513127E-01   1.176980E+00   1.003433E+00   1.735268E+00   1.387061E+00   9.308011E-01   4.114689E-01   3.000000E-01
   3.000000E-01   3.000000E-01   3.000000E-01   3.000000E-01   3.020811E-01   7.215019E-02   1.108784E-01   4.987466E-02   4.969453E-01   2.666545E-01   2.823237E-01   5.422617E-01   1.559430E-01   1.050666E+00   8.646682E-01   6.232230E-01   4.702682E-01   1.972524E-01   7.238058E-02   3.000000E-01
   3.000000E-01   3.000000E-01   3.000000E-01   3.000000E-01   3.000000E-01   3.783232E-02   3.523187E-01   1.504660E-01   5.018011E-01   1.206750E+00   1.056827E-01   3.303682E-01   2.651950E-01   1.230798E-01   3.430288E-01   1.173370E+00   1.702556E+00   7.449785E-01   3.000000E-01   3.000000E-01
   3.000000E-01   3.000000E-01   3.000000E-01   3.000000E-01   3.000000E-01   5.887901E-01   2.666131E-01   2.894335E-01   2.620445E-01   6.183720E-02   9.691764E-02   1.149334E-01   1.562504E+00   7.421463E-01   7.267565E-01   1.094329E-01   6.573500E-01   3.000000E-01   3.000000E-01   3.000000E-01
   3.000000E-01   3.000000E-01   3.000000E-01   3.000000E-01   3.000000E-01   7.705803E-02   6.122901E-01   1.023382E-01   4.941468E-01   4.988054E-01   7.225791E-01   2.257764E-01   1.552683E-01   2.069970E-01   1.178673E-01   4.145054E-01   3.000000E-01   3.000000E-01   3.000000E-01   3.000000E-01
