   1.481775E-06   3.021497E-06   1.090053E-05   2.156086E-06   5.358384E-06   1.566635E-06   5.750714E-06   1.461625E-05   3.595943E-06   4.275302E-06   4.085376E-06   2.268987E-06   3.524589E-06   3.115808E-06   5.896354E-06   3.198695E-06   4.556579E-06   1.848082E-06   3.758205E-06   7.770899E-06
   1.917433E-06   1.278095E-06   1.000000E-06   1.000000E-06   1.201057E-06   1.361680E-06   2.996412E-06   7.363217E-06   4.163578E-06   3.138627E-06   6.646531E-06   1.063436E-06   2.322262E-06   1.811413E-06   4.938549E-06   1.530359E-06   3.078995E-06   2.426836E-06   4.924117E-06   1.678434E-06
   3.146490E-06   1.000000E-06   1.000000E-06   1.000000E-06   1.668793E-06   5.183320E-06   2.240908E-06   2.012906E-06   2.003212E-05   9.337715E-06   1.539092E-05   3.850666E-06   5.780395E-06   1.884587E-06   1.342920E-06   2.164775E-06   5.140857E-06   6.271012E-06   6.014213E-06   6.651282E-06
   1.424193E-06   6.637204E-06   3.455867E-06   1.339476E-06   1.861677E-06   2.234727E-06   2.264653E-06   2.544224E-06   1.615483E-06   4.077961E-06   2.054932E-05   3.818074E-06   2.104607E-05   1.080767E-05   4.951267E-06   3.813745E-06   2.199289E-06   2.241823E-06   4.019059E-06   1.853381E-06
   1.919016E-06   1.422132E-06   2.064438E-06   1.010281E-05   1.000000E-06   2.426410E-06   1.702781E-05   6.848754E-06   7.521121E-06   3.330895E-06   2.446515E-05   1.855782E-05   6.121578E-06   3.130713E-06   4.600136E-06   3.131689E-06   3.351631E-06   4.399290E-06   3.924428E-06   4.627527E-06
   5.714889E-06   1.962669E-06   1.429468E-06   4.816335E-06   1.033404E-06   7.547404E-06   1.210228E-05   3.360115E-06   1.000000E-06   3.731343E-06   7.889785E-06   1.612246E-05   1.269497E-05   1.180959E-06   2.206868E-05   1.702720E-06   3.776289E-06   4.933203E-06   3.544158E-06   1.067127E-06
   2.831901E-06   2.280828E-06   5.012569E-06   2.920582E-06   2.149376E-06   4.030955E-06   1.393169E-06   6.801030E-06   6.878119E-06   5.083106E-06   3.981896E-06   2.652988E-06   1.623568E-06   1.777413E-06   2.178443E-06   9.419088E-06   1.746147E-05   2.556965E-06   6.823944E-06   2.966927E-06
   2.123896E-06   3.165736E-06   2.888253E-06   1.522122E-06   6.575738E-06   1.945227E-06   4.344530E-06   2.767189E-06   2.303817E-06   7.403850E-06   5.585647E-06   2.456469E-06   4.143842E-06   2.442919E-05   1.830770E-05   6.576620E-06   2.994135E-06   5.773118E-06   9.173866E-06   3.865149E-06
   1.000000E-06   4.243395E-06   3.183889E-06   2.566293E-06   1.000000E-06   1.000000E-06   1.000000E-06   4.355167E-06   3.371886E-06   4.063001E-06   5.785367E-06   5.248721E-06   7.779307E-06   1.593945E-05   2.569671E-06   8.463688E-06   9.522105E-06   1.695206E-06   2.320001E-06   1.968590E-06
   4.110849E-06   6.050089E-06   2.907717E-06   3.794279E-06   1.000000E-06   1.000000E-06   1.000000E-06   1.000000E-06   2.858415E-06   3.050764E-06   3.105947E-06   6.068515E-06   1.738739E-06   7.003573E-06   1.000000E-06   4.656643E-06   1.927887E-06   3.397107E-06   1.833600E-06   2.559710E-06
   9.434291E-06   2.738060E-06   1.517363E-06   2.429551E-06   1.000000E-06   1.000000E-06   1.000000E-06   1.000000E-06   1.146461E-06   1.098935E-06   1.404598E-06   2.551146E-06   2.469330E-06   3.478590E-06   1.000000E-06   2.366557E-06   4.086614E-06   7.367464E-06   1.257586E-06   4.962265E-06
   1.523395E-06   6.272740E-06   4.491546E-06   5.614885E-06   1.000000E-06   1.000000E-06   1.000000E-06   1.000000E-06   2.453932E-06   7.443811E-06   9.892633E-06   7.794354E-06   3.497396E-06   2.145409E-06   2.817342E-06   8.286383E-06   1.000000E-06   1.138012E-06   1.519826E-06   5.753431E-06
   2.230190E-06   5.044924E-06   4.109752E-06   1.000000E-06   1.000000E-06   1.000000E-06   1.000000E-06   1.000000E-06   2.419067E-06   7.509485E-06   9.474958E-06   2.540952E-05   1.535264E-06   1.147109E-06   1.175484E-06   1.833830E-06   2.016013E-06   2.979284E-06   8.169175E-06   1.330889E-06
   2.297510E-06   5.739319E-06   1.151555E-06   1.000000E-06   1.000000E-06   1.000000E-06   1.000000E-06   1.000000E-06   3.179343E-06   7.916516E-06   6.950528E-06   5.309351E-06   3.402949E-06   2.548043E-06   3.455289E-06   1.100225E-05   1.694029E-06   7.466431E-06   5.221168E-06   3.450854E-06
   1.000000E-06   3.316459E-06   1.000000E-06   1.092471E-06   1.000000E-06   1.000000E-06   1.000000E-06   1.000000E-06   3.830519E-06   1.741183E-05   1.084093E-05   2.412584E-06   7.324461E-06   1.400012E-06   1.156486E-06   1.000000E-06   1.787779E-06   1.135062E-06   1.000000E-06   2.010836E-06
   2.185217E-06   2.334582E-06   1.725448E-06   1.144221E-06   1.000000E-06   1.000000E-06   1.000000E-06   1.000000E-06   2.268613E-06   9.686147E-06   8.972841E-06   2.136958E-05   1.004135E-05   1.369806E-05   2.890229E-06   2.798163E-06   2.463173E-06   1.635559E-06   1.060705E-06   1.000000E-06
   1.325019E-06   4.487835E-06   6.323673E-06   1.306486E-06   1.000000E-06   1.000000E-06   1.000000E-06   1.000000E-06   6.590638E-06   4.843591E-06   6.643574E-06   2.875995E-06   3.072237E-06   1.000000E-06   2.181555E-06   7.186585E-06   7.966526E-06   1.725520E-06   2.177648E-06   5.311452E-06
   2.044019E-06   4.435061E-06   2.328390E-06   1.000000E-06   1.000000E-06   1.000000E-06   1.000000E-06   1.000000E-06   6.276270E-06   1.082455E-05   4.822233E-06   4.348207E-06   7.894607E-06   1.000000E-06   1.000000E-06   2.417269E-06   1.195954E-06   1.020125E-06   2.974740E-06   8.142906E-06
   5.670750E-06   4.167523E-06   8.561515E-06   3.708606E-06   1.000000E-06   1.000000E-06   1.000000E-06   1.000000E-06   1.798045E-05   1.730067E-05   8.580189E-06   5.384018E-06   8.457678E-06   1.000000E-06   4.629239E-06   1.445650E-06   2.759923E-06   2.406277E-06   8.694583E-06   2.277689E-06
   5.476122E-06   5.530671E-06   5.476370E-06   2.168318E-05   1.000000E-06   1.000000E-06   1.000000E-06   1.000000E-06   5.887386E-06   4.643654E-06   1.417638E-06   1.109707E-05   6.574849E-06   1.000000E-06   3.295829E-06   1.000000E-06   1.044626E-06   1.164770E-06   6.177088E-06   1.000000E-06
   6.973063E-06   4.577288E-06   1.664800E-06   5.776109E-06   1.000000E-06   1.000000E-06   1.000000E-06   1.000000E-06   1.279378E-06   5.733945E-06   3.404757E-06   1.297616E-06   3.292991E-06   3.917080E-06   2.876639E-06   2.687271E-06   1.000000E-06   3.180954E-06   2.323360E-06   4.452739E-06
   1.025873E-05   3.959246E-06   3.068301E-06   2.312426E-06   1.000000E-06   1.000000E-06   1.343278E-05   5.850688E-06   2.681553E-06   1.746327E-06   4.686066E-06   1.663260E-06   1.000000E-06   2.785971E-06   1.071030E-06   1.000000E-06   1.632293E-06   1.943920E-06   1.000000E-06   4.242264E-06
   8.209652E-06   5.863605E-06   3.258615E-06   4.436789E-06   1.000000E-06   1.000000E-06   1.294716E-05   4.293957E-06   3.131049E-06   1.000000E-06   2.112837E-06   1.536053E-06   1.462891E-06   5.882693E-06   6.518058E-06   1.063511E-06   3.417865E-06   2.173371E-06   2.598675E-06   2.183412E-06
   3.026012E-06   1.000000E-06   1.462971E-06   4.816916E-06   2.683143E-06   1.442961E-06   4.023877E-06   1.054088E-05   2.580812E-06   3.532342E-06   1.000000E-06   1.000000E-06   1.008903E-05   1.428805E-05   1.000000E-06   3.025516E-06   3.266265E-06   1.732788E-06   5.218104E-06   5.325281E-06
   1.187981E-06   5.540052E-06   3.026373E-06   3.453385E-06   5.251035E-06   6.981617E-06   2.883301E-06   1.000000E-06   5.670938E-06   2.303040E-06   6.334154E-06   8.544787E-06   2.685318E-06   2.231521E-06   5.306477E-06   1.000000E-06   1.000000E-06   2.973928E-06   3.984329E-06   1.401976E-06
   3.569077E-06   1.766263E-06   3.234554E-06   3.530413E-06   7.360379E-06   1.000000E-06   3.164820E-06   8.638676E-06   6.036368E-06   7.711415E-06   4.335992E-06   1.418994E-06   1.854491E-06   4.657423E-06   2.282320E-06   1.000000E-06   1.149859E-06   8.860487E-06   1.302406E-06   3.161780E-06
   4.202564E-06   2.909677E-06   2.258006E-06   1.264158E-06   2.404798E-06   1.543524E-06   1.078367E-06   1.220141E-06   2.909111E-06   2.866252E-06   5.204258E-06   1.478427E-06   1.592733E-06   1.000000E-06   2.077366E-06   5.739873E-06   1.044502E-06   2.500632E-06   1.000000E-06   1.000000E-06
   5.006779E-06   5.857919E-06   1.904001E-06   3.184151E-06   1.000000E-06   1.000000E-06   2.630120E-06   5.167283E-06   1.016473E-06   2.362334E-06   1.532923E-05   3.888436E-06   4.494691E-06   1.000000E-06   1.730731E-06   1.786300E-06   7.697193E-06   2.584161E-06   1.953049E-06   1.715948E-06
   1.009105E-05   8.162804E-06   8.845183E-06   2.502352E-06   3.643193E-06   6.543062E-06   1.929180E-06   7.639037E-06   1.781722E-06   1.000000E-06   1.565138E-06   1.980442E-06   8.344797E-06   2.080350E-06   1.000000E-06   1.000000E-06   2.225163E-06   4.691384E-06   1.870723E-06   5.932046E-06
   2.310525E-06   1.315200E-05   6.687762E-06   1.323739E-05   2.578779E-06   2.174560E-06   1.000000E-06   1.000000E-06   4.989721E-06   6.913121E-06   3.064265E-06   2.732077E-06   2.882705E-06   1.447491E-06   1.565591E-06   1.000000E-06   4.873843E-06   1.000000E-06   1.712741E-06   2.274312E-06
   8.447297E-06   6.817264E-06   1.519994E-05   7.800878E-06   2.230656E-06   1.069773E-06   1.861298E-06   1.093129E-06   7.841467E-06   2.423343E-06   3.560920E-06   3.880763E-06   2.664245E-06   1.406262E-06   1.000000E-06   6.091846E-06   2.413224E-06   1.186320E-06   1.520748E-06   1.433109E-06
   1.453814E-06   6.289176E-06   1.725616E-05   1.571501E-05   7.091290E-06   4.840572E-06   2.641597E-06   1.061589E-06   4.425997E-06   1.229652E-05   1.000000E-06   2.409450E-06   1.361937E-06   7.827074E-06   1.000000E-06   2.815236E-06   1.414884E-06   1.000000E-06   1.152565E-05   3.399661E-06
   1.000000E-06   5.781841E-06   6.257933E-06   2.318681E-06   2.572826E-06   4.483688E-06   8.352967E-06   4.301104E-06   5.108723E-06   6.456818E-06   1.793825E-06   1.872466E-06   1.645344E-06   1.561713E-06   1.524958E-06   1.874688E-06   5.148515E-06   5.147413E-06   1.451060E-06   1.339924E-05
   1.000000E-06   1.000000E-06   7.761706E-06   5.879797E-06   1.518070E-06   8.856811E-06   3.035080E-05   7.064010E-06   2.031409E-06   1.120999E-06   8.899904E-06   1.408288E-06   1.631191E-06   1.000000E-06   1.295302E-06   1.575709E-06   2.905702E-06   3.168121E-06   6.346279E-06   1.168860E-06
   1.000000E-06   1.000000E-06   1.000000E-06   7.657313E-06   8.406398E-06   1.326736E-05   5.818252E-06   1.389184E-05   8.446954E-06   2.378700E-06   1.078833E-06   1.364718E-06   3.853452E-06   1.193732E-06   1.442997E-05   5.920390E-06   4.206921E-06   4.688496E-06   5.505374E-06   2.957677E-06
   1.000000E-06   1.000000E-06   1.000000E-06   1.000000E-06   1.703078E-06   1.880715E-05   9.642802E-06   1.870149E-06   3.522340E-05   2.326655E-06   5.015990E-06   1.062482E-05   4.892897E-06   8.718896E-06   2.173214E-06   1.000000E-06   3.720497E-06   6.784286E-06   8.315932E-06   1.000000E-06
   1.000000E-06   1.000000E-06   1.000000E-06   1.000000E-06   6.961902E-06   7.663267E-06   1.139598E-05   2.508593E-05   8.662666E-06   5.763790E-06   1.197729E-06   1.057546E-06   4.584491E-06   3.560847E-06   6.730846E-06   2.048436E-06   1.169137E-05   1.847769E-06   1.663219E-05   1.000000E-06
   1.000000E-06   1.000000E-06   1.000000E-06   1.000000E-06   1.000000E-06   4.336249E-06   1.115914E-05   1.854153E-06   4.334541E-06   5.795176E-06   1.402585E-06   1.688910E-05   3.658096E-06   6.637148E-06   9.331221E-06   1.048522E-05   1.329279E-05   4.857311E-06   1.000000E-06   1.000000E-06
   1.000000E-06   1.000000E-06   1.000000E-06   1.000000E-06   1.000000E-06   1.181660E-06   2.905694E-06   1.002725E-05   3.512523E-06   1.376754E-06   2.360546E-06   9.622045E-06   5.043862E-06   1.829755E-06   3.134628E-06   2.419479E-06   1.501248E-05   1.000000E-06   1.000000E-06   1.000000E-06
   1.000000E-06   1.000000E-06   1.000000E-06   1.000000E-06   1.000000E-06   4.899503E-06   1.616559E-06   1.533636E-05   1.249803E-06   8.203044E-06   9.609511E-06   2.742705E-06   3.104393E-06   1.995976E-05   2.411357E-06   5.675890E-06   1.000000E-06   1.000000E-06   1.000000E-06   1.000000E-06
