   3.216379E-05   2.000000E-05   2.000000E-04   2.000000E-04   9.683782E-05   4.570966E-05   1.007642E-04   2.000000E-05   1.107837E-04   1.794406E-04   1.652915E-04   3.652431E-05   6.682819E-05   2.000000E-04   2.000000E-05   2.000000E-05   3.565908E-05   2.832222E-05   2.000000E-04   6.831818E-05
   4.429371E-05   4.459337E-05   2.000000E-05   4.567336E-05   2.000000E-05   4.312278E-05   3.205902E-05   2.111262E-05   2.366292E-05   1.740324E-04   7.937973E-05   5.429574E-05   2.420216E-05   6.216839E-05   2.000000E-05   5.410473E-05   6.231993E-05   2.360416E-05   2.467354E-05   1.093899E-04
   4.940296E-05   1.241320E-04   8.249583E-05   2.000000E-04   6.525520E-05   8.288944E-05   2.000000E-05   2.741639E-05   3.882067E-05   1.902125E-04   2.000000E-04   1.443365E-04   4.334582E-05   1.708240E-04   2.411969E-05   3.787408E-05   2.000000E-05   2.000000E-05   3.367943E-05   7.760840E-05
   7.569279E-05   3.590945E-05   9.142678E-05   2.000000E-05   1.100631E-04   5.753595E-05   2.000000E-05   1.071431E-04   2.000000E-05   1.335903E-04   1.234404E-04   1.964892E-04   5.847985E-05   2.000000E-05   4.943458E-05   8.638026E-05   3.341587E-05   6.056889E-05   5.063031E-05   6.241494E-05
   6.076005E-05   8.461338E-05   2.000000E-05   4.427731E-05   2.000000E-04   5.292869E-05   3.455446E-05   2.449957E-05   2.000000E-04   4.821707E-05   1.529802E-04   4.515448E-05   2.000000E-05   2.000000E-05   6.924414E-05   3.493742E-05   2.261482E-05   6.006893E-05   8.348726E-05   3.980417E-05
   2.000000E-05   2.000000E-05   4.854542E-05   3.210418E-05   7.743429E-05   5.977112E-05   6.640365E-05   1.626629E-04   1.759465E-04   8.400826E-05   9.554704E-05   8.432239E-05   6.076137E-05   2.000000E-05   5.064581E-05   4.316081E-05   3.672712E-05   2.000000E-05   7.289278E-05   4.941262E-05
   2.000000E-05   2.000000E-05   2.211780E-05   6.435104E-05   1.773420E-04   2.000000E-05   5.825966E-05   3.178055E-05   8.126760E-05   7.016512E-05   2.827251E-05   1.491820E-04   9.215889E-05   1.133898E-04   2.000000E-04   3.492002E-05   5.092562E-05   2.219264E-05   2.000000E-05   3.457341E-05
   3.469480E-05   4.588721E-05   2.000000E-05   3.957270E-05   2.000000E-05   4.193241E-05   3.417015E-05   2.000000E-05   3.356679E-05   2.000000E-05   2.000000E-05   2.880172E-05   7.076705E-05   3.315109E-05   2.351796E-05   7.894348E-05   2.000000E-04   7.233487E-05   1.028071E-04   1.260828E-04
   4.902042E-05   3.650986E-05   4.383360E-05   1.268083E-04   7.548773E-05   7.548773E-05   7.548773E-05   1.030678E-04   2.299920E-05   4.369603E-05   5.182557E-05   3.905740E-05   6.715337E-05   2.457351E-05   8.987013E-05   1.277926E-04   1.973563E-04   7.649743E-05   3.402090E-05   6.450302E-05
   5.223802E-05   7.119916E-05   2.000000E-04   6.670458E-05   7.548773E-05   7.548773E-05   7.548773E-05   7.548773E-05   1.467888E-04   3.416806E-05   4.615177E-05   4.775413E-05   5.395153E-05   1.418940E-04   2.000000E-05   8.632207E-05   3.514726E-05   1.126645E-04   3.675230E-05   1.576541E-04
   1.180290E-04   9.326938E-05   9.657947E-05   7.725257E-05   7.548773E-05   7.548773E-05   7.548773E-05   7.548773E-05   2.733451E-05   5.983935E-05   2.000000E-05   6.186982E-05   2.993367E-05   5.409730E-05   1.254339E-04   3.653448E-05   1.476849E-04   8.392818E-05   6.537754E-05   3.431811E-05
   5.764550E-05   2.755241E-05   6.968472E-05   6.739418E-05   7.548773E-05   7.548773E-05   7.548773E-05   7.548773E-05   6.133484E-05   2.000000E-05   3.403384E-05   1.213197E-04   1.826615E-04   4.648745E-05   6.858120E-05   4.027456E-05   8.508080E-05   1.451336E-04   3.925861E-05   2.642585E-05
   2.000000E-05   6.080312E-05   1.545567E-04   1.182145E-04   7.548773E-05   7.548773E-05   7.548773E-05   7.548773E-05   7.418746E-05   2.000000E-05   1.620172E-04   5.080002E-05   1.125999E-04   6.087768E-05   8.820104E-05   3.015281E-05   6.220467E-05   6.766078E-05   1.372870E-04   6.274847E-05
   2.050701E-05   2.000000E-05   2.000000E-05   8.433271E-05   7.548773E-05   7.548773E-05   7.548773E-05   7.548773E-05   2.000000E-05   1.741380E-04   2.458671E-05   3.370688E-05   3.935859E-05   2.180487E-05   5.758158E-05   3.231643E-05   2.329706E-05   2.000000E-04   3.085525E-05   7.956437E-05
   1.083532E-04   1.139537E-04   5.436805E-05   3.914462E-05   7.548773E-05   7.548773E-05   7.548773E-05   7.548773E-05   2.000000E-04   2.000000E-05   4.830420E-05   3.416111E-05   2.000000E-05   6.792810E-05   7.276276E-05   5.096314E-05   1.527820E-04   4.163300E-05   8.536796E-05   9.923948E-05
   2.429966E-05   2.000000E-05   6.898095E-05   1.864639E-04   7.548773E-05   7.548773E-05   7.548773E-05   7.548773E-05   1.162423E-04   5.215584E-05   2.607853E-05   2.380149E-05   6.062787E-05   1.085641E-04   1.706749E-04   4.327392E-05   2.000000E-04   1.389066E-04   1.562633E-04   2.000000E-04
   5.452145E-05   7.072816E-05   9.856020E-05   7.275865E-05   7.548773E-05   7.548773E-05   7.548773E-05   7.548773E-05   5.415559E-05   1.942738E-04   7.821618E-05   3.070900E-05   2.259914E-05   9.326565E-05   2.736747E-05   1.052505E-04   1.448326E-04   5.972739E-05   4.430760E-05   5.912122E-05
   1.489495E-04   6.615065E-05   6.008696E-05   5.229675E-05   7.548773E-05   7.548773E-05   7.548773E-05   7.548773E-05   2.537070E-05   3.320931E-05   6.472151E-05   2.000000E-05   8.624694E-05   1.105349E-04   7.171774E-05   4.312586E-05   5.943774E-05   2.000000E-05   7.190360E-05   2.546767E-05
   4.940390E-05   4.934334E-05   1.007162E-04   3.749036E-05   7.548773E-05   7.548773E-05   7.548773E-05   7.548773E-05   2.649422E-05   4.186453E-05   4.557103E-05   3.383240E-05   7.786054E-05   8.898798E-05   2.000000E-04   1.824073E-04   5.433404E-05   2.597854E-05   1.987872E-04   4.425799E-05
   2.000000E-04   4.590866E-05   4.201776E-05   3.428324E-05   7.548773E-05   7.548773E-05   7.548773E-05   7.548773E-05   6.156092E-05   3.151266E-05   2.505716E-05   3.127998E-05   3.534063E-05   1.036308E-04   1.208703E-04   2.000000E-04   3.482138E-05   9.297756E-05   1.179413E-04   5.418334E-05
   5.147119E-05   6.065382E-05   1.275770E-04   2.336818E-05   7.548773E-05   7.548773E-05   7.548773E-05   7.548773E-05   3.135109E-05   1.707359E-04   4.103783E-05   4.281012E-05   8.590307E-05   1.833878E-04   2.000000E-04   1.061735E-04   4.188948E-05   4.087223E-05   6.350347E-05   9.021731E-05
   3.690042E-05   5.662053E-05   9.391008E-05   6.448477E-05   7.548773E-05   7.548773E-05   2.000000E-05   2.000000E-05   2.941738E-05   6.781633E-05   6.392631E-05   8.352801E-05   1.595482E-04   1.893629E-04   3.463597E-05   2.000000E-04   1.344784E-04   2.000000E-04   6.667232E-05   2.000000E-05
   1.331254E-04   4.963360E-05   9.876370E-05   6.134115E-05   2.000000E-05   7.548773E-05   2.000000E-05   2.189352E-05   1.015675E-04   2.703613E-05   5.960282E-05   1.782831E-04   2.156326E-05   4.061531E-05   7.879983E-05   4.941864E-05   8.876676E-05   7.517760E-05   5.273500E-05   2.000000E-05
   4.069173E-05   7.625478E-05   6.875208E-05   9.607593E-05   1.396837E-04   1.059697E-04   5.407695E-05   2.575727E-05   1.078759E-04   6.634787E-05   9.201825E-05   1.326068E-04   1.704455E-04   2.000000E-04   1.361781E-04   1.633621E-04   1.569747E-04   2.000000E-05   2.000000E-05   9.287070E-05
   2.569604E-05   3.011346E-05   1.582310E-04   2.628682E-05   7.653976E-05   6.911267E-05   4.474596E-05   1.139504E-04   1.003407E-04   1.890792E-04   5.574730E-05   1.960732E-04   5.827412E-05   8.845529E-05   8.909418E-05   5.709056E-05   5.332790E-05   6.478727E-05   3.073260E-05   2.556492E-05
   2.033533E-05   9.179809E-05   3.742301E-05   2.000000E-05   6.068995E-05   2.000000E-05   2.338720E-05   2.000000E-05   3.565191E-05   2.620658E-05   4.864382E-05   6.388933E-05   7.337247E-05   2.000000E-05   3.149569E-05   6.166991E-05   2.000000E-04   4.241904E-05   2.000000E-04   1.612201E-04
   2.016549E-05   3.847798E-05   2.000000E-05   2.000000E-05   2.000000E-05   2.005905E-05   2.000000E-05   2.000000E-05   2.000000E-05   2.559131E-05   7.282951E-05   3.673493E-05   2.000000E-05   2.698400E-05   2.000000E-05   5.916787E-05   2.000000E-04   8.685344E-05   1.493039E-04   4.067889E-05
   2.000000E-05   3.655336E-05   2.000000E-05   9.708149E-05   2.000000E-05   3.080577E-05   7.449626E-05   2.000000E-05   3.727718E-05   2.000000E-05   4.336628E-05   4.844164E-05   1.708690E-04   4.915805E-05   2.494461E-05   1.116660E-04   5.725987E-05   5.031610E-05   9.144703E-05   7.551619E-05
   8.221418E-05   2.000000E-05   2.740111E-05   5.557204E-05   2.190467E-05   2.646215E-05   5.863870E-05   6.138995E-05   8.145853E-05   1.022973E-04   8.860508E-05   2.000000E-05   2.000000E-05   1.349159E-04   2.000000E-05   9.964458E-05   1.018727E-04   6.181042E-05   2.605659E-05   8.832140E-05
   2.000000E-05   2.000000E-05   4.171153E-05   2.301448E-05   3.358422E-05   1.026001E-04   3.315662E-05   5.283193E-05   2.000000E-05   2.000000E-05   2.000000E-05   2.000000E-05   3.864256E-05   3.739871E-05   2.000000E-04   6.400149E-05   1.296734E-04   6.576439E-05   5.031006E-05   2.000000E-05
   2.029430E-05   4.115145E-05   6.561853E-05   2.000000E-05   5.630051E-05   5.363697E-05   1.669090E-04   2.000000E-05   1.341788E-04   2.000000E-05   5.997027E-05   4.895319E-05   2.000000E-04   1.432427E-04   2.766061E-05   2.000000E-04   2.389117E-05   5.334863E-05   1.261953E-04   7.624304E-05
   6.649093E-05   9.849151E-05   2.000000E-05   3.673248E-05   3.171216E-05   2.738179E-05   1.258978E-04   2.640211E-05   6.672352E-05   3.076162E-05   7.188625E-05   2.000000E-05   2.000000E-04   1.680706E-04   8.444788E-05   1.135777E-04   2.000000E-04   7.528102E-05   1.313408E-04   1.324042E-04
   7.548773E-05   2.855254E-05   1.046537E-04   3.631723E-05   1.039152E-04   6.977749E-05   2.751976E-05   1.028183E-04   2.140297E-05   5.116720E-05   8.209617E-05   1.251698E-04   3.418989E-05   6.290160E-05   1.141412E-04   1.091438E-04   3.920552E-05   1.512096E-04   4.103788E-05   7.302429E-05
   7.548773E-05   7.548773E-05   1.271327E-04   8.382878E-05   2.000000E-04   4.009635E-05   9.003790E-05   3.378563E-05   2.264921E-05   4.056111E-05   2.653198E-05   2.000000E-04   4.195748E-05   2.000000E-04   6.254081E-05   1.248363E-04   1.800684E-04   2.000000E-04   1.197764E-04   2.000000E-04
   7.548773E-05   7.548773E-05   7.548773E-05   2.000000E-05   2.656880E-05   9.199765E-05   2.000000E-05   1.477074E-04   2.000579E-05   7.222976E-05   1.970277E-04   1.009409E-04   4.550493E-05   1.743795E-04   2.000000E-04   1.194612E-04   5.371014E-05   2.000000E-04   3.264779E-05   4.882031E-05
   7.548773E-05   7.548773E-05   7.548773E-05   7.548773E-05   8.352637E-05   4.817336E-05   2.000000E-05   4.905335E-05   1.745064E-04   1.126003E-04   2.000000E-04   2.000000E-04   2.000000E-04   2.000000E-04   2.000000E-04   1.010398E-04   3.075770E-05   9.510500E-05   3.663994E-05   7.548773E-05
   7.548773E-05   7.548773E-05   7.548773E-05   7.548773E-05   1.911500E-04   2.603606E-05   3.938275E-05   1.568677E-04   1.531443E-04   2.000000E-04   2.000000E-04   1.569224E-04   5.606028E-05   1.195229E-04   2.000000E-04   8.032355E-05   4.221175E-05   3.217837E-05   1.514385E-04   7.548773E-05
   7.548773E-05   7.548773E-05   7.548773E-05   7.548773E-05   7.548773E-05   3.463977E-05   3.774483E-05   6.973047E-05   2.000000E-04   1.660797E-04   1.454221E-04   4.752217E-05   2.861224E-05   7.865476E-05   9.616780E-05   2.238382E-05   1.359502E-04   1.778668E-04   7.548773E-05   7.548773E-05
   7.548773E-05   7.548773E-05   7.548773E-05   7.548773E-05   7.548773E-05   1.225685E-04   1.012095E-04   1.675693E-04   2.000000E-04   1.536193E-04   8.405399E-05   1.421512E-04   1.132078E-04   2.000000E-04   2.000000E-04   4.422578E-05   7.390523E-05   7.548773E-05   7.548773E-05   7.548773E-05
   7.548773E-05   7.548773E-05   7.548773E-05   7.548773E-05   7.548773E-05   4.944226E-05   6.190225E-05   3.836946E-05   1.510492E-04   7.001775E-05   1.119977E-04   1.674547E-04   1.372155E-04   3.799868E-05   4.740359E-05   8.883540E-05   7.548773E-05   7.548773E-05   7.548773E-05   7.548773E-05
