   1.120258E-04   2.402049E-05   2.000000E-05   4.696727E-05   2.000000E-05   4.253218E-05   2.000000E-04   4.927976E-05   1.041541E-04   6.584714E-05   1.347372E-04   8.010236E-05   6.486089E-05   9.770831E-05   6.943577E-05   6.042911E-05   2.668066E-05   3.963849E-05   2.217318E-05   2.000000E-05
   2.000000E-05   8.970336E-05   2.000000E-05   4.489914E-05   3.829167E-05   1.763866E-04   1.471411E-04   2.000000E-04   1.135404E-04   2.000000E-04   1.243220E-04   3.989810E-05   1.155116E-04   9.533618E-05   5.434034E-05   1.197980E-04   5.650695E-05   1.313524E-04   2.000000E-04   1.037492E-04
   4.181343E-05   2.000000E-05   2.000000E-05   5.584316E-05   2.265707E-05   9.507414E-05   1.630707E-04   4.426257E-05   3.947532E-05   8.721137E-05   7.164637E-05   9.161048E-05   3.685930E-05   1.645625E-04   2.000000E-05   2.000000E-04   1.370628E-04   7.164645E-05   3.446299E-05   2.756380E-05
   4.430811E-05   2.000000E-05   5.105378E-05   2.000000E-05   3.032335E-05   1.180302E-04   9.510245E-05   1.091856E-04   1.175076E-04   3.039718E-05   3.198387E-05   7.618795E-05   2.122825E-05   1.005956E-04   9.251684E-05   3.432963E-05   2.000000E-04   7.817063E-05   4.926331E-05   1.575312E-04
   5.374422E-05   2.000000E-05   1.030755E-04   5.019134E-05   2.233785E-05   5.981692E-05   9.307992E-05   2.000000E-05   2.337703E-05   2.000000E-05   4.368393E-05   2.000000E-05   6.573365E-05   7.985322E-05   6.625456E-05   3.570055E-05   4.134881E-05   2.000000E-05   3.731330E-05   8.985909E-05
   2.000000E-05   2.000000E-05   6.092254E-05   2.000000E-05   1.324345E-04   2.692398E-05   1.316176E-04   1.248826E-04   9.546072E-05   4.609347E-05   1.166446E-04   4.536813E-05   2.000000E-05   2.979241E-05   5.031051E-05   4.015318E-05   3.042050E-05   1.378579E-04   3.790181E-05   5.591682E-05
   1.491863E-04   3.069996E-05   2.502494E-05   6.199413E-05   2.821620E-05   5.564610E-05   2.000000E-05   2.089723E-05   8.815926E-05   9.021027E-05   7.758984E-05   3.511844E-05   4.896415E-05   2.000000E-05   5.840944E-05   3.226712E-05   9.606773E-05   1.682623E-04   2.000000E-05   2.000000E-05
   2.000000E-05   2.000000E-05   2.425152E-05   6.784553E-05   1.955326E-04   8.428635E-05   1.145225E-04   3.787324E-05   5.110395E-05   2.000000E-05   2.000000E-05   2.000000E-05   2.524130E-05   2.000000E-05   3.181481E-05   2.000000E-05   4.683797E-05   2.000000E-05   4.372255E-05   7.174598E-05
   2.000000E-05   2.000000E-05   2.000000E-05   2.000000E-05   5.875200E-05   5.875200E-05   5.875200E-05   2.518460E-05   3.635155E-05   2.000000E-05   5.378476E-05   2.291707E-05   1.413875E-04   2.909531E-05   2.000000E-05   2.739578E-05   4.129076E-05   4.808230E-05   5.330711E-05   4.488757E-05
   1.330012E-04   2.386705E-05   2.000000E-05   4.277758E-05   5.875200E-05   5.875200E-05   5.875200E-05   5.875200E-05   1.746068E-04   4.589715E-05   1.017275E-04   1.274886E-04   1.472260E-04   6.363916E-05   2.098374E-05   4.312996E-05   4.123443E-05   1.115242E-04   1.075852E-04   4.276612E-05
   5.249879E-05   8.398586E-05   2.000000E-05   2.000000E-05   5.875200E-05   5.875200E-05   5.875200E-05   5.875200E-05   2.000000E-05   2.766186E-05   5.651660E-05   4.292821E-05   4.006340E-05   1.060839E-04   7.740999E-05   3.896325E-05   5.144653E-05   3.196047E-05   1.410756E-04   1.536069E-04
   4.319555E-05   1.636754E-04   6.954227E-05   2.000000E-05   5.875200E-05   5.875200E-05   5.875200E-05   5.875200E-05   6.016743E-05   1.147658E-04   1.498250E-04   9.002401E-05   1.118298E-04   9.929357E-05   1.437557E-04   1.757017E-04   9.729697E-05   2.000000E-04   2.000000E-04   7.662345E-05
   6.830627E-05   2.952333E-05   2.000000E-05   8.059868E-05   5.875200E-05   5.875200E-05   5.875200E-05   5.875200E-05   2.000000E-05   2.000000E-04   3.621600E-05   1.421195E-04   1.397447E-04   5.138503E-05   1.898763E-04   2.000000E-04   1.379196E-04   1.241977E-04   1.118043E-04   8.926351E-05
   2.000000E-05   3.301962E-05   7.353764E-05   4.651646E-05   5.875200E-05   5.875200E-05   5.875200E-05   5.875200E-05   6.121176E-05   3.399460E-05   2.000000E-05   6.300754E-05   5.661775E-05   1.213841E-04   4.266042E-05   6.438055E-05   2.000000E-04   3.959594E-05   1.198599E-04   1.294954E-04
   3.176151E-05   2.000000E-05   2.000000E-05   2.000000E-05   5.875200E-05   5.875200E-05   5.875200E-05   5.875200E-05   7.344505E-05   7.333822E-05   2.456208E-05   2.000000E-04   1.795060E-04   3.160082E-05   8.512863E-05   2.000000E-04   2.000000E-04   2.694125E-05   1.088750E-04   3.889067E-05
   2.360550E-05   4.845692E-05   6.690545E-05   1.496851E-04   5.875200E-05   5.875200E-05   5.875200E-05   5.875200E-05   6.036483E-05   9.545481E-05   5.248608E-05   1.491451E-04   6.818885E-05   2.000000E-04   1.420790E-04   2.000000E-04   1.549507E-04   2.000000E-04   1.389448E-04   2.000000E-04
   7.451245E-05   6.736933E-05   1.657397E-04   3.402717E-05   5.875200E-05   5.875200E-05   5.875200E-05   5.875200E-05   3.378346E-05   4.254931E-05   2.000000E-04   3.918871E-05   2.000000E-04   1.788072E-04   2.000000E-04   7.995573E-05   1.890225E-04   5.904963E-05   2.771474E-05   2.000000E-04
   5.284882E-05   3.749213E-05   2.000000E-04   1.558394E-04   5.875200E-05   5.875200E-05   5.875200E-05   5.875200E-05   1.110368E-04   1.081520E-04   2.000000E-04   5.670524E-05   1.142016E-04   3.902033E-05   8.095749E-05   2.988593E-05   1.314229E-04   8.917330E-05   1.670291E-04   2.000000E-05
   1.030314E-04   4.241410E-05   1.720643E-04   8.430797E-05   5.875200E-05   5.875200E-05   5.875200E-05   5.875200E-05   1.466179E-04   2.000000E-04   2.000000E-04   1.563425E-04   1.068519E-04   3.759098E-05   8.124544E-05   3.624139E-05   8.447803E-05   1.197458E-04   4.704680E-05   3.360114E-05
   4.435720E-05   2.000000E-04   4.409854E-05   1.382937E-04   5.875200E-05   5.875200E-05   5.875200E-05   5.875200E-05   2.544538E-05   9.606788E-05   2.000000E-04   5.568372E-05   2.000000E-04   5.360256E-05   4.230755E-05   2.692549E-05   4.505734E-05   1.745338E-04   8.083156E-05   7.427469E-05
   2.000000E-04   6.952083E-05   2.000000E-04   2.000000E-04   5.875200E-05   5.875200E-05   5.875200E-05   5.875200E-05   2.760213E-05   4.840062E-05   2.000000E-04   1.104376E-04   3.110167E-05   1.899281E-04   8.405613E-05   2.994479E-05   4.568371E-05   3.001430E-05   9.816355E-05   4.015035E-05
   5.897275E-05   6.893844E-05   1.168763E-04   3.623390E-05   5.875200E-05   5.875200E-05   7.067917E-05   2.000000E-04   5.422085E-05   7.669219E-05   5.304838E-05   2.496598E-05   7.387420E-05   1.273789E-04   5.813886E-05   2.000000E-04   2.161012E-05   6.747337E-05   1.525092E-04   7.560792E-05
   3.891482E-05   2.000000E-04   1.806302E-04   3.308442E-05   5.397584E-05   5.875200E-05   8.596678E-05   8.750379E-05   1.130015E-04   6.506124E-05   7.308128E-05   9.451574E-05   2.000000E-04   3.677860E-05   1.322261E-04   6.771607E-05   4.841298E-05   2.798661E-05   7.312537E-05   4.101615E-05
   3.597321E-05   3.297886E-05   2.000000E-04   2.000000E-04   4.289095E-05   4.706009E-05   5.409873E-05   1.163535E-04   1.056842E-04   2.000000E-04   2.760200E-05   1.311899E-04   3.807713E-05   1.107443E-04   3.284339E-05   1.538645E-04   2.000000E-04   4.896293E-05   1.155989E-04   3.455315E-05
   1.230056E-04   5.061249E-05   3.787188E-05   4.887626E-05   5.333745E-05   2.000000E-04   2.062644E-05   2.000000E-04   7.041817E-05   9.337556E-05   2.000000E-04   6.723802E-05   2.000000E-04   5.103341E-05   1.569124E-04   2.000000E-04   6.886863E-05   1.058927E-04   7.196323E-05   1.316735E-04
   8.186439E-05   2.000000E-05   4.119134E-05   3.503154E-05   4.921498E-05   1.557854E-04   2.000000E-04   8.534454E-05   2.000000E-04   2.000000E-04   1.755350E-04   2.000000E-04   7.416717E-05   7.292666E-05   5.722104E-05   1.715185E-04   2.000000E-04   1.402742E-04   2.000000E-04   1.004605E-04
   1.166961E-04   3.902368E-05   8.383418E-05   4.844502E-05   1.139659E-04   1.822902E-04   3.032869E-05   5.928620E-05   2.000000E-04   3.880211E-05   2.000000E-04   2.000000E-04   2.000000E-04   2.000000E-04   1.097594E-04   2.230154E-05   6.474008E-05   2.000000E-04   3.270592E-05   7.062689E-05
   2.546625E-05   4.320340E-05   3.403933E-05   2.000000E-05   9.322494E-05   2.525021E-05   2.000000E-05   7.124941E-05   4.099815E-05   2.000000E-04   1.343308E-04   3.836471E-05   1.368851E-04   1.672284E-04   9.328070E-05   2.000000E-04   5.449712E-05   4.820797E-05   1.464036E-04   4.171724E-05
   2.000000E-05   3.754284E-05   3.621162E-05   9.353726E-05   1.125739E-04   6.269678E-05   2.538658E-05   2.000000E-05   1.554229E-04   6.218364E-05   1.552791E-04   1.023822E-04   4.735848E-05   2.000000E-04   4.538129E-05   3.542328E-05   9.625708E-05   2.000000E-04   6.351023E-05   2.000000E-04
   2.000000E-05   1.355602E-04   2.000000E-05   2.000000E-05   2.000000E-05   2.000000E-05   2.233947E-05   7.420019E-05   6.636047E-05   1.809358E-04   2.000000E-04   1.289122E-04   9.120577E-05   1.778010E-04   4.587030E-05   6.702498E-05   3.905193E-05   7.332077E-05   8.942089E-05   1.430563E-04
   4.612464E-05   2.000000E-05   2.000000E-05   3.217399E-05   6.473995E-05   2.333584E-05   2.000000E-05   2.341228E-05   2.703680E-05   8.712535E-05   2.000000E-04   1.584384E-04   2.000000E-04   2.000000E-04   3.018014E-05   3.367550E-05   4.159937E-05   2.000000E-04   2.000000E-04   1.384454E-04
   2.000000E-05   2.000000E-05   3.388100E-05   2.000000E-05   2.400318E-05   5.253846E-05   2.000000E-05   3.548047E-05   2.258288E-05   1.295657E-04   1.238941E-04   2.000000E-04   1.028923E-04   1.162905E-04   2.000000E-04   7.731579E-05   1.179297E-04   1.486158E-04   6.873208E-05   3.377600E-05
   5.875200E-05   6.033489E-05   4.284160E-05   3.687463E-05   4.210682E-05   2.000000E-05   3.265305E-05   2.000000E-05   9.580254E-05   2.000000E-04   7.525024E-05   2.000000E-04   1.804668E-04   1.290127E-04   1.777553E-04   5.638555E-05   2.000000E-04   3.809006E-05   1.152146E-04   1.055215E-04
   5.875200E-05   5.875200E-05   3.235337E-05   3.336541E-05   2.000000E-05   2.564703E-05   2.335562E-05   2.000000E-05   2.078062E-05   5.885597E-05   1.565734E-04   4.765380E-05   1.406746E-04   1.260911E-04   1.085515E-04   6.787557E-05   1.393079E-04   1.317331E-04   5.976605E-05   2.000000E-04
   5.875200E-05   5.875200E-05   5.875200E-05   1.285106E-04   2.179645E-05   2.000000E-05   2.000000E-05   4.701077E-05   5.090797E-05   2.070747E-05   4.611838E-05   3.678537E-05   1.195779E-04   4.257702E-05   1.119153E-04   2.000000E-04   3.157301E-05   1.749341E-04   1.072565E-04   2.000000E-04
   5.875200E-05   5.875200E-05   5.875200E-05   5.875200E-05   2.029939E-05   1.321986E-04   4.899897E-05   3.259666E-05   2.000000E-05   3.436012E-05   1.832642E-04   3.528257E-05   3.495823E-05   3.684041E-05   5.023337E-05   5.758747E-05   2.993945E-05   1.745782E-04   1.733685E-04   5.875200E-05
   5.875200E-05   5.875200E-05   5.875200E-05   5.875200E-05   2.000000E-05   3.338413E-05   2.204965E-05   7.083647E-05   3.174065E-05   2.568454E-05   5.793720E-05   1.437658E-04   4.148728E-05   7.093817E-05   1.349009E-04   1.549232E-04   2.000000E-04   2.000000E-04   7.450291E-05   5.875200E-05
   5.875200E-05   5.875200E-05   5.875200E-05   5.875200E-05   5.875200E-05   9.848558E-05   8.237250E-05   8.597461E-05   3.288107E-05   2.873155E-05   5.018279E-05   4.718362E-05   7.900703E-05   7.265113E-05   1.762836E-04   1.111723E-04   7.409654E-05   3.291685E-05   5.875200E-05   5.875200E-05
   5.875200E-05   5.875200E-05   5.875200E-05   5.875200E-05   5.875200E-05   3.413256E-05   3.126675E-05   2.000000E-05   7.796736E-05   3.356209E-05   9.385480E-05   3.859669E-05   1.586111E-04   1.543466E-04   3.397522E-05   1.790543E-04   1.168981E-04   5.875200E-05   5.875200E-05   5.875200E-05
   5.875200E-05   5.875200E-05   5.875200E-05   5.875200E-05   5.875200E-05   4.278724E-05   3.626107E-05   5.015423E-05   3.295492E-05   1.285813E-04   2.909312E-05   5.215122E-05   1.349589E-04   4.860053E-05   1.196313E-04   1.261623E-04   5.875200E-05   5.875200E-05   5.875200E-05   5.875200E-05
