 pp_0000  625.0 9375.0 1.0  0.746633610262847802196972679666941985487937927246093750000000000000000000000000000 
 pp_0001  1625.0 9375.0 1.0  2.967562963708285206365644626202993094921112060546875000000000000000000000000000000 
 pp_0002  2625.0 9375.0 1.0  1.1486794919996885511181972105987370014190673828125000000000000000000000000000000000 
 pp_0003  3625.0 9375.0 1.0  0.7105004290851671955309143413614947348833084106445312500000000000000000000000000000 
 pp_0004  625.0 8375.0 1.0  1.364752748522404912634442553098779171705245971679687500000000000000000000000000000 
 pp_0005  1625.0 8375.0 1.0  0.904313082418432445663825092196930199861526489257812500000000000000000000000000000 
 pp_0006  2625.0 8375.0 1.0  1.5480120662258172181680038193007931113243103027343750000000000000000000000000000000 
 pp_0007  3625.0 8375.0 1.0  0.4519030136623259363837235014216275885701179504394531250000000000000000000000000000 
 pp_0008  625.0 7375.0 1.0  0.2000000000000000388578058618804789148271083831787109375000000000000000000000000000 
 pp_0009  2625.0 7375.0 1.0  0.56047563810219935831469229015056043863296508789062500000000000000000000000000000000 
 pp_0010  3625.0 7375.0 1.0  1.57264531443571198288111645524622872471809387207031250000000000000000000000000000000 
 pp_0011  625.0 6375.0 1.0  0.7242347176881259729341877573460806161165237426757812500000000000000000000000000000 
 pp_0012  2625.0 6375.0 1.0  0.43015691567924124738553359748038928955793380737304687500000000000000000000000000000 
 pp_0013  3625.0 6375.0 1.0  1.47762678494520072192131010524462908506393432617187500000000000000000000000000000000 
 pp_0014  625.0 5375.0 1.0  1.1763889618305591877600591033115051686763763427734375000000000000000000000000000000 
 pp_0015  2625.0 5375.0 1.0  2.17740254638734942460587262758053839206695556640625000000000000000000000000000000000 
 pp_0016  3625.0 5375.0 1.0  1.94441157106825235345581859291996806859970092773437500000000000000000000000000000000 
 pp_0017  625.0 4375.0 1.0  0.2000000000000000388578058618804789148271083831787109375000000000000000000000000000 
 pp_0018  1625.0 4375.0 1.0  0.8406571405149708686721510275674518197774887084960937500000000000000000000000000000 
 pp_0019  2625.0 4375.0 1.0  0.69334723288553146147705774637870490550994873046875000000000000000000000000000000000 
 pp_0020  3625.0 4375.0 1.0  0.54178324218921425359241084152017720043659210205078125000000000000000000000000000000 
 pp_0021  625.0 3375.0 1.0  0.9561780672195785424349878667271696031093597412109375000000000000000000000000000000 
 pp_0022  1625.0 3375.0 1.0  2.0062287463539871801287972630234435200691223144531250000000000000000000000000000000 
 pp_0023  2625.0 3375.0 1.0  1.57764540714491396933283340331399813294410705566406250000000000000000000000000000000 
 pp_0024  3625.0 3375.0 1.0  2.51607448132037481158818081894423812627792358398437500000000000000000000000000000000 
 pp_0025  625.0 2375.0 1.0  1.1859514885494608638083491314318962395191192626953125000000000000000000000000000000 
 pp_0026  1625.0 2375.0 1.0  1.0722962719401756270798387049580924212932586669921875000000000000000000000000000000 
 pp_0027  2625.0 2375.0 1.0  1.01750518348938490120758615375962108373641967773437500000000000000000000000000000000 
 pp_0028  3625.0 2375.0 1.0  1.77141522083489255656729710608487948775291442871093750000000000000000000000000000000 
 pp_0029  1625.0 1375.0 1.0  1.8327338219906521565860657574376091361045837402343750000000000000000000000000000000 
 pp_0030  2625.0 1375.0 1.0  0.83824106423851607594599499861942604184150695800781250000000000000000000000000000000 
 pp_0031  3625.0 1375.0 1.0  1.09455993876705059975051881338004022836685180664062500000000000000000000000000000000 
