 pp_0000  625.0 9375.0 1.0  1.1861438692917238846291638765251263976097106933593750000000000000000000000000000000 
 pp_0001  1625.0 9375.0 1.0  1.1252432045123261783459156504250131547451019287109375000000000000000000000000000000 
 pp_0002  2625.0 9375.0 1.0  1.57483173884562610567172669107094407081604003906250000000000000000000000000000000000 
 pp_0003  3625.0 9375.0 1.0  4.67809656888931524321151300682686269283294677734375000000000000000000000000000000000 
 pp_0004  625.0 8375.0 1.0  0.8492782696022862509721562673803418874740600585937500000000000000000000000000000000 
 pp_0005  1625.0 8375.0 1.0  0.3081383842754495394622438197984592989087104797363281250000000000000000000000000000 
 pp_0006  2625.0 8375.0 1.0  0.74529420501801268983399495482444763183593750000000000000000000000000000000000000000 
 pp_0007  3625.0 8375.0 1.0  1.56304349750644511196639996342128142714500427246093750000000000000000000000000000000 
 pp_0008  625.0 7375.0 1.0  1.84538153965646056775540273520164191722869873046875000000000000000000000000000000000 
 pp_0009  2625.0 7375.0 1.0  1.548825694579092582259249866183381527662277221679687500000000000000000000000000000000 
 pp_0010  3625.0 7375.0 1.0  0.772357128274835269543530102964723482728004455566406250000000000000000000000000000000 
 pp_0011  625.0 6375.0 1.0  0.26961143565593942428293416924134362488985061645507812500000000000000000000000000000 
 pp_0012  2625.0 6375.0 1.0  0.548875178082047110450503168976865708827972412109375000000000000000000000000000000000 
 pp_0013  3625.0 6375.0 1.0  0.801417841038255862606831669836537912487983703613281250000000000000000000000000000000 
 pp_0014  625.0 5375.0 1.0  0.98838863981023206140008596776169724762439727783203125000000000000000000000000000000 
 pp_0015  2625.0 5375.0 1.0  0.485148480478250432312847806315403431653976440429687500000000000000000000000000000000 
 pp_0016  3625.0 5375.0 1.0  0.808317881419701733669569421181222423911094665527343750000000000000000000000000000000 
 pp_0017  625.0 4375.0 1.0  3.26335567055542030701076328114140778779983520507812500000000000000000000000000000000 
 pp_0018  1625.0 4375.0 1.0  0.20000000000000003885780586188047891482710838317871093750000000000000000000000000000 
 pp_0019  2625.0 4375.0 1.0  0.289429238371052499623203857481712475419044494628906250000000000000000000000000000000 
 pp_0020  3625.0 4375.0 1.0  1.016547354915022127741508484177757054567337036132812500000000000000000000000000000000 
 pp_0021  625.0 3375.0 1.0  0.93221610318647241122391733370022848248481750488281250000000000000000000000000000000 
 pp_0022  1625.0 3375.0 1.0  2.26247022071714765090177934325765818357467651367187500000000000000000000000000000000 
 pp_0023  2625.0 3375.0 1.0  1.414905385945606441921995610755402594804763793945312500000000000000000000000000000000 
 pp_0024  3625.0 3375.0 1.0  0.499134755853088252219862397396354936063289642333984375000000000000000000000000000000 
 pp_0025  625.0 2375.0 1.0  3.37069829247318919485110200184863060712814331054687500000000000000000000000000000000 
 pp_0026  1625.0 2375.0 1.0  3.83162617019017970321215216245036572217941284179687500000000000000000000000000000000 
 pp_0027  2625.0 2375.0 1.0  1.268865979411873512461284008168149739503860473632812500000000000000000000000000000000 
 pp_0028  3625.0 2375.0 1.0  1.020047160954401510579714340565260499715805053710937500000000000000000000000000000000 
 pp_0029  1625.0 1375.0 1.0  1.20903983795140024248837562481639906764030456542968750000000000000000000000000000000 
 pp_0030  2625.0 1375.0 1.0  1.205811767442511950321204494684934616088867187500000000000000000000000000000000000000 
 pp_0031  3625.0 1375.0 1.0  2.036753100435278351909573757438920438289642333984375000000000000000000000000000000000 
