   8.496600E-06    8.496600E-06    8.496600E-06    8.496600E-06    8.496600E-06    8.496600E-06    8.496600E-06    8.496600E-06    8.496600E-06    8.496600E-06    8.496600E-06    8.496600E-06    8.496600E-06    8.496600E-06    8.496600E-06    8.496600E-06    8.496600E-06    8.496600E-06    8.496600E-06    8.496600E-06
   8.496600E-06    8.496600E-06    8.496600E-06    8.496600E-06    8.496600E-06    8.496600E-06    8.496600E-06    8.496600E-06    8.496600E-06    8.496600E-06    8.496600E-06    8.496600E-06    8.496600E-06    8.496600E-06    8.496600E-06    8.496600E-06    8.496600E-06    8.496600E-06    8.496600E-06    8.496600E-06
   8.496600E-06    8.496600E-06    8.496600E-06    8.496600E-06    8.496600E-06    8.496600E-06    8.496600E-06    8.496600E-06    8.496600E-06    8.496600E-06    8.496600E-06    8.496600E-06    8.496600E-06    8.496600E-06    8.496600E-06    8.496600E-06    8.496600E-06    8.496600E-06    8.496600E-06    8.496600E-06
   8.496600E-06    8.496600E-06    8.496600E-06    8.496600E-06    8.496600E-06    8.496600E-06    8.496600E-06    8.496600E-06    8.496600E-06    8.496600E-06    8.496600E-06    8.496600E-06    8.496600E-06    8.496600E-06    8.496600E-06    8.496600E-06    8.496600E-06    8.496600E-06    8.496600E-06    8.496600E-06
   8.496600E-06    8.496600E-06    8.496600E-06    8.496600E-06    8.496600E-06    8.496600E-06    8.496600E-06    8.496600E-06    8.496600E-06    8.496600E-06    8.496600E-06    8.496600E-06    8.496600E-06    8.496600E-06    8.496600E-06    8.496600E-06    8.496600E-06    8.496600E-06    8.496600E-06    8.496600E-06
   8.496600E-06    8.496600E-06    8.496600E-06    8.496600E-06    8.496600E-06    8.496600E-06    8.496600E-06    8.496600E-06    8.496600E-06    8.496600E-06    8.496600E-06    8.496600E-06    8.496600E-06    8.496600E-06    8.496600E-06    8.496600E-06    8.496600E-06    8.496600E-06    8.496600E-06    8.496600E-06
   8.496600E-06    8.496600E-06    8.496600E-06    8.496600E-06    8.496600E-06    8.496600E-06    8.496600E-06    8.496600E-06    8.496600E-06    8.496600E-06    8.496600E-06    8.496600E-06    8.496600E-06    8.496600E-06    8.496600E-06    8.496600E-06    8.496600E-06    8.496600E-06    8.496600E-06    8.496600E-06
   8.496600E-06    8.496600E-06    8.496600E-06    8.496600E-06    8.496600E-06    8.496600E-06    8.496600E-06    8.496600E-06    8.496600E-06    8.496600E-06    8.496600E-06    8.496600E-06    8.496600E-06    8.496600E-06    8.496600E-06    8.496600E-06    8.496600E-06    8.496600E-06    8.496600E-06    8.496600E-06
   8.496600E-06    8.496600E-06    8.496600E-06    8.496600E-06    8.496600E-06    8.496600E-06    8.496600E-06    8.496600E-06    8.496600E-06    8.496600E-06    8.496600E-06    8.496600E-06    8.496600E-06    8.496600E-06    8.496600E-06    8.496600E-06    8.496600E-06    8.496600E-06    8.496600E-06    8.496600E-06
   8.496600E-06    8.496600E-06    8.496600E-06    8.496600E-06    8.496600E-06    8.496600E-06    8.496600E-06    8.496600E-06    8.496600E-06    8.496600E-06    8.496600E-06    8.496600E-06    8.496600E-06    8.496600E-06    8.496600E-06    8.496600E-06    8.496600E-06    8.496600E-06    8.496600E-06    8.496600E-06
   8.496600E-06    8.496600E-06    8.496600E-06    8.496600E-06    8.496600E-06    8.496600E-06    8.496600E-06    8.496600E-06    8.496600E-06    8.496600E-06    8.496600E-06    8.496600E-06    8.496600E-06    8.496600E-06    8.496600E-06    8.496600E-06    8.496600E-06    8.496600E-06    8.496600E-06    8.496600E-06
   8.496600E-06    8.496600E-06    8.496600E-06    8.496600E-06    8.496600E-06    8.496600E-06    8.496600E-06    8.496600E-06    8.496600E-06    8.496600E-06    8.496600E-06    8.496600E-06    8.496600E-06    8.496600E-06    8.496600E-06    8.496600E-06    8.496600E-06    8.496600E-06    8.496600E-06    8.496600E-06
   8.496600E-06    8.496600E-06    8.496600E-06    8.496600E-06    8.496600E-06    8.496600E-06    8.496600E-06    8.496600E-06    8.496600E-06    8.496600E-06    8.496600E-06    8.496600E-06    8.496600E-06    8.496600E-06    8.496600E-06    8.496600E-06    8.496600E-06    8.496600E-06    8.496600E-06    8.496600E-06
   8.496600E-06    8.496600E-06    8.496600E-06    8.496600E-06    8.496600E-06    8.496600E-06    8.496600E-06    8.496600E-06    8.496600E-06    8.496600E-06    8.496600E-06    8.496600E-06    8.496600E-06    8.496600E-06    8.496600E-06    8.496600E-06    8.496600E-06    8.496600E-06    8.496600E-06    8.496600E-06
   8.496600E-06    8.496600E-06    8.496600E-06    8.496600E-06    8.496600E-06    8.496600E-06    8.496600E-06    8.496600E-06    8.496600E-06    8.496600E-06    8.496600E-06    8.496600E-06    8.496600E-06    8.496600E-06    8.496600E-06    8.496600E-06    8.496600E-06    8.496600E-06    8.496600E-06    8.496600E-06
   8.496600E-06    8.496600E-06    8.496600E-06    8.496600E-06    8.496600E-06    8.496600E-06    8.496600E-06    8.496600E-06    8.496600E-06    8.496600E-06    8.496600E-06    8.496600E-06    8.496600E-06    8.496600E-06    8.496600E-06    8.496600E-06    8.496600E-06    8.496600E-06    8.496600E-06    8.496600E-06
   8.496600E-06    8.496600E-06    8.496600E-06    8.496600E-06    8.496600E-06    8.496600E-06    8.496600E-06    8.496600E-06    8.496600E-06    8.496600E-06    8.496600E-06    8.496600E-06    8.496600E-06    8.496600E-06    8.496600E-06    8.496600E-06    8.496600E-06    8.496600E-06    8.496600E-06    8.496600E-06
   8.496600E-06    8.496600E-06    8.496600E-06    8.496600E-06    8.496600E-06    8.496600E-06    8.496600E-06    8.496600E-06    8.496600E-06    8.496600E-06    8.496600E-06    8.496600E-06    8.496600E-06    8.496600E-06    8.496600E-06    8.496600E-06    8.496600E-06    8.496600E-06    8.496600E-06    8.496600E-06
   8.496600E-06    8.496600E-06    8.496600E-06    8.496600E-06    8.496600E-06    8.496600E-06    8.496600E-06    8.496600E-06    8.496600E-06    8.496600E-06    8.496600E-06    8.496600E-06    8.496600E-06    8.496600E-06    8.496600E-06    8.496600E-06    8.496600E-06    8.496600E-06    8.496600E-06    8.496600E-06
   8.496600E-06    8.496600E-06    8.496600E-06    8.496600E-06    8.496600E-06    8.496600E-06    8.496600E-06    8.496600E-06    8.496600E-06    8.496600E-06    8.496600E-06    8.496600E-06    8.496600E-06    8.496600E-06    8.496600E-06    8.496600E-06    8.496600E-06    8.496600E-06    8.496600E-06    8.496600E-06
   8.496600E-06    8.496600E-06    8.496600E-06    8.496600E-06    8.496600E-06    8.496600E-06    8.496600E-06    8.496600E-06    8.496600E-06    8.496600E-06    8.496600E-06    8.496600E-06    8.496600E-06    8.496600E-06    8.496600E-06    8.496600E-06    8.496600E-06    8.496600E-06    8.496600E-06    8.496600E-06
   8.496600E-06    8.496600E-06    8.496600E-06    8.496600E-06    8.496600E-06    8.496600E-06    8.496600E-06    8.496600E-06    8.496600E-06    8.496600E-06    8.496600E-06    8.496600E-06    8.496600E-06    8.496600E-06    8.496600E-06    8.496600E-06    8.496600E-06    8.496600E-06    8.496600E-06    8.496600E-06
   8.496600E-06    8.496600E-06    8.496600E-06    8.496600E-06    8.496600E-06    8.496600E-06    8.496600E-06    8.496600E-06    8.496600E-06    8.496600E-06    8.496600E-06    8.496600E-06    8.496600E-06    8.496600E-06    8.496600E-06    8.496600E-06    8.496600E-06    8.496600E-06    8.496600E-06    8.496600E-06
   8.496600E-06    8.496600E-06    8.496600E-06    8.496600E-06    8.496600E-06    8.496600E-06    8.496600E-06    8.496600E-06    8.496600E-06    8.496600E-06    8.496600E-06    8.496600E-06    8.496600E-06    8.496600E-06    8.496600E-06    8.496600E-06    8.496600E-06    8.496600E-06    8.496600E-06    8.496600E-06
   8.496600E-06    8.496600E-06    8.496600E-06    8.496600E-06    8.496600E-06    8.496600E-06    8.496600E-06    8.496600E-06    8.496600E-06    8.496600E-06    8.496600E-06    8.496600E-06    8.496600E-06    8.496600E-06    8.496600E-06    8.496600E-06    8.496600E-06    8.496600E-06    8.496600E-06    8.496600E-06
   8.496600E-06    8.496600E-06    8.496600E-06    8.496600E-06    8.496600E-06    8.496600E-06    8.496600E-06    8.496600E-06    8.496600E-06    8.496600E-06    8.496600E-06    8.496600E-06    8.496600E-06    8.496600E-06    8.496600E-06    8.496600E-06    8.496600E-06    8.496600E-06    8.496600E-06    8.496600E-06
   8.496600E-06    8.496600E-06    8.496600E-06    8.496600E-06    8.496600E-06    8.496600E-06    8.496600E-06    8.496600E-06    8.496600E-06    8.496600E-06    8.496600E-06    8.496600E-06    8.496600E-06    8.496600E-06    8.496600E-06    8.496600E-06    8.496600E-06    8.496600E-06    8.496600E-06    8.496600E-06
   8.496600E-06    8.496600E-06    8.496600E-06    8.496600E-06    8.496600E-06    8.496600E-06    8.496600E-06    8.496600E-06    8.496600E-06    8.496600E-06    8.496600E-06    8.496600E-06    8.496600E-06    8.496600E-06    8.496600E-06    8.496600E-06    8.496600E-06    8.496600E-06    8.496600E-06    8.496600E-06
   8.496600E-06    8.496600E-06    8.496600E-06    8.496600E-06    8.496600E-06    8.496600E-06    8.496600E-06    8.496600E-06    8.496600E-06    8.496600E-06    8.496600E-06    8.496600E-06    8.496600E-06    8.496600E-06    8.496600E-06    8.496600E-06    8.496600E-06    8.496600E-06    8.496600E-06    8.496600E-06
   8.496600E-06    8.496600E-06    8.496600E-06    8.496600E-06    8.496600E-06    8.496600E-06    8.496600E-06    8.496600E-06    8.496600E-06    8.496600E-06    8.496600E-06    8.496600E-06    8.496600E-06    8.496600E-06    8.496600E-06    8.496600E-06    8.496600E-06    8.496600E-06    8.496600E-06    8.496600E-06
   8.496600E-06    8.496600E-06    8.496600E-06    8.496600E-06    8.496600E-06    8.496600E-06    8.496600E-06    8.496600E-06    8.496600E-06    8.496600E-06    8.496600E-06    8.496600E-06    8.496600E-06    8.496600E-06    8.496600E-06    8.496600E-06    8.496600E-06    8.496600E-06    8.496600E-06    8.496600E-06
   8.496600E-06    8.496600E-06    8.496600E-06    8.496600E-06    8.496600E-06    8.496600E-06    8.496600E-06    8.496600E-06    8.496600E-06    8.496600E-06    8.496600E-06    8.496600E-06    8.496600E-06    8.496600E-06    8.496600E-06    8.496600E-06    8.496600E-06    8.496600E-06    8.496600E-06    8.496600E-06
   8.496600E-06    8.496600E-06    8.496600E-06    8.496600E-06    8.496600E-06    8.496600E-06    8.496600E-06    8.496600E-06    8.496600E-06    8.496600E-06    8.496600E-06    8.496600E-06    8.496600E-06    8.496600E-06    8.496600E-06    8.496600E-06    8.496600E-06    8.496600E-06    8.496600E-06    8.496600E-06
   8.496600E-06    8.496600E-06    8.496600E-06    8.496600E-06    8.496600E-06    8.496600E-06    8.496600E-06    8.496600E-06    8.496600E-06    8.496600E-06    8.496600E-06    8.496600E-06    8.496600E-06    8.496600E-06    8.496600E-06    8.496600E-06    8.496600E-06    8.496600E-06    8.496600E-06    8.496600E-06
   8.496600E-06    8.496600E-06    8.496600E-06    8.496600E-06    8.496600E-06    8.496600E-06    8.496600E-06    8.496600E-06    8.496600E-06    8.496600E-06    8.496600E-06    8.496600E-06    8.496600E-06    8.496600E-06    8.496600E-06    8.496600E-06    8.496600E-06    8.496600E-06    8.496600E-06    8.496600E-06
   8.496600E-06    8.496600E-06    8.496600E-06    8.496600E-06    8.496600E-06    8.496600E-06    8.496600E-06    8.496600E-06    8.496600E-06    8.496600E-06    8.496600E-06    8.496600E-06    8.496600E-06    8.496600E-06    8.496600E-06    8.496600E-06    8.496600E-06    8.496600E-06    8.496600E-06    8.496600E-06
   8.496600E-06    8.496600E-06    8.496600E-06    8.496600E-06    8.496600E-06    8.496600E-06    8.496600E-06    8.496600E-06    8.496600E-06    8.496600E-06    8.496600E-06    8.496600E-06    8.496600E-06    8.496600E-06    8.496600E-06    8.496600E-06    8.496600E-06    8.496600E-06    8.496600E-06    8.496600E-06
   8.496600E-06    8.496600E-06    8.496600E-06    8.496600E-06    8.496600E-06    8.496600E-06    8.496600E-06    8.496600E-06    8.496600E-06    8.496600E-06    8.496600E-06    8.496600E-06    8.496600E-06    8.496600E-06    8.496600E-06    8.496600E-06    8.496600E-06    8.496600E-06    8.496600E-06    8.496600E-06
   8.496600E-06    8.496600E-06    8.496600E-06    8.496600E-06    8.496600E-06    8.496600E-06    8.496600E-06    8.496600E-06    8.496600E-06    8.496600E-06    8.496600E-06    8.496600E-06    8.496600E-06    8.496600E-06    8.496600E-06    8.496600E-06    8.496600E-06    8.496600E-06    8.496600E-06    8.496600E-06
   8.496600E-06    8.496600E-06    8.496600E-06    8.496600E-06    8.496600E-06    8.496600E-06    8.496600E-06    8.496600E-06    8.496600E-06    8.496600E-06    8.496600E-06    8.496600E-06    8.496600E-06    8.496600E-06    8.496600E-06    8.496600E-06    8.496600E-06    8.496600E-06    8.496600E-06    8.496600E-06
