   6.155115E-05    6.155115E-05    6.155115E-05    6.155115E-05    6.155115E-05    6.155115E-05    6.155115E-05    6.155115E-05    6.155115E-05    6.155115E-05    6.155115E-05    6.155115E-05    6.155115E-05    6.155115E-05    6.155115E-05    6.155115E-05    6.155115E-05    6.155115E-05    6.155115E-05    6.155115E-05
   6.155115E-05    6.155115E-05    6.155115E-05    6.155115E-05    6.155115E-05    6.155115E-05    6.155115E-05    6.155115E-05    6.155115E-05    6.155115E-05    6.155115E-05    6.155115E-05    6.155115E-05    6.155115E-05    6.155115E-05    6.155115E-05    6.155115E-05    6.155115E-05    6.155115E-05    6.155115E-05
   6.155115E-05    6.155115E-05    6.155115E-05    6.155115E-05    6.155115E-05    6.155115E-05    6.155115E-05    6.155115E-05    6.155115E-05    6.155115E-05    6.155115E-05    6.155115E-05    6.155115E-05    6.155115E-05    6.155115E-05    6.155115E-05    6.155115E-05    6.155115E-05    6.155115E-05    6.155115E-05
   6.155115E-05    6.155115E-05    6.155115E-05    6.155115E-05    6.155115E-05    6.155115E-05    6.155115E-05    6.155115E-05    6.155115E-05    6.155115E-05    6.155115E-05    6.155115E-05    6.155115E-05    6.155115E-05    6.155115E-05    6.155115E-05    6.155115E-05    6.155115E-05    6.155115E-05    6.155115E-05
   6.155115E-05    6.155115E-05    6.155115E-05    6.155115E-05    6.155115E-05    6.155115E-05    6.155115E-05    6.155115E-05    6.155115E-05    6.155115E-05    6.155115E-05    6.155115E-05    6.155115E-05    6.155115E-05    6.155115E-05    6.155115E-05    6.155115E-05    6.155115E-05    6.155115E-05    6.155115E-05
   6.155115E-05    6.155115E-05    6.155115E-05    6.155115E-05    6.155115E-05    6.155115E-05    6.155115E-05    6.155115E-05    6.155115E-05    6.155115E-05    6.155115E-05    6.155115E-05    6.155115E-05    6.155115E-05    6.155115E-05    6.155115E-05    6.155115E-05    6.155115E-05    6.155115E-05    6.155115E-05
   6.155115E-05    6.155115E-05    6.155115E-05    6.155115E-05    6.155115E-05    6.155115E-05    6.155115E-05    6.155115E-05    6.155115E-05    6.155115E-05    6.155115E-05    6.155115E-05    6.155115E-05    6.155115E-05    6.155115E-05    6.155115E-05    6.155115E-05    6.155115E-05    6.155115E-05    6.155115E-05
   6.155115E-05    6.155115E-05    6.155115E-05    6.155115E-05    6.155115E-05    6.155115E-05    6.155115E-05    6.155115E-05    6.155115E-05    6.155115E-05    6.155115E-05    6.155115E-05    6.155115E-05    6.155115E-05    6.155115E-05    6.155115E-05    6.155115E-05    6.155115E-05    6.155115E-05    6.155115E-05
   6.155115E-05    6.155115E-05    6.155115E-05    6.155115E-05    6.155115E-05    6.155115E-05    6.155115E-05    6.155115E-05    6.155115E-05    6.155115E-05    6.155115E-05    6.155115E-05    6.155115E-05    6.155115E-05    6.155115E-05    6.155115E-05    6.155115E-05    6.155115E-05    6.155115E-05    6.155115E-05
   6.155115E-05    6.155115E-05    6.155115E-05    6.155115E-05    6.155115E-05    6.155115E-05    6.155115E-05    6.155115E-05    6.155115E-05    6.155115E-05    6.155115E-05    6.155115E-05    6.155115E-05    6.155115E-05    6.155115E-05    6.155115E-05    6.155115E-05    6.155115E-05    6.155115E-05    6.155115E-05
   6.155115E-05    6.155115E-05    6.155115E-05    6.155115E-05    6.155115E-05    6.155115E-05    6.155115E-05    6.155115E-05    6.155115E-05    6.155115E-05    6.155115E-05    6.155115E-05    6.155115E-05    6.155115E-05    6.155115E-05    6.155115E-05    6.155115E-05    6.155115E-05    6.155115E-05    6.155115E-05
   6.155115E-05    6.155115E-05    6.155115E-05    6.155115E-05    6.155115E-05    6.155115E-05    6.155115E-05    6.155115E-05    6.155115E-05    6.155115E-05    6.155115E-05    6.155115E-05    6.155115E-05    6.155115E-05    6.155115E-05    6.155115E-05    6.155115E-05    6.155115E-05    6.155115E-05    6.155115E-05
   6.155115E-05    6.155115E-05    6.155115E-05    6.155115E-05    6.155115E-05    6.155115E-05    6.155115E-05    6.155115E-05    6.155115E-05    6.155115E-05    6.155115E-05    6.155115E-05    6.155115E-05    6.155115E-05    6.155115E-05    6.155115E-05    6.155115E-05    6.155115E-05    6.155115E-05    6.155115E-05
   6.155115E-05    6.155115E-05    6.155115E-05    6.155115E-05    6.155115E-05    6.155115E-05    6.155115E-05    6.155115E-05    6.155115E-05    6.155115E-05    6.155115E-05    6.155115E-05    6.155115E-05    6.155115E-05    6.155115E-05    6.155115E-05    6.155115E-05    6.155115E-05    6.155115E-05    6.155115E-05
   6.155115E-05    6.155115E-05    6.155115E-05    6.155115E-05    6.155115E-05    6.155115E-05    6.155115E-05    6.155115E-05    6.155115E-05    6.155115E-05    6.155115E-05    6.155115E-05    6.155115E-05    6.155115E-05    6.155115E-05    6.155115E-05    6.155115E-05    6.155115E-05    6.155115E-05    6.155115E-05
   6.155115E-05    6.155115E-05    6.155115E-05    6.155115E-05    6.155115E-05    6.155115E-05    6.155115E-05    6.155115E-05    6.155115E-05    6.155115E-05    6.155115E-05    6.155115E-05    6.155115E-05    6.155115E-05    6.155115E-05    6.155115E-05    6.155115E-05    6.155115E-05    6.155115E-05    6.155115E-05
   6.155115E-05    6.155115E-05    6.155115E-05    6.155115E-05    6.155115E-05    6.155115E-05    6.155115E-05    6.155115E-05    6.155115E-05    6.155115E-05    6.155115E-05    6.155115E-05    6.155115E-05    6.155115E-05    6.155115E-05    6.155115E-05    6.155115E-05    6.155115E-05    6.155115E-05    6.155115E-05
   6.155115E-05    6.155115E-05    6.155115E-05    6.155115E-05    6.155115E-05    6.155115E-05    6.155115E-05    6.155115E-05    6.155115E-05    6.155115E-05    6.155115E-05    6.155115E-05    6.155115E-05    6.155115E-05    6.155115E-05    6.155115E-05    6.155115E-05    6.155115E-05    6.155115E-05    6.155115E-05
   6.155115E-05    6.155115E-05    6.155115E-05    6.155115E-05    6.155115E-05    6.155115E-05    6.155115E-05    6.155115E-05    6.155115E-05    6.155115E-05    6.155115E-05    6.155115E-05    6.155115E-05    6.155115E-05    6.155115E-05    6.155115E-05    6.155115E-05    6.155115E-05    6.155115E-05    6.155115E-05
   6.155115E-05    6.155115E-05    6.155115E-05    6.155115E-05    6.155115E-05    6.155115E-05    6.155115E-05    6.155115E-05    6.155115E-05    6.155115E-05    6.155115E-05    6.155115E-05    6.155115E-05    6.155115E-05    6.155115E-05    6.155115E-05    6.155115E-05    6.155115E-05    6.155115E-05    6.155115E-05
   6.155115E-05    6.155115E-05    6.155115E-05    6.155115E-05    6.155115E-05    6.155115E-05    6.155115E-05    6.155115E-05    6.155115E-05    6.155115E-05    6.155115E-05    6.155115E-05    6.155115E-05    6.155115E-05    6.155115E-05    6.155115E-05    6.155115E-05    6.155115E-05    6.155115E-05    6.155115E-05
   6.155115E-05    6.155115E-05    6.155115E-05    6.155115E-05    6.155115E-05    6.155115E-05    6.155115E-05    6.155115E-05    6.155115E-05    6.155115E-05    6.155115E-05    6.155115E-05    6.155115E-05    6.155115E-05    6.155115E-05    6.155115E-05    6.155115E-05    6.155115E-05    6.155115E-05    6.155115E-05
   6.155115E-05    6.155115E-05    6.155115E-05    6.155115E-05    6.155115E-05    6.155115E-05    6.155115E-05    6.155115E-05    6.155115E-05    6.155115E-05    6.155115E-05    6.155115E-05    6.155115E-05    6.155115E-05    6.155115E-05    6.155115E-05    6.155115E-05    6.155115E-05    6.155115E-05    6.155115E-05
   6.155115E-05    6.155115E-05    6.155115E-05    6.155115E-05    6.155115E-05    6.155115E-05    6.155115E-05    6.155115E-05    6.155115E-05    6.155115E-05    6.155115E-05    6.155115E-05    6.155115E-05    6.155115E-05    6.155115E-05    6.155115E-05    6.155115E-05    6.155115E-05    6.155115E-05    6.155115E-05
   6.155115E-05    6.155115E-05    6.155115E-05    6.155115E-05    6.155115E-05    6.155115E-05    6.155115E-05    6.155115E-05    6.155115E-05    6.155115E-05    6.155115E-05    6.155115E-05    6.155115E-05    6.155115E-05    6.155115E-05    6.155115E-05    6.155115E-05    6.155115E-05    6.155115E-05    6.155115E-05
   6.155115E-05    6.155115E-05    6.155115E-05    6.155115E-05    6.155115E-05    6.155115E-05    6.155115E-05    6.155115E-05    6.155115E-05    6.155115E-05    6.155115E-05    6.155115E-05    6.155115E-05    6.155115E-05    6.155115E-05    6.155115E-05    6.155115E-05    6.155115E-05    6.155115E-05    6.155115E-05
   6.155115E-05    6.155115E-05    6.155115E-05    6.155115E-05    6.155115E-05    6.155115E-05    6.155115E-05    6.155115E-05    6.155115E-05    6.155115E-05    6.155115E-05    6.155115E-05    6.155115E-05    6.155115E-05    6.155115E-05    6.155115E-05    6.155115E-05    6.155115E-05    6.155115E-05    6.155115E-05
   6.155115E-05    6.155115E-05    6.155115E-05    6.155115E-05    6.155115E-05    6.155115E-05    6.155115E-05    6.155115E-05    6.155115E-05    6.155115E-05    6.155115E-05    6.155115E-05    6.155115E-05    6.155115E-05    6.155115E-05    6.155115E-05    6.155115E-05    6.155115E-05    6.155115E-05    6.155115E-05
   6.155115E-05    6.155115E-05    6.155115E-05    6.155115E-05    6.155115E-05    6.155115E-05    6.155115E-05    6.155115E-05    6.155115E-05    6.155115E-05    6.155115E-05    6.155115E-05    6.155115E-05    6.155115E-05    6.155115E-05    6.155115E-05    6.155115E-05    6.155115E-05    6.155115E-05    6.155115E-05
   6.155115E-05    6.155115E-05    6.155115E-05    6.155115E-05    6.155115E-05    6.155115E-05    6.155115E-05    6.155115E-05    6.155115E-05    6.155115E-05    6.155115E-05    6.155115E-05    6.155115E-05    6.155115E-05    6.155115E-05    6.155115E-05    6.155115E-05    6.155115E-05    6.155115E-05    6.155115E-05
   6.155115E-05    6.155115E-05    6.155115E-05    6.155115E-05    6.155115E-05    6.155115E-05    6.155115E-05    6.155115E-05    6.155115E-05    6.155115E-05    6.155115E-05    6.155115E-05    6.155115E-05    6.155115E-05    6.155115E-05    6.155115E-05    6.155115E-05    6.155115E-05    6.155115E-05    6.155115E-05
   6.155115E-05    6.155115E-05    6.155115E-05    6.155115E-05    6.155115E-05    6.155115E-05    6.155115E-05    6.155115E-05    6.155115E-05    6.155115E-05    6.155115E-05    6.155115E-05    6.155115E-05    6.155115E-05    6.155115E-05    6.155115E-05    6.155115E-05    6.155115E-05    6.155115E-05    6.155115E-05
   6.155115E-05    6.155115E-05    6.155115E-05    6.155115E-05    6.155115E-05    6.155115E-05    6.155115E-05    6.155115E-05    6.155115E-05    6.155115E-05    6.155115E-05    6.155115E-05    6.155115E-05    6.155115E-05    6.155115E-05    6.155115E-05    6.155115E-05    6.155115E-05    6.155115E-05    6.155115E-05
   6.155115E-05    6.155115E-05    6.155115E-05    6.155115E-05    6.155115E-05    6.155115E-05    6.155115E-05    6.155115E-05    6.155115E-05    6.155115E-05    6.155115E-05    6.155115E-05    6.155115E-05    6.155115E-05    6.155115E-05    6.155115E-05    6.155115E-05    6.155115E-05    6.155115E-05    6.155115E-05
   6.155115E-05    6.155115E-05    6.155115E-05    6.155115E-05    6.155115E-05    6.155115E-05    6.155115E-05    6.155115E-05    6.155115E-05    6.155115E-05    6.155115E-05    6.155115E-05    6.155115E-05    6.155115E-05    6.155115E-05    6.155115E-05    6.155115E-05    6.155115E-05    6.155115E-05    6.155115E-05
   6.155115E-05    6.155115E-05    6.155115E-05    6.155115E-05    6.155115E-05    6.155115E-05    6.155115E-05    6.155115E-05    6.155115E-05    6.155115E-05    6.155115E-05    6.155115E-05    6.155115E-05    6.155115E-05    6.155115E-05    6.155115E-05    6.155115E-05    6.155115E-05    6.155115E-05    6.155115E-05
   6.155115E-05    6.155115E-05    6.155115E-05    6.155115E-05    6.155115E-05    6.155115E-05    6.155115E-05    6.155115E-05    6.155115E-05    6.155115E-05    6.155115E-05    6.155115E-05    6.155115E-05    6.155115E-05    6.155115E-05    6.155115E-05    6.155115E-05    6.155115E-05    6.155115E-05    6.155115E-05
   6.155115E-05    6.155115E-05    6.155115E-05    6.155115E-05    6.155115E-05    6.155115E-05    6.155115E-05    6.155115E-05    6.155115E-05    6.155115E-05    6.155115E-05    6.155115E-05    6.155115E-05    6.155115E-05    6.155115E-05    6.155115E-05    6.155115E-05    6.155115E-05    6.155115E-05    6.155115E-05
   6.155115E-05    6.155115E-05    6.155115E-05    6.155115E-05    6.155115E-05    6.155115E-05    6.155115E-05    6.155115E-05    6.155115E-05    6.155115E-05    6.155115E-05    6.155115E-05    6.155115E-05    6.155115E-05    6.155115E-05    6.155115E-05    6.155115E-05    6.155115E-05    6.155115E-05    6.155115E-05
   6.155115E-05    6.155115E-05    6.155115E-05    6.155115E-05    6.155115E-05    6.155115E-05    6.155115E-05    6.155115E-05    6.155115E-05    6.155115E-05    6.155115E-05    6.155115E-05    6.155115E-05    6.155115E-05    6.155115E-05    6.155115E-05    6.155115E-05    6.155115E-05    6.155115E-05    6.155115E-05
