   1.293269E-04    1.293269E-04    1.293269E-04    1.293269E-04    1.293269E-04    1.293269E-04    1.293269E-04    1.293269E-04    1.293269E-04    1.293269E-04    1.293269E-04    1.293269E-04    1.293269E-04    1.293269E-04    1.293269E-04    1.293269E-04    1.293269E-04    1.293269E-04    1.293269E-04    1.293269E-04
   1.293269E-04    1.293269E-04    1.293269E-04    1.293269E-04    1.293269E-04    1.293269E-04    1.293269E-04    1.293269E-04    1.293269E-04    1.293269E-04    1.293269E-04    1.293269E-04    1.293269E-04    1.293269E-04    1.293269E-04    1.293269E-04    1.293269E-04    1.293269E-04    1.293269E-04    1.293269E-04
   1.293269E-04    1.293269E-04    1.293269E-04    1.293269E-04    1.293269E-04    1.293269E-04    1.293269E-04    1.293269E-04    1.293269E-04    1.293269E-04    1.293269E-04    1.293269E-04    1.293269E-04    1.293269E-04    1.293269E-04    1.293269E-04    1.293269E-04    1.293269E-04    1.293269E-04    1.293269E-04
   1.293269E-04    1.293269E-04    1.293269E-04    1.293269E-04    1.293269E-04    1.293269E-04    1.293269E-04    1.293269E-04    1.293269E-04    1.293269E-04    1.293269E-04    1.293269E-04    1.293269E-04    1.293269E-04    1.293269E-04    1.293269E-04    1.293269E-04    1.293269E-04    1.293269E-04    1.293269E-04
   1.293269E-04    1.293269E-04    1.293269E-04    1.293269E-04    1.293269E-04    1.293269E-04    1.293269E-04    1.293269E-04    1.293269E-04    1.293269E-04    1.293269E-04    1.293269E-04    1.293269E-04    1.293269E-04    1.293269E-04    1.293269E-04    1.293269E-04    1.293269E-04    1.293269E-04    1.293269E-04
   1.293269E-04    1.293269E-04    1.293269E-04    1.293269E-04    1.293269E-04    1.293269E-04    1.293269E-04    1.293269E-04    1.293269E-04    1.293269E-04    1.293269E-04    1.293269E-04    1.293269E-04    1.293269E-04    1.293269E-04    1.293269E-04    1.293269E-04    1.293269E-04    1.293269E-04    1.293269E-04
   1.293269E-04    1.293269E-04    1.293269E-04    1.293269E-04    1.293269E-04    1.293269E-04    1.293269E-04    1.293269E-04    1.293269E-04    1.293269E-04    1.293269E-04    1.293269E-04    1.293269E-04    1.293269E-04    1.293269E-04    1.293269E-04    1.293269E-04    1.293269E-04    1.293269E-04    1.293269E-04
   1.293269E-04    1.293269E-04    1.293269E-04    1.293269E-04    1.293269E-04    1.293269E-04    1.293269E-04    1.293269E-04    1.293269E-04    1.293269E-04    1.293269E-04    1.293269E-04    1.293269E-04    1.293269E-04    1.293269E-04    1.293269E-04    1.293269E-04    1.293269E-04    1.293269E-04    1.293269E-04
   1.293269E-04    1.293269E-04    1.293269E-04    1.293269E-04    1.293269E-04    1.293269E-04    1.293269E-04    1.293269E-04    1.293269E-04    1.293269E-04    1.293269E-04    1.293269E-04    1.293269E-04    1.293269E-04    1.293269E-04    1.293269E-04    1.293269E-04    1.293269E-04    1.293269E-04    1.293269E-04
   1.293269E-04    1.293269E-04    1.293269E-04    1.293269E-04    1.293269E-04    1.293269E-04    1.293269E-04    1.293269E-04    1.293269E-04    1.293269E-04    1.293269E-04    1.293269E-04    1.293269E-04    1.293269E-04    1.293269E-04    1.293269E-04    1.293269E-04    1.293269E-04    1.293269E-04    1.293269E-04
   1.293269E-04    1.293269E-04    1.293269E-04    1.293269E-04    1.293269E-04    1.293269E-04    1.293269E-04    1.293269E-04    1.293269E-04    1.293269E-04    1.293269E-04    1.293269E-04    1.293269E-04    1.293269E-04    1.293269E-04    1.293269E-04    1.293269E-04    1.293269E-04    1.293269E-04    1.293269E-04
   1.293269E-04    1.293269E-04    1.293269E-04    1.293269E-04    1.293269E-04    1.293269E-04    1.293269E-04    1.293269E-04    1.293269E-04    1.293269E-04    1.293269E-04    1.293269E-04    1.293269E-04    1.293269E-04    1.293269E-04    1.293269E-04    1.293269E-04    1.293269E-04    1.293269E-04    1.293269E-04
   1.293269E-04    1.293269E-04    1.293269E-04    1.293269E-04    1.293269E-04    1.293269E-04    1.293269E-04    1.293269E-04    1.293269E-04    1.293269E-04    1.293269E-04    1.293269E-04    1.293269E-04    1.293269E-04    1.293269E-04    1.293269E-04    1.293269E-04    1.293269E-04    1.293269E-04    1.293269E-04
   1.293269E-04    1.293269E-04    1.293269E-04    1.293269E-04    1.293269E-04    1.293269E-04    1.293269E-04    1.293269E-04    1.293269E-04    1.293269E-04    1.293269E-04    1.293269E-04    1.293269E-04    1.293269E-04    1.293269E-04    1.293269E-04    1.293269E-04    1.293269E-04    1.293269E-04    1.293269E-04
   1.293269E-04    1.293269E-04    1.293269E-04    1.293269E-04    1.293269E-04    1.293269E-04    1.293269E-04    1.293269E-04    1.293269E-04    1.293269E-04    1.293269E-04    1.293269E-04    1.293269E-04    1.293269E-04    1.293269E-04    1.293269E-04    1.293269E-04    1.293269E-04    1.293269E-04    1.293269E-04
   1.293269E-04    1.293269E-04    1.293269E-04    1.293269E-04    1.293269E-04    1.293269E-04    1.293269E-04    1.293269E-04    1.293269E-04    1.293269E-04    1.293269E-04    1.293269E-04    1.293269E-04    1.293269E-04    1.293269E-04    1.293269E-04    1.293269E-04    1.293269E-04    1.293269E-04    1.293269E-04
   1.293269E-04    1.293269E-04    1.293269E-04    1.293269E-04    1.293269E-04    1.293269E-04    1.293269E-04    1.293269E-04    1.293269E-04    1.293269E-04    1.293269E-04    1.293269E-04    1.293269E-04    1.293269E-04    1.293269E-04    1.293269E-04    1.293269E-04    1.293269E-04    1.293269E-04    1.293269E-04
   1.293269E-04    1.293269E-04    1.293269E-04    1.293269E-04    1.293269E-04    1.293269E-04    1.293269E-04    1.293269E-04    1.293269E-04    1.293269E-04    1.293269E-04    1.293269E-04    1.293269E-04    1.293269E-04    1.293269E-04    1.293269E-04    1.293269E-04    1.293269E-04    1.293269E-04    1.293269E-04
   1.293269E-04    1.293269E-04    1.293269E-04    1.293269E-04    1.293269E-04    1.293269E-04    1.293269E-04    1.293269E-04    1.293269E-04    1.293269E-04    1.293269E-04    1.293269E-04    1.293269E-04    1.293269E-04    1.293269E-04    1.293269E-04    1.293269E-04    1.293269E-04    1.293269E-04    1.293269E-04
   1.293269E-04    1.293269E-04    1.293269E-04    1.293269E-04    1.293269E-04    1.293269E-04    1.293269E-04    1.293269E-04    1.293269E-04    1.293269E-04    1.293269E-04    1.293269E-04    1.293269E-04    1.293269E-04    1.293269E-04    1.293269E-04    1.293269E-04    1.293269E-04    1.293269E-04    1.293269E-04
   1.293269E-04    1.293269E-04    1.293269E-04    1.293269E-04    1.293269E-04    1.293269E-04    1.293269E-04    1.293269E-04    1.293269E-04    1.293269E-04    1.293269E-04    1.293269E-04    1.293269E-04    1.293269E-04    1.293269E-04    1.293269E-04    1.293269E-04    1.293269E-04    1.293269E-04    1.293269E-04
   1.293269E-04    1.293269E-04    1.293269E-04    1.293269E-04    1.293269E-04    1.293269E-04    1.293269E-04    1.293269E-04    1.293269E-04    1.293269E-04    1.293269E-04    1.293269E-04    1.293269E-04    1.293269E-04    1.293269E-04    1.293269E-04    1.293269E-04    1.293269E-04    1.293269E-04    1.293269E-04
   1.293269E-04    1.293269E-04    1.293269E-04    1.293269E-04    1.293269E-04    1.293269E-04    1.293269E-04    1.293269E-04    1.293269E-04    1.293269E-04    1.293269E-04    1.293269E-04    1.293269E-04    1.293269E-04    1.293269E-04    1.293269E-04    1.293269E-04    1.293269E-04    1.293269E-04    1.293269E-04
   1.293269E-04    1.293269E-04    1.293269E-04    1.293269E-04    1.293269E-04    1.293269E-04    1.293269E-04    1.293269E-04    1.293269E-04    1.293269E-04    1.293269E-04    1.293269E-04    1.293269E-04    1.293269E-04    1.293269E-04    1.293269E-04    1.293269E-04    1.293269E-04    1.293269E-04    1.293269E-04
   1.293269E-04    1.293269E-04    1.293269E-04    1.293269E-04    1.293269E-04    1.293269E-04    1.293269E-04    1.293269E-04    1.293269E-04    1.293269E-04    1.293269E-04    1.293269E-04    1.293269E-04    1.293269E-04    1.293269E-04    1.293269E-04    1.293269E-04    1.293269E-04    1.293269E-04    1.293269E-04
   1.293269E-04    1.293269E-04    1.293269E-04    1.293269E-04    1.293269E-04    1.293269E-04    1.293269E-04    1.293269E-04    1.293269E-04    1.293269E-04    1.293269E-04    1.293269E-04    1.293269E-04    1.293269E-04    1.293269E-04    1.293269E-04    1.293269E-04    1.293269E-04    1.293269E-04    1.293269E-04
   1.293269E-04    1.293269E-04    1.293269E-04    1.293269E-04    1.293269E-04    1.293269E-04    1.293269E-04    1.293269E-04    1.293269E-04    1.293269E-04    1.293269E-04    1.293269E-04    1.293269E-04    1.293269E-04    1.293269E-04    1.293269E-04    1.293269E-04    1.293269E-04    1.293269E-04    1.293269E-04
   1.293269E-04    1.293269E-04    1.293269E-04    1.293269E-04    1.293269E-04    1.293269E-04    1.293269E-04    1.293269E-04    1.293269E-04    1.293269E-04    1.293269E-04    1.293269E-04    1.293269E-04    1.293269E-04    1.293269E-04    1.293269E-04    1.293269E-04    1.293269E-04    1.293269E-04    1.293269E-04
   1.293269E-04    1.293269E-04    1.293269E-04    1.293269E-04    1.293269E-04    1.293269E-04    1.293269E-04    1.293269E-04    1.293269E-04    1.293269E-04    1.293269E-04    1.293269E-04    1.293269E-04    1.293269E-04    1.293269E-04    1.293269E-04    1.293269E-04    1.293269E-04    1.293269E-04    1.293269E-04
   1.293269E-04    1.293269E-04    1.293269E-04    1.293269E-04    1.293269E-04    1.293269E-04    1.293269E-04    1.293269E-04    1.293269E-04    1.293269E-04    1.293269E-04    1.293269E-04    1.293269E-04    1.293269E-04    1.293269E-04    1.293269E-04    1.293269E-04    1.293269E-04    1.293269E-04    1.293269E-04
   1.293269E-04    1.293269E-04    1.293269E-04    1.293269E-04    1.293269E-04    1.293269E-04    1.293269E-04    1.293269E-04    1.293269E-04    1.293269E-04    1.293269E-04    1.293269E-04    1.293269E-04    1.293269E-04    1.293269E-04    1.293269E-04    1.293269E-04    1.293269E-04    1.293269E-04    1.293269E-04
   1.293269E-04    1.293269E-04    1.293269E-04    1.293269E-04    1.293269E-04    1.293269E-04    1.293269E-04    1.293269E-04    1.293269E-04    1.293269E-04    1.293269E-04    1.293269E-04    1.293269E-04    1.293269E-04    1.293269E-04    1.293269E-04    1.293269E-04    1.293269E-04    1.293269E-04    1.293269E-04
   1.293269E-04    1.293269E-04    1.293269E-04    1.293269E-04    1.293269E-04    1.293269E-04    1.293269E-04    1.293269E-04    1.293269E-04    1.293269E-04    1.293269E-04    1.293269E-04    1.293269E-04    1.293269E-04    1.293269E-04    1.293269E-04    1.293269E-04    1.293269E-04    1.293269E-04    1.293269E-04
   1.293269E-04    1.293269E-04    1.293269E-04    1.293269E-04    1.293269E-04    1.293269E-04    1.293269E-04    1.293269E-04    1.293269E-04    1.293269E-04    1.293269E-04    1.293269E-04    1.293269E-04    1.293269E-04    1.293269E-04    1.293269E-04    1.293269E-04    1.293269E-04    1.293269E-04    1.293269E-04
   1.293269E-04    1.293269E-04    1.293269E-04    1.293269E-04    1.293269E-04    1.293269E-04    1.293269E-04    1.293269E-04    1.293269E-04    1.293269E-04    1.293269E-04    1.293269E-04    1.293269E-04    1.293269E-04    1.293269E-04    1.293269E-04    1.293269E-04    1.293269E-04    1.293269E-04    1.293269E-04
   1.293269E-04    1.293269E-04    1.293269E-04    1.293269E-04    1.293269E-04    1.293269E-04    1.293269E-04    1.293269E-04    1.293269E-04    1.293269E-04    1.293269E-04    1.293269E-04    1.293269E-04    1.293269E-04    1.293269E-04    1.293269E-04    1.293269E-04    1.293269E-04    1.293269E-04    1.293269E-04
   1.293269E-04    1.293269E-04    1.293269E-04    1.293269E-04    1.293269E-04    1.293269E-04    1.293269E-04    1.293269E-04    1.293269E-04    1.293269E-04    1.293269E-04    1.293269E-04    1.293269E-04    1.293269E-04    1.293269E-04    1.293269E-04    1.293269E-04    1.293269E-04    1.293269E-04    1.293269E-04
   1.293269E-04    1.293269E-04    1.293269E-04    1.293269E-04    1.293269E-04    1.293269E-04    1.293269E-04    1.293269E-04    1.293269E-04    1.293269E-04    1.293269E-04    1.293269E-04    1.293269E-04    1.293269E-04    1.293269E-04    1.293269E-04    1.293269E-04    1.293269E-04    1.293269E-04    1.293269E-04
   1.293269E-04    1.293269E-04    1.293269E-04    1.293269E-04    1.293269E-04    1.293269E-04    1.293269E-04    1.293269E-04    1.293269E-04    1.293269E-04    1.293269E-04    1.293269E-04    1.293269E-04    1.293269E-04    1.293269E-04    1.293269E-04    1.293269E-04    1.293269E-04    1.293269E-04    1.293269E-04
   1.293269E-04    1.293269E-04    1.293269E-04    1.293269E-04    1.293269E-04    1.293269E-04    1.293269E-04    1.293269E-04    1.293269E-04    1.293269E-04    1.293269E-04    1.293269E-04    1.293269E-04    1.293269E-04    1.293269E-04    1.293269E-04    1.293269E-04    1.293269E-04    1.293269E-04    1.293269E-04
