8.412826999999999675e-05 8.412826999999999675e-05 8.412826999999999675e-05 8.412826999999999675e-05 8.412826999999999675e-05 8.412826999999999675e-05 8.412826999999999675e-05 8.412826999999999675e-05 8.412826999999999675e-05 8.412826999999999675e-05 8.412826999999999675e-05 8.412826999999999675e-05 8.412826999999999675e-05 8.412826999999999675e-05 8.412826999999999675e-05 8.412826999999999675e-05 8.412826999999999675e-05 8.412826999999999675e-05 8.412826999999999675e-05 8.412826999999999675e-05
8.412826999999999675e-05 8.412826999999999675e-05 8.412826999999999675e-05 8.412826999999999675e-05 8.412826999999999675e-05 8.412826999999999675e-05 8.412826999999999675e-05 8.412826999999999675e-05 8.412826999999999675e-05 8.412826999999999675e-05 8.412826999999999675e-05 8.412826999999999675e-05 8.412826999999999675e-05 8.412826999999999675e-05 8.412826999999999675e-05 8.412826999999999675e-05 8.412826999999999675e-05 8.412826999999999675e-05 8.412826999999999675e-05 8.412826999999999675e-05
8.412826999999999675e-05 8.412826999999999675e-05 8.412826999999999675e-05 8.412826999999999675e-05 8.412826999999999675e-05 8.412826999999999675e-05 8.412826999999999675e-05 8.412826999999999675e-05 8.412826999999999675e-05 8.412826999999999675e-05 8.412826999999999675e-05 8.412826999999999675e-05 8.412826999999999675e-05 8.412826999999999675e-05 8.412826999999999675e-05 8.412826999999999675e-05 8.412826999999999675e-05 8.412826999999999675e-05 8.412826999999999675e-05 8.412826999999999675e-05
8.412826999999999675e-05 8.412826999999999675e-05 8.412826999999999675e-05 8.412826999999999675e-05 8.412826999999999675e-05 8.412826999999999675e-05 8.412826999999999675e-05 8.412826999999999675e-05 8.412826999999999675e-05 8.412826999999999675e-05 8.412826999999999675e-05 8.412826999999999675e-05 8.412826999999999675e-05 8.412826999999999675e-05 8.412826999999999675e-05 8.412826999999999675e-05 8.412826999999999675e-05 8.412826999999999675e-05 8.412826999999999675e-05 8.412826999999999675e-05
8.412826999999999675e-05 8.412826999999999675e-05 8.412826999999999675e-05 8.412826999999999675e-05 8.412826999999999675e-05 8.412826999999999675e-05 8.412826999999999675e-05 8.412826999999999675e-05 8.412826999999999675e-05 8.412826999999999675e-05 8.412826999999999675e-05 8.412826999999999675e-05 8.412826999999999675e-05 8.412826999999999675e-05 8.412826999999999675e-05 8.412826999999999675e-05 8.412826999999999675e-05 8.412826999999999675e-05 8.412826999999999675e-05 8.412826999999999675e-05
8.412826999999999675e-05 8.412826999999999675e-05 8.412826999999999675e-05 8.412826999999999675e-05 8.412826999999999675e-05 8.412826999999999675e-05 8.412826999999999675e-05 8.412826999999999675e-05 8.412826999999999675e-05 8.412826999999999675e-05 8.412826999999999675e-05 8.412826999999999675e-05 8.412826999999999675e-05 8.412826999999999675e-05 8.412826999999999675e-05 8.412826999999999675e-05 8.412826999999999675e-05 8.412826999999999675e-05 8.412826999999999675e-05 8.412826999999999675e-05
8.412826999999999675e-05 8.412826999999999675e-05 8.412826999999999675e-05 8.412826999999999675e-05 8.412826999999999675e-05 8.412826999999999675e-05 8.412826999999999675e-05 8.412826999999999675e-05 8.412826999999999675e-05 8.412826999999999675e-05 8.412826999999999675e-05 8.412826999999999675e-05 8.412826999999999675e-05 8.412826999999999675e-05 8.412826999999999675e-05 8.412826999999999675e-05 8.412826999999999675e-05 8.412826999999999675e-05 8.412826999999999675e-05 8.412826999999999675e-05
8.412826999999999675e-05 8.412826999999999675e-05 8.412826999999999675e-05 8.412826999999999675e-05 8.412826999999999675e-05 8.412826999999999675e-05 8.412826999999999675e-05 8.412826999999999675e-05 8.412826999999999675e-05 8.412826999999999675e-05 8.412826999999999675e-05 8.412826999999999675e-05 8.412826999999999675e-05 8.412826999999999675e-05 8.412826999999999675e-05 8.412826999999999675e-05 8.412826999999999675e-05 8.412826999999999675e-05 8.412826999999999675e-05 8.412826999999999675e-05
8.412826999999999675e-05 8.412826999999999675e-05 8.412826999999999675e-05 8.412826999999999675e-05 8.412826999999999675e-05 8.412826999999999675e-05 8.412826999999999675e-05 8.412826999999999675e-05 8.412826999999999675e-05 8.412826999999999675e-05 8.412826999999999675e-05 8.412826999999999675e-05 8.412826999999999675e-05 8.412826999999999675e-05 8.412826999999999675e-05 8.412826999999999675e-05 8.412826999999999675e-05 8.412826999999999675e-05 8.412826999999999675e-05 8.412826999999999675e-05
8.412826999999999675e-05 8.412826999999999675e-05 8.412826999999999675e-05 8.412826999999999675e-05 8.412826999999999675e-05 8.412826999999999675e-05 8.412826999999999675e-05 8.412826999999999675e-05 8.412826999999999675e-05 8.412826999999999675e-05 8.412826999999999675e-05 8.412826999999999675e-05 8.412826999999999675e-05 8.412826999999999675e-05 8.412826999999999675e-05 8.412826999999999675e-05 8.412826999999999675e-05 8.412826999999999675e-05 8.412826999999999675e-05 8.412826999999999675e-05
8.412826999999999675e-05 8.412826999999999675e-05 8.412826999999999675e-05 8.412826999999999675e-05 8.412826999999999675e-05 8.412826999999999675e-05 8.412826999999999675e-05 8.412826999999999675e-05 8.412826999999999675e-05 8.412826999999999675e-05 8.412826999999999675e-05 8.412826999999999675e-05 8.412826999999999675e-05 8.412826999999999675e-05 8.412826999999999675e-05 8.412826999999999675e-05 8.412826999999999675e-05 8.412826999999999675e-05 8.412826999999999675e-05 8.412826999999999675e-05
8.412826999999999675e-05 8.412826999999999675e-05 8.412826999999999675e-05 8.412826999999999675e-05 8.412826999999999675e-05 8.412826999999999675e-05 8.412826999999999675e-05 8.412826999999999675e-05 8.412826999999999675e-05 8.412826999999999675e-05 8.412826999999999675e-05 8.412826999999999675e-05 8.412826999999999675e-05 8.412826999999999675e-05 8.412826999999999675e-05 8.412826999999999675e-05 8.412826999999999675e-05 8.412826999999999675e-05 8.412826999999999675e-05 8.412826999999999675e-05
8.412826999999999675e-05 8.412826999999999675e-05 8.412826999999999675e-05 8.412826999999999675e-05 8.412826999999999675e-05 8.412826999999999675e-05 8.412826999999999675e-05 8.412826999999999675e-05 8.412826999999999675e-05 8.412826999999999675e-05 8.412826999999999675e-05 8.412826999999999675e-05 8.412826999999999675e-05 8.412826999999999675e-05 8.412826999999999675e-05 8.412826999999999675e-05 8.412826999999999675e-05 8.412826999999999675e-05 8.412826999999999675e-05 8.412826999999999675e-05
8.412826999999999675e-05 8.412826999999999675e-05 8.412826999999999675e-05 8.412826999999999675e-05 8.412826999999999675e-05 8.412826999999999675e-05 8.412826999999999675e-05 8.412826999999999675e-05 8.412826999999999675e-05 8.412826999999999675e-05 8.412826999999999675e-05 8.412826999999999675e-05 8.412826999999999675e-05 8.412826999999999675e-05 8.412826999999999675e-05 8.412826999999999675e-05 8.412826999999999675e-05 8.412826999999999675e-05 8.412826999999999675e-05 8.412826999999999675e-05
8.412826999999999675e-05 8.412826999999999675e-05 8.412826999999999675e-05 8.412826999999999675e-05 8.412826999999999675e-05 8.412826999999999675e-05 8.412826999999999675e-05 8.412826999999999675e-05 8.412826999999999675e-05 8.412826999999999675e-05 8.412826999999999675e-05 8.412826999999999675e-05 8.412826999999999675e-05 8.412826999999999675e-05 8.412826999999999675e-05 8.412826999999999675e-05 8.412826999999999675e-05 8.412826999999999675e-05 8.412826999999999675e-05 8.412826999999999675e-05
8.412826999999999675e-05 8.412826999999999675e-05 8.412826999999999675e-05 8.412826999999999675e-05 8.412826999999999675e-05 8.412826999999999675e-05 8.412826999999999675e-05 8.412826999999999675e-05 8.412826999999999675e-05 8.412826999999999675e-05 8.412826999999999675e-05 8.412826999999999675e-05 8.412826999999999675e-05 8.412826999999999675e-05 8.412826999999999675e-05 8.412826999999999675e-05 8.412826999999999675e-05 8.412826999999999675e-05 8.412826999999999675e-05 8.412826999999999675e-05
8.412826999999999675e-05 8.412826999999999675e-05 8.412826999999999675e-05 8.412826999999999675e-05 8.412826999999999675e-05 8.412826999999999675e-05 8.412826999999999675e-05 8.412826999999999675e-05 8.412826999999999675e-05 8.412826999999999675e-05 8.412826999999999675e-05 8.412826999999999675e-05 8.412826999999999675e-05 8.412826999999999675e-05 8.412826999999999675e-05 8.412826999999999675e-05 8.412826999999999675e-05 8.412826999999999675e-05 8.412826999999999675e-05 8.412826999999999675e-05
8.412826999999999675e-05 8.412826999999999675e-05 8.412826999999999675e-05 8.412826999999999675e-05 8.412826999999999675e-05 8.412826999999999675e-05 8.412826999999999675e-05 8.412826999999999675e-05 8.412826999999999675e-05 8.412826999999999675e-05 8.412826999999999675e-05 8.412826999999999675e-05 8.412826999999999675e-05 8.412826999999999675e-05 8.412826999999999675e-05 8.412826999999999675e-05 8.412826999999999675e-05 8.412826999999999675e-05 8.412826999999999675e-05 8.412826999999999675e-05
8.412826999999999675e-05 8.412826999999999675e-05 8.412826999999999675e-05 8.412826999999999675e-05 8.412826999999999675e-05 8.412826999999999675e-05 8.412826999999999675e-05 8.412826999999999675e-05 8.412826999999999675e-05 8.412826999999999675e-05 8.412826999999999675e-05 8.412826999999999675e-05 8.412826999999999675e-05 8.412826999999999675e-05 8.412826999999999675e-05 8.412826999999999675e-05 8.412826999999999675e-05 8.412826999999999675e-05 8.412826999999999675e-05 8.412826999999999675e-05
8.412826999999999675e-05 8.412826999999999675e-05 8.412826999999999675e-05 8.412826999999999675e-05 8.412826999999999675e-05 8.412826999999999675e-05 8.412826999999999675e-05 8.412826999999999675e-05 8.412826999999999675e-05 8.412826999999999675e-05 8.412826999999999675e-05 8.412826999999999675e-05 8.412826999999999675e-05 8.412826999999999675e-05 8.412826999999999675e-05 8.412826999999999675e-05 8.412826999999999675e-05 8.412826999999999675e-05 8.412826999999999675e-05 8.412826999999999675e-05
8.412826999999999675e-05 8.412826999999999675e-05 8.412826999999999675e-05 8.412826999999999675e-05 8.412826999999999675e-05 8.412826999999999675e-05 8.412826999999999675e-05 8.412826999999999675e-05 8.412826999999999675e-05 8.412826999999999675e-05 8.412826999999999675e-05 8.412826999999999675e-05 8.412826999999999675e-05 8.412826999999999675e-05 8.412826999999999675e-05 8.412826999999999675e-05 8.412826999999999675e-05 8.412826999999999675e-05 8.412826999999999675e-05 8.412826999999999675e-05
8.412826999999999675e-05 8.412826999999999675e-05 8.412826999999999675e-05 8.412826999999999675e-05 8.412826999999999675e-05 8.412826999999999675e-05 8.412826999999999675e-05 8.412826999999999675e-05 8.412826999999999675e-05 8.412826999999999675e-05 8.412826999999999675e-05 8.412826999999999675e-05 8.412826999999999675e-05 8.412826999999999675e-05 8.412826999999999675e-05 8.412826999999999675e-05 8.412826999999999675e-05 8.412826999999999675e-05 8.412826999999999675e-05 8.412826999999999675e-05
8.412826999999999675e-05 8.412826999999999675e-05 8.412826999999999675e-05 8.412826999999999675e-05 8.412826999999999675e-05 8.412826999999999675e-05 8.412826999999999675e-05 8.412826999999999675e-05 8.412826999999999675e-05 8.412826999999999675e-05 8.412826999999999675e-05 8.412826999999999675e-05 8.412826999999999675e-05 8.412826999999999675e-05 8.412826999999999675e-05 8.412826999999999675e-05 8.412826999999999675e-05 8.412826999999999675e-05 8.412826999999999675e-05 8.412826999999999675e-05
8.412826999999999675e-05 8.412826999999999675e-05 8.412826999999999675e-05 8.412826999999999675e-05 8.412826999999999675e-05 8.412826999999999675e-05 8.412826999999999675e-05 8.412826999999999675e-05 8.412826999999999675e-05 8.412826999999999675e-05 8.412826999999999675e-05 8.412826999999999675e-05 8.412826999999999675e-05 8.412826999999999675e-05 8.412826999999999675e-05 8.412826999999999675e-05 8.412826999999999675e-05 8.412826999999999675e-05 8.412826999999999675e-05 8.412826999999999675e-05
8.412826999999999675e-05 8.412826999999999675e-05 8.412826999999999675e-05 8.412826999999999675e-05 8.412826999999999675e-05 8.412826999999999675e-05 8.412826999999999675e-05 8.412826999999999675e-05 8.412826999999999675e-05 8.412826999999999675e-05 8.412826999999999675e-05 8.412826999999999675e-05 8.412826999999999675e-05 8.412826999999999675e-05 8.412826999999999675e-05 8.412826999999999675e-05 8.412826999999999675e-05 8.412826999999999675e-05 8.412826999999999675e-05 8.412826999999999675e-05
8.412826999999999675e-05 8.412826999999999675e-05 8.412826999999999675e-05 8.412826999999999675e-05 8.412826999999999675e-05 8.412826999999999675e-05 8.412826999999999675e-05 8.412826999999999675e-05 8.412826999999999675e-05 8.412826999999999675e-05 8.412826999999999675e-05 8.412826999999999675e-05 8.412826999999999675e-05 8.412826999999999675e-05 8.412826999999999675e-05 8.412826999999999675e-05 8.412826999999999675e-05 8.412826999999999675e-05 8.412826999999999675e-05 8.412826999999999675e-05
8.412826999999999675e-05 8.412826999999999675e-05 8.412826999999999675e-05 8.412826999999999675e-05 8.412826999999999675e-05 8.412826999999999675e-05 8.412826999999999675e-05 8.412826999999999675e-05 8.412826999999999675e-05 8.412826999999999675e-05 8.412826999999999675e-05 8.412826999999999675e-05 8.412826999999999675e-05 8.412826999999999675e-05 8.412826999999999675e-05 8.412826999999999675e-05 8.412826999999999675e-05 8.412826999999999675e-05 8.412826999999999675e-05 8.412826999999999675e-05
8.412826999999999675e-05 8.412826999999999675e-05 8.412826999999999675e-05 8.412826999999999675e-05 8.412826999999999675e-05 8.412826999999999675e-05 8.412826999999999675e-05 8.412826999999999675e-05 8.412826999999999675e-05 8.412826999999999675e-05 8.412826999999999675e-05 8.412826999999999675e-05 8.412826999999999675e-05 8.412826999999999675e-05 8.412826999999999675e-05 8.412826999999999675e-05 8.412826999999999675e-05 8.412826999999999675e-05 8.412826999999999675e-05 8.412826999999999675e-05
8.412826999999999675e-05 8.412826999999999675e-05 8.412826999999999675e-05 8.412826999999999675e-05 8.412826999999999675e-05 8.412826999999999675e-05 8.412826999999999675e-05 8.412826999999999675e-05 8.412826999999999675e-05 8.412826999999999675e-05 8.412826999999999675e-05 8.412826999999999675e-05 8.412826999999999675e-05 8.412826999999999675e-05 8.412826999999999675e-05 8.412826999999999675e-05 8.412826999999999675e-05 8.412826999999999675e-05 8.412826999999999675e-05 8.412826999999999675e-05
8.412826999999999675e-05 8.412826999999999675e-05 8.412826999999999675e-05 8.412826999999999675e-05 8.412826999999999675e-05 8.412826999999999675e-05 8.412826999999999675e-05 8.412826999999999675e-05 8.412826999999999675e-05 8.412826999999999675e-05 8.412826999999999675e-05 8.412826999999999675e-05 8.412826999999999675e-05 8.412826999999999675e-05 8.412826999999999675e-05 8.412826999999999675e-05 8.412826999999999675e-05 8.412826999999999675e-05 8.412826999999999675e-05 8.412826999999999675e-05
8.412826999999999675e-05 8.412826999999999675e-05 8.412826999999999675e-05 8.412826999999999675e-05 8.412826999999999675e-05 8.412826999999999675e-05 8.412826999999999675e-05 8.412826999999999675e-05 8.412826999999999675e-05 8.412826999999999675e-05 8.412826999999999675e-05 8.412826999999999675e-05 8.412826999999999675e-05 8.412826999999999675e-05 8.412826999999999675e-05 8.412826999999999675e-05 8.412826999999999675e-05 8.412826999999999675e-05 8.412826999999999675e-05 8.412826999999999675e-05
8.412826999999999675e-05 8.412826999999999675e-05 8.412826999999999675e-05 8.412826999999999675e-05 8.412826999999999675e-05 8.412826999999999675e-05 8.412826999999999675e-05 8.412826999999999675e-05 8.412826999999999675e-05 8.412826999999999675e-05 8.412826999999999675e-05 8.412826999999999675e-05 8.412826999999999675e-05 8.412826999999999675e-05 8.412826999999999675e-05 8.412826999999999675e-05 8.412826999999999675e-05 8.412826999999999675e-05 8.412826999999999675e-05 8.412826999999999675e-05
8.412826999999999675e-05 8.412826999999999675e-05 8.412826999999999675e-05 8.412826999999999675e-05 8.412826999999999675e-05 8.412826999999999675e-05 8.412826999999999675e-05 8.412826999999999675e-05 8.412826999999999675e-05 8.412826999999999675e-05 8.412826999999999675e-05 8.412826999999999675e-05 8.412826999999999675e-05 8.412826999999999675e-05 8.412826999999999675e-05 8.412826999999999675e-05 8.412826999999999675e-05 8.412826999999999675e-05 8.412826999999999675e-05 8.412826999999999675e-05
8.412826999999999675e-05 8.412826999999999675e-05 8.412826999999999675e-05 8.412826999999999675e-05 8.412826999999999675e-05 8.412826999999999675e-05 8.412826999999999675e-05 8.412826999999999675e-05 8.412826999999999675e-05 8.412826999999999675e-05 8.412826999999999675e-05 8.412826999999999675e-05 8.412826999999999675e-05 8.412826999999999675e-05 8.412826999999999675e-05 8.412826999999999675e-05 8.412826999999999675e-05 8.412826999999999675e-05 8.412826999999999675e-05 8.412826999999999675e-05
8.412826999999999675e-05 8.412826999999999675e-05 8.412826999999999675e-05 8.412826999999999675e-05 8.412826999999999675e-05 8.412826999999999675e-05 8.412826999999999675e-05 8.412826999999999675e-05 8.412826999999999675e-05 8.412826999999999675e-05 8.412826999999999675e-05 8.412826999999999675e-05 8.412826999999999675e-05 8.412826999999999675e-05 8.412826999999999675e-05 8.412826999999999675e-05 8.412826999999999675e-05 8.412826999999999675e-05 8.412826999999999675e-05 8.412826999999999675e-05
8.412826999999999675e-05 8.412826999999999675e-05 8.412826999999999675e-05 8.412826999999999675e-05 8.412826999999999675e-05 8.412826999999999675e-05 8.412826999999999675e-05 8.412826999999999675e-05 8.412826999999999675e-05 8.412826999999999675e-05 8.412826999999999675e-05 8.412826999999999675e-05 8.412826999999999675e-05 8.412826999999999675e-05 8.412826999999999675e-05 8.412826999999999675e-05 8.412826999999999675e-05 8.412826999999999675e-05 8.412826999999999675e-05 8.412826999999999675e-05
8.412826999999999675e-05 8.412826999999999675e-05 8.412826999999999675e-05 8.412826999999999675e-05 8.412826999999999675e-05 8.412826999999999675e-05 8.412826999999999675e-05 8.412826999999999675e-05 8.412826999999999675e-05 8.412826999999999675e-05 8.412826999999999675e-05 8.412826999999999675e-05 8.412826999999999675e-05 8.412826999999999675e-05 8.412826999999999675e-05 8.412826999999999675e-05 8.412826999999999675e-05 8.412826999999999675e-05 8.412826999999999675e-05 8.412826999999999675e-05
8.412826999999999675e-05 8.412826999999999675e-05 8.412826999999999675e-05 8.412826999999999675e-05 8.412826999999999675e-05 8.412826999999999675e-05 8.412826999999999675e-05 8.412826999999999675e-05 8.412826999999999675e-05 8.412826999999999675e-05 8.412826999999999675e-05 8.412826999999999675e-05 8.412826999999999675e-05 8.412826999999999675e-05 8.412826999999999675e-05 8.412826999999999675e-05 8.412826999999999675e-05 8.412826999999999675e-05 8.412826999999999675e-05 8.412826999999999675e-05
8.412826999999999675e-05 8.412826999999999675e-05 8.412826999999999675e-05 8.412826999999999675e-05 8.412826999999999675e-05 8.412826999999999675e-05 8.412826999999999675e-05 8.412826999999999675e-05 8.412826999999999675e-05 8.412826999999999675e-05 8.412826999999999675e-05 8.412826999999999675e-05 8.412826999999999675e-05 8.412826999999999675e-05 8.412826999999999675e-05 8.412826999999999675e-05 8.412826999999999675e-05 8.412826999999999675e-05 8.412826999999999675e-05 8.412826999999999675e-05
8.412826999999999675e-05 8.412826999999999675e-05 8.412826999999999675e-05 8.412826999999999675e-05 8.412826999999999675e-05 8.412826999999999675e-05 8.412826999999999675e-05 8.412826999999999675e-05 8.412826999999999675e-05 8.412826999999999675e-05 8.412826999999999675e-05 8.412826999999999675e-05 8.412826999999999675e-05 8.412826999999999675e-05 8.412826999999999675e-05 8.412826999999999675e-05 8.412826999999999675e-05 8.412826999999999675e-05 8.412826999999999675e-05 8.412826999999999675e-05
