   1.205089E-04    1.205089E-04    1.205089E-04    1.205089E-04    1.205089E-04    1.205089E-04    1.205089E-04    1.205089E-04    1.205089E-04    1.205089E-04    1.205089E-04    1.205089E-04    1.205089E-04    1.205089E-04    1.205089E-04    1.205089E-04    1.205089E-04    1.205089E-04    1.205089E-04    1.205089E-04
   1.205089E-04    1.205089E-04    1.205089E-04    1.205089E-04    1.205089E-04    1.205089E-04    1.205089E-04    1.205089E-04    1.205089E-04    1.205089E-04    1.205089E-04    1.205089E-04    1.205089E-04    1.205089E-04    1.205089E-04    1.205089E-04    1.205089E-04    1.205089E-04    1.205089E-04    1.205089E-04
   1.205089E-04    1.205089E-04    1.205089E-04    1.205089E-04    1.205089E-04    1.205089E-04    1.205089E-04    1.205089E-04    1.205089E-04    1.205089E-04    1.205089E-04    1.205089E-04    1.205089E-04    1.205089E-04    1.205089E-04    1.205089E-04    1.205089E-04    1.205089E-04    1.205089E-04    1.205089E-04
   1.205089E-04    1.205089E-04    1.205089E-04    1.205089E-04    1.205089E-04    1.205089E-04    1.205089E-04    1.205089E-04    1.205089E-04    1.205089E-04    1.205089E-04    1.205089E-04    1.205089E-04    1.205089E-04    1.205089E-04    1.205089E-04    1.205089E-04    1.205089E-04    1.205089E-04    1.205089E-04
   1.205089E-04    1.205089E-04    1.205089E-04    1.205089E-04    1.205089E-04    1.205089E-04    1.205089E-04    1.205089E-04    1.205089E-04    1.205089E-04    1.205089E-04    1.205089E-04    1.205089E-04    1.205089E-04    1.205089E-04    1.205089E-04    1.205089E-04    1.205089E-04    1.205089E-04    1.205089E-04
   1.205089E-04    1.205089E-04    1.205089E-04    1.205089E-04    1.205089E-04    1.205089E-04    1.205089E-04    1.205089E-04    1.205089E-04    1.205089E-04    1.205089E-04    1.205089E-04    1.205089E-04    1.205089E-04    1.205089E-04    1.205089E-04    1.205089E-04    1.205089E-04    1.205089E-04    1.205089E-04
   1.205089E-04    1.205089E-04    1.205089E-04    1.205089E-04    1.205089E-04    1.205089E-04    1.205089E-04    1.205089E-04    1.205089E-04    1.205089E-04    1.205089E-04    1.205089E-04    1.205089E-04    1.205089E-04    1.205089E-04    1.205089E-04    1.205089E-04    1.205089E-04    1.205089E-04    1.205089E-04
   1.205089E-04    1.205089E-04    1.205089E-04    1.205089E-04    1.205089E-04    1.205089E-04    1.205089E-04    1.205089E-04    1.205089E-04    1.205089E-04    1.205089E-04    1.205089E-04    1.205089E-04    1.205089E-04    1.205089E-04    1.205089E-04    1.205089E-04    1.205089E-04    1.205089E-04    1.205089E-04
   1.205089E-04    1.205089E-04    1.205089E-04    1.205089E-04    1.205089E-04    1.205089E-04    1.205089E-04    1.205089E-04    1.205089E-04    1.205089E-04    1.205089E-04    1.205089E-04    1.205089E-04    1.205089E-04    1.205089E-04    1.205089E-04    1.205089E-04    1.205089E-04    1.205089E-04    1.205089E-04
   1.205089E-04    1.205089E-04    1.205089E-04    1.205089E-04    1.205089E-04    1.205089E-04    1.205089E-04    1.205089E-04    1.205089E-04    1.205089E-04    1.205089E-04    1.205089E-04    1.205089E-04    1.205089E-04    1.205089E-04    1.205089E-04    1.205089E-04    1.205089E-04    1.205089E-04    1.205089E-04
   1.205089E-04    1.205089E-04    1.205089E-04    1.205089E-04    1.205089E-04    1.205089E-04    1.205089E-04    1.205089E-04    1.205089E-04    1.205089E-04    1.205089E-04    1.205089E-04    1.205089E-04    1.205089E-04    1.205089E-04    1.205089E-04    1.205089E-04    1.205089E-04    1.205089E-04    1.205089E-04
   1.205089E-04    1.205089E-04    1.205089E-04    1.205089E-04    1.205089E-04    1.205089E-04    1.205089E-04    1.205089E-04    1.205089E-04    1.205089E-04    1.205089E-04    1.205089E-04    1.205089E-04    1.205089E-04    1.205089E-04    1.205089E-04    1.205089E-04    1.205089E-04    1.205089E-04    1.205089E-04
   1.205089E-04    1.205089E-04    1.205089E-04    1.205089E-04    1.205089E-04    1.205089E-04    1.205089E-04    1.205089E-04    1.205089E-04    1.205089E-04    1.205089E-04    1.205089E-04    1.205089E-04    1.205089E-04    1.205089E-04    1.205089E-04    1.205089E-04    1.205089E-04    1.205089E-04    1.205089E-04
   1.205089E-04    1.205089E-04    1.205089E-04    1.205089E-04    1.205089E-04    1.205089E-04    1.205089E-04    1.205089E-04    1.205089E-04    1.205089E-04    1.205089E-04    1.205089E-04    1.205089E-04    1.205089E-04    1.205089E-04    1.205089E-04    1.205089E-04    1.205089E-04    1.205089E-04    1.205089E-04
   1.205089E-04    1.205089E-04    1.205089E-04    1.205089E-04    1.205089E-04    1.205089E-04    1.205089E-04    1.205089E-04    1.205089E-04    1.205089E-04    1.205089E-04    1.205089E-04    1.205089E-04    1.205089E-04    1.205089E-04    1.205089E-04    1.205089E-04    1.205089E-04    1.205089E-04    1.205089E-04
   1.205089E-04    1.205089E-04    1.205089E-04    1.205089E-04    1.205089E-04    1.205089E-04    1.205089E-04    1.205089E-04    1.205089E-04    1.205089E-04    1.205089E-04    1.205089E-04    1.205089E-04    1.205089E-04    1.205089E-04    1.205089E-04    1.205089E-04    1.205089E-04    1.205089E-04    1.205089E-04
   1.205089E-04    1.205089E-04    1.205089E-04    1.205089E-04    1.205089E-04    1.205089E-04    1.205089E-04    1.205089E-04    1.205089E-04    1.205089E-04    1.205089E-04    1.205089E-04    1.205089E-04    1.205089E-04    1.205089E-04    1.205089E-04    1.205089E-04    1.205089E-04    1.205089E-04    1.205089E-04
   1.205089E-04    1.205089E-04    1.205089E-04    1.205089E-04    1.205089E-04    1.205089E-04    1.205089E-04    1.205089E-04    1.205089E-04    1.205089E-04    1.205089E-04    1.205089E-04    1.205089E-04    1.205089E-04    1.205089E-04    1.205089E-04    1.205089E-04    1.205089E-04    1.205089E-04    1.205089E-04
   1.205089E-04    1.205089E-04    1.205089E-04    1.205089E-04    1.205089E-04    1.205089E-04    1.205089E-04    1.205089E-04    1.205089E-04    1.205089E-04    1.205089E-04    1.205089E-04    1.205089E-04    1.205089E-04    1.205089E-04    1.205089E-04    1.205089E-04    1.205089E-04    1.205089E-04    1.205089E-04
   1.205089E-04    1.205089E-04    1.205089E-04    1.205089E-04    1.205089E-04    1.205089E-04    1.205089E-04    1.205089E-04    1.205089E-04    1.205089E-04    1.205089E-04    1.205089E-04    1.205089E-04    1.205089E-04    1.205089E-04    1.205089E-04    1.205089E-04    1.205089E-04    1.205089E-04    1.205089E-04
   1.205089E-04    1.205089E-04    1.205089E-04    1.205089E-04    1.205089E-04    1.205089E-04    1.205089E-04    1.205089E-04    1.205089E-04    1.205089E-04    1.205089E-04    1.205089E-04    1.205089E-04    1.205089E-04    1.205089E-04    1.205089E-04    1.205089E-04    1.205089E-04    1.205089E-04    1.205089E-04
   1.205089E-04    1.205089E-04    1.205089E-04    1.205089E-04    1.205089E-04    1.205089E-04    1.205089E-04    1.205089E-04    1.205089E-04    1.205089E-04    1.205089E-04    1.205089E-04    1.205089E-04    1.205089E-04    1.205089E-04    1.205089E-04    1.205089E-04    1.205089E-04    1.205089E-04    1.205089E-04
   1.205089E-04    1.205089E-04    1.205089E-04    1.205089E-04    1.205089E-04    1.205089E-04    1.205089E-04    1.205089E-04    1.205089E-04    1.205089E-04    1.205089E-04    1.205089E-04    1.205089E-04    1.205089E-04    1.205089E-04    1.205089E-04    1.205089E-04    1.205089E-04    1.205089E-04    1.205089E-04
   1.205089E-04    1.205089E-04    1.205089E-04    1.205089E-04    1.205089E-04    1.205089E-04    1.205089E-04    1.205089E-04    1.205089E-04    1.205089E-04    1.205089E-04    1.205089E-04    1.205089E-04    1.205089E-04    1.205089E-04    1.205089E-04    1.205089E-04    1.205089E-04    1.205089E-04    1.205089E-04
   1.205089E-04    1.205089E-04    1.205089E-04    1.205089E-04    1.205089E-04    1.205089E-04    1.205089E-04    1.205089E-04    1.205089E-04    1.205089E-04    1.205089E-04    1.205089E-04    1.205089E-04    1.205089E-04    1.205089E-04    1.205089E-04    1.205089E-04    1.205089E-04    1.205089E-04    1.205089E-04
   1.205089E-04    1.205089E-04    1.205089E-04    1.205089E-04    1.205089E-04    1.205089E-04    1.205089E-04    1.205089E-04    1.205089E-04    1.205089E-04    1.205089E-04    1.205089E-04    1.205089E-04    1.205089E-04    1.205089E-04    1.205089E-04    1.205089E-04    1.205089E-04    1.205089E-04    1.205089E-04
   1.205089E-04    1.205089E-04    1.205089E-04    1.205089E-04    1.205089E-04    1.205089E-04    1.205089E-04    1.205089E-04    1.205089E-04    1.205089E-04    1.205089E-04    1.205089E-04    1.205089E-04    1.205089E-04    1.205089E-04    1.205089E-04    1.205089E-04    1.205089E-04    1.205089E-04    1.205089E-04
   1.205089E-04    1.205089E-04    1.205089E-04    1.205089E-04    1.205089E-04    1.205089E-04    1.205089E-04    1.205089E-04    1.205089E-04    1.205089E-04    1.205089E-04    1.205089E-04    1.205089E-04    1.205089E-04    1.205089E-04    1.205089E-04    1.205089E-04    1.205089E-04    1.205089E-04    1.205089E-04
   1.205089E-04    1.205089E-04    1.205089E-04    1.205089E-04    1.205089E-04    1.205089E-04    1.205089E-04    1.205089E-04    1.205089E-04    1.205089E-04    1.205089E-04    1.205089E-04    1.205089E-04    1.205089E-04    1.205089E-04    1.205089E-04    1.205089E-04    1.205089E-04    1.205089E-04    1.205089E-04
   1.205089E-04    1.205089E-04    1.205089E-04    1.205089E-04    1.205089E-04    1.205089E-04    1.205089E-04    1.205089E-04    1.205089E-04    1.205089E-04    1.205089E-04    1.205089E-04    1.205089E-04    1.205089E-04    1.205089E-04    1.205089E-04    1.205089E-04    1.205089E-04    1.205089E-04    1.205089E-04
   1.205089E-04    1.205089E-04    1.205089E-04    1.205089E-04    1.205089E-04    1.205089E-04    1.205089E-04    1.205089E-04    1.205089E-04    1.205089E-04    1.205089E-04    1.205089E-04    1.205089E-04    1.205089E-04    1.205089E-04    1.205089E-04    1.205089E-04    1.205089E-04    1.205089E-04    1.205089E-04
   1.205089E-04    1.205089E-04    1.205089E-04    1.205089E-04    1.205089E-04    1.205089E-04    1.205089E-04    1.205089E-04    1.205089E-04    1.205089E-04    1.205089E-04    1.205089E-04    1.205089E-04    1.205089E-04    1.205089E-04    1.205089E-04    1.205089E-04    1.205089E-04    1.205089E-04    1.205089E-04
   1.205089E-04    1.205089E-04    1.205089E-04    1.205089E-04    1.205089E-04    1.205089E-04    1.205089E-04    1.205089E-04    1.205089E-04    1.205089E-04    1.205089E-04    1.205089E-04    1.205089E-04    1.205089E-04    1.205089E-04    1.205089E-04    1.205089E-04    1.205089E-04    1.205089E-04    1.205089E-04
   1.205089E-04    1.205089E-04    1.205089E-04    1.205089E-04    1.205089E-04    1.205089E-04    1.205089E-04    1.205089E-04    1.205089E-04    1.205089E-04    1.205089E-04    1.205089E-04    1.205089E-04    1.205089E-04    1.205089E-04    1.205089E-04    1.205089E-04    1.205089E-04    1.205089E-04    1.205089E-04
   1.205089E-04    1.205089E-04    1.205089E-04    1.205089E-04    1.205089E-04    1.205089E-04    1.205089E-04    1.205089E-04    1.205089E-04    1.205089E-04    1.205089E-04    1.205089E-04    1.205089E-04    1.205089E-04    1.205089E-04    1.205089E-04    1.205089E-04    1.205089E-04    1.205089E-04    1.205089E-04
   1.205089E-04    1.205089E-04    1.205089E-04    1.205089E-04    1.205089E-04    1.205089E-04    1.205089E-04    1.205089E-04    1.205089E-04    1.205089E-04    1.205089E-04    1.205089E-04    1.205089E-04    1.205089E-04    1.205089E-04    1.205089E-04    1.205089E-04    1.205089E-04    1.205089E-04    1.205089E-04
   1.205089E-04    1.205089E-04    1.205089E-04    1.205089E-04    1.205089E-04    1.205089E-04    1.205089E-04    1.205089E-04    1.205089E-04    1.205089E-04    1.205089E-04    1.205089E-04    1.205089E-04    1.205089E-04    1.205089E-04    1.205089E-04    1.205089E-04    1.205089E-04    1.205089E-04    1.205089E-04
   1.205089E-04    1.205089E-04    1.205089E-04    1.205089E-04    1.205089E-04    1.205089E-04    1.205089E-04    1.205089E-04    1.205089E-04    1.205089E-04    1.205089E-04    1.205089E-04    1.205089E-04    1.205089E-04    1.205089E-04    1.205089E-04    1.205089E-04    1.205089E-04    1.205089E-04    1.205089E-04
   1.205089E-04    1.205089E-04    1.205089E-04    1.205089E-04    1.205089E-04    1.205089E-04    1.205089E-04    1.205089E-04    1.205089E-04    1.205089E-04    1.205089E-04    1.205089E-04    1.205089E-04    1.205089E-04    1.205089E-04    1.205089E-04    1.205089E-04    1.205089E-04    1.205089E-04    1.205089E-04
   1.205089E-04    1.205089E-04    1.205089E-04    1.205089E-04    1.205089E-04    1.205089E-04    1.205089E-04    1.205089E-04    1.205089E-04    1.205089E-04    1.205089E-04    1.205089E-04    1.205089E-04    1.205089E-04    1.205089E-04    1.205089E-04    1.205089E-04    1.205089E-04    1.205089E-04    1.205089E-04
