  2.00000000E-05  2.00000000E-05  2.00000000E-05  2.00000000E-05  2.00000000E-05  2.00000000E-05  2.00000000E-05  2.00000000E-05  2.06713600E-05  2.17973300E-05  2.00000000E-05  2.82371700E-05  2.12053700E-05  2.53060300E-05  2.00000000E-05  2.22049400E-05  2.00000000E-05  2.00000000E-05  2.00000000E-05  2.00000000E-05
  2.00000000E-05  2.00000000E-05  2.00000000E-05  2.00000000E-05  2.00000000E-05  2.00000000E-05  2.00000000E-05  2.00000000E-05  2.00000000E-05  2.00000000E-05  2.00000000E-05  2.24276000E-05  2.11277700E-05  2.36382700E-05  2.00000000E-05  2.00000000E-05  2.00000000E-05  2.00000000E-05  2.00000000E-05  2.00000000E-05
  2.00000000E-05  2.00000000E-05  2.00000000E-05  2.00000000E-05  2.00000000E-05  2.00000000E-05  2.00000000E-05  2.00000000E-05  2.00000000E-05  2.00000000E-05  2.00000000E-05  3.06178300E-05  3.72514900E-05  2.62024900E-05  2.00000000E-05  2.00000000E-05  2.00000000E-05  2.00000000E-05  2.00000000E-05  2.00000000E-05
  2.97260100E-05  2.00000000E-05  2.00000000E-05  2.00000000E-05  2.00000000E-05  2.00000000E-05  2.00000000E-05  2.00000000E-05  2.00000000E-05  2.00000000E-05  2.00000000E-05  2.00000000E-05  2.00000000E-05  3.20952600E-05  2.44497200E-05  2.00000000E-05  2.00000000E-05  2.00000000E-05  2.00000000E-05  2.00000000E-05
  4.19429400E-05  2.00000000E-05  2.00000000E-05  2.00000000E-05  2.00000000E-05  2.00000000E-05  2.00000000E-05  2.00000000E-05  2.00000000E-05  2.00000000E-05  2.00000000E-05  2.00000000E-05  2.00000000E-05  2.00000000E-05  2.08542500E-05  2.00000000E-05  2.00000000E-05  2.00000000E-05  2.00000000E-05  2.00000000E-05
  3.62865600E-05  3.57756000E-05  2.83381600E-05  2.00000000E-05  2.00000000E-05  2.00000000E-05  2.00000000E-05  2.00000000E-05  2.00000000E-05  2.00000000E-05  2.00000000E-05  2.00000000E-05  2.00000000E-05  2.00000000E-05  2.00000000E-05  2.00000000E-05  2.00000000E-05  2.00000000E-05  2.00000000E-05  2.00000000E-05
  3.65213100E-05  2.99555900E-05  3.52650700E-05  2.00000000E-05  2.00000000E-05  2.00000000E-05  2.00000000E-05  2.00000000E-05  2.00000000E-05  2.00000000E-05  2.00000000E-05  2.00000000E-05  2.00000000E-05  2.00000000E-05  2.00000000E-05  2.00000000E-05  2.00000000E-05  2.00000000E-05  2.00000000E-05  2.00000000E-05
  3.44531100E-05  4.10505800E-05  2.07991800E-05  2.00000000E-05  2.00000000E-05  2.00000000E-05  2.00000000E-05  2.00000000E-05  2.00000000E-05  2.00000000E-05  2.49910600E-05  2.00000000E-05  2.11954100E-05  2.00000000E-05  2.00000000E-05  2.00000000E-05  2.05092800E-05  2.00000000E-05  2.00000000E-05  2.00000000E-05
  2.00000000E-05  3.19003200E-05  2.81185300E-05  2.00000000E-05  2.41069400E-05  2.41069400E-05  2.41069400E-05  2.00000000E-05  2.00000000E-05  2.08366800E-05  2.15671500E-05  2.00000000E-05  2.00000000E-05  2.00000000E-05  2.00000000E-05  2.00000000E-05  2.57466700E-05  2.00000000E-05  2.00000000E-05  2.00000000E-05
  2.29872000E-05  2.77503500E-05  3.49917100E-05  2.68331200E-05  2.41069400E-05  2.41069400E-05  2.41069400E-05  2.41069400E-05  2.00000000E-05  2.00000000E-05  2.39207500E-05  2.14619100E-05  2.16943600E-05  2.00000000E-05  2.00000000E-05  2.00000000E-05  2.31381800E-05  2.00060800E-05  2.00000000E-05  2.00000000E-05
  3.62107200E-05  4.72873200E-05  3.05447300E-05  3.30294400E-05  2.41069400E-05  2.41069400E-05  2.41069400E-05  2.41069400E-05  2.00000000E-05  2.00000000E-05  2.32283900E-05  2.53031300E-05  2.51336800E-05  2.00000000E-05  2.38140100E-05  2.00000000E-05  2.00000000E-05  2.00000000E-05  2.12024100E-05  2.00000000E-05
  2.00000000E-05  2.40699700E-05  2.76029900E-05  2.05008900E-05  2.41069400E-05  2.41069400E-05  2.41069400E-05  2.41069400E-05  2.00000000E-05  2.44328800E-05  3.17621100E-05  2.77491000E-05  2.00000000E-05  2.73402200E-05  2.38667900E-05  2.00000000E-05  2.00000000E-05  2.54929800E-05  2.09618100E-05  2.37842500E-05
  2.00000000E-05  2.46794600E-05  2.47325100E-05  2.47495100E-05  2.41069400E-05  2.41069400E-05  2.41069400E-05  2.41069400E-05  2.00000000E-05  2.46596900E-05  2.00000000E-05  3.26330400E-05  2.64030100E-05  3.23405100E-05  2.70682200E-05  4.13238400E-05  2.93359500E-05  2.67138100E-05  4.62351900E-05  2.99977100E-05
  2.00000000E-05  2.26668500E-05  2.00000000E-05  2.00000000E-05  2.41069400E-05  2.41069400E-05  2.41069400E-05  2.41069400E-05  2.84871200E-05  2.00000000E-05  2.01619100E-05  2.61435600E-05  4.46201000E-05  6.34049900E-05  5.36221800E-05  5.80511400E-05  3.84982100E-05  2.49431400E-05  3.68658700E-05  5.47880300E-05
  2.00000000E-05  2.00000000E-05  2.00000000E-05  2.00000000E-05  2.41069400E-05  2.41069400E-05  2.41069400E-05  2.41069400E-05  3.03281500E-05  2.00000000E-05  3.10213700E-05  2.72864300E-05  4.75635500E-05  6.12803000E-05  5.72059200E-05  7.92936800E-05  4.35126600E-05  2.96714200E-05  2.37740500E-05  3.87998000E-05
  2.00000000E-05  2.00000000E-05  2.00000000E-05  2.00000000E-05  2.41069400E-05  2.41069400E-05  2.41069400E-05  2.41069400E-05  2.41355000E-05  2.00000000E-05  2.00000000E-05  2.00000000E-05  2.54513200E-05  3.24616100E-05  5.61487200E-05  4.57706700E-05  4.07213900E-05  3.21251900E-05  2.00000000E-05  3.19239500E-05
  2.00000000E-05  2.00000000E-05  2.00000000E-05  2.00000000E-05  2.41069400E-05  2.41069400E-05  2.41069400E-05  2.41069400E-05  2.56259900E-05  2.32495500E-05  2.00000000E-05  2.00000000E-05  2.56025200E-05  3.29958100E-05  4.87591300E-05  4.98238200E-05  3.80321600E-05  2.74912700E-05  3.33494900E-05  2.23988100E-05
  2.00000000E-05  2.00000000E-05  2.61432900E-05  3.18630300E-05  2.41069400E-05  2.41069400E-05  2.41069400E-05  2.41069400E-05  2.16801900E-05  2.30525800E-05  2.53339600E-05  2.98512400E-05  2.92246800E-05  3.17218900E-05  4.40492300E-05  4.03055700E-05  2.15164400E-05  3.76550000E-05  3.01834200E-05  2.04619000E-05
  2.73367000E-05  2.19779700E-05  2.48778600E-05  2.00000000E-05  2.41069400E-05  2.41069400E-05  2.41069400E-05  2.41069400E-05  2.41920300E-05  2.55513200E-05  2.00000000E-05  2.42736400E-05  2.47197100E-05  2.00000000E-05  2.00000000E-05  3.78364800E-05  2.00000000E-05  2.00000000E-05  2.00000000E-05  2.00000000E-05
  4.62866400E-05  3.25970300E-05  4.06644900E-05  2.45213100E-05  2.41069400E-05  2.41069400E-05  2.41069400E-05  2.41069400E-05  2.00000000E-05  2.00000000E-05  2.40763700E-05  2.25503600E-05  2.00000000E-05  2.00000000E-05  2.00000000E-05  2.00000000E-05  2.00000000E-05  2.00000000E-05  2.00000000E-05  2.00000000E-05
  5.95674000E-05  4.49459400E-05  3.16174000E-05  5.09110000E-05  2.41069400E-05  2.41069400E-05  2.41069400E-05  2.41069400E-05  2.17065600E-05  2.00000000E-05  2.00000000E-05  2.00000000E-05  2.00000000E-05  2.00000000E-05  2.00000000E-05  2.00000000E-05  2.00000000E-05  2.00000000E-05  2.00000000E-05  2.00000000E-05
  7.00563300E-05  7.76588900E-05  4.99190900E-05  4.18342200E-05  2.41069400E-05  2.41069400E-05  9.68822300E-05  4.94824100E-05  3.50116700E-05  3.09254700E-05  2.00000000E-05  2.00000000E-05  2.00000000E-05  2.00000000E-05  2.00000000E-05  2.00000000E-05  2.00000000E-05  2.00000000E-05  2.00000000E-05  2.00000000E-05
  5.34226800E-05  8.74896400E-05  7.37465500E-05  8.90806000E-05  6.88199300E-05  2.41069400E-05  5.98521000E-05  3.56618400E-05  2.59622100E-05  2.19853300E-05  2.00000000E-05  2.00000000E-05  2.00000000E-05  2.00000000E-05  2.00000000E-05  2.00000000E-05  2.00000000E-05  2.00000000E-05  2.00000000E-05  2.00000000E-05
  7.34475800E-05  6.40368500E-05  8.30545800E-05  1.54793400E-04  6.68702800E-05  7.42387600E-05  5.49737700E-05  3.39696800E-05  2.59830800E-05  2.15668800E-05  2.14452400E-05  2.00000000E-05  2.00000000E-05  2.00000000E-05  2.00000000E-05  2.00000000E-05  2.00000000E-05  2.00000000E-05  2.00000000E-05  2.00000000E-05
  5.38623700E-05  6.16209900E-05  6.34599500E-05  9.21221100E-05  6.26650200E-05  6.78379800E-05  4.25321500E-05  3.58043200E-05  2.77966800E-05  2.00000000E-05  2.01515000E-05  2.00000000E-05  2.00000000E-05  2.00000000E-05  2.00000000E-05  2.00000000E-05  2.00000000E-05  2.00000000E-05  2.00000000E-05  2.00000000E-05
  2.00000000E-05  2.59359600E-05  4.94276900E-05  5.03431800E-05  4.60933100E-05  3.77211500E-05  4.30439800E-05  4.33107700E-05  3.39863100E-05  2.06155300E-05  2.00000000E-05  2.00000000E-05  2.00000000E-05  2.00000000E-05  2.00000000E-05  2.00000000E-05  2.00000000E-05  2.00000000E-05  2.00000000E-05  2.00000000E-05
  2.00000000E-05  2.00000000E-05  4.75457400E-05  4.93708300E-05  5.21771800E-05  3.72597900E-05  3.32355000E-05  5.20651200E-05  3.02081900E-05  2.55461300E-05  2.00000000E-05  2.00000000E-05  2.00000000E-05  2.00000000E-05  2.00000000E-05  3.50854700E-05  2.00761800E-05  2.00000000E-05  2.00000000E-05  2.00000000E-05
  2.00000000E-05  2.00000000E-05  3.75356800E-05  3.81156700E-05  2.98218100E-05  2.73332900E-05  3.67982100E-05  3.10360300E-05  3.19036800E-05  2.00357400E-05  2.00000000E-05  2.00000000E-05  2.13013600E-05  2.88058900E-05  2.91198700E-05  4.03981700E-05  2.69579600E-05  2.34411700E-05  2.00000000E-05  2.00000000E-05
  2.00000000E-05  3.21378400E-05  5.11334900E-05  2.73177500E-05  2.62548100E-05  3.15569700E-05  2.19302400E-05  2.49245300E-05  2.78604800E-05  3.17158000E-05  2.00000000E-05  2.29315400E-05  2.07552300E-05  2.00000000E-05  2.56196800E-05  2.45029200E-05  2.52640100E-05  2.74065800E-05  2.00832400E-05  2.00000000E-05
  2.15848000E-05  2.00000000E-05  4.01522200E-05  2.35076500E-05  2.00000000E-05  2.29395500E-05  2.00000000E-05  3.04111600E-05  3.99779400E-05  2.62809300E-05  3.50314300E-05  2.18630400E-05  2.00000000E-05  2.00000000E-05  2.00000000E-05  2.18117500E-05  2.00000000E-05  2.32536700E-05  2.00000000E-05  2.97540800E-05
  2.00000000E-05  2.88976400E-05  3.04416500E-05  2.62782600E-05  2.00000000E-05  2.00000000E-05  2.30842700E-05  2.52043800E-05  3.05816900E-05  2.38916000E-05  3.27130200E-05  2.60099300E-05  2.00000000E-05  2.00000000E-05  2.29239200E-05  2.00000000E-05  2.54587300E-05  2.00000000E-05  2.00000000E-05  2.00000000E-05
  2.00000000E-05  2.49146600E-05  3.08547000E-05  2.50795600E-05  2.54157800E-05  2.00000000E-05  2.14743000E-05  2.86842100E-05  3.74229000E-05  2.74081400E-05  2.00000000E-05  2.55495300E-05  2.00000000E-05  2.00000000E-05  2.00000000E-05  2.40221700E-05  3.73302600E-05  2.57766000E-05  2.00000000E-05  3.34587900E-05
  2.41069400E-05  2.00000000E-05  2.00000000E-05  2.85968000E-05  2.21667200E-05  2.00000000E-05  2.83032800E-05  2.83900700E-05  3.12339400E-05  2.24367000E-05  2.00000000E-05  2.00000000E-05  2.00000000E-05  2.00000000E-05  2.00000000E-05  2.00000000E-05  2.00000000E-05  2.00000000E-05  2.00000000E-05  3.17339600E-05
  2.41069400E-05  2.41069400E-05  2.00000000E-05  2.00000000E-05  2.00000000E-05  2.08082300E-05  3.35282600E-05  3.32109300E-05  3.29147000E-05  2.53375100E-05  2.00000000E-05  2.00000000E-05  2.00000000E-05  2.00000000E-05  2.00000000E-05  2.00000000E-05  2.00000000E-05  2.07517900E-05  2.00000000E-05  2.66218100E-05
  2.41069400E-05  2.41069400E-05  2.41069400E-05  2.48370400E-05  2.13990500E-05  2.21828100E-05  4.31221800E-05  3.52846100E-05  6.01818600E-05  2.26696100E-05  2.00000000E-05  2.00000000E-05  2.00000000E-05  2.00000000E-05  2.00000000E-05  2.13977800E-05  2.00000000E-05  2.00000000E-05  2.00000000E-05  2.00000000E-05
  2.41069400E-05  2.41069400E-05  2.41069400E-05  2.41069400E-05  2.07469700E-05  2.00000000E-05  2.23193200E-05  2.62724400E-05  4.74789300E-05  2.19062600E-05  2.00000000E-05  2.00000000E-05  2.00000000E-05  2.00000000E-05  2.00000000E-05  2.00000000E-05  2.00000000E-05  2.00000000E-05  2.06083100E-05  2.41069400E-05
  2.41069400E-05  2.41069400E-05  2.41069400E-05  2.41069400E-05  2.00000000E-05  2.00000000E-05  2.00000000E-05  2.00000000E-05  2.00000000E-05  2.00000000E-05  2.00000000E-05  2.00000000E-05  2.00000000E-05  2.00000000E-05  2.00000000E-05  2.00000000E-05  2.00000000E-05  2.00000000E-05  2.00000000E-05  2.41069400E-05
  2.41069400E-05  2.41069400E-05  2.41069400E-05  2.41069400E-05  2.41069400E-05  2.00000000E-05  2.00000000E-05  2.00000000E-05  2.00000000E-05  2.00000000E-05  2.00000000E-05  2.00000000E-05  2.69143000E-05  2.00000000E-05  2.00000000E-05  2.00000000E-05  2.00000000E-05  2.00000000E-05  2.41069400E-05  2.41069400E-05
  2.41069400E-05  2.41069400E-05  2.41069400E-05  2.41069400E-05  2.41069400E-05  2.00000000E-05  2.00000000E-05  2.00000000E-05  2.00000000E-05  2.00000000E-05  2.00000000E-05  2.00000000E-05  2.00000000E-05  2.29494700E-05  2.00000000E-05  2.00000000E-05  2.00000000E-05  2.41069400E-05  2.41069400E-05  2.41069400E-05
  2.41069400E-05  2.41069400E-05  2.41069400E-05  2.41069400E-05  2.41069400E-05  2.00000000E-05  2.00000000E-05  2.00000000E-05  2.00000000E-05  2.00000000E-05  2.00000000E-05  2.00000000E-05  2.00000000E-05  2.00000000E-05  2.00000000E-05  2.00000000E-05  2.41069400E-05  2.41069400E-05  2.41069400E-05  2.41069400E-05
