  1.15304600E-06  1.00000000E-06  1.00000000E-06  1.11807600E-06  2.66719500E-06  3.01408600E-06  2.78633700E-06  4.38260600E-06  2.37951100E-06  3.46538600E-06  2.83588300E-06  3.93671600E-06  4.42372600E-06  5.40449800E-06  4.33044100E-06  2.75258200E-06  2.48124700E-06  2.91039700E-06  1.63517300E-06  1.46075400E-06
  1.33678900E-06  1.00000000E-06  1.00000000E-06  1.14526200E-06  2.90340600E-06  3.25849900E-06  3.20128500E-06  5.47627100E-06  2.96011400E-06  5.16085100E-06  5.61877400E-06  4.92449100E-06  3.85519400E-06  3.51465500E-06  5.21408900E-06  3.71063000E-06  3.10706700E-06  2.06577900E-06  2.15720800E-06  2.16479500E-06
  1.49099700E-06  1.21827300E-06  1.00000000E-06  1.35130900E-06  3.22107800E-06  4.80429300E-06  3.24457600E-06  3.19589500E-06  4.08894000E-06  4.43390800E-06  2.61504900E-06  2.06286800E-06  3.36853000E-06  6.33077700E-06  6.65210200E-06  3.12561600E-06  2.73888600E-06  2.93920400E-06  1.60096100E-06  1.57325400E-06
  1.94067700E-06  1.24311400E-06  1.33061700E-06  1.76551800E-06  2.09790800E-06  3.57728700E-06  3.58674800E-06  5.72728200E-06  5.78417900E-06  4.59884900E-06  3.08306600E-06  2.45229600E-06  2.79561700E-06  4.79469500E-06  2.74699600E-06  4.07936800E-06  2.41897400E-06  2.39693500E-06  1.80302700E-06  1.48405000E-06
  1.30119300E-06  2.24112800E-06  1.41207200E-06  2.39274200E-06  1.34589500E-06  2.49444200E-06  2.13669200E-06  2.60117500E-06  2.69462800E-06  3.03562100E-06  2.91725000E-06  1.93386900E-06  1.23501100E-06  1.73064400E-06  1.29146400E-06  1.71702000E-06  1.69892100E-06  2.59575700E-06  2.56373500E-06  2.39862900E-06
  1.68975000E-06  2.04709900E-06  1.83788900E-06  1.23846900E-06  1.77625200E-06  1.43082600E-06  1.24680800E-06  1.36366900E-06  1.52655200E-06  1.92096100E-06  1.60118400E-06  1.31231100E-06  1.74336500E-06  1.00000000E-06  1.15703700E-06  1.10972700E-06  1.49129800E-06  3.76213700E-06  4.31259500E-06  3.47091600E-06
  1.45324200E-06  2.28732100E-06  1.15537700E-06  1.14157600E-06  1.00000000E-06  2.08285500E-06  1.00000000E-06  1.00000000E-06  1.47993200E-06  2.31590800E-06  3.30331300E-06  2.26693200E-06  2.25442300E-06  1.50633300E-06  1.30538600E-06  1.33428400E-06  2.28167000E-06  3.62578200E-06  4.17054300E-06  2.91404300E-06
  1.84752400E-06  1.44673500E-06  1.08548200E-06  1.29825900E-06  1.11835100E-06  1.38902900E-06  1.00000000E-06  1.00000000E-06  1.28337400E-06  2.58944200E-06  1.63498300E-06  2.40508200E-06  1.83921600E-06  2.05646900E-06  1.38105800E-06  2.09478100E-06  2.04026100E-06  2.14482400E-06  2.99821900E-06  2.38761300E-06
  1.00000000E-06  1.57313300E-06  1.28907400E-06  1.18006000E-06  1.00000000E-06  1.00000000E-06  1.00000000E-06  1.10264400E-06  1.35186000E-06  3.12739900E-06  1.89789200E-06  1.79539200E-06  2.14752800E-06  1.56937600E-06  1.58471600E-06  2.61490100E-06  2.43271600E-06  2.05710200E-06  2.45486500E-06  2.09728200E-06
  1.12475000E-06  2.25607000E-06  1.62556000E-06  1.74968000E-06  1.00000000E-06  1.00000000E-06  1.00000000E-06  1.00000000E-06  1.34988300E-06  1.68483000E-06  1.35216600E-06  2.41308900E-06  2.40275400E-06  2.27941700E-06  3.56175300E-06  4.22726500E-06  3.99513000E-06  1.98229200E-06  2.77237300E-06  3.83519400E-06
  1.28405000E-06  1.24830800E-06  1.34427000E-06  1.49555300E-06  1.00000000E-06  1.00000000E-06  1.00000000E-06  1.00000000E-06  1.45979000E-06  2.12129400E-06  2.73358700E-06  3.34453600E-06  3.73239400E-06  4.59927900E-06  3.52001200E-06  4.60250500E-06  4.43923000E-06  3.60405000E-06  3.47711200E-06  2.67043000E-06
  1.65990900E-06  1.57232100E-06  1.61080900E-06  1.69034300E-06  1.00000000E-06  1.00000000E-06  1.00000000E-06  1.00000000E-06  1.85970000E-06  1.98060200E-06  2.64777800E-06  3.20238100E-06  5.20537700E-06  7.11470400E-06  5.58757700E-06  4.94561500E-06  6.82058200E-06  5.36309100E-06  2.89453100E-06  2.26234700E-06
  1.74907900E-06  1.54551400E-06  1.81050400E-06  2.35242300E-06  1.00000000E-06  1.00000000E-06  1.00000000E-06  1.00000000E-06  1.30593000E-06  2.45687700E-06  2.73225800E-06  1.94352900E-06  3.40537800E-06  6.35104800E-06  7.57234700E-06  4.68918500E-06  4.50935300E-06  4.06671100E-06  2.43632900E-06  1.90041300E-06
  2.96038000E-06  2.25841700E-06  2.00457800E-06  1.92586400E-06  1.00000000E-06  1.00000000E-06  1.00000000E-06  1.00000000E-06  2.36628100E-06  2.34127900E-06  1.59337900E-06  1.77340000E-06  2.42880000E-06  7.83365600E-06  7.17316600E-06  4.23594200E-06  2.64103600E-06  3.91526500E-06  3.49805900E-06  3.34500000E-06
  3.37895300E-06  3.00970300E-06  3.27250700E-06  1.88157100E-06  1.00000000E-06  1.00000000E-06  1.00000000E-06  1.00000000E-06  1.67746800E-06  1.77994800E-06  1.25966900E-06  1.92719900E-06  3.75771400E-06  3.38133000E-06  5.21680600E-06  4.15471700E-06  3.18652400E-06  2.37687800E-06  3.95842500E-06  2.47816700E-06
  2.23056900E-06  1.86883600E-06  2.79906200E-06  2.09006600E-06  1.00000000E-06  1.00000000E-06  1.00000000E-06  1.00000000E-06  2.39018600E-06  1.95178200E-06  1.12566900E-06  2.06509300E-06  2.01865300E-06  2.26731000E-06  1.66493200E-06  2.80544800E-06  3.17569200E-06  3.48962500E-06  3.88852700E-06  3.54512200E-06
  2.16403500E-06  2.11812500E-06  2.21013600E-06  2.65388300E-06  1.00000000E-06  1.00000000E-06  1.00000000E-06  1.00000000E-06  2.15373100E-06  2.23902600E-06  2.57565100E-06  3.14015500E-06  1.67218200E-06  2.22364900E-06  1.41340900E-06  2.19839000E-06  4.10850100E-06  6.88949000E-06  5.62053200E-06  5.19738000E-06
  1.45453400E-06  1.37943600E-06  1.88464200E-06  2.03928200E-06  1.00000000E-06  1.00000000E-06  1.00000000E-06  1.00000000E-06  2.32031300E-06  1.90723000E-06  2.23519600E-06  2.80795500E-06  2.07435100E-06  1.62596800E-06  1.24769700E-06  1.61305900E-06  4.17062300E-06  5.97637100E-06  8.22036200E-06  3.69090800E-06
  1.05267900E-06  1.14380500E-06  1.53413400E-06  2.19263500E-06  1.00000000E-06  1.00000000E-06  1.00000000E-06  1.00000000E-06  2.85712300E-06  1.72523900E-06  2.79678300E-06  2.95607000E-06  2.75821600E-06  2.18385000E-06  2.27299000E-06  4.11948900E-06  5.34886100E-06  6.14152900E-06  6.02391300E-06  7.09958200E-06
  1.42638100E-06  2.24958100E-06  1.21076700E-06  1.48683700E-06  1.00000000E-06  1.00000000E-06  1.00000000E-06  1.00000000E-06  2.82416800E-06  2.43218800E-06  2.33706000E-06  3.35272800E-06  2.65688600E-06  2.33272200E-06  3.81032800E-06  3.84714700E-06  3.52708500E-06  5.58679000E-06  4.56706400E-06  4.77370400E-06
  1.79089800E-06  2.08074200E-06  1.77319000E-06  1.57061000E-06  1.00000000E-06  1.00000000E-06  1.00000000E-06  1.00000000E-06  2.01068700E-06  1.61464500E-06  1.81962100E-06  3.72738700E-06  2.58734700E-06  2.93964000E-06  4.04818300E-06  4.65239700E-06  5.91423500E-06  2.98191900E-06  3.21777900E-06  5.44681900E-06
  1.50406800E-06  1.95096400E-06  2.95632100E-06  1.99583800E-06  1.00000000E-06  1.00000000E-06  2.41800900E-06  2.46576900E-06  2.25285400E-06  4.98230800E-06  2.91595200E-06  3.58301500E-06  4.43359300E-06  2.57328500E-06  3.84167600E-06  5.00538700E-06  4.24240300E-06  2.42905200E-06  3.03010200E-06  4.44581100E-06
  1.37284200E-06  1.55732200E-06  1.87105800E-06  1.80758000E-06  2.60286400E-06  1.00000000E-06  2.62493600E-06  3.33104500E-06  4.23459100E-06  5.39767100E-06  7.42585500E-06  3.63083900E-06  3.25445700E-06  6.74139300E-06  9.10832400E-06  8.09660700E-06  4.72242700E-06  5.27920000E-06  9.05701800E-06  4.93959000E-06
  1.57197000E-06  1.09810300E-06  1.84710900E-06  1.68396300E-06  2.59874800E-06  1.81448900E-06  1.86549600E-06  2.10396300E-06  3.29453000E-06  3.93762200E-06  7.01750300E-06  5.38848900E-06  3.29256500E-06  1.09924700E-05  8.93188500E-06  1.06047600E-05  9.13048600E-06  6.82739500E-06  1.22089100E-05  6.06796500E-06
  1.28488600E-06  1.22825900E-06  1.20298500E-06  1.54902900E-06  2.51935500E-06  2.56898000E-06  4.44318000E-06  4.11170300E-06  3.68168000E-06  2.00238300E-06  1.63398300E-06  3.72356000E-06  4.04968000E-06  5.75179600E-06  9.94980600E-06  6.74380100E-06  6.31627900E-06  9.02911600E-06  8.57790400E-06  1.05247300E-05
  1.00000000E-06  1.00000000E-06  1.31863000E-06  1.52849200E-06  3.27742400E-06  2.24866700E-06  3.76418800E-06  6.88102000E-06  4.21880600E-06  1.35127300E-06  2.54214900E-06  2.81439400E-06  5.12151400E-06  4.85177300E-06  5.57653200E-06  7.25768200E-06  5.82972800E-06  4.10800900E-06  6.48037900E-06  7.37975700E-06
  1.00000000E-06  1.00000000E-06  1.66902300E-06  2.56130800E-06  2.52716600E-06  2.39103500E-06  2.74758500E-06  4.72530300E-06  4.05175400E-06  1.60558300E-06  2.00006600E-06  3.50205200E-06  3.00234500E-06  4.69746400E-06  6.20856600E-06  6.67059900E-06  7.90572900E-06  6.64678800E-06  7.41542700E-06  7.59971300E-06
  1.00000000E-06  1.00000000E-06  1.22898200E-06  2.18437800E-06  2.19441700E-06  1.61126600E-06  2.58751300E-06  3.58662100E-06  3.55149500E-06  1.65466000E-06  1.63997200E-06  2.17131300E-06  3.91694700E-06  5.12224600E-06  7.47585700E-06  7.09742200E-06  7.16982900E-06  8.79094900E-06  7.65434800E-06  5.24246100E-06
  1.00000000E-06  1.00000000E-06  1.83661600E-06  1.86508200E-06  1.88800800E-06  2.04504700E-06  2.97014800E-06  2.06483800E-06  3.20535600E-06  2.10898900E-06  1.94111200E-06  2.15445700E-06  3.75995700E-06  5.51140500E-06  8.75600600E-06  6.38934600E-06  7.01225200E-06  6.26388300E-06  4.52447000E-06  4.52125700E-06
  1.26563700E-06  1.59886100E-06  1.80194700E-06  1.53593000E-06  2.63665200E-06  2.90195200E-06  2.40289100E-06  2.55920200E-06  2.50093000E-06  2.52043500E-06  1.67345400E-06  2.54919400E-06  4.00878500E-06  6.06907000E-06  1.15640500E-05  1.29859000E-05  8.12826700E-06  6.47201300E-06  4.23719200E-06  6.19337900E-06
  1.67227000E-06  1.67240100E-06  1.56084800E-06  1.53085200E-06  1.58148700E-06  1.90996800E-06  1.00000000E-06  2.35278700E-06  2.24513800E-06  2.36929200E-06  2.90471900E-06  3.12853200E-06  5.73911400E-06  5.88555000E-06  8.56862800E-06  1.13780400E-05  1.54237500E-05  7.42215600E-06  9.11452400E-06  6.99437300E-06
  1.11067700E-06  1.92452300E-06  1.83931300E-06  1.84175600E-06  1.86992600E-06  1.37559800E-06  1.31349100E-06  1.49228400E-06  1.66053600E-06  2.10324800E-06  2.70116300E-06  3.52781500E-06  3.96854100E-06  4.36186200E-06  8.42295300E-06  1.12483300E-05  1.40766500E-05  8.83412200E-06  1.09999800E-05  6.55668800E-06
  1.00000000E-06  2.41700300E-06  2.16211900E-06  1.20295300E-06  1.07144800E-06  1.00779100E-06  1.07888500E-06  1.10365500E-06  1.53046300E-06  2.19734700E-06  1.77825100E-06  2.62194600E-06  6.24660000E-06  1.01895900E-05  5.59792300E-06  9.42080900E-06  1.06519900E-05  1.24442000E-05  7.58994200E-06  8.71769900E-06
  1.00000000E-06  1.00000000E-06  1.00000000E-06  1.00343900E-06  1.00000000E-06  1.00000000E-06  1.11641100E-06  1.30387400E-06  1.94669500E-06  1.93249100E-06  1.14095500E-06  2.75224800E-06  5.50548300E-06  7.31149400E-06  5.47806100E-06  8.56535400E-06  1.58119300E-05  1.30234900E-05  1.01335000E-05  9.04395700E-06
  1.00000000E-06  1.00000000E-06  1.00000000E-06  1.15257900E-06  1.00000000E-06  1.00000000E-06  1.00000000E-06  1.00000000E-06  1.28351200E-06  1.09305400E-06  1.30350200E-06  1.99070200E-06  3.89072200E-06  5.36303100E-06  5.19522900E-06  6.27677800E-06  6.94703700E-06  9.73766100E-06  8.71079300E-06  9.25359300E-06
  1.00000000E-06  1.00000000E-06  1.00000000E-06  1.00000000E-06  1.00000000E-06  1.00000000E-06  1.00000000E-06  1.45874600E-06  1.64753300E-06  2.27475300E-06  2.12151500E-06  2.51127000E-06  2.48064900E-06  3.76608200E-06  3.66549000E-06  7.12247500E-06  5.66358700E-06  6.94881300E-06  1.01342800E-05  1.00000000E-06
  1.00000000E-06  1.00000000E-06  1.00000000E-06  1.00000000E-06  1.38252700E-06  1.23647300E-06  1.16170100E-06  1.65514000E-06  1.29375200E-06  3.24637100E-06  3.85924600E-06  3.72144400E-06  2.48547200E-06  2.56634600E-06  4.31208900E-06  5.45279400E-06  4.71084900E-06  6.87798800E-06  7.33660700E-06  1.00000000E-06
  1.00000000E-06  1.00000000E-06  1.00000000E-06  1.00000000E-06  1.00000000E-06  1.00000000E-06  1.07022700E-06  1.66994200E-06  1.44905600E-06  2.11265100E-06  2.64416700E-06  3.45806600E-06  4.31816300E-06  2.58618400E-06  2.81284600E-06  5.00854400E-06  4.17480900E-06  4.72679700E-06  1.00000000E-06  1.00000000E-06
  1.00000000E-06  1.00000000E-06  1.00000000E-06  1.00000000E-06  1.00000000E-06  1.04283800E-06  1.14798100E-06  2.50848200E-06  2.06258800E-06  2.26647800E-06  2.85478000E-06  4.39513000E-06  5.31142100E-06  2.00717000E-06  2.46321700E-06  3.02192500E-06  4.48247200E-06  1.00000000E-06  1.00000000E-06  1.00000000E-06
  1.00000000E-06  1.00000000E-06  1.00000000E-06  1.00000000E-06  1.00000000E-06  1.00000000E-06  1.56042600E-06  2.20939500E-06  3.02452100E-06  2.75462500E-06  2.54156000E-06  3.19435800E-06  2.18144400E-06  3.68888800E-06  2.98035400E-06  3.62717600E-06  1.00000000E-06  1.00000000E-06  1.00000000E-06  1.00000000E-06
