  9.32357200E-05  6.28929000E-05  5.94635000E-05  4.21125200E-05  3.41657000E-05  2.81900900E-05  2.00000000E-05  2.97764500E-05  2.00000000E-05  2.00000000E-05  2.00000000E-05  2.35781500E-05  2.54919300E-05  6.12357500E-05  4.40663300E-05  3.89500100E-05  2.00000000E-05  2.45606900E-05  3.00759500E-05  2.84771000E-05
  5.47105900E-05  5.36047500E-05  8.01997600E-05  5.50354200E-05  2.72636200E-05  2.64430200E-05  2.00000000E-05  2.01704200E-05  2.05606300E-05  2.00000000E-05  2.00000000E-05  2.34616500E-05  3.72224900E-05  3.36324600E-05  5.01254300E-05  3.34803800E-05  3.34611100E-05  3.53992200E-05  4.32788400E-05  2.03465600E-05
  5.08452900E-05  6.09876300E-05  8.16835200E-05  6.98417800E-05  2.23404900E-05  2.00000000E-05  2.84302100E-05  2.38948600E-05  2.00000000E-05  2.00000000E-05  2.00000000E-05  2.94568300E-05  2.00000000E-05  2.00000000E-05  2.87795800E-05  4.04517100E-05  3.39803600E-05  4.48540900E-05  2.16830000E-05  2.12680400E-05
  5.70944400E-05  5.36086100E-05  6.90554100E-05  5.89845000E-05  3.66852200E-05  2.07454500E-05  3.14397900E-05  2.00000000E-05  2.73038400E-05  2.10478800E-05  2.26030900E-05  2.00000000E-05  2.00000000E-05  2.00000000E-05  2.00000000E-05  2.00000000E-05  2.20637800E-05  2.91958200E-05  2.82942400E-05  2.18556200E-05
  8.19821600E-05  8.30035500E-05  5.87943100E-05  6.49806700E-05  6.90590900E-05  5.42501000E-05  3.74345000E-05  2.95853800E-05  2.34184700E-05  2.25115800E-05  2.96132400E-05  2.00000000E-05  2.00000000E-05  2.00000000E-05  2.00000000E-05  2.00000000E-05  2.00000000E-05  3.35449800E-05  2.63052400E-05  2.00000000E-05
  1.15328700E-04  7.05332000E-05  4.63367700E-05  5.26155900E-05  8.20401800E-05  7.43801300E-05  4.51897400E-05  3.66355200E-05  2.66914000E-05  2.68542700E-05  3.37419600E-05  2.00000000E-05  2.00000000E-05  2.00000000E-05  2.00000000E-05  2.00000000E-05  2.21696200E-05  4.07370900E-05  2.99455900E-05  2.00621300E-05
  8.40496200E-05  7.36572000E-05  6.58991100E-05  5.01947400E-05  6.70524900E-05  4.61476600E-05  7.07382700E-05  4.71228100E-05  3.79608800E-05  2.80785800E-05  2.00000000E-05  2.00000000E-05  2.00000000E-05  2.42172800E-05  2.00000000E-05  2.04058400E-05  2.97375900E-05  3.85489300E-05  2.67177100E-05  2.00000000E-05
  8.53966000E-05  8.02349900E-05  4.68623700E-05  4.38278800E-05  5.07630700E-05  5.46677900E-05  7.72275900E-05  8.10428800E-05  6.11270800E-05  3.30467800E-05  2.05046900E-05  2.20841900E-05  3.26523500E-05  3.19161300E-05  2.00000000E-05  4.01136300E-05  4.95527000E-05  2.79058400E-05  2.02577700E-05  2.42701400E-05
  6.65418700E-05  3.29790700E-05  4.91375700E-05  5.74187200E-05  7.71444400E-05  7.71444400E-05  7.71444400E-05  5.16181500E-05  3.55945700E-05  4.49712500E-05  3.78104500E-05  2.78703800E-05  4.29360900E-05  4.08320600E-05  2.38099100E-05  2.52833200E-05  3.02103000E-05  3.98302400E-05  2.00000000E-05  2.00000000E-05
  4.67109900E-05  5.82702000E-05  1.01112000E-04  6.04502000E-05  7.71444400E-05  7.71444400E-05  7.71444400E-05  7.71444400E-05  4.44404400E-05  5.13901700E-05  2.79623300E-05  2.83718600E-05  3.64969300E-05  4.04512100E-05  2.93749800E-05  3.95223000E-05  3.22691700E-05  4.28867800E-05  2.48767600E-05  2.19421100E-05
  5.69799800E-05  8.62370800E-05  5.86767300E-05  6.60159800E-05  7.71444400E-05  7.71444400E-05  7.71444400E-05  7.71444400E-05  4.12030300E-05  4.96205400E-05  4.01241700E-05  2.66988800E-05  6.94026700E-05  6.66217000E-05  4.45977800E-05  4.72104500E-05  4.49641600E-05  4.58671200E-05  3.03430600E-05  4.92387700E-05
  4.46646600E-05  8.07098100E-05  8.34680400E-05  1.22899900E-04  7.71444400E-05  7.71444400E-05  7.71444400E-05  7.71444400E-05  5.18522600E-05  4.39377000E-05  7.70294900E-05  5.08440400E-05  6.67811400E-05  7.69629200E-05  8.98914100E-05  5.39278900E-05  4.87338700E-05  4.68764000E-05  2.93864700E-05  3.37992400E-05
  1.24659900E-04  8.80406400E-05  7.03796300E-05  1.73599300E-04  7.71444400E-05  7.71444400E-05  7.71444400E-05  7.71444400E-05  3.47463100E-05  4.16043200E-05  6.37521300E-05  8.16923300E-05  6.94741400E-05  5.89026400E-05  5.73266800E-05  8.96412300E-05  3.12071800E-05  5.92910300E-05  6.51668900E-05  6.13767800E-05
  9.35753000E-05  1.22494300E-04  1.45615300E-04  1.26891500E-04  7.71444400E-05  7.71444400E-05  7.71444400E-05  7.71444400E-05  4.42263100E-05  5.50759500E-05  4.72726600E-05  4.90979100E-05  3.95483500E-05  6.85951400E-05  3.21163000E-05  3.91071500E-05  4.91500700E-05  4.62488900E-05  4.68045200E-05  4.88487500E-05
  1.21499500E-04  2.00000000E-04  1.73167300E-04  1.32770600E-04  7.71444400E-05  7.71444400E-05  7.71444400E-05  7.71444400E-05  4.89613700E-05  4.78098100E-05  5.23458800E-05  3.03413700E-05  3.20767100E-05  5.33530500E-05  4.10290600E-05  3.27613100E-05  7.06241800E-05  5.33210000E-05  5.93395600E-05  8.84139300E-05
  8.05748100E-05  1.76190900E-04  1.52015400E-04  1.61329300E-04  7.71444400E-05  7.71444400E-05  7.71444400E-05  7.71444400E-05  1.18453100E-04  5.80967200E-05  5.95510100E-05  5.15256300E-05  4.07247500E-05  5.01295100E-05  5.12714400E-05  5.28787300E-05  8.02130300E-05  1.14032700E-04  9.26045400E-05  1.24871300E-04
  7.70378500E-05  1.13214800E-04  1.25769500E-04  1.13973800E-04  7.71444400E-05  7.71444400E-05  7.71444400E-05  7.71444400E-05  1.09849700E-04  1.00257200E-04  7.47771400E-05  5.35774500E-05  3.92656900E-05  4.55683200E-05  3.81694300E-05  8.95753700E-05  1.49825800E-04  5.77490500E-05  5.08559900E-05  1.05988800E-04
  1.13098600E-04  1.01136500E-04  5.55723600E-05  6.69961300E-05  7.71444400E-05  7.71444400E-05  7.71444400E-05  7.71444400E-05  1.68039200E-04  1.92358800E-04  8.42022900E-05  4.85905000E-05  4.09792800E-05  4.37699200E-05  3.92372800E-05  7.83136900E-05  8.21620400E-05  9.63503000E-05  1.38278900E-04  1.16962000E-04
  7.16154600E-05  9.10794900E-05  5.01433900E-05  4.32403900E-05  7.71444400E-05  7.71444400E-05  7.71444400E-05  7.71444400E-05  1.54636900E-04  2.00000000E-04  1.64520400E-04  8.43342500E-05  3.52911200E-05  4.24674500E-05  4.66396700E-05  3.08195100E-05  6.90409000E-05  8.01609700E-05  9.56245600E-05  1.37499200E-04
  4.44921000E-05  6.87845500E-05  6.16967800E-05  7.18754700E-05  7.71444400E-05  7.71444400E-05  7.71444400E-05  7.71444400E-05  8.80892600E-05  1.30519600E-04  1.71116800E-04  5.43280300E-05  7.13747500E-05  5.75822800E-05  4.52691100E-05  6.74407400E-05  5.61117400E-05  4.11483900E-05  9.95769800E-05  1.43645500E-04
  4.46174300E-05  6.89311600E-05  6.00192600E-05  1.24205200E-04  7.71444400E-05  7.71444400E-05  7.71444400E-05  7.71444400E-05  1.47579700E-04  1.28816500E-04  1.05951300E-04  7.85906800E-05  6.27409800E-05  6.06208700E-05  6.09634300E-05  7.91941300E-05  7.31192800E-05  6.49243900E-05  8.65703300E-05  6.20525400E-05
  3.73877100E-05  5.62544900E-05  5.59191100E-05  1.51981800E-04  7.71444400E-05  7.71444400E-05  1.70053700E-04  1.02238100E-04  1.58620900E-04  1.83225400E-04  1.34313200E-04  1.15602500E-04  8.68943400E-05  9.30298300E-05  1.08003700E-04  6.25418800E-05  6.61516300E-05  6.71826400E-05  5.32606500E-05  8.53514100E-05
  2.91584200E-05  3.56847500E-05  1.10681400E-04  1.07791900E-04  1.20533400E-04  7.71444400E-05  1.91076400E-04  1.30036200E-04  2.00000000E-04  2.00000000E-04  2.00000000E-04  6.78109000E-05  6.56694600E-05  1.06306200E-04  1.17745900E-04  6.78574800E-05  8.48202200E-05  1.07909400E-04  8.20363000E-05  5.27381000E-05
  3.12025100E-05  2.80484300E-05  5.46831700E-05  8.01323800E-05  9.65679500E-05  1.02046000E-04  1.46811900E-04  1.62529900E-04  2.00000000E-04  2.00000000E-04  2.00000000E-04  1.53965200E-04  6.05113300E-05  5.50923900E-05  7.66081800E-05  5.77322600E-05  4.67532800E-05  7.19100200E-05  7.59281400E-05  5.62428400E-05
  3.00334300E-05  6.24836900E-05  4.87788600E-05  6.36458900E-05  8.38566400E-05  1.13053300E-04  1.21407200E-04  1.17840400E-04  1.45977600E-04  2.00000000E-04  2.00000000E-04  1.24203200E-04  5.91597900E-05  4.83504200E-05  7.37374100E-05  6.24095000E-05  7.61892300E-05  5.26703100E-05  5.34634800E-05  6.76266100E-05
  4.18120800E-05  4.34746600E-05  6.32089600E-05  7.05188800E-05  1.41079000E-04  1.37627400E-04  1.08000200E-04  6.90174600E-05  1.28090200E-04  2.00000000E-04  2.00000000E-04  1.91379400E-04  9.58848100E-05  5.23788100E-05  5.75655600E-05  5.78440100E-05  4.82302100E-05  6.34541000E-05  4.62614000E-05  7.19866900E-05
  4.65841700E-05  5.43481500E-05  7.68652700E-05  1.06365300E-04  1.71099500E-04  1.53241400E-04  1.39465900E-04  1.02094200E-04  1.52426700E-04  1.89930800E-04  1.34182100E-04  1.30637600E-04  8.22482600E-05  8.77522600E-05  5.33588900E-05  6.42923000E-05  3.18882300E-05  3.73698900E-05  3.52685300E-05  2.98847800E-05
  4.34720300E-05  6.03851700E-05  6.03274600E-05  1.04854300E-04  1.45539900E-04  1.89329000E-04  1.28204800E-04  1.54253800E-04  9.93000900E-05  1.05530900E-04  1.08971800E-04  7.22903900E-05  6.12172600E-05  7.93121000E-05  4.19357700E-05  2.77605600E-05  4.15868900E-05  4.58626200E-05  3.12106500E-05  3.76234500E-05
  6.05097000E-05  5.07341000E-05  6.56912500E-05  6.81698000E-05  2.00000000E-04  2.00000000E-04  1.34159100E-04  1.60322600E-04  8.36119400E-05  1.11015800E-04  1.32933900E-04  8.84917000E-05  5.38254600E-05  3.00976100E-05  2.00000000E-05  3.65244000E-05  2.84878500E-05  2.85430600E-05  3.42303000E-05  2.00000000E-05
  4.97190700E-05  1.03611300E-04  8.01189900E-05  1.65006000E-04  1.86311500E-04  2.00000000E-04  1.12857400E-04  1.15087500E-04  1.02119500E-04  7.60456100E-05  1.06572100E-04  6.77129200E-05  4.83679100E-05  2.75033000E-05  2.06156800E-05  4.34796100E-05  3.20825700E-05  3.88185200E-05  2.28594300E-05  2.00000000E-05
  6.06019500E-05  7.40741600E-05  9.21859500E-05  1.69047900E-04  1.49704500E-04  1.69816900E-04  2.00000000E-04  1.08856000E-04  8.81071600E-05  7.11790600E-05  1.08312000E-04  8.30663700E-05  5.49179500E-05  2.83572200E-05  2.00000000E-05  2.49851400E-05  5.04015200E-05  4.55514000E-05  3.89049100E-05  2.06189500E-05
  7.79967000E-05  5.61750900E-05  9.73217200E-05  1.12190700E-04  1.77768600E-04  2.00000000E-04  1.44317300E-04  9.35805600E-05  6.97528200E-05  1.25865000E-04  8.15411900E-05  1.13075100E-04  1.02587200E-04  6.16277000E-05  3.19609900E-05  3.30672800E-05  5.44781500E-05  6.93775300E-05  5.72782000E-05  2.37442700E-05
  7.71444400E-05  7.69587500E-05  1.23629900E-04  1.67252000E-04  1.36834300E-04  1.34622100E-04  8.30356800E-05  1.36329800E-04  1.13834000E-04  1.38952200E-04  1.28325700E-04  1.14670600E-04  2.00000000E-04  9.95117500E-05  3.97263100E-05  9.56354000E-05  4.42731400E-05  6.40553600E-05  5.94449600E-05  3.15651100E-05
  7.71444400E-05  7.71444400E-05  1.41066400E-04  1.24099600E-04  1.26014100E-04  1.03085900E-04  1.51567400E-04  9.28367700E-05  1.40399600E-04  1.82076200E-04  2.00000000E-04  1.66794000E-04  1.87977000E-04  1.11026600E-04  7.28014700E-05  4.73099900E-05  4.87407500E-05  3.45174600E-05  3.68368900E-05  4.05506400E-05
  7.71444400E-05  7.71444400E-05  7.71444400E-05  1.49927600E-04  1.51373000E-04  1.03929300E-04  1.33244600E-04  1.13201500E-04  1.50904800E-04  2.00000000E-04  2.00000000E-04  2.00000000E-04  1.94993300E-04  1.87084100E-04  8.05884700E-05  8.16701700E-05  5.43696800E-05  3.66461000E-05  4.27521500E-05  4.83664400E-05
  7.71444400E-05  7.71444400E-05  7.71444400E-05  7.71444400E-05  1.03500100E-04  1.04373300E-04  7.99409600E-05  8.49574900E-05  1.37598300E-04  1.31713700E-04  2.00000000E-04  2.00000000E-04  2.00000000E-04  1.81912300E-04  1.88547300E-04  1.13124400E-04  5.82599100E-05  4.70468900E-05  5.21574100E-05  7.71444400E-05
  7.71444400E-05  7.71444400E-05  7.71444400E-05  7.71444400E-05  7.65559400E-05  7.89922100E-05  7.12905000E-05  5.99715600E-05  5.36020900E-05  7.87712300E-05  1.86635400E-04  2.00000000E-04  2.00000000E-04  1.74558200E-04  1.73301900E-04  1.80429100E-04  8.27405400E-05  4.44978600E-05  4.97154900E-05  7.71444400E-05
  7.71444400E-05  7.71444400E-05  7.71444400E-05  7.71444400E-05  7.71444400E-05  8.36403000E-05  9.34763700E-05  8.90622200E-05  9.16319300E-05  8.67049400E-05  1.85048600E-04  2.00000000E-04  1.94399700E-04  2.00000000E-04  1.76531200E-04  1.61848300E-04  7.88166300E-05  5.86444300E-05  7.71444400E-05  7.71444400E-05
  7.71444400E-05  7.71444400E-05  7.71444400E-05  7.71444400E-05  7.71444400E-05  6.04595000E-05  7.60785700E-05  1.08135600E-04  1.19092600E-04  9.16667200E-05  9.28895400E-05  1.04624600E-04  1.14295800E-04  1.63682100E-04  1.18897600E-04  1.13494800E-04  4.07435500E-05  7.71444400E-05  7.71444400E-05  7.71444400E-05
  7.71444400E-05  7.71444400E-05  7.71444400E-05  7.71444400E-05  7.71444400E-05  8.29977700E-05  7.86096300E-05  9.86547500E-05  2.00000000E-04  1.47838500E-04  7.61961500E-05  1.32235100E-04  1.44129900E-04  1.73147200E-04  1.04027400E-04  9.45168500E-05  7.71444400E-05  7.71444400E-05  7.71444400E-05  7.71444400E-05
