  2.00000000E-05  2.00000000E-05  2.00000000E-05  2.00000000E-05  2.00000000E-05  2.00000000E-05  2.04823500E-05  2.00000000E-05  2.00000000E-05  2.00000000E-05  2.00000000E-05  2.55709900E-05  2.00000000E-05  2.00000000E-05  2.00000000E-05  2.00000000E-05  2.00000000E-05  2.00000000E-05  2.00000000E-05  2.00000000E-05
  2.00000000E-05  2.00000000E-05  2.00000000E-05  2.00000000E-05  2.00000000E-05  2.00000000E-05  2.45275500E-05  2.79624300E-05  2.00000000E-05  2.64097800E-05  2.00000000E-05  2.00000000E-05  2.00000000E-05  2.00000000E-05  2.00000000E-05  2.00000000E-05  2.00000000E-05  2.00000000E-05  2.00000000E-05  2.23421200E-05
  2.00000000E-05  2.00000000E-05  2.00000000E-05  2.00000000E-05  2.00000000E-05  2.00000000E-05  2.00000000E-05  2.61704200E-05  2.00000000E-05  3.20893000E-05  2.00000000E-05  2.00000000E-05  2.00000000E-05  2.00000000E-05  2.00000000E-05  2.00000000E-05  2.00000000E-05  2.00000000E-05  2.00000000E-05  2.00000000E-05
  2.00000000E-05  2.00000000E-05  2.00000000E-05  2.00000000E-05  2.00000000E-05  2.00000000E-05  2.00000000E-05  2.00000000E-05  2.24371200E-05  2.03908900E-05  2.33782800E-05  2.00000000E-05  2.00000000E-05  2.00000000E-05  2.00000000E-05  2.00000000E-05  2.00000000E-05  2.00000000E-05  2.00000000E-05  2.00000000E-05
  2.00000000E-05  2.00000000E-05  2.00000000E-05  2.00000000E-05  2.00000000E-05  2.00000000E-05  2.00000000E-05  2.00000000E-05  2.00000000E-05  2.26711200E-05  2.41170000E-05  2.11529600E-05  2.00000000E-05  2.00000000E-05  2.00000000E-05  2.00000000E-05  2.00000000E-05  2.00000000E-05  2.00000000E-05  2.00000000E-05
  2.00000000E-05  2.00000000E-05  2.12200800E-05  2.00000000E-05  2.00000000E-05  2.00000000E-05  2.00000000E-05  2.00000000E-05  2.00000000E-05  2.00000000E-05  2.00000000E-05  2.00000000E-05  2.00000000E-05  2.00000000E-05  2.00000000E-05  2.00000000E-05  2.00000000E-05  2.00000000E-05  2.00000000E-05  2.00000000E-05
  2.00000000E-05  2.00000000E-05  2.35500200E-05  2.00000000E-05  2.00000000E-05  2.00000000E-05  2.00000000E-05  2.00000000E-05  2.00000000E-05  2.00000000E-05  2.00000000E-05  2.00000000E-05  2.00000000E-05  2.00000000E-05  2.00000000E-05  2.00000000E-05  2.00000000E-05  2.00000000E-05  2.00000000E-05  2.00000000E-05
  2.00000000E-05  2.00000000E-05  2.00000000E-05  2.00000000E-05  2.00000000E-05  2.00000000E-05  2.00000000E-05  2.00000000E-05  2.00000000E-05  2.00000000E-05  2.00000000E-05  2.00000000E-05  2.00000000E-05  2.00000000E-05  2.00000000E-05  2.00000000E-05  2.00000000E-05  2.00000000E-05  2.00000000E-05  2.00000000E-05
  2.13305500E-05  2.00000000E-05  2.19261600E-05  2.00000000E-05  2.10572200E-05  2.10572200E-05  2.10572200E-05  2.00000000E-05  2.00000000E-05  2.00000000E-05  2.00000000E-05  2.00000000E-05  2.00000000E-05  2.00000000E-05  2.00000000E-05  2.00000000E-05  2.00000000E-05  2.00000000E-05  2.00000000E-05  2.00000000E-05
  2.00000000E-05  2.00000000E-05  2.00000000E-05  2.00000000E-05  2.10572200E-05  2.10572200E-05  2.10572200E-05  2.10572200E-05  2.00000000E-05  2.00000000E-05  2.00000000E-05  2.00000000E-05  2.00000000E-05  2.00000000E-05  2.00000000E-05  2.00000000E-05  2.00000000E-05  2.00000000E-05  2.00000000E-05  2.00000000E-05
  2.10119100E-05  2.00000000E-05  2.00000000E-05  2.00000000E-05  2.10572200E-05  2.10572200E-05  2.10572200E-05  2.10572200E-05  2.00000000E-05  2.00000000E-05  2.00000000E-05  2.00000000E-05  2.00000000E-05  2.00000000E-05  2.00000000E-05  2.00000000E-05  2.00000000E-05  2.00000000E-05  2.00000000E-05  2.00000000E-05
  2.00000000E-05  2.00000000E-05  2.00000000E-05  2.00000000E-05  2.10572200E-05  2.10572200E-05  2.10572200E-05  2.10572200E-05  2.00000000E-05  2.00000000E-05  2.00000000E-05  2.00000000E-05  2.00000000E-05  2.00000000E-05  2.00000000E-05  2.04620600E-05  2.24896900E-05  2.00000000E-05  3.32564100E-05  2.00000000E-05
  2.85479500E-05  2.14735800E-05  2.00000000E-05  2.00000000E-05  2.10572200E-05  2.10572200E-05  2.10572200E-05  2.10572200E-05  2.00000000E-05  2.00000000E-05  2.00000000E-05  2.00000000E-05  2.00000000E-05  2.00000000E-05  2.02504800E-05  2.34312500E-05  2.95719500E-05  3.47598400E-05  2.25621900E-05  3.16488100E-05
  2.56783300E-05  2.90983600E-05  2.00000000E-05  2.00000000E-05  2.10572200E-05  2.10572200E-05  2.10572200E-05  2.10572200E-05  2.00000000E-05  2.00000000E-05  2.00000000E-05  2.00000000E-05  2.00000000E-05  2.13763300E-05  2.41100700E-05  2.83125600E-05  2.83185500E-05  3.37132600E-05  2.12147800E-05  2.58238000E-05
  3.75916400E-05  3.43229800E-05  2.00000000E-05  2.00000000E-05  2.10572200E-05  2.10572200E-05  2.10572200E-05  2.10572200E-05  2.00000000E-05  2.00000000E-05  2.00000000E-05  2.00000000E-05  2.00000000E-05  2.38783000E-05  3.20391300E-05  4.44293000E-05  6.42246900E-05  3.91226100E-05  3.31791400E-05  3.28716200E-05
  5.64603900E-05  5.05162100E-05  2.80646400E-05  2.00000000E-05  2.10572200E-05  2.10572200E-05  2.10572200E-05  2.10572200E-05  2.00000000E-05  2.00000000E-05  2.00000000E-05  2.00000000E-05  2.00000000E-05  3.43093600E-05  3.57423900E-05  6.62141100E-05  4.61109800E-05  3.96427400E-05  4.68015600E-05  6.44990300E-05
  5.91090900E-05  4.87636500E-05  3.63879900E-05  4.21932500E-05  2.10572200E-05  2.10572200E-05  2.10572200E-05  2.10572200E-05  2.00000000E-05  2.00000000E-05  2.63496700E-05  2.00000000E-05  3.59769700E-05  5.34359700E-05  5.42435900E-05  7.13894800E-05  6.30833000E-05  6.28662600E-05  6.08907800E-05  4.47029900E-05
  7.40570400E-05  5.50759500E-05  5.41683400E-05  4.16543100E-05  2.10572200E-05  2.10572200E-05  2.10572200E-05  2.10572200E-05  2.00000000E-05  2.00000000E-05  2.22821100E-05  3.61236200E-05  5.26389000E-05  1.13688100E-04  8.10423800E-05  7.94017000E-05  7.18802800E-05  5.76364700E-05  4.06103700E-05  2.91918800E-05
  3.23350700E-05  4.05916000E-05  5.83132300E-05  4.30367600E-05  2.10572200E-05  2.10572200E-05  2.10572200E-05  2.10572200E-05  2.00000000E-05  2.00000000E-05  2.52253100E-05  4.35552700E-05  6.19887200E-05  1.24266500E-04  1.21927100E-04  6.67825800E-05  5.72014400E-05  4.35005300E-05  2.54352400E-05  2.00000000E-05
  3.14276900E-05  2.16598700E-05  2.44203200E-05  2.86156900E-05  2.10572200E-05  2.10572200E-05  2.10572200E-05  2.10572200E-05  2.17448400E-05  2.14580900E-05  2.96185900E-05  7.00426800E-05  6.28238200E-05  8.58143600E-05  1.20981300E-04  6.05549500E-05  4.62742800E-05  2.54700400E-05  2.69045000E-05  2.78814900E-05
  3.98044000E-05  2.95768200E-05  3.43049500E-05  3.58851700E-05  2.10572200E-05  2.10572200E-05  2.10572200E-05  2.10572200E-05  2.00000000E-05  2.00000000E-05  3.09979000E-05  4.73409900E-05  5.44419700E-05  1.04570300E-04  1.05162900E-04  6.90018800E-05  4.83968800E-05  2.00000000E-05  2.00000000E-05  3.67717400E-05
  2.33373900E-05  2.58020400E-05  2.09062900E-05  2.28566300E-05  2.10572200E-05  2.10572200E-05  2.00000000E-05  2.12629400E-05  2.18883500E-05  2.00000000E-05  2.57938700E-05  4.57735600E-05  5.81874800E-05  9.83094000E-05  6.29114100E-05  4.65559700E-05  2.62232200E-05  2.18049500E-05  2.00000000E-05  3.91070800E-05
  2.00000000E-05  2.00000000E-05  2.00000000E-05  2.00000000E-05  2.00000000E-05  2.10572200E-05  2.00000000E-05  2.00000000E-05  2.00000000E-05  2.00000000E-05  2.00000000E-05  2.14299500E-05  3.08835200E-05  3.25316200E-05  3.21225800E-05  2.59359100E-05  2.12398600E-05  3.86028000E-05  3.68149400E-05  2.79510600E-05
  3.33781900E-05  2.37939900E-05  2.00000000E-05  2.00000000E-05  2.17727400E-05  2.00000000E-05  2.00000000E-05  2.00000000E-05  2.00000000E-05  2.00000000E-05  2.00000000E-05  2.01109400E-05  2.32889400E-05  2.42363900E-05  2.89952800E-05  2.00000000E-05  2.24505400E-05  2.69768600E-05  4.37728500E-05  4.98075100E-05
  2.79847300E-05  2.59110800E-05  2.00000000E-05  2.00000000E-05  2.58094500E-05  2.78159100E-05  2.00000000E-05  2.00000000E-05  2.00000000E-05  2.00000000E-05  2.00000000E-05  2.00483700E-05  2.97534400E-05  2.13385600E-05  2.00000000E-05  2.96855500E-05  2.71371000E-05  3.03340900E-05  3.75086700E-05  3.32559900E-05
  3.50103500E-05  5.54318800E-05  2.00000000E-05  2.00000000E-05  2.64151800E-05  2.00000000E-05  2.00000000E-05  2.00000000E-05  2.00000000E-05  2.32615100E-05  3.20189300E-05  3.79377900E-05  2.45465300E-05  2.00000000E-05  2.00000000E-05  4.23589200E-05  2.63801100E-05  5.10389600E-05  2.23867400E-05  2.00000000E-05
  3.22849400E-05  2.70502400E-05  2.45953500E-05  4.11053400E-05  2.86297200E-05  2.00000000E-05  2.81520100E-05  3.35029200E-05  3.43873300E-05  3.01793600E-05  4.16575000E-05  2.28446700E-05  2.00000000E-05  2.00000000E-05  2.00000000E-05  2.57995800E-05  3.24770300E-05  2.00000000E-05  2.44330900E-05  2.00000000E-05
  2.33761100E-05  2.49364100E-05  2.00000000E-05  2.84163800E-05  2.07506700E-05  2.00000000E-05  2.07739500E-05  2.00000000E-05  4.08567700E-05  2.82092800E-05  2.81088900E-05  2.00000000E-05  2.00000000E-05  2.00000000E-05  2.00000000E-05  2.00000000E-05  2.00000000E-05  2.00000000E-05  2.00000000E-05  2.00000000E-05
  2.12806700E-05  2.00000000E-05  2.00000000E-05  2.00000000E-05  2.00000000E-05  2.00000000E-05  2.43331300E-05  2.00000000E-05  3.15055900E-05  2.45458700E-05  2.00000000E-05  2.00000000E-05  2.00000000E-05  2.00000000E-05  2.00000000E-05  2.00000000E-05  2.00000000E-05  2.00000000E-05  2.00000000E-05  2.00000000E-05
  2.84077600E-05  2.00000000E-05  2.00000000E-05  2.00000000E-05  2.00000000E-05  2.00000000E-05  2.00000000E-05  2.00000000E-05  2.08309100E-05  3.12521300E-05  2.34347700E-05  2.96936100E-05  2.00000000E-05  2.00000000E-05  2.00000000E-05  2.00000000E-05  2.00000000E-05  2.00000000E-05  2.00000000E-05  2.00000000E-05
  2.00000000E-05  2.00000000E-05  2.00000000E-05  2.00000000E-05  2.00000000E-05  2.00000000E-05  2.00000000E-05  2.18805700E-05  2.00039500E-05  2.00000000E-05  3.00473200E-05  3.25589000E-05  2.00000000E-05  2.00000000E-05  2.00000000E-05  2.00000000E-05  2.00000000E-05  2.00000000E-05  2.00000000E-05  2.00000000E-05
  2.00000000E-05  2.00000000E-05  2.00000000E-05  2.00000000E-05  2.00000000E-05  2.00000000E-05  2.00000000E-05  2.00000000E-05  2.00000000E-05  2.11854500E-05  2.00000000E-05  2.00000000E-05  2.00000000E-05  2.00000000E-05  2.00000000E-05  2.00000000E-05  2.00000000E-05  2.00000000E-05  2.00000000E-05  2.00000000E-05
  2.10572200E-05  2.00000000E-05  2.00000000E-05  2.00000000E-05  2.00000000E-05  2.00000000E-05  2.00000000E-05  2.00000000E-05  2.00000000E-05  2.00000000E-05  2.00000000E-05  2.00000000E-05  2.00000000E-05  2.00000000E-05  2.00000000E-05  2.00000000E-05  2.00000000E-05  2.00000000E-05  2.21865300E-05  2.09534200E-05
  2.10572200E-05  2.10572200E-05  2.00000000E-05  2.00000000E-05  2.00000000E-05  2.00000000E-05  2.00000000E-05  2.00000000E-05  2.00000000E-05  2.00000000E-05  2.00000000E-05  2.00000000E-05  2.00000000E-05  2.00000000E-05  2.00000000E-05  2.00000000E-05  2.00000000E-05  2.00000000E-05  2.21529500E-05  2.00000000E-05
  2.10572200E-05  2.10572200E-05  2.10572200E-05  2.00000000E-05  2.00000000E-05  2.00000000E-05  2.00000000E-05  2.00000000E-05  2.00000000E-05  2.00000000E-05  2.00000000E-05  2.00000000E-05  2.00000000E-05  2.00000000E-05  2.00000000E-05  2.00000000E-05  2.00000000E-05  2.00000000E-05  2.00000000E-05  2.00000000E-05
  2.10572200E-05  2.10572200E-05  2.10572200E-05  2.10572200E-05  2.00000000E-05  2.00000000E-05  2.00000000E-05  2.00000000E-05  2.00000000E-05  2.00000000E-05  2.00000000E-05  2.00000000E-05  2.00000000E-05  2.00000000E-05  2.00000000E-05  2.00000000E-05  2.00000000E-05  2.00000000E-05  2.00000000E-05  2.10572200E-05
  2.10572200E-05  2.10572200E-05  2.10572200E-05  2.10572200E-05  2.00000000E-05  2.00000000E-05  2.00000000E-05  2.00000000E-05  2.00000000E-05  2.00000000E-05  2.00000000E-05  2.00000000E-05  2.00000000E-05  2.00000000E-05  2.00000000E-05  2.00000000E-05  2.00000000E-05  2.00000000E-05  2.00000000E-05  2.10572200E-05
  2.10572200E-05  2.10572200E-05  2.10572200E-05  2.10572200E-05  2.10572200E-05  2.00000000E-05  2.00000000E-05  2.00000000E-05  2.00000000E-05  2.00000000E-05  2.04541300E-05  2.04149600E-05  2.00000000E-05  2.00000000E-05  2.00000000E-05  2.00000000E-05  2.00000000E-05  2.00000000E-05  2.10572200E-05  2.10572200E-05
  2.10572200E-05  2.10572200E-05  2.10572200E-05  2.10572200E-05  2.10572200E-05  2.00000000E-05  2.00000000E-05  2.00000000E-05  2.00000000E-05  2.00000000E-05  2.00000000E-05  2.00000000E-05  2.00000000E-05  2.00000000E-05  2.00000000E-05  2.00000000E-05  2.00000000E-05  2.10572200E-05  2.10572200E-05  2.10572200E-05
  2.10572200E-05  2.10572200E-05  2.10572200E-05  2.10572200E-05  2.10572200E-05  2.00000000E-05  2.00000000E-05  2.00000000E-05  2.00000000E-05  2.00000000E-05  2.00000000E-05  2.00000000E-05  2.00000000E-05  2.00000000E-05  2.00000000E-05  2.00000000E-05  2.10572200E-05  2.10572200E-05  2.10572200E-05  2.10572200E-05
