       0.01810486       0.02509613       0.02877618       0.02738352       0.02690089       0.02217264       0.02300273       0.02236844       0.03386731       0.02179370       0.02086162       0.01898379       0.02941465       0.01691213       0.02886945       0.04384962       0.07541366       0.05914021       0.03194570       0.03073224
       0.01000000       0.01976870       0.02771065       0.02737953       0.02702776       0.03327852       0.02846940       0.03563015       0.03427348       0.03022645       0.01588807       0.02233182       0.02202099       0.03849003       0.04666746       0.01651979       0.02031235       0.02690054       0.03040266       0.03341754
       0.01935576       0.02130373       0.02145758       0.02579467       0.04265648       0.04049865       0.06080900       0.06159024       0.05532300       0.05852472       0.04504066       0.02800801       0.02992173       0.02187101       0.01981001       0.02419466       0.02250833       0.02774718       0.02206196       0.03504837
       0.02511003       0.01679144       0.02130952       0.01969449       0.03667377       0.04249400       0.05692738       0.07722702       0.04632542       0.04091463       0.05042668       0.03265798       0.02921049       0.01793687       0.01205423       0.01619943       0.02407416       0.02886070       0.02558984       0.02977631
       0.02294178       0.03305195       0.01947367       0.04117497       0.03226090       0.04041865       0.02693098       0.04729740       0.02916615       0.03780905       0.05161046       0.03576177       0.02495834       0.01744299       0.01151131       0.01662143       0.02889996       0.02203955       0.02468647       0.02052676
       0.01509352       0.01930871       0.02312844       0.03551319       0.02967896       0.02263191       0.01729044       0.01784692       0.01934100       0.04829775       0.05793448       0.02228862       0.02635099       0.01037065       0.01002872       0.01785768       0.02693439       0.01445464       0.01879117       0.02583497
       0.02299534       0.01881446       0.01710347       0.01676750       0.02475005       0.02895395       0.02537952       0.02366447       0.02948331       0.05109488       0.07432087       0.02944564       0.02651983       0.02021686       0.01000000       0.01101824       0.01880375       0.01608059       0.01629415       0.03233927
       0.01466734       0.01384356       0.01747851       0.02443786       0.02126837       0.02725972       0.01782905       0.02033656       0.01982603       0.03264746       0.04297061       0.02825447       0.01604335       0.01724885       0.01094428       0.01020580       0.01379404       0.02243967       0.01777442       0.01467548
       0.01000000       0.01000000       0.01355083       0.01337110       0.03000000       0.03000000       0.03000000       0.02767356       0.02560856       0.03488978       0.02125335       0.02353632       0.02496043       0.01424428       0.01184945       0.01000000       0.01009062       0.01815175       0.01928065       0.01772954
       0.01056605       0.01274772       0.01000000       0.01000000       0.03000000       0.03000000       0.03000000       0.03000000       0.03149061       0.02715771       0.01423200       0.01398482       0.01267717       0.01626854       0.01833117       0.01370927       0.01187236       0.02300032       0.02084967       0.02448482
       0.01026021       0.01048776       0.01000000       0.01000000       0.03000000       0.03000000       0.03000000       0.03000000       0.03378537       0.02090956       0.01516745       0.01093387       0.01000000       0.01072891       0.01523270       0.01203111       0.02021529       0.02354975       0.01562479       0.01988897
       0.01426159       0.01240941       0.01000000       0.01617946       0.03000000       0.03000000       0.03000000       0.03000000       0.03190396       0.03849006       0.02223790       0.01114330       0.01000000       0.01000000       0.01406133       0.01572792       0.01000000       0.01003417       0.01657087       0.03954349
       0.01368346       0.01110959       0.01009432       0.01728544       0.03000000       0.03000000       0.03000000       0.03000000       0.06950247       0.05386333       0.03535301       0.02446400       0.01553054       0.01643177       0.01337724       0.01000000       0.01000000       0.01000000       0.01476702       0.01603800
       0.01091454       0.01000000       0.01000000       0.01409840       0.03000000       0.03000000       0.03000000       0.03000000       0.06265554       0.07287941       0.04565548       0.02936512       0.02271878       0.02272053       0.01082142       0.01491886       0.01103246       0.01206849       0.01638530       0.02859535
       0.01000000       0.01000000       0.01102508       0.01372989       0.03000000       0.03000000       0.03000000       0.03000000       0.05554158       0.08467409       0.06114323       0.02784967       0.03744074       0.03946427       0.01865989       0.01271739       0.01254809       0.01040555       0.01723656       0.04113046
       0.01041295       0.01000000       0.01352570       0.01532260       0.03000000       0.03000000       0.03000000       0.03000000       0.06657952       0.05443718       0.07721442       0.04248745       0.06188128       0.04588432       0.02354913       0.01776373       0.01364750       0.01472300       0.02358198       0.01818458
       0.01137529       0.01000000       0.01545541       0.01682199       0.03000000       0.03000000       0.03000000       0.03000000       0.05027363       0.05066078       0.05127417       0.03479815       0.04102632       0.02174528       0.01480880       0.01541462       0.01463201       0.01284203       0.01819524       0.01591532
       0.01382866       0.01731259       0.01359719       0.01098129       0.03000000       0.03000000       0.03000000       0.03000000       0.03081838       0.03695637       0.01747419       0.02325932       0.03157905       0.02042642       0.01367498       0.01573474       0.01438679       0.01119856       0.01564093       0.01366987
       0.02288464       0.01824048       0.01377257       0.01416240       0.03000000       0.03000000       0.03000000       0.03000000       0.01759831       0.01597323       0.01380819       0.01622515       0.02408599       0.01512958       0.02113256       0.01516451       0.01688521       0.01570129       0.01480943       0.01305809
       0.01246113       0.01928109       0.02769135       0.02407287       0.03000000       0.03000000       0.03000000       0.03000000       0.01850415       0.01563332       0.01212154       0.01843528       0.01944680       0.01426300       0.01548735       0.01486715       0.02660421       0.01758780       0.01549685       0.01294605
       0.01405474       0.02072610       0.02655341       0.02306287       0.03000000       0.03000000       0.03000000       0.03000000       0.01352494       0.01239958       0.01820656       0.01558691       0.01691460       0.02758708       0.02289031       0.02618180       0.02380108       0.01828668       0.01557506       0.01191914
       0.02099498       0.02571860       0.03071662       0.02814388       0.03000000       0.03000000       0.03282750       0.02208018       0.01210011       0.01115048       0.01820894       0.01970424       0.02032690       0.01868534       0.02550610       0.01714753       0.01665725       0.01475203       0.01000000       0.01181928
       0.01367067       0.02674545       0.02392269       0.03156243       0.03445117       0.03000000       0.03765388       0.02399050       0.02052484       0.01557200       0.02220745       0.01666339       0.02730760       0.01768324       0.01032403       0.01391438       0.01063054       0.01153293       0.01000000       0.01107866
       0.02686905       0.03338422       0.02666217       0.03054350       0.02956401       0.03855625       0.03597474       0.04882589       0.02484142       0.01518632       0.01806799       0.01649457       0.01231770       0.01485220       0.01269703       0.01115753       0.01000000       0.01000000       0.01000000       0.01000000
       0.02058637       0.04313741       0.04021813       0.02497423       0.04530986       0.01912282       0.02841019       0.03732138       0.03528957       0.02216578       0.01844486       0.01753176       0.02205910       0.01252861       0.01117669       0.01000000       0.01000000       0.01000000       0.01000000       0.01000000
       0.03351215       0.04554345       0.03091251       0.01971074       0.02224044       0.02377861       0.02706175       0.03573566       0.02950816       0.02455664       0.02824901       0.02273952       0.02034239       0.01495084       0.01365367       0.02106433       0.01734281       0.01917798       0.01487388       0.01601996
       0.02871870       0.03414196       0.04598785       0.02768008       0.02682597       0.04945494       0.03537726       0.03886515       0.03475876       0.03176759       0.03535098       0.02560380       0.02024383       0.02607842       0.03916728       0.03032397       0.03153114       0.02611621       0.03153236       0.01858694
       0.02956717       0.03536808       0.03682867       0.04145593       0.01988195       0.02210832       0.04797460       0.03347068       0.03773761       0.03214690       0.04026032       0.02615781       0.01987833       0.02618526       0.04611333       0.05151401       0.03456206       0.03008032       0.02238361       0.02253644
       0.06224036       0.02739576       0.02814722       0.02128876       0.01855585       0.03400198       0.04383160       0.03820084       0.04354699       0.05609207       0.03209936       0.01909368       0.02516673       0.03714691       0.04308134       0.06503292       0.05084207       0.07588300       0.07125522       0.02530425
       0.04382498       0.02016933       0.02744503       0.02188857       0.01860894       0.03968297       0.04197252       0.04839229       0.04494429       0.06440583       0.03393177       0.03862540       0.04866641       0.05140247       0.05516791       0.10644310       0.05193204       0.04146016       0.04300357       0.03104761
       0.03882223       0.03656975       0.02393344       0.02991160       0.03421846       0.03643065       0.07634296       0.05100380       0.05950898       0.06394261       0.06012221       0.08964086       0.07175342       0.06006656       0.07741670       0.06294045       0.03549675       0.03702100       0.03354670       0.05447532
       0.03494286       0.02750458       0.04850522       0.05432877       0.05254564       0.05786973       0.05561665       0.04304273       0.03641427       0.07641074       0.11650400       0.09594818       0.05504522       0.05240358       0.05742697       0.04010337       0.03777529       0.04032709       0.06119309       0.07438662
       0.03000000       0.03073904       0.03526380       0.05815425       0.05542780       0.04944528       0.02808261       0.02353524       0.02938231       0.05562365       0.08846048       0.05340075       0.06422867       0.06604215       0.06126216       0.04662179       0.03228028       0.02941716       0.06676110       0.05797644
       0.03000000       0.03000000       0.01942515       0.03343200       0.02526859       0.03670514       0.02497917       0.03994875       0.03805630       0.07703157       0.09258282       0.04700067       0.03236969       0.04778966       0.08727299       0.11591640       0.08835764       0.07219839       0.05747290       0.05875010
       0.03000000       0.03000000       0.03000000       0.03354323       0.03750879       0.03159115       0.02296216       0.04146771       0.06347219       0.10971990       0.17147580       0.06347924       0.03907690       0.07447999       0.09186150       0.11062220       0.12999880       0.07132836       0.06224062       0.10500390
       0.03000000       0.03000000       0.03000000       0.03000000       0.04049926       0.02672942       0.01868546       0.03351985       0.04550591       0.06189851       0.11260740       0.06624604       0.06417863       0.05298479       0.04113967       0.05562974       0.05433805       0.05213498       0.09065017       0.03000000
       0.03000000       0.03000000       0.03000000       0.03000000       0.03601275       0.02886016       0.02613391       0.04383771       0.04020459       0.05045526       0.06028413       0.07577657       0.04954886       0.06701014       0.07180030       0.04543047       0.03223555       0.03455010       0.07421490       0.03000000
       0.03000000       0.03000000       0.03000000       0.03000000       0.03000000       0.02217055       0.01737981       0.02914528       0.04922511       0.03621180       0.04398319       0.04558461       0.05549196       0.03873018       0.04601960       0.04517440       0.03920960       0.03269849       0.03000000       0.03000000
       0.03000000       0.03000000       0.03000000       0.03000000       0.03000000       0.02912757       0.01892893       0.03148958       0.03501719       0.03751701       0.02640711       0.02537400       0.02966593       0.02743790       0.02959580       0.03063452       0.02083723       0.03000000       0.03000000       0.03000000
       0.03000000       0.03000000       0.03000000       0.03000000       0.03000000       0.03046367       0.02774778       0.03272821       0.03107485       0.02808906       0.01989988       0.01463511       0.01070649       0.01169922       0.01903106       0.02715560       0.03000000       0.03000000       0.03000000       0.03000000
