   9.732325E-02   1.176225E-01   1.098373E-01   8.498473E-02   9.444658E-02   7.421282E-02   6.914246E-02   3.448524E-02   5.171919E-02   8.825896E-02   6.729417E-02   5.011792E-02   7.984722E-02   1.350061E-01   1.209779E-01   1.763754E-01   2.186651E-01   1.220948E-01   5.480142E-02   7.847265E-02
   1.045177E-01   9.750864E-02   1.161821E-01   1.116061E-01   9.705315E-02   7.326725E-02   5.489265E-02   3.268215E-02   4.717486E-02   4.134399E-02   5.836926E-02   9.653602E-02   1.185380E-01   1.064191E-01   1.162835E-01   1.590672E-01   1.737168E-01   1.375416E-01   1.372611E-01   1.142009E-01
   7.878771E-02   8.678482E-02   1.406980E-01   1.244619E-01   8.353141E-02   6.989151E-02   5.564077E-02   3.311826E-02   2.388747E-02   3.357511E-02   5.414918E-02   6.592743E-02   1.194782E-01   1.335601E-01   1.378663E-01   1.487583E-01   1.585300E-01   1.520945E-01   1.091552E-01   8.739059E-02
   9.988736E-02   9.588924E-02   9.280138E-02   8.483979E-02   1.301070E-01   8.415092E-02   5.782052E-02   3.108349E-02   4.119492E-02   5.869719E-02   6.385492E-02   7.437690E-02   7.655655E-02   7.793589E-02   9.328336E-02   7.394454E-02   1.435139E-01   1.652077E-01   6.993045E-02   5.282671E-02
   6.935844E-02   7.624602E-02   9.663197E-02   4.961766E-02   8.807981E-02   1.024052E-01   5.425867E-02   3.544972E-02   3.829522E-02   5.677104E-02   6.814832E-02   7.676771E-02   1.188107E-01   1.523860E-01   9.734337E-02   8.481847E-02   1.552938E-01   1.093097E-01   5.919857E-02   3.576451E-02
   9.985344E-02   7.800713E-02   8.616751E-02   6.698031E-02   8.683588E-02   4.506712E-02   6.753800E-02   5.890519E-02   3.214493E-02   5.510394E-02   7.142806E-02   6.650490E-02   9.645511E-02   1.142170E-01   1.087466E-01   1.005237E-01   7.935903E-02   7.938804E-02   1.001718E-01   1.067418E-01
   1.720062E-01   1.086442E-01   1.100756E-01   9.189987E-02   9.763282E-02   5.050768E-02   4.399567E-02   5.148423E-02   4.261295E-02   6.091574E-02   6.914926E-02   6.451408E-02   8.045382E-02   1.082351E-01   1.485675E-01   1.436213E-01   1.263088E-01   1.743760E-01   1.654576E-01   1.590376E-01
   1.282836E-01   7.667537E-02   9.649218E-02   8.353255E-02   7.536493E-02   5.933070E-02   3.454288E-02   4.330527E-02   4.229305E-02   4.539860E-02   7.173106E-02   5.400675E-02   9.980988E-02   1.274524E-01   1.341499E-01   1.128080E-01   1.266631E-01   1.325975E-01   1.483143E-01   2.404838E-01
   8.283761E-02   9.954902E-02   7.037350E-02   9.316813E-02   1.000000E-01   1.000000E-01   1.000000E-01   3.772238E-02   3.830718E-02   6.030420E-02   7.148207E-02   8.210605E-02   8.190294E-02   6.076355E-02   9.799590E-02   8.996353E-02   8.388284E-02   8.666579E-02   1.214513E-01   1.967320E-01
   1.191618E-01   6.718888E-02   7.410323E-02   6.846902E-02   1.000000E-01   1.000000E-01   1.000000E-01   1.000000E-01   4.685670E-02   4.557894E-02   1.386009E-01   1.079708E-01   9.867711E-02   1.009041E-01   7.550517E-02   6.610968E-02   5.094211E-02   8.920424E-02   1.002817E-01   1.175457E-01
   6.272833E-02   6.244087E-02   6.097995E-02   1.036968E-01   1.000000E-01   1.000000E-01   1.000000E-01   1.000000E-01   5.550228E-02   1.101005E-01   1.368789E-01   1.092742E-01   9.883890E-02   1.486005E-01   4.542427E-02   6.968178E-02   8.887289E-02   1.389193E-01   1.177440E-01   1.194960E-01
   6.979300E-02   9.419038E-02   7.163642E-02   6.263097E-02   1.000000E-01   1.000000E-01   1.000000E-01   1.000000E-01   8.907057E-02   1.385691E-01   1.099926E-01   1.158524E-01   1.143965E-01   1.082237E-01   1.475846E-01   9.894897E-02   8.992806E-02   2.120661E-01   1.857435E-01   8.529311E-02
   1.471908E-01   1.542156E-01   1.428115E-01   1.047114E-01   1.000000E-01   1.000000E-01   1.000000E-01   1.000000E-01   6.751586E-02   1.016583E-01   1.203033E-01   1.564429E-01   1.039761E-01   9.158547E-02   1.254497E-01   1.725440E-01   2.095566E-01   2.398268E-01   2.025317E-01   8.782276E-02
   9.957584E-02   1.453031E-01   1.203625E-01   1.316675E-01   1.000000E-01   1.000000E-01   1.000000E-01   1.000000E-01   5.391000E-02   1.153237E-01   5.810962E-02   1.161856E-01   9.681360E-02   1.138649E-01   1.091846E-01   1.764877E-01   2.328044E-01   1.727481E-01   1.784291E-01   8.385237E-02
   6.324641E-02   7.274911E-02   9.585888E-02   1.043340E-01   1.000000E-01   1.000000E-01   1.000000E-01   1.000000E-01   7.028545E-02   7.377045E-02   6.068936E-02   5.300103E-02   6.183595E-02   8.726574E-02   1.768193E-01   1.690129E-01   2.332286E-01   2.522701E-01   2.655285E-01   2.028844E-01
   6.790837E-02   7.344514E-02   8.579594E-02   9.399200E-02   1.000000E-01   1.000000E-01   1.000000E-01   1.000000E-01   1.212380E-01   1.261888E-01   9.785720E-02   8.384767E-02   6.757860E-02   6.181682E-02   1.548153E-01   9.973312E-02   1.410112E-01   1.505466E-01   1.177465E-01   1.548436E-01
   7.194218E-02   7.163976E-02   8.062539E-02   8.928798E-02   1.000000E-01   1.000000E-01   1.000000E-01   1.000000E-01   1.345300E-01   9.275358E-02   1.241926E-01   8.733202E-02   1.052255E-01   9.588185E-02   1.137854E-01   1.261757E-01   1.258810E-01   1.063981E-01   8.793574E-02   1.239862E-01
   6.322435E-02   6.787712E-02   3.927854E-02   4.982341E-02   1.000000E-01   1.000000E-01   1.000000E-01   1.000000E-01   7.048725E-02   1.307353E-01   2.576339E-01   1.783324E-01   1.283443E-01   1.325749E-01   6.495902E-02   7.625163E-02   9.159530E-02   9.457657E-02   6.180677E-02   9.345857E-02
   3.374084E-02   4.452477E-02   4.899079E-02   7.315799E-02   1.000000E-01   1.000000E-01   1.000000E-01   1.000000E-01   1.344160E-01   1.507958E-01   2.031326E-01   2.411799E-01   1.607720E-01   8.285271E-02   5.569147E-02   5.468191E-02   5.405297E-02   8.784559E-02   7.070626E-02   8.778201E-02
   3.900293E-02   2.770032E-02   6.343531E-02   5.491480E-02   1.000000E-01   1.000000E-01   1.000000E-01   1.000000E-01   7.425254E-02   9.804187E-02   9.777601E-02   9.200743E-02   1.104879E-01   1.366373E-01   5.632767E-02   4.945129E-02   6.917561E-02   3.415199E-02   7.711297E-02   6.904100E-02
   6.459116E-02   3.411650E-02   5.186594E-02   5.969316E-02   1.000000E-01   1.000000E-01   1.000000E-01   1.000000E-01   5.838873E-02   6.277178E-02   8.208802E-02   9.070892E-02   1.168833E-01   1.025014E-01   7.453915E-02   5.568798E-02   5.419085E-02   9.178797E-02   1.070715E-01   6.881320E-02
   5.327203E-02   4.715613E-02   6.455991E-02   7.673794E-02   1.000000E-01   1.000000E-01   1.498985E-01   1.219127E-01   8.328808E-02   7.451702E-02   7.536137E-02   1.056730E-01   9.041618E-02   6.685600E-02   7.376772E-02   6.847305E-02   5.809655E-02   7.662508E-02   7.299836E-02   8.651122E-02
   1.133222E-01   9.944809E-02   1.144465E-01   1.071921E-01   1.200502E-01   1.000000E-01   1.050635E-01   1.086258E-01   7.460885E-02   6.629138E-02   1.290254E-01   9.443739E-02   9.288226E-02   1.221297E-01   4.634171E-02   3.707679E-02   5.963615E-02   9.137702E-02   5.550595E-02   4.294428E-02
   1.054251E-01   2.109845E-01   1.871699E-01   1.323318E-01   1.169446E-01   8.849051E-02   1.168938E-01   1.022045E-01   5.257601E-02   3.466697E-02   6.890829E-02   1.082466E-01   1.074146E-01   7.017471E-02   3.212591E-02   4.832872E-02   6.770798E-02   5.851832E-02   6.599144E-02   4.635404E-02
   1.241425E-01   1.469535E-01   1.116326E-01   1.141867E-01   1.020441E-01   1.002931E-01   1.212495E-01   1.011271E-01   4.606173E-02   5.590309E-02   5.449996E-02   6.070845E-02   6.064387E-02   4.886476E-02   4.659381E-02   6.850377E-02   6.467629E-02   6.102840E-02   8.745979E-02   4.543824E-02
   9.556939E-02   1.177954E-01   8.886917E-02   1.240541E-01   1.010229E-01   8.101764E-02   9.479020E-02   8.722545E-02   9.418051E-02   1.122973E-01   6.885660E-02   8.475441E-02   6.770674E-02   5.493264E-02   9.158941E-02   1.236642E-01   8.048381E-02   6.522726E-02   4.888279E-02   4.009805E-02
   5.449702E-02   1.655385E-01   9.393920E-02   9.136243E-02   6.981024E-02   9.386695E-02   6.981224E-02   6.692355E-02   8.176514E-02   8.237603E-02   1.090386E-01   1.308891E-01   7.025781E-02   8.319681E-02   7.190708E-02   9.237484E-02   6.687779E-02   6.752776E-02   6.470973E-02   4.750218E-02
   5.988474E-02   6.390215E-02   1.150469E-01   1.133759E-01   1.207099E-01   1.253464E-01   7.631033E-02   9.109231E-02   1.023796E-01   5.430143E-02   7.949554E-02   1.137237E-01   8.849172E-02   1.020849E-01   9.040987E-02   6.241337E-02   4.944451E-02   5.463420E-02   4.713620E-02   5.070045E-02
   3.649159E-02   7.248867E-02   7.750854E-02   1.102121E-01   1.200566E-01   4.305550E-02   4.962584E-02   4.114234E-02   4.727570E-02   5.359307E-02   9.649798E-02   1.035521E-01   5.553215E-02   4.290940E-02   6.079943E-02   4.731574E-02   3.421544E-02   5.101621E-02   5.430797E-02   4.759136E-02
   5.301876E-02   5.806170E-02   1.133576E-01   1.186199E-01   1.080950E-01   5.769326E-02   2.562959E-02   4.808451E-02   4.640689E-02   8.029905E-02   5.046294E-02   4.742415E-02   2.391072E-02   4.510507E-02   4.271877E-02   3.325787E-02   4.045787E-02   4.951593E-02   6.521091E-02   5.011007E-02
   9.117167E-02   1.119249E-01   9.545859E-02   1.233334E-01   9.382979E-02   6.496771E-02   2.610653E-02   4.358373E-02   5.589688E-02   4.750594E-02   7.701608E-02   5.473039E-02   4.373378E-02   5.188604E-02   4.753574E-02   4.576245E-02   3.650351E-02   3.746622E-02   4.276500E-02   2.826071E-02
   6.423728E-02   1.252936E-01   1.143046E-01   9.785510E-02   9.898870E-02   5.093315E-02   3.432994E-02   6.885312E-02   4.927828E-02   4.851316E-02   6.912718E-02   5.232397E-02   3.595513E-02   4.738917E-02   4.412412E-02   3.967443E-02   3.138089E-02   2.102764E-02   1.906119E-02   2.125628E-02
   1.000000E-01   1.473148E-01   1.053184E-01   1.668023E-01   1.070868E-01   5.579079E-02   4.242127E-02   5.541550E-02   5.939078E-02   6.892106E-02   5.814385E-02   4.206839E-02   2.500660E-02   3.991497E-02   5.721252E-02   3.725587E-02   3.532828E-02   1.739200E-02   1.792405E-02   2.028269E-02
   1.000000E-01   1.000000E-01   1.130571E-01   1.606456E-01   1.249110E-01   7.260293E-02   4.542540E-02   5.369610E-02   3.757682E-02   3.496413E-02   5.727933E-02   3.734387E-02   2.243572E-02   3.113436E-02   4.768252E-02   3.916546E-02   1.952616E-02   2.521753E-02   2.234987E-02   1.707963E-02
   1.000000E-01   1.000000E-01   1.000000E-01   1.359528E-01   7.616502E-02   6.185721E-02   1.035606E-01   5.925794E-02   4.143308E-02   2.315905E-02   5.459054E-02   3.955236E-02   3.220250E-02   3.326524E-02   3.599550E-02   3.652195E-02   2.987433E-02   1.616707E-02   2.399912E-02   3.867546E-02
   1.000000E-01   1.000000E-01   1.000000E-01   1.000000E-01   8.891642E-02   1.062464E-01   6.588142E-02   5.061253E-02   5.760274E-02   4.460104E-02   6.267577E-02   3.077646E-02   3.692250E-02   2.663589E-02   1.933230E-02   2.207085E-02   3.100387E-02   2.098244E-02   3.015739E-02   1.000000E-01
   1.000000E-01   1.000000E-01   1.000000E-01   1.000000E-01   1.064248E-01   9.207488E-02   8.329348E-02   7.526538E-02   4.725648E-02   5.192516E-02   6.521278E-02   7.165082E-02   3.695399E-02   3.303782E-02   3.937869E-02   2.214375E-02   2.705971E-02   2.853198E-02   2.082547E-02   1.000000E-01
   1.000000E-01   1.000000E-01   1.000000E-01   1.000000E-01   1.000000E-01   1.038319E-01   1.637117E-01   6.951369E-02   1.067382E-01   5.670035E-02   4.938305E-02   4.259996E-02   3.353932E-02   4.810636E-02   3.935012E-02   3.840457E-02   4.384772E-02   4.950342E-02   1.000000E-01   1.000000E-01
   1.000000E-01   1.000000E-01   1.000000E-01   1.000000E-01   1.000000E-01   1.578152E-01   1.521521E-01   7.807916E-02   4.895026E-02   5.445990E-02   3.294588E-02   5.773161E-02   4.843642E-02   4.732616E-02   4.156738E-02   5.625100E-02   5.417031E-02   1.000000E-01   1.000000E-01   1.000000E-01
   1.000000E-01   1.000000E-01   1.000000E-01   1.000000E-01   1.000000E-01   2.153182E-01   1.612426E-01   1.041873E-01   9.166165E-02   6.354876E-02   4.831796E-02   5.564542E-02   4.187458E-02   6.650277E-02   7.839409E-02   5.289048E-02   1.000000E-01   1.000000E-01   1.000000E-01   1.000000E-01
