       0.01381819       0.01564526       0.01880579       0.01877210       0.02105058       0.02577319       0.02735368       0.02975396       0.02916938       0.02738130       0.04381494       0.04276844       0.05150350       0.04114897       0.02025080       0.01382056       0.01674936       0.02528783       0.01159554       0.01741739
       0.02134127       0.01827157       0.01054004       0.01705258       0.02551371       0.02909052       0.04201408       0.04474939       0.03615979       0.04916682       0.05412766       0.04212136       0.04007871       0.02443638       0.02406233       0.02388881       0.02477374       0.02145119       0.02451142       0.02311712
       0.01469476       0.02238908       0.01755834       0.02052378       0.03664406       0.02956880       0.04229469       0.03377773       0.04204836       0.05286590       0.06920347       0.04676744       0.04498327       0.02660141       0.01477633       0.02072193       0.02222114       0.01960334       0.01185426       0.01625898
       0.01208440       0.01000000       0.01129962       0.01565757       0.02719530       0.03775795       0.04164086       0.03800687       0.07663822       0.08466654       0.12115220       0.10592470       0.06027767       0.03104390       0.02813524       0.02581397       0.03353279       0.02959475       0.02295385       0.01861454
       0.01234884       0.01000000       0.01000000       0.01119396       0.01869736       0.01880314       0.02934458       0.05369294       0.06810306       0.07869870       0.10567370       0.06865016       0.04776504       0.03686599       0.03009608       0.02046831       0.03193068       0.04345821       0.03577225       0.02774209
       0.01904748       0.01525206       0.01054179       0.02109814       0.01443509       0.01319090       0.02064961       0.02709637       0.03002125       0.04453667       0.09324630       0.06253625       0.05073194       0.03601817       0.02105688       0.01647588       0.02089806       0.03372859       0.02597396       0.02563622
       0.01985673       0.01858530       0.01198433       0.01151591       0.01640306       0.01283749       0.02158293       0.04292038       0.03236003       0.06392580       0.05649539       0.04134941       0.04537014       0.03160570       0.02466235       0.02854151       0.02470015       0.02739986       0.02138224       0.04151164
       0.01894106       0.01000000       0.01242586       0.01256142       0.01111736       0.01685580       0.02111554       0.06600398       0.06941114       0.08325885       0.06010417       0.05329037       0.04295657       0.01964993       0.01644142       0.01739607       0.01778807       0.01503401       0.01255286       0.02585203
       0.01401740       0.01046166       0.01724841       0.01000000       0.01000000       0.01000000       0.01000000       0.05407068       0.07418838       0.08574872       0.07483813       0.09480187       0.04961738       0.03153483       0.01392468       0.01596089       0.01120099       0.01546740       0.01509187       0.02466442
       0.01000000       0.01000000       0.01000000       0.01000000       0.01000000       0.01000000       0.01000000       0.01000000       0.07518422       0.05301563       0.06108542       0.05141108       0.03271882       0.02616392       0.02178497       0.01674976       0.01938777       0.01496274       0.01432418       0.01395923
       0.01245419       0.01000000       0.01000000       0.01000000       0.01000000       0.01000000       0.01000000       0.01000000       0.02776887       0.02834286       0.07207789       0.06345592       0.04647355       0.02804106       0.02386195       0.01550313       0.01000000       0.01000000       0.01000000       0.01000000
       0.02460689       0.01054870       0.01000000       0.01000000       0.01000000       0.01000000       0.01000000       0.01000000       0.02257952       0.02383025       0.03013022       0.04808206       0.03072875       0.02082964       0.01624889       0.01304829       0.01000000       0.01000000       0.01000000       0.01000000
       0.01960814       0.01550800       0.01000000       0.01000000       0.01000000       0.01000000       0.01000000       0.01000000       0.03246928       0.02897242       0.02704646       0.05237667       0.04802421       0.02790320       0.01838419       0.01266173       0.01086314       0.01000000       0.01000000       0.01525821
       0.02136672       0.01406791       0.01475703       0.01445135       0.01000000       0.01000000       0.01000000       0.01000000       0.04571774       0.04976548       0.04090347       0.05474395       0.04457063       0.02085921       0.02289874       0.01000000       0.01000000       0.01000000       0.01000000       0.01212657
       0.01258325       0.01117237       0.01000000       0.01369461       0.01000000       0.01000000       0.01000000       0.01000000       0.04017767       0.07972917       0.10066590       0.07619903       0.06744295       0.03663310       0.01825368       0.01060190       0.01000000       0.01000000       0.01000000       0.01000000
       0.01000000       0.01000000       0.01154215       0.01676325       0.01000000       0.01000000       0.01000000       0.01000000       0.04110342       0.05174942       0.06643282       0.06750497       0.04211099       0.02419420       0.02312797       0.02449279       0.01000000       0.01000000       0.01000000       0.01000000
       0.01360268       0.01141230       0.01031895       0.01240053       0.01000000       0.01000000       0.01000000       0.01000000       0.04034758       0.05908048       0.06729717       0.04646037       0.03148301       0.02342464       0.01919840       0.01945774       0.01000000       0.01000000       0.01000000       0.01000000
       0.01980899       0.02021589       0.02221277       0.01554770       0.01000000       0.01000000       0.01000000       0.01000000       0.03067948       0.07518778       0.05714023       0.05933922       0.03493716       0.01488533       0.01416333       0.01024555       0.02194677       0.01337082       0.01054433       0.01000000
       0.03420316       0.03121769       0.02707681       0.02471835       0.01000000       0.01000000       0.01000000       0.01000000       0.04013074       0.05093999       0.03367541       0.02830066       0.03159396       0.02212016       0.01000000       0.01539573       0.01118448       0.01232124       0.01000000       0.01000000
       0.02410433       0.01674525       0.01889375       0.01804223       0.01000000       0.01000000       0.01000000       0.01000000       0.03717913       0.04768367       0.06069306       0.02984840       0.02986871       0.01780746       0.01255822       0.01362588       0.01876542       0.01298782       0.01000000       0.01160783
       0.01062153       0.01044954       0.01128817       0.02603995       0.01000000       0.01000000       0.01000000       0.01000000       0.04371282       0.04702172       0.04014248       0.01986515       0.02292845       0.02304838       0.01418263       0.01704218       0.01214350       0.01000000       0.01000000       0.01000000
       0.01204479       0.01210616       0.01435115       0.02046135       0.01000000       0.01000000       0.02862803       0.02835873       0.01772681       0.02333407       0.01540878       0.01542717       0.01396487       0.01405767       0.01000000       0.01000000       0.01000000       0.01000000       0.01000000       0.01089375
       0.01420155       0.01000000       0.01087443       0.01599835       0.01823603       0.01000000       0.02007535       0.01417632       0.01359843       0.01192950       0.01500190       0.01156938       0.01000000       0.01378961       0.01264147       0.01000000       0.01000000       0.01000000       0.01289436       0.01504638
       0.01487994       0.01000000       0.01272934       0.01421240       0.01707049       0.01300619       0.01494213       0.01201354       0.01043806       0.01287401       0.01537364       0.01669540       0.01000000       0.01268185       0.01000000       0.01000000       0.01000000       0.01000000       0.01478392       0.02807529
       0.01323388       0.01201528       0.02124575       0.01640575       0.01000000       0.01152838       0.02329926       0.01342805       0.01787285       0.01619734       0.01000000       0.01000000       0.01017533       0.01759863       0.01576613       0.01021160       0.01151819       0.01935327       0.01514745       0.02140968
       0.02128326       0.03072375       0.02658559       0.01841125       0.01705457       0.01164171       0.02877401       0.02970703       0.01797923       0.01698220       0.01000000       0.01085184       0.01014676       0.01000000       0.01109860       0.01183865       0.02426872       0.02404944       0.02089432       0.01348924
       0.02776973       0.03629441       0.04146165       0.03228401       0.02482287       0.01982457       0.01762161       0.02645871       0.02722159       0.01822520       0.01104012       0.01092330       0.01472286       0.01748148       0.03206847       0.02418879       0.03022250       0.04182265       0.02809468       0.01216704
       0.02540213       0.02647026       0.04621963       0.03663951       0.03163662       0.03126972       0.02664529       0.02894610       0.02674684       0.01280096       0.01230130       0.01014997       0.01829475       0.01947553       0.04583347       0.03214528       0.03574113       0.02796789       0.01284495       0.02309566
       0.02886000       0.03590440       0.03517325       0.03152888       0.02603559       0.02691111       0.04061081       0.03289891       0.02006557       0.01000000       0.01275002       0.01000000       0.01510692       0.03408204       0.07412657       0.04476984       0.06092703       0.02400403       0.02452155       0.02190227
       0.04280754       0.03898405       0.03309777       0.04646360       0.03153637       0.03262791       0.03981337       0.02302070       0.02110848       0.02388122       0.01874095       0.01667237       0.03290094       0.04647089       0.07695193       0.07597610       0.04205159       0.02077174       0.01710425       0.01548044
       0.04532718       0.03312630       0.02561442       0.04464990       0.03302724       0.04022337       0.03600091       0.02405392       0.01785596       0.03783136       0.04897170       0.03533879       0.03186971       0.06473112       0.11458600       0.09191870       0.04642947       0.03571319       0.01813105       0.01197630
       0.05581022       0.04036160       0.03927378       0.03990381       0.04084475       0.04039188       0.03416339       0.02304951       0.02740327       0.04827052       0.03248485       0.04433895       0.03612360       0.06145481       0.06327937       0.05830810       0.05290694       0.03489794       0.01658778       0.01083674
       0.01000000       0.03478603       0.03423580       0.03265117       0.03898012       0.04038026       0.02951065       0.01927833       0.02632007       0.04581864       0.03257065       0.03260171       0.03650748       0.06067023       0.04848247       0.06325176       0.03980369       0.03260201       0.01725653       0.01203158
       0.01000000       0.01000000       0.02774566       0.02654829       0.02640066       0.02042600       0.01758832       0.02286874       0.02646175       0.02860008       0.03786357       0.04199754       0.06309062       0.05799091       0.03793727       0.02404584       0.04019492       0.03234235       0.02775363       0.02443213
       0.01000000       0.01000000       0.01000000       0.02526610       0.01328077       0.02127736       0.01762031       0.02394561       0.02995543       0.04006963       0.04091097       0.04118995       0.03764997       0.03451795       0.03243268       0.02676095       0.05508586       0.06899337       0.03798829       0.02698095
       0.01000000       0.01000000       0.01000000       0.01000000       0.02175814       0.01975283       0.02006928       0.03742389       0.05995005       0.06557606       0.05938872       0.06335975       0.03265834       0.03883419       0.03743353       0.04071725       0.04336813       0.05544267       0.02748443       0.01000000
       0.01000000       0.01000000       0.01000000       0.01000000       0.02887472       0.01907980       0.01240103       0.01640713       0.06001012       0.04536914       0.02609173       0.04127325       0.03724255       0.03263837       0.03038561       0.02631888       0.03140898       0.02029733       0.01993358       0.01000000
       0.01000000       0.01000000       0.01000000       0.01000000       0.01000000       0.02104698       0.01381301       0.01647720       0.04621379       0.05100173       0.04326276       0.07817271       0.05150617       0.04675202       0.02330321       0.01617872       0.02163052       0.01912020       0.01000000       0.01000000
       0.01000000       0.01000000       0.01000000       0.01000000       0.01000000       0.01576812       0.01183232       0.01695774       0.01589317       0.03770318       0.08337630       0.07640719       0.03347523       0.02391866       0.02181135       0.01815545       0.01331970       0.01000000       0.01000000       0.01000000
       0.01000000       0.01000000       0.01000000       0.01000000       0.01000000       0.02205986       0.01837979       0.02223826       0.03281047       0.04554217       0.05341544       0.05343655       0.03893209       0.03071134       0.01590336       0.01000000       0.01000000       0.01000000       0.01000000       0.01000000
