  1.00000000E-06  1.00000000E-06  1.00000000E-06  1.00000000E-06  1.00000000E-06  1.00000000E-06  1.00000000E-06  1.00000000E-06  1.00000000E-06  1.00000000E-06  1.00000000E-06  1.32251800E-06  1.54833500E-06  1.46289700E-06  1.24346400E-06  1.03980100E-06  1.36419100E-06  2.50603800E-06  1.48171100E-06  1.00000000E-06
  1.00000000E-06  1.00000000E-06  1.00000000E-06  1.00000000E-06  1.00000000E-06  1.00000000E-06  1.00000000E-06  1.00000000E-06  1.00000000E-06  1.00000000E-06  1.00000000E-06  1.00000000E-06  1.00000000E-06  1.14514900E-06  1.28732600E-06  1.38887400E-06  1.67761800E-06  1.20175700E-06  1.00000000E-06  1.00000000E-06
  1.00000000E-06  1.13046300E-06  1.00000000E-06  1.00000000E-06  1.00000000E-06  1.00000000E-06  1.00000000E-06  1.00000000E-06  1.00000000E-06  1.00000000E-06  1.00000000E-06  1.00000000E-06  1.08073600E-06  1.52462200E-06  2.05708200E-06  1.65213900E-06  1.51938700E-06  1.00000000E-06  1.00000000E-06  1.00000000E-06
  1.39080000E-06  1.23030500E-06  1.00000000E-06  1.00000000E-06  1.00000000E-06  1.00000000E-06  1.00000000E-06  1.00000000E-06  1.00000000E-06  1.00000000E-06  1.00000000E-06  1.00000000E-06  1.04006500E-06  2.20828900E-06  2.26324100E-06  1.77315000E-06  1.45564600E-06  1.00000000E-06  1.18272200E-06  1.00000000E-06
  1.29773800E-06  1.00000000E-06  1.00000000E-06  1.00000000E-06  1.00000000E-06  1.00000000E-06  1.00000000E-06  1.00000000E-06  1.00000000E-06  1.00000000E-06  1.00000000E-06  1.00000000E-06  1.35794800E-06  2.28410400E-06  1.55711900E-06  1.24210000E-06  1.30418900E-06  1.25435000E-06  1.43086400E-06  1.43775500E-06
  2.13944600E-06  1.63768500E-06  1.00000000E-06  1.00000000E-06  1.00000000E-06  1.00000000E-06  1.00000000E-06  1.00000000E-06  1.00000000E-06  1.00000000E-06  1.00000000E-06  1.00000000E-06  1.26782500E-06  1.84856200E-06  1.61716100E-06  1.00000000E-06  1.04090900E-06  1.59948200E-06  2.74842700E-06  2.08808900E-06
  1.00000000E-06  1.52992700E-06  1.09696300E-06  1.00000000E-06  1.00000000E-06  1.00000000E-06  1.00000000E-06  1.00000000E-06  1.00000000E-06  1.00000000E-06  1.00000000E-06  1.00000000E-06  1.00000000E-06  1.09875200E-06  1.13938000E-06  1.00000000E-06  1.67603100E-06  2.26009000E-06  1.70135100E-06  2.34936600E-06
  1.77104500E-06  1.70549100E-06  2.27546000E-06  1.67454500E-06  1.00000000E-06  1.00000000E-06  1.00000000E-06  1.00000000E-06  1.00000000E-06  1.00000000E-06  1.00000000E-06  1.00000000E-06  1.00000000E-06  1.00000000E-06  1.00000000E-06  1.37617200E-06  1.20015200E-06  1.68265000E-06  1.44072000E-06  2.05955900E-06
  1.75886700E-06  1.58069700E-06  1.30736000E-06  1.25362000E-06  1.00000000E-06  1.00000000E-06  1.00000000E-06  1.14853800E-06  1.00000000E-06  1.00000000E-06  1.00000000E-06  1.00000000E-06  1.00000000E-06  1.00000000E-06  1.00000000E-06  1.00000000E-06  1.13115600E-06  1.00000000E-06  1.00000000E-06  1.00000000E-06
  1.25344100E-06  1.81312400E-06  1.21483000E-06  1.10386400E-06  1.00000000E-06  1.00000000E-06  1.00000000E-06  1.00000000E-06  1.00000000E-06  1.00000000E-06  1.00000000E-06  1.00000000E-06  1.00000000E-06  1.00000000E-06  1.00000000E-06  1.00000000E-06  1.00000000E-06  1.00000000E-06  1.00000000E-06  1.00000000E-06
  1.69866500E-06  1.48144500E-06  1.55352100E-06  1.32691200E-06  1.00000000E-06  1.00000000E-06  1.00000000E-06  1.00000000E-06  1.00000000E-06  1.00000000E-06  1.00000000E-06  1.00000000E-06  1.00000000E-06  1.00000000E-06  1.00000000E-06  1.00000000E-06  1.00000000E-06  1.00000000E-06  1.00000000E-06  1.00000000E-06
  2.14417300E-06  1.64001600E-06  1.58452700E-06  1.76397800E-06  1.00000000E-06  1.00000000E-06  1.00000000E-06  1.00000000E-06  1.00000000E-06  1.26122000E-06  1.00000000E-06  1.00000000E-06  1.00000000E-06  1.00000000E-06  1.00000000E-06  1.00000000E-06  1.00000000E-06  1.00000000E-06  1.00000000E-06  1.00000000E-06
  1.02859000E-06  2.18986000E-06  1.51272400E-06  1.50776800E-06  1.00000000E-06  1.00000000E-06  1.00000000E-06  1.00000000E-06  1.05169400E-06  1.00000000E-06  1.17324600E-06  1.08310500E-06  1.00000000E-06  1.00000000E-06  1.00000000E-06  1.00000000E-06  1.00000000E-06  1.00000000E-06  1.00000000E-06  1.00000000E-06
  1.17833600E-06  1.78785100E-06  2.15524400E-06  1.00000000E-06  1.00000000E-06  1.00000000E-06  1.00000000E-06  1.00000000E-06  1.00000000E-06  1.33473300E-06  1.00000000E-06  1.00000000E-06  1.00000000E-06  1.00000000E-06  1.00000000E-06  1.00000000E-06  1.00000000E-06  1.00000000E-06  1.00000000E-06  1.00000000E-06
  1.82036100E-06  1.15187200E-06  1.00000000E-06  1.00000000E-06  1.00000000E-06  1.00000000E-06  1.00000000E-06  1.00000000E-06  1.00000000E-06  1.00000000E-06  1.00000000E-06  1.00000000E-06  1.00000000E-06  1.00000000E-06  1.00000000E-06  1.00000000E-06  1.00000000E-06  1.00000000E-06  1.00000000E-06  1.00000000E-06
  1.41569200E-06  1.40632600E-06  1.00000000E-06  1.00000000E-06  1.00000000E-06  1.00000000E-06  1.00000000E-06  1.00000000E-06  1.00000000E-06  1.00000000E-06  1.00000000E-06  1.28253300E-06  1.15415100E-06  1.00000000E-06  1.00000000E-06  1.00000000E-06  1.00000000E-06  1.00000000E-06  1.00000000E-06  1.00000000E-06
  1.00000000E-06  1.00000000E-06  1.00000000E-06  1.00000000E-06  1.00000000E-06  1.00000000E-06  1.00000000E-06  1.00000000E-06  1.00000000E-06  1.00000000E-06  1.00000000E-06  1.28252600E-06  1.00000000E-06  1.00000000E-06  1.00000000E-06  1.00000000E-06  1.00000000E-06  1.00000000E-06  1.00000000E-06  1.00000000E-06
  1.00000000E-06  1.00000000E-06  1.00000000E-06  1.00000000E-06  1.00000000E-06  1.00000000E-06  1.00000000E-06  1.00000000E-06  1.00000000E-06  1.00000000E-06  1.05236500E-06  1.00000000E-06  1.00000000E-06  1.00000000E-06  1.00000000E-06  1.00000000E-06  1.00000000E-06  1.00000000E-06  1.00000000E-06  1.00000000E-06
  1.00000000E-06  1.00000000E-06  1.28608200E-06  1.15409100E-06  1.00000000E-06  1.00000000E-06  1.00000000E-06  1.00000000E-06  1.00000000E-06  1.00000000E-06  1.00000000E-06  1.00000000E-06  1.00000000E-06  1.39781200E-06  1.00000000E-06  1.00000000E-06  1.13513300E-06  1.00000000E-06  1.00000000E-06  1.00000000E-06
  1.00000000E-06  1.00000000E-06  1.00000000E-06  1.10986100E-06  1.00000000E-06  1.00000000E-06  1.00000000E-06  1.00000000E-06  1.00000000E-06  1.00000000E-06  1.00000000E-06  1.00000000E-06  1.00000000E-06  1.00000000E-06  1.00000000E-06  1.00000000E-06  1.42912400E-06  1.10111800E-06  1.00000000E-06  1.00000000E-06
  1.00000000E-06  1.00000000E-06  1.00000000E-06  2.17453400E-06  1.00000000E-06  1.00000000E-06  1.00000000E-06  1.00000000E-06  1.00000000E-06  1.00000000E-06  1.00000000E-06  1.00000000E-06  1.00000000E-06  1.00000000E-06  1.00000000E-06  1.00000000E-06  1.34321100E-06  1.83906800E-06  1.29663800E-06  1.00000000E-06
  1.00000000E-06  1.00000000E-06  1.00000000E-06  1.63147800E-06  1.00000000E-06  1.00000000E-06  2.14500100E-06  1.61856200E-06  1.08128300E-06  1.02118900E-06  1.00000000E-06  1.00000000E-06  1.00000000E-06  1.00000000E-06  1.00000000E-06  1.00000000E-06  1.00000000E-06  1.21989900E-06  1.27666300E-06  1.00000000E-06
  1.00000000E-06  1.11600600E-06  1.10418400E-06  1.08188300E-06  1.32472400E-06  1.00000000E-06  1.68753100E-06  1.00000000E-06  1.00000000E-06  1.00000000E-06  1.00000000E-06  1.00000000E-06  1.00000000E-06  1.00000000E-06  1.00000000E-06  1.00000000E-06  1.00000000E-06  1.00000000E-06  1.00000000E-06  1.00000000E-06
  1.00000000E-06  1.25481200E-06  1.00000000E-06  1.00000000E-06  1.00000000E-06  1.17483800E-06  1.00000000E-06  1.00000000E-06  1.00000000E-06  1.00000000E-06  1.00000000E-06  1.00000000E-06  1.00000000E-06  1.00000000E-06  1.00000000E-06  1.00000000E-06  1.00000000E-06  1.00000000E-06  1.00000000E-06  1.00000000E-06
  1.00000000E-06  1.00000000E-06  1.00000000E-06  1.00000000E-06  1.00000000E-06  1.16613700E-06  1.00000000E-06  1.00000000E-06  1.00000000E-06  1.00000000E-06  1.00000000E-06  1.00000000E-06  1.00000000E-06  1.00000000E-06  1.00000000E-06  1.00000000E-06  1.00000000E-06  1.00000000E-06  1.00000000E-06  1.00000000E-06
  1.00000000E-06  1.00000000E-06  1.17245800E-06  1.00000000E-06  1.00000000E-06  1.00000000E-06  1.00000000E-06  1.00000000E-06  1.00000000E-06  1.00000000E-06  1.00000000E-06  1.00000000E-06  1.00000000E-06  1.00000000E-06  1.00000000E-06  1.00000000E-06  1.00000000E-06  1.00000000E-06  1.00000000E-06  1.00000000E-06
  1.00000000E-06  1.00000000E-06  1.09040200E-06  1.16416500E-06  1.08643800E-06  1.00000000E-06  1.00000000E-06  1.00000000E-06  1.00000000E-06  1.00000000E-06  1.00000000E-06  1.00000000E-06  1.00000000E-06  1.00000000E-06  1.00000000E-06  1.00000000E-06  1.00000000E-06  1.00000000E-06  1.00000000E-06  1.00000000E-06
  1.27919500E-06  1.13396900E-06  1.11150500E-06  1.18480600E-06  1.00000000E-06  1.00000000E-06  1.00000000E-06  1.00000000E-06  1.00000000E-06  1.17483000E-06  1.00000000E-06  1.00000000E-06  1.00000000E-06  1.00000000E-06  1.00000000E-06  1.00000000E-06  1.00000000E-06  1.00000000E-06  1.00000000E-06  1.00000000E-06
  1.61049200E-06  1.00000000E-06  1.44822600E-06  1.24928100E-06  1.00000000E-06  1.00000000E-06  1.00000000E-06  1.00000000E-06  1.15566000E-06  1.00000000E-06  1.00000000E-06  1.00000000E-06  1.00000000E-06  1.16400400E-06  1.00000000E-06  1.00000000E-06  1.00000000E-06  1.00000000E-06  1.00000000E-06  1.00000000E-06
  1.11196500E-06  1.09558300E-06  1.03323500E-06  1.05423200E-06  1.00000000E-06  1.00000000E-06  1.00000000E-06  1.00000000E-06  1.00000000E-06  1.00000000E-06  1.00000000E-06  1.00000000E-06  1.00000000E-06  1.22054700E-06  1.00000000E-06  1.00000000E-06  1.46086000E-06  1.03475700E-06  1.00000000E-06  1.00000000E-06
  1.16928900E-06  1.00000000E-06  1.00000000E-06  1.14070600E-06  1.02264500E-06  1.00000000E-06  1.00000000E-06  1.00000000E-06  1.21786100E-06  1.01303700E-06  1.00000000E-06  1.00000000E-06  1.00000000E-06  1.33492200E-06  2.34254300E-06  1.04211200E-06  2.58084500E-06  1.28533000E-06  1.00000000E-06  1.00000000E-06
  1.35819100E-06  1.00000000E-06  1.00000000E-06  1.00000000E-06  1.24194700E-06  1.00000000E-06  1.00000000E-06  1.18138700E-06  1.33730400E-06  1.04967400E-06  1.00000000E-06  1.08551100E-06  1.54316800E-06  2.37895500E-06  2.71436300E-06  1.78625600E-06  1.29210600E-06  2.11834600E-06  1.03737800E-06  1.00000000E-06
  1.00000000E-06  1.19117400E-06  1.00000000E-06  1.09876400E-06  1.12539000E-06  1.00000000E-06  1.00000000E-06  1.33707400E-06  1.50351000E-06  1.39728200E-06  1.00000000E-06  1.28442500E-06  1.65653000E-06  1.60630300E-06  2.64410300E-06  3.07225900E-06  2.69562500E-06  2.51823900E-06  1.11010900E-06  1.00000000E-06
  1.00000000E-06  1.00000000E-06  1.66638700E-06  1.61971600E-06  1.73053800E-06  1.08137400E-06  1.00000000E-06  1.32552300E-06  1.74464100E-06  1.99063800E-06  2.11810900E-06  2.77282900E-06  2.06665800E-06  2.09410400E-06  1.97950300E-06  2.72646300E-06  2.64482600E-06  1.82182400E-06  1.22688900E-06  1.18955700E-06
  1.00000000E-06  1.00000000E-06  1.00000000E-06  2.76725700E-06  2.42627200E-06  1.66816500E-06  1.04032600E-06  1.00000000E-06  2.06462900E-06  3.16542600E-06  2.96085000E-06  1.98733700E-06  2.14640000E-06  1.48097200E-06  2.08269300E-06  2.09628500E-06  2.87966800E-06  2.54902200E-06  1.21623000E-06  1.00000000E-06
  1.00000000E-06  1.00000000E-06  1.00000000E-06  1.00000000E-06  1.78458500E-06  1.80823800E-06  1.11735700E-06  1.16518700E-06  1.84960300E-06  2.46176800E-06  1.20158600E-06  1.97893500E-06  1.28159700E-06  1.63259100E-06  1.82331900E-06  2.19916500E-06  2.86454600E-06  1.81761100E-06  1.61325400E-06  1.00000000E-06
  1.00000000E-06  1.00000000E-06  1.00000000E-06  1.00000000E-06  1.46669900E-06  2.43531300E-06  1.47829300E-06  1.04208100E-06  1.88338900E-06  1.81534800E-06  1.04436600E-06  1.01161700E-06  1.38996800E-06  1.51030700E-06  1.00000000E-06  1.00000000E-06  1.03232900E-06  1.05273100E-06  1.03312900E-06  1.00000000E-06
  1.00000000E-06  1.00000000E-06  1.00000000E-06  1.00000000E-06  1.00000000E-06  1.00000000E-06  1.39472000E-06  1.61892600E-06  1.80722700E-06  1.35502800E-06  1.00000000E-06  1.00000000E-06  1.10044100E-06  1.04949500E-06  1.00000000E-06  1.13122700E-06  1.15610100E-06  1.00000000E-06  1.00000000E-06  1.00000000E-06
  1.00000000E-06  1.00000000E-06  1.00000000E-06  1.00000000E-06  1.00000000E-06  1.00000000E-06  1.45834700E-06  1.50152100E-06  1.01991900E-06  1.00664200E-06  1.00317200E-06  1.00000000E-06  1.00000000E-06  1.00000000E-06  1.00000000E-06  1.00000000E-06  1.00000000E-06  1.00000000E-06  1.00000000E-06  1.00000000E-06
  1.00000000E-06  1.00000000E-06  1.00000000E-06  1.00000000E-06  1.00000000E-06  1.00000000E-06  1.59411400E-06  1.00000000E-06  1.00000000E-06  1.00000000E-06  1.00000000E-06  1.00000000E-06  1.00000000E-06  1.00000000E-06  1.33772600E-06  1.06158000E-06  1.00000000E-06  1.00000000E-06  1.00000000E-06  1.00000000E-06
