  5.39877400E-05  3.76631400E-05  3.29546000E-05  2.56305100E-05  3.50472500E-05  4.30907400E-05  4.35752700E-05  5.18846200E-05  6.37478500E-05  4.59145600E-05  6.94345800E-05  3.71130000E-05  3.43560500E-05  3.77680100E-05  4.46313500E-05  4.00352000E-05  4.37585400E-05  2.46292900E-05  2.97987900E-05  3.18464400E-05
  4.42005200E-05  3.26901100E-05  2.89448200E-05  4.05567100E-05  3.22914300E-05  4.17461200E-05  4.01132100E-05  7.03267300E-05  8.92403300E-05  6.07308800E-05  4.89358200E-05  2.69702900E-05  3.55215700E-05  5.33112700E-05  4.45170100E-05  4.72209400E-05  3.29912800E-05  3.52404000E-05  4.86830600E-05  3.05274500E-05
  5.51972000E-05  3.10557800E-05  2.56061600E-05  2.85120000E-05  4.70781400E-05  3.45239800E-05  5.48113600E-05  6.66262000E-05  3.99536900E-05  4.29202700E-05  3.20539300E-05  2.39145000E-05  2.00000000E-05  2.75707000E-05  3.83387200E-05  4.94673800E-05  4.83844400E-05  3.57738500E-05  2.00000000E-05  5.74029900E-05
  2.51469600E-05  2.00000000E-05  3.05541700E-05  3.79714700E-05  5.72119900E-05  5.47491700E-05  6.22589300E-05  4.29645500E-05  2.95896100E-05  3.75623100E-05  2.00000000E-05  2.00000000E-05  3.27248800E-05  2.65797300E-05  2.00000000E-05  2.82239100E-05  5.00702800E-05  3.04803600E-05  2.10658100E-05  2.11486600E-05
  2.00000000E-05  2.18763100E-05  2.00000000E-05  3.09692400E-05  3.52596900E-05  3.09190900E-05  2.97091000E-05  2.49989300E-05  2.00000000E-05  2.00000000E-05  2.72921400E-05  2.70675900E-05  3.22676600E-05  2.00000000E-05  2.00605600E-05  3.16823100E-05  3.59830100E-05  2.92931000E-05  2.00000000E-05  2.00000000E-05
  2.00000000E-05  2.00000000E-05  2.00000000E-05  2.46690300E-05  4.21711400E-05  2.96277800E-05  2.26709100E-05  2.00000000E-05  2.00000000E-05  2.00000000E-05  2.00000000E-05  2.88186800E-05  2.00000000E-05  2.45976100E-05  2.09382300E-05  2.00000000E-05  4.82889000E-05  3.54576300E-05  2.00000000E-05  2.80381500E-05
  2.00000000E-05  2.00000000E-05  2.00000000E-05  2.47113300E-05  3.69520600E-05  4.00633200E-05  2.79241100E-05  2.00000000E-05  2.00000000E-05  2.70242900E-05  2.94166600E-05  2.45425100E-05  2.38801900E-05  2.00000000E-05  2.00000000E-05  2.29403400E-05  3.69422800E-05  6.32377100E-05  3.28893200E-05  2.74324700E-05
  2.24001400E-05  3.12952300E-05  2.70420900E-05  5.01515200E-05  3.58949700E-05  3.86153000E-05  4.14683800E-05  2.00000000E-05  2.23239800E-05  3.13148700E-05  3.77214200E-05  3.85975600E-05  3.77051500E-05  2.61542400E-05  2.00000000E-05  2.14794300E-05  2.68116200E-05  4.11604500E-05  3.66325400E-05  2.76961800E-05
  2.18950400E-05  2.95184700E-05  3.04255500E-05  4.08654100E-05  7.54877300E-05  7.54877300E-05  7.54877300E-05  2.24010500E-05  2.56574800E-05  2.94379400E-05  2.30518500E-05  2.17825000E-05  2.38982200E-05  3.31511200E-05  2.36308700E-05  3.56606700E-05  4.24398800E-05  4.56865100E-05  3.86805300E-05  5.64667500E-05
  6.29712900E-05  3.01689000E-05  4.31351400E-05  2.97393600E-05  7.54877300E-05  7.54877300E-05  7.54877300E-05  7.54877300E-05  3.21077700E-05  3.44548200E-05  3.37103500E-05  2.30880100E-05  2.58535100E-05  3.02696200E-05  4.03596200E-05  2.32991000E-05  3.59562000E-05  3.39528200E-05  2.56622200E-05  3.06385100E-05
  7.49135200E-05  4.54722500E-05  2.67317400E-05  2.51212500E-05  7.54877300E-05  7.54877300E-05  7.54877300E-05  7.54877300E-05  2.00000000E-05  2.59794400E-05  2.49247400E-05  4.34221800E-05  4.94604200E-05  3.16268100E-05  2.85229000E-05  2.81305700E-05  3.14550400E-05  4.84601100E-05  3.55264800E-05  3.70102100E-05
  6.51501500E-05  5.70742100E-05  4.73318200E-05  4.58403300E-05  7.54877300E-05  7.54877300E-05  7.54877300E-05  7.54877300E-05  2.41065200E-05  3.08317500E-05  6.11036300E-05  5.45281400E-05  2.96283800E-05  2.17091800E-05  2.26205200E-05  2.74558900E-05  2.28339400E-05  3.27239900E-05  2.71271200E-05  2.41184300E-05
  7.26352700E-05  5.67407600E-05  3.73893100E-05  3.25768600E-05  7.54877300E-05  7.54877300E-05  7.54877300E-05  7.54877300E-05  5.95625800E-05  5.72577900E-05  8.00381300E-05  5.45864100E-05  3.22761500E-05  2.24609300E-05  2.49525800E-05  2.00000000E-05  2.00000000E-05  3.20603700E-05  2.21898900E-05  2.52783400E-05
  4.93722000E-05  4.83680300E-05  3.23574700E-05  3.14499100E-05  7.54877300E-05  7.54877300E-05  7.54877300E-05  7.54877300E-05  2.64431800E-05  4.90754700E-05  4.47698000E-05  3.38971800E-05  2.55939100E-05  2.00000000E-05  2.00000000E-05  2.00000000E-05  2.00000000E-05  2.00000000E-05  2.00000000E-05  2.00000000E-05
  3.14239400E-05  2.10620400E-05  4.61136500E-05  4.39181200E-05  7.54877300E-05  7.54877300E-05  7.54877300E-05  7.54877300E-05  3.19233800E-05  3.99362200E-05  6.61011800E-05  3.64633200E-05  2.00000000E-05  2.00000000E-05  2.00000000E-05  2.00000000E-05  2.00000000E-05  2.00000000E-05  2.00000000E-05  2.45876800E-05
  3.63070900E-05  3.05579900E-05  3.07980400E-05  4.18051500E-05  7.54877300E-05  7.54877300E-05  7.54877300E-05  7.54877300E-05  5.03896500E-05  3.29266700E-05  3.62460400E-05  2.37103000E-05  2.00000000E-05  2.00000000E-05  2.00000000E-05  2.00000000E-05  2.00000000E-05  2.00000000E-05  2.00000000E-05  2.04544000E-05
  5.65167800E-05  5.92076600E-05  3.74713500E-05  3.88524300E-05  7.54877300E-05  7.54877300E-05  7.54877300E-05  7.54877300E-05  2.58034700E-05  2.63239300E-05  2.52772800E-05  2.50456000E-05  2.00000000E-05  2.04345200E-05  2.00000000E-05  2.00000000E-05  2.00000000E-05  2.00000000E-05  2.00000000E-05  2.54486600E-05
  7.81941400E-05  6.86621500E-05  4.15655500E-05  3.53317800E-05  7.54877300E-05  7.54877300E-05  7.54877300E-05  7.54877300E-05  2.89143000E-05  2.89779000E-05  2.37056100E-05  2.00000000E-05  2.00000000E-05  2.00000000E-05  2.00000000E-05  2.00000000E-05  2.00000000E-05  2.00000000E-05  2.00000000E-05  4.11099100E-05
  7.39745900E-05  5.99712600E-05  5.71487200E-05  3.24788800E-05  7.54877300E-05  7.54877300E-05  7.54877300E-05  7.54877300E-05  2.43755600E-05  2.31235400E-05  2.00000000E-05  2.00000000E-05  2.00000000E-05  2.00000000E-05  2.00000000E-05  2.00000000E-05  2.00000000E-05  2.29151600E-05  2.00000000E-05  2.03883500E-05
  5.16389200E-05  3.23982900E-05  5.27784700E-05  3.62785600E-05  7.54877300E-05  7.54877300E-05  7.54877300E-05  7.54877300E-05  2.58556000E-05  2.25393600E-05  2.00000000E-05  2.00000000E-05  2.00000000E-05  2.00000000E-05  2.00000000E-05  2.00000000E-05  2.04048200E-05  2.00000000E-05  2.00000000E-05  2.17477000E-05
  6.11314500E-05  5.67880300E-05  4.32457900E-05  3.29623100E-05  7.54877300E-05  7.54877300E-05  7.54877300E-05  7.54877300E-05  2.09892500E-05  2.00000000E-05  2.00000000E-05  2.00000000E-05  2.00000000E-05  2.43498400E-05  2.00000000E-05  2.00000000E-05  3.11968200E-05  3.55466900E-05  3.87835000E-05  3.36809200E-05
  5.61137300E-05  4.45886500E-05  5.29823200E-05  3.39350200E-05  7.54877300E-05  7.54877300E-05  2.72089700E-05  2.56401800E-05  2.31863900E-05  2.00000000E-05  2.18540900E-05  2.37918900E-05  2.84552100E-05  2.16886500E-05  2.71812700E-05  2.00000000E-05  4.69883700E-05  5.71110300E-05  5.24631100E-05  6.52548000E-05
  9.76208300E-05  6.11751200E-05  8.25808800E-05  3.72856700E-05  4.10648200E-05  7.54877300E-05  3.40555800E-05  2.00000000E-05  2.00000000E-05  2.37166500E-05  3.89156700E-05  5.13117600E-05  4.41312200E-05  4.52258200E-05  3.00294000E-05  3.96682700E-05  4.73399000E-05  5.87242100E-05  5.47535800E-05  5.38523000E-05
  6.03938900E-05  9.08985900E-05  7.76528700E-05  4.83661700E-05  3.72700700E-05  4.08197200E-05  3.18667700E-05  2.71483700E-05  2.88574500E-05  3.34103200E-05  5.38100800E-05  6.57556300E-05  6.47627600E-05  6.22657200E-05  7.43526400E-05  7.21405100E-05  9.11358600E-05  7.33800500E-05  8.41846200E-05  6.70504300E-05
  7.82046800E-05  8.78230800E-05  7.96258600E-05  7.00415700E-05  4.78264200E-05  2.87227800E-05  2.69886100E-05  2.91092700E-05  4.85758700E-05  6.32100600E-05  6.79397500E-05  1.06169300E-04  1.22267900E-04  1.13432100E-04  1.37738000E-04  1.65092900E-04  1.49233200E-04  1.10790200E-04  8.62757600E-05  5.73777000E-05
  8.62094900E-05  1.09691900E-04  1.37291800E-04  5.01883700E-05  4.42290100E-05  3.71739500E-05  3.26783100E-05  3.17526900E-05  5.86593400E-05  7.26424700E-05  1.46777100E-04  1.48695000E-04  1.60800700E-04  1.22842600E-04  1.09805500E-04  2.00000000E-04  1.56797200E-04  1.20024000E-04  8.16443700E-05  7.36513400E-05
  9.07327500E-05  7.86175100E-05  6.51665400E-05  4.79116000E-05  3.13277400E-05  2.32103000E-05  2.00000000E-05  3.43330500E-05  3.88858600E-05  1.01065700E-04  1.99087800E-04  1.71834500E-04  1.20029800E-04  9.73967300E-05  1.50629300E-04  2.00000000E-04  2.00000000E-04  1.24277400E-04  8.79105800E-05  7.34735400E-05
  9.34111300E-05  6.60359300E-05  4.87633900E-05  3.80777400E-05  3.72635600E-05  2.00000000E-05  2.00000000E-05  2.00000000E-05  4.65752800E-05  8.54722100E-05  1.02765900E-04  1.24603500E-04  7.98598400E-05  1.02132700E-04  1.49560600E-04  2.00000000E-04  2.00000000E-04  1.11812000E-04  8.97615300E-05  1.22573400E-04
  7.80587500E-05  9.04482800E-05  5.99213600E-05  4.15478200E-05  3.06358400E-05  2.97945200E-05  2.00000000E-05  2.00000000E-05  3.29577300E-05  3.03306000E-05  5.64645600E-05  4.25963200E-05  8.67449500E-05  7.69501800E-05  1.31818400E-04  1.52514700E-04  1.28374100E-04  9.66650000E-05  7.59777900E-05  1.82279400E-04
  5.51173300E-05  4.21425000E-05  6.68281200E-05  3.34021100E-05  3.21033300E-05  2.00000000E-05  2.00000000E-05  2.00000000E-05  2.00000000E-05  2.87563500E-05  3.15022600E-05  4.23592300E-05  5.48021300E-05  4.88234600E-05  5.67750800E-05  7.56919400E-05  9.35426300E-05  8.58576000E-05  1.00391500E-04  1.28250000E-04
  3.89747100E-05  4.76561300E-05  4.85212300E-05  3.55182400E-05  2.32271300E-05  2.00000000E-05  2.00000000E-05  2.00000000E-05  2.00000000E-05  3.19754200E-05  3.75532600E-05  3.54242000E-05  3.86619200E-05  6.14307200E-05  3.65905600E-05  3.51047200E-05  7.90166800E-05  9.15434200E-05  8.56262700E-05  8.19928300E-05
  3.23746500E-05  2.73626800E-05  3.90311000E-05  2.50019000E-05  2.00000000E-05  2.00000000E-05  2.00000000E-05  2.00000000E-05  2.00000000E-05  2.12235800E-05  3.48381700E-05  3.94706100E-05  5.44490500E-05  3.56792000E-05  5.61694800E-05  4.29256300E-05  5.87275900E-05  6.80682400E-05  7.15568300E-05  7.08117900E-05
  7.54877300E-05  5.02000600E-05  4.87866800E-05  3.73787800E-05  2.00000000E-05  2.09401100E-05  2.00000000E-05  2.90253000E-05  2.49537300E-05  4.57198100E-05  4.22180200E-05  4.25984600E-05  2.71700400E-05  2.57078900E-05  3.34860300E-05  4.12024800E-05  4.37834600E-05  7.95322600E-05  5.14567000E-05  5.96189200E-05
  7.54877300E-05  7.54877300E-05  3.65819300E-05  4.55503000E-05  2.31019000E-05  2.47857800E-05  2.00000000E-05  2.62159600E-05  2.44359800E-05  2.25290400E-05  5.05797700E-05  3.22714100E-05  2.35447500E-05  2.64435500E-05  2.00000000E-05  4.04716200E-05  5.14526800E-05  5.62572000E-05  9.03114000E-05  8.78149800E-05
  7.54877300E-05  7.54877300E-05  7.54877300E-05  3.15399400E-05  3.52483900E-05  2.03325200E-05  2.00000000E-05  2.99660400E-05  3.40669300E-05  2.53004900E-05  6.57625000E-05  4.96866100E-05  2.61191500E-05  2.00000000E-05  2.00000000E-05  4.81934500E-05  6.44622700E-05  5.53889100E-05  6.57119300E-05  3.73698000E-05
  7.54877300E-05  7.54877300E-05  7.54877300E-05  7.54877300E-05  2.00000000E-05  2.87199900E-05  3.05539700E-05  3.40726500E-05  3.70547100E-05  5.14951700E-05  5.25593100E-05  5.98752700E-05  3.20293500E-05  2.01460400E-05  2.19134100E-05  3.26379400E-05  6.41753100E-05  4.80814700E-05  7.27791600E-05  7.54877300E-05
  7.54877300E-05  7.54877300E-05  7.54877300E-05  7.54877300E-05  2.00000000E-05  2.00262700E-05  2.00000000E-05  2.15080400E-05  4.21709200E-05  5.08684300E-05  5.02429200E-05  4.33773200E-05  2.81899500E-05  2.40319100E-05  4.10397700E-05  4.14016900E-05  6.81245500E-05  6.07887600E-05  6.94498700E-05  7.54877300E-05
  7.54877300E-05  7.54877300E-05  7.54877300E-05  7.54877300E-05  7.54877300E-05  2.48967800E-05  2.00000000E-05  3.99399200E-05  2.96631800E-05  5.46049300E-05  6.00616700E-05  4.74857500E-05  4.47211700E-05  3.39796100E-05  3.62472700E-05  6.77938400E-05  4.60807300E-05  4.61201200E-05  7.54877300E-05  7.54877300E-05
  7.54877300E-05  7.54877300E-05  7.54877300E-05  7.54877300E-05  7.54877300E-05  4.20365300E-05  2.63315600E-05  3.35062300E-05  3.43862400E-05  4.40989000E-05  3.58735200E-05  4.12197900E-05  4.92496100E-05  2.80115300E-05  4.09155300E-05  5.10728000E-05  5.28836900E-05  7.54877300E-05  7.54877300E-05  7.54877300E-05
  7.54877300E-05  7.54877300E-05  7.54877300E-05  7.54877300E-05  7.54877300E-05  3.14025300E-05  2.49563200E-05  2.93935200E-05  2.00000000E-05  2.59963000E-05  3.18248600E-05  3.56029200E-05  6.74983500E-05  5.82120600E-05  4.74942600E-05  4.39775600E-05  7.54877300E-05  7.54877300E-05  7.54877300E-05  7.54877300E-05
