  1 40 6      32.50000000      75.13652119
  1 40 7      32.53017850      87.32946850
  1 40 8      32.92437970      58.88615772
  1 40 9      33.48385900      86.69382103
  1 40 10      33.80308900     100.00000000
  1 40 11      33.27915600     100.00000000
  1 40 12      32.50000000     100.00000000
  1 40 13      32.50000000     100.00000000
  1 40 14      32.50000000     100.00000000
  1 40 15      32.50000000     100.00000000
  2 40 6      32.50000000     100.00000000
  2 40 7      32.50000000     100.00000000
  2 40 8      32.50000000     100.00000000
  2 40 9      32.50000000     100.00000000
  2 40 10      32.50000000     100.00000000
  2 40 11      32.50000000     100.00000000
  2 40 12      32.88557010     100.00000000
  2 40 13      32.50000000     100.00000000
  2 40 14      32.50000000     100.00000000
  2 40 15      32.50000000     100.00000000
  3 40 6      32.80945970     100.00000000
  3 40 7      32.59331120     100.00000000
  3 40 8      32.50000000     100.00000000
  3 40 9      32.50000000     100.00000000
  3 40 10      32.50000000     100.00000000
  3 40 11      32.50000000     100.00000000
  3 40 12      32.50000000     100.00000000
  3 40 13      32.50000000     100.00000000
  3 40 14      32.50000000     100.00000000
  3 40 15      32.50000000     100.00000000
