       0.06772206       0.14182720       0.11965920       0.14809110       0.15964270       0.17040890       0.23577750       0.21654230       0.17549500       0.15098410       0.10751200       0.12107300       0.19074220       0.14010380       0.11538300       0.17843770       0.23117540       0.16134170       0.17384070       0.13295960
       0.12038170       0.12158860       0.12027820       0.11203480       0.18078130       0.20268800       0.38875170       0.19826160       0.21356660       0.22698320       0.15017190       0.11810480       0.10198670       0.08635477       0.11132790       0.13170170       0.27014510       0.08856493       0.14722250       0.12016610
       0.11859270       0.13435720       0.11864710       0.09192280       0.16015850       0.21369490       0.34780400       0.26208450       0.27974020       0.19879060       0.06450735       0.12217100       0.10246530       0.09652423       0.09177779       0.13455680       0.11479740       0.06958384       0.08755935       0.09075399
       0.05021850       0.08876700       0.06422267       0.09458457       0.08507552       0.14267750       0.17493780       0.25497680       0.33979150       0.18346890       0.13091450       0.11951120       0.11385810       0.07629056       0.12048580       0.14393830       0.12924830       0.06064051       0.06398358       0.10603150
       0.07526018       0.12727050       0.07770795       0.05708519       0.11311460       0.14604370       0.20013320       0.22004970       0.20070800       0.13911440       0.10126100       0.11855110       0.14692490       0.12018910       0.08744804       0.10520700       0.08153740       0.14647850       0.13583440       0.14995960
       0.11965960       0.21246860       0.10740300       0.16394110       0.09626601       0.18347830       0.27162520       0.17721130       0.11938130       0.13296960       0.13773940       0.07695734       0.11462890       0.08767969       0.05686883       0.06546024       0.13650450       0.18583310       0.19263770       0.14492030
       0.19484840       0.28919280       0.14703960       0.27199690       0.13674440       0.18131490       0.38664240       0.22839730       0.21712730       0.17108590       0.09746129       0.07577568       0.11340200       0.10324830       0.10208510       0.07406996       0.18156730       0.18155970       0.12610430       0.11488880
       0.30157170       0.40628770       0.35628120       0.23273360       0.22172140       0.26523320       0.34754970       0.39495690       0.20288170       0.08372755       0.05742013       0.05369536       0.08763853       0.11551270       0.11546930       0.14714570       0.12395800       0.17804690       0.12072160       0.10191020
       0.27094870       0.27963270       0.20519420       0.31258450       0.30000000       0.30000000       0.30000000       0.33117000       0.21834200       0.08266119       0.05708935       0.11158020       0.06034199       0.10281560       0.16411240       0.13299870       0.16996170       0.09411032       0.17904550       0.14086580
       0.14745940       0.17815580       0.33515540       0.41080020       0.30000000       0.30000000       0.30000000       0.30000000       0.22103710       0.05103439       0.05318928       0.07999047       0.17651340       0.12154300       0.12318240       0.12965270       0.11691220       0.13001660       0.16522970       0.17397440
       0.21406800       0.16721910       0.30383290       0.46326370       0.30000000       0.30000000       0.30000000       0.30000000       0.13159560       0.04273293       0.04937318       0.15205110       0.15943370       0.11828370       0.18326460       0.15461920       0.16517160       0.20226180       0.30479610       0.22703650
       0.18570070       0.12692370       0.14973370       0.20407960       0.30000000       0.30000000       0.30000000       0.30000000       0.11950870       0.07629264       0.15439140       0.20883580       0.12088520       0.09440860       0.17786160       0.13958870       0.19929450       0.24772110       0.20018100       0.27202370
       0.12953470       0.06938585       0.06931334       0.09151604       0.30000000       0.30000000       0.30000000       0.30000000       0.22006630       0.20090520       0.15012590       0.14069810       0.10429880       0.11604020       0.17957510       0.16495260       0.25806550       0.35919370       0.24981690       0.19382620
       0.11499310       0.10743320       0.08758942       0.14651740       0.30000000       0.30000000       0.30000000       0.30000000       0.16245230       0.26285640       0.20413290       0.21708800       0.13531010       0.16277140       0.22902770       0.23845670       0.67759490       0.39880310       0.21310120       0.21055520
       0.10949900       0.09469732       0.10233890       0.19947880       0.30000000       0.30000000       0.30000000       0.30000000       0.17367910       0.18583630       0.17817220       0.17833560       0.18086330       0.21396550       0.16087340       0.28502140       0.49121920       0.46564750       0.22942230       0.28405910
       0.10618840       0.11846470       0.14180570       0.24870030       0.30000000       0.30000000       0.30000000       0.30000000       0.14464950       0.13363030       0.14845630       0.17140170       0.15840610       0.19487490       0.17826790       0.19812870       0.30384280       0.35575480       0.31817010       0.16437660
       0.10315350       0.09017449       0.13240470       0.25161110       0.30000000       0.30000000       0.30000000       0.30000000       0.15627360       0.10829550       0.12647040       0.17018140       0.15901660       0.08573352       0.10685980       0.20432120       0.18132900       0.32078470       0.18563890       0.16113080
       0.08846073       0.08994864       0.14008180       0.23985530       0.30000000       0.30000000       0.30000000       0.30000000       0.07249824       0.08670385       0.13581290       0.09444168       0.07719832       0.04223106       0.05583905       0.09110231       0.07735493       0.13230640       0.09356065       0.10166230
       0.09775496       0.14033990       0.19977180       0.33568300       0.30000000       0.30000000       0.30000000       0.30000000       0.09019386       0.10942190       0.09662880       0.08438868       0.07364740       0.06058914       0.03496074       0.04015323       0.09341059       0.05424195       0.08227510       0.04879727
       0.14367930       0.11506570       0.27927890       0.31365590       0.30000000       0.30000000       0.30000000       0.30000000       0.13596560       0.15571970       0.07490384       0.07341312       0.06504899       0.04888501       0.04330733       0.03072417       0.05411885       0.05343529       0.08696356       0.05198473
       0.15399810       0.23977500       0.24400970       0.13952520       0.30000000       0.30000000       0.30000000       0.30000000       0.19052730       0.18380160       0.16585650       0.16736560       0.11285560       0.07715715       0.08079978       0.04173495       0.03103491       0.06552589       0.08854024       0.06173435
       0.17132160       0.16200410       0.19822840       0.20809220       0.30000000       0.30000000       0.11307440       0.15680840       0.16944720       0.21700470       0.23746740       0.23267880       0.13742200       0.13379970       0.15825370       0.10598720       0.07393119       0.08238221       0.05515265       0.08929584
       0.12185580       0.18974060       0.23610760       0.20849290       0.19441800       0.30000000       0.12606860       0.23465530       0.32097370       0.32294690       0.30436640       0.22077730       0.10531650       0.19090680       0.21163290       0.16774350       0.10431050       0.09813185       0.06061486       0.04858566
       0.13643160       0.16613760       0.20656040       0.16025190       0.17633630       0.16813170       0.17159140       0.38724510       0.32343150       0.47356010       0.61505880       0.23689070       0.17493460       0.15064300       0.19710600       0.16420510       0.14725040       0.11153380       0.08560042       0.05862394
       0.15066630       0.19621610       0.23678990       0.23993390       0.20991240       0.16709790       0.22727820       0.42678330       0.55274470       0.24003360       0.23490540       0.27397080       0.15126790       0.07621439       0.11002620       0.06097526       0.08277697       0.05939412       0.05206974       0.06230318
       0.09676650       0.18984700       0.22451220       0.13268800       0.13240020       0.19028880       0.32538630       0.24962380       0.33995350       0.22977720       0.16161100       0.22931800       0.08705096       0.09869440       0.15613990       0.12426550       0.10798630       0.08982191       0.09314267       0.09289222
       0.05904729       0.08684188       0.12738880       0.13644800       0.11092840       0.15006880       0.20427710       0.28933150       0.23836530       0.13252040       0.18978320       0.10795440       0.11189070       0.08979145       0.08457906       0.07927484       0.12290410       0.16176330       0.10468500       0.10586120
       0.04296385       0.06789340       0.05889156       0.10913080       0.07170468       0.11357320       0.09264315       0.25436260       0.15397760       0.14749710       0.16590220       0.11966770       0.08886305       0.10930730       0.11571010       0.06995807       0.09390500       0.07524171       0.10496510       0.09470170
       0.05289350       0.09348810       0.10459750       0.06011112       0.06706995       0.09127649       0.07248965       0.07496616       0.15898350       0.10166650       0.13933870       0.17695070       0.10645360       0.09304022       0.08068732       0.08748874       0.06545407       0.04452787       0.05380798       0.06520374
       0.11778920       0.08194227       0.10429180       0.05817399       0.12524120       0.14653110       0.13998850       0.10540330       0.15352030       0.19251160       0.16415830       0.10582360       0.10337670       0.10900310       0.04076227       0.05143434       0.04796080       0.04524837       0.05537064       0.10360810
       0.14119640       0.21088250       0.17228740       0.08585925       0.10270040       0.14830460       0.15211360       0.15306830       0.13041010       0.19257890       0.15566020       0.18005580       0.10276780       0.04818694       0.03628036       0.05337535       0.04215596       0.10168010       0.11294620       0.18064950
       0.14142760       0.12070180       0.08162200       0.11317940       0.12541350       0.14611570       0.13134670       0.11570350       0.09764754       0.14390520       0.13448370       0.11045060       0.07272379       0.08123830       0.06450519       0.05675249       0.06153699       0.11336350       0.19300160       0.16442040
       0.30000000       0.11121310       0.13219710       0.11366170       0.08917658       0.13230890       0.13431940       0.14332400       0.13353380       0.07509422       0.07979852       0.09359513       0.09640504       0.07837433       0.11140760       0.06941540       0.08628538       0.10496030       0.21225350       0.22882550
       0.30000000       0.30000000       0.09268223       0.08579406       0.11749460       0.14117060       0.12658270       0.16966660       0.10822430       0.08456360       0.06057418       0.17244080       0.08898504       0.10802470       0.22170000       0.12594330       0.09264383       0.12626620       0.19149320       0.17162460
       0.30000000       0.30000000       0.30000000       0.15959610       0.17200000       0.18250660       0.17113990       0.20438500       0.08146899       0.05201068       0.08135541       0.09151176       0.10699650       0.12545020       0.14980320       0.18835250       0.15451600       0.20902390       0.14912430       0.14793750
       0.30000000       0.30000000       0.30000000       0.30000000       0.12763170       0.10539160       0.16933020       0.16626320       0.08770024       0.08132874       0.11237610       0.14907520       0.16936720       0.09548508       0.12702870       0.10413500       0.12939220       0.16147360       0.13691640       0.30000000
       0.30000000       0.30000000       0.30000000       0.30000000       0.14572370       0.13528920       0.07835753       0.09283462       0.11711280       0.12337290       0.15014500       0.13874780       0.12740340       0.10986270       0.13651260       0.07675607       0.13832490       0.11422340       0.08174985       0.30000000
       0.30000000       0.30000000       0.30000000       0.30000000       0.30000000       0.06063067       0.05591593       0.08994981       0.12155470       0.15458910       0.14001360       0.21979770       0.21024200       0.14196250       0.15512690       0.13789560       0.08988648       0.07660103       0.30000000       0.30000000
       0.30000000       0.30000000       0.30000000       0.30000000       0.30000000       0.05968585       0.04024578       0.08077089       0.09800146       0.16718600       0.20925960       0.17663610       0.25450010       0.32456330       0.16399340       0.12851360       0.10134590       0.30000000       0.30000000       0.30000000
       0.30000000       0.30000000       0.30000000       0.30000000       0.30000000       0.07731124       0.06942789       0.09267592       0.13387580       0.10672570       0.18641420       0.14444730       0.19724310       0.13901610       0.10680650       0.08999091       0.30000000       0.30000000       0.30000000       0.30000000
