  6.70593700E-05  5.41625800E-05  7.31287100E-05  5.64915100E-05  5.87752500E-05  5.69827600E-05  4.20790400E-05  3.89337400E-05  4.08788900E-05  2.91472800E-05  5.05174700E-05  6.63871700E-05  6.16733300E-05  8.48389400E-05  7.86937200E-05  1.08185200E-04  1.13408900E-04  7.46004200E-05  4.59371100E-05  3.80136700E-05
  5.75913300E-05  8.29494000E-05  9.13078500E-05  4.80813900E-05  5.67016900E-05  4.75784500E-05  5.15348000E-05  4.84780000E-05  4.59318700E-05  3.84322500E-05  3.90273200E-05  4.03176000E-05  4.14328200E-05  3.96982800E-05  7.58484200E-05  6.37456800E-05  5.08156000E-05  5.83571800E-05  3.34945900E-05  4.78084900E-05
  5.03218500E-05  5.53247900E-05  8.10625100E-05  4.58309400E-05  5.39470300E-05  6.31113300E-05  4.45406700E-05  2.84918300E-05  2.65825300E-05  2.26596700E-05  2.78053700E-05  2.99803900E-05  5.28949600E-05  4.54030500E-05  4.73926500E-05  5.01561900E-05  4.89240900E-05  5.35732300E-05  3.67292100E-05  3.46468800E-05
  4.78259400E-05  5.10740200E-05  6.60301000E-05  3.48288600E-05  4.33538600E-05  5.13140200E-05  3.59332600E-05  2.91730200E-05  2.29118500E-05  2.00000000E-05  2.00000000E-05  2.00000000E-05  2.00000000E-05  3.56001400E-05  5.40838200E-05  3.87639200E-05  4.64547900E-05  4.82851300E-05  2.98682100E-05  2.77631200E-05
  2.88787300E-05  2.01664800E-05  2.20259800E-05  2.13456600E-05  2.50123300E-05  2.85674600E-05  3.75574300E-05  3.57623700E-05  2.18143700E-05  2.00000000E-05  2.00000000E-05  2.00000000E-05  2.25200800E-05  2.00000000E-05  2.07415700E-05  2.66562700E-05  2.36162100E-05  4.27029400E-05  4.01251600E-05  3.71006100E-05
  2.00000000E-05  2.00000000E-05  2.00000000E-05  2.83005900E-05  2.29628900E-05  3.11090500E-05  3.52542700E-05  2.55066600E-05  2.30465900E-05  2.14921500E-05  2.00000000E-05  2.00000000E-05  2.00000000E-05  2.00000000E-05  2.00000000E-05  2.00000000E-05  2.00000000E-05  3.79393200E-05  3.86151600E-05  5.48720800E-05
  2.00000000E-05  2.00000000E-05  2.00000000E-05  2.12873000E-05  2.23578600E-05  4.66893100E-05  5.58102100E-05  5.84804100E-05  3.15548700E-05  2.24682100E-05  2.00000000E-05  2.00000000E-05  2.00000000E-05  2.00000000E-05  2.00000000E-05  2.00000000E-05  2.48675000E-05  2.77756600E-05  3.54032600E-05  4.15253200E-05
  2.48351700E-05  2.43721800E-05  2.09372600E-05  3.41951500E-05  2.86203400E-05  4.10189000E-05  3.59873300E-05  3.24314000E-05  8.93610000E-05  6.27322500E-05  4.41722000E-05  3.23929200E-05  2.00000000E-05  2.00000000E-05  2.00000000E-05  2.00000000E-05  2.00689500E-05  2.15186500E-05  3.50438200E-05  2.74994000E-05
  3.54204300E-05  2.93583500E-05  2.60177200E-05  2.90889700E-05  6.74328600E-05  6.74328600E-05  6.74328600E-05  2.83514200E-05  4.53429900E-05  5.07447500E-05  3.85541600E-05  3.48059400E-05  2.59628000E-05  2.00000000E-05  2.00000000E-05  2.00000000E-05  2.00000000E-05  2.00000000E-05  2.06982100E-05  2.95870800E-05
  6.14727800E-05  3.98843500E-05  2.38509500E-05  2.00000000E-05  6.74328600E-05  6.74328600E-05  6.74328600E-05  6.74328600E-05  3.24842300E-05  5.74416500E-05  4.87499900E-05  3.39815600E-05  2.90871000E-05  2.50784900E-05  2.01965300E-05  2.00000000E-05  2.00000000E-05  2.43151300E-05  2.15876600E-05  3.09465400E-05
  7.02878800E-05  7.25298600E-05  2.45010100E-05  2.30684700E-05  6.74328600E-05  6.74328600E-05  6.74328600E-05  6.74328600E-05  4.64555200E-05  5.31544500E-05  6.02039700E-05  3.09176200E-05  2.33960700E-05  2.00000000E-05  2.78443000E-05  3.88842100E-05  2.21363400E-05  2.00000000E-05  2.00000000E-05  2.19635700E-05
  6.75116300E-05  1.04483300E-04  6.55634100E-05  2.59076800E-05  6.74328600E-05  6.74328600E-05  6.74328600E-05  6.74328600E-05  5.07582200E-05  6.27776000E-05  5.54482600E-05  2.00000000E-05  2.67307200E-05  2.00000000E-05  2.94388300E-05  5.17443800E-05  2.00000000E-05  2.00000000E-05  2.00000000E-05  2.00000000E-05
  2.00000000E-04  1.70015300E-04  7.24868600E-05  4.83156200E-05  6.74328600E-05  6.74328600E-05  6.74328600E-05  6.74328600E-05  7.55963800E-05  1.20996000E-04  8.05180200E-05  4.24088600E-05  4.38939200E-05  2.82875600E-05  3.72514000E-05  4.76133400E-05  4.24168300E-05  2.26811700E-05  2.00000000E-05  2.66176100E-05
  2.00000000E-04  2.00000000E-04  1.23118000E-04  6.48427000E-05  6.74328600E-05  6.74328600E-05  6.74328600E-05  6.74328600E-05  8.93296700E-05  1.35538700E-04  1.04950600E-04  6.95147800E-05  8.33059100E-05  4.26541900E-05  4.41647100E-05  3.56827300E-05  3.64121400E-05  4.83325100E-05  3.56616100E-05  3.79391700E-05
  1.75181300E-04  2.00000000E-04  1.56237700E-04  5.93045000E-05  6.74328600E-05  6.74328600E-05  6.74328600E-05  6.74328600E-05  9.82171300E-05  1.63074900E-04  1.63373400E-04  9.71450200E-05  1.41694600E-04  7.30632800E-05  7.31726300E-05  6.43029200E-05  3.44468900E-05  4.06492900E-05  6.20449500E-05  5.64490800E-05
  9.72749700E-05  1.06137400E-04  8.94206900E-05  4.74047100E-05  6.74328600E-05  6.74328600E-05  6.74328600E-05  6.74328600E-05  6.49679100E-05  1.45125000E-04  1.43581900E-04  1.24467500E-04  1.09729800E-04  1.03655600E-04  6.39221700E-05  7.23120000E-05  5.56896000E-05  3.45497600E-05  3.88493000E-05  4.85144000E-05
  5.71367800E-05  3.72645400E-05  4.51728000E-05  2.67357100E-05  6.74328600E-05  6.74328600E-05  6.74328600E-05  6.74328600E-05  4.05478000E-05  7.05131500E-05  6.51863800E-05  1.28846500E-04  1.12108200E-04  8.84964600E-05  8.27661800E-05  4.93144000E-05  3.98638100E-05  6.33270500E-05  5.62423300E-05  6.35970800E-05
  4.20731100E-05  3.46584200E-05  3.56347900E-05  2.07962700E-05  6.74328600E-05  6.74328600E-05  6.74328600E-05  6.74328600E-05  5.36269000E-05  1.01266300E-04  7.56020400E-05  9.17500100E-05  5.50457800E-05  5.58644900E-05  5.01857100E-05  3.57382700E-05  8.22524100E-05  5.84396300E-05  4.80254300E-05  5.32619100E-05
  5.54893000E-05  4.99490800E-05  6.15137200E-05  2.36509400E-05  6.74328600E-05  6.74328600E-05  6.74328600E-05  6.74328600E-05  4.36393700E-05  5.25767800E-05  6.18183500E-05  4.85091100E-05  4.30100700E-05  4.87115000E-05  4.46357600E-05  5.73276300E-05  3.91557700E-05  3.94612800E-05  2.65357100E-05  3.81645300E-05
  8.31621300E-05  1.16665200E-04  1.06036200E-04  4.05169600E-05  6.74328600E-05  6.74328600E-05  6.74328600E-05  6.74328600E-05  3.00083100E-05  3.79232400E-05  2.77252000E-05  4.05293500E-05  5.39589900E-05  4.21709700E-05  4.54253900E-05  3.98497800E-05  2.67402700E-05  4.70368000E-05  6.27606700E-05  6.75435300E-05
  1.06850000E-04  9.79772400E-05  7.86148600E-05  6.34325000E-05  6.74328600E-05  6.74328600E-05  6.74328600E-05  6.74328600E-05  3.48544200E-05  4.36445600E-05  5.66133800E-05  5.26199000E-05  3.71336000E-05  4.72320100E-05  4.94053500E-05  4.82283500E-05  3.52567100E-05  7.03720700E-05  7.13667300E-05  6.24887000E-05
  1.53117400E-04  1.23995400E-04  1.39680200E-04  6.87123600E-05  6.74328600E-05  6.74328600E-05  8.66762400E-05  5.12767200E-05  3.36138500E-05  2.66756900E-05  5.53074100E-05  5.81728700E-05  5.92975500E-05  4.21996000E-05  7.19260000E-05  7.57317000E-05  5.42078700E-05  9.13808800E-05  7.18223000E-05  9.89518700E-05
  2.00000000E-04  1.60683600E-04  1.54775400E-04  9.07220600E-05  5.12001300E-05  6.74328600E-05  5.90860100E-05  4.54764700E-05  5.23211800E-05  2.62557500E-05  3.17000800E-05  3.83074500E-05  5.76726000E-05  5.45183200E-05  5.07054900E-05  7.14490300E-05  6.52196400E-05  9.11245500E-05  8.92081200E-05  1.24108100E-04
  1.35929400E-04  2.00000000E-04  7.45178300E-05  8.93816700E-05  8.14724000E-05  1.20994400E-04  5.94884900E-05  3.52982400E-05  2.75995400E-05  3.75493900E-05  3.12529300E-05  4.07108000E-05  7.95556800E-05  4.72663600E-05  6.87174400E-05  1.17211500E-04  9.75866500E-05  1.26247100E-04  1.57552200E-04  1.52725000E-04
  8.86146000E-05  9.18808700E-05  1.19451800E-04  9.02131700E-05  7.93867600E-05  4.95634400E-05  4.42579300E-05  2.46915100E-05  2.47239200E-05  4.37458000E-05  4.58043700E-05  5.55677600E-05  3.80785700E-05  5.12774800E-05  8.05291500E-05  9.99529100E-05  9.67976900E-05  1.63568800E-04  1.68694000E-04  1.02330900E-04
  1.04027200E-04  6.61750300E-05  8.11881700E-05  1.34381000E-04  1.10617400E-04  5.60909200E-05  6.35268000E-05  3.80721800E-05  3.92327600E-05  4.70441600E-05  4.39173300E-05  6.50093700E-05  5.75060100E-05  6.01897700E-05  1.37283300E-04  9.24410100E-05  9.14225300E-05  9.92088000E-05  1.04579300E-04  1.02615200E-04
  1.18624300E-04  6.44461500E-05  6.91414200E-05  5.73273900E-05  5.99663100E-05  4.58367600E-05  5.49301200E-05  7.51552900E-05  8.76558600E-05  8.40311600E-05  3.98343600E-05  4.24713500E-05  5.10944200E-05  6.03870900E-05  9.03555300E-05  5.74925700E-05  1.07122400E-04  6.81104400E-05  1.32493900E-04  1.33205000E-04
  1.17485100E-04  5.22984300E-05  8.73157300E-05  4.90560700E-05  5.57472700E-05  4.48473300E-05  6.02923900E-05  9.87535900E-05  9.75940900E-05  6.38120500E-05  6.14443100E-05  3.45411200E-05  3.48624600E-05  5.75671500E-05  5.94362500E-05  6.82241000E-05  1.10301700E-04  6.25046600E-05  5.37641000E-05  6.54553300E-05
  8.20820700E-05  1.27732400E-04  9.41781000E-05  6.70908000E-05  8.03038800E-05  7.32526200E-05  8.49423000E-05  8.08871300E-05  6.74026900E-05  4.37435600E-05  4.27231200E-05  3.71497300E-05  6.47877300E-05  7.20547800E-05  7.28433400E-05  5.50129700E-05  8.28931000E-05  6.60333600E-05  4.62523300E-05  9.49357500E-05
  8.21345900E-05  8.96430900E-05  1.07256400E-04  1.05477000E-04  1.07439900E-04  1.24762200E-04  1.03077400E-04  9.19625700E-05  6.50744200E-05  7.09378900E-05  1.09051900E-04  6.66659000E-05  9.33587100E-05  1.00413400E-04  5.82609900E-05  4.47669700E-05  6.58085900E-05  1.11332400E-04  3.91306700E-05  4.73730300E-05
  8.20816400E-05  8.92405300E-05  1.36305000E-04  2.00000000E-04  2.00000000E-04  2.00000000E-04  2.00000000E-04  1.65593700E-04  8.33949700E-05  1.11750500E-04  1.46918700E-04  8.36619700E-05  7.29300800E-05  6.71943500E-05  4.07792500E-05  3.98895200E-05  9.17153000E-05  7.04765400E-05  5.56986400E-05  7.91133100E-05
  6.50786200E-05  6.56917400E-05  1.16628300E-04  2.00000000E-04  1.73885300E-04  2.00000000E-04  2.00000000E-04  2.00000000E-04  1.19577600E-04  1.32230800E-04  1.11553100E-04  7.93280700E-05  4.82890200E-05  5.81741400E-05  4.91066500E-05  8.14745600E-05  5.53877900E-05  6.56635000E-05  4.12758300E-05  3.79125700E-05
  6.74328600E-05  5.35297900E-05  7.50074100E-05  1.74367000E-04  2.00000000E-04  2.00000000E-04  2.00000000E-04  2.00000000E-04  1.53063500E-04  6.65489600E-05  4.67030600E-05  5.62549700E-05  5.00986300E-05  4.44469500E-05  5.06503900E-05  7.95706600E-05  5.16908900E-05  4.86009600E-05  3.41290400E-05  4.33388200E-05
  6.74328600E-05  6.74328600E-05  1.08313200E-04  2.00000000E-04  2.00000000E-04  2.00000000E-04  2.00000000E-04  1.84569800E-04  1.25785500E-04  5.68401800E-05  4.43192800E-05  6.39284400E-05  2.00000000E-05  3.93336600E-05  4.56098500E-05  5.44703100E-05  4.21520900E-05  5.05226600E-05  3.68564900E-05  4.04735100E-05
  6.74328600E-05  6.74328600E-05  6.74328600E-05  2.00000000E-04  2.00000000E-04  2.00000000E-04  2.00000000E-04  1.85516600E-04  8.59713000E-05  5.23699700E-05  3.41049900E-05  6.10536600E-05  3.26737100E-05  3.35319800E-05  5.42055500E-05  6.10227200E-05  4.54507300E-05  3.74489600E-05  4.04695700E-05  3.68893600E-05
  6.74328600E-05  6.74328600E-05  6.74328600E-05  6.74328600E-05  1.78194800E-04  2.00000000E-04  2.00000000E-04  2.00000000E-04  1.27672200E-04  7.75270900E-05  3.47838400E-05  4.85814200E-05  4.39110000E-05  3.56141400E-05  4.26621000E-05  8.19442700E-05  7.84464400E-05  5.22128100E-05  3.44093700E-05  6.74328600E-05
  6.74328600E-05  6.74328600E-05  6.74328600E-05  6.74328600E-05  1.93659200E-04  2.00000000E-04  2.00000000E-04  1.26085600E-04  1.31734600E-04  6.35717800E-05  4.08466800E-05  3.70736300E-05  2.56693000E-05  4.82224900E-05  6.37733300E-05  9.90718600E-05  7.41448900E-05  4.44093100E-05  3.34955900E-05  6.74328600E-05
  6.74328600E-05  6.74328600E-05  6.74328600E-05  6.74328600E-05  6.74328600E-05  1.54618900E-04  1.19577100E-04  1.20978800E-04  1.32668200E-04  8.77271100E-05  3.81998600E-05  3.36512800E-05  3.57860500E-05  5.17283000E-05  6.55686400E-05  3.77014500E-05  7.56681000E-05  4.70984000E-05  6.74328600E-05  6.74328600E-05
  6.74328600E-05  6.74328600E-05  6.74328600E-05  6.74328600E-05  6.74328600E-05  1.77595900E-04  1.95079300E-04  1.29406700E-04  1.03032500E-04  7.94478300E-05  4.76230500E-05  4.19322700E-05  5.99388000E-05  5.99194800E-05  8.85883300E-05  7.43561900E-05  4.78784200E-05  6.74328600E-05  6.74328600E-05  6.74328600E-05
  6.74328600E-05  6.74328600E-05  6.74328600E-05  6.74328600E-05  6.74328600E-05  1.17911700E-04  1.43040300E-04  1.00610700E-04  1.29682900E-04  8.29279800E-05  9.88869500E-05  3.83151800E-05  5.21226300E-05  5.74502000E-05  7.57526100E-05  4.99075100E-05  6.74328600E-05  6.74328600E-05  6.74328600E-05  6.74328600E-05
