  3.15989800E-05  3.45929200E-05  5.17614900E-05  4.64103600E-05  5.48179600E-05  1.58374300E-04  1.40013600E-04  1.00732200E-04  5.32383600E-05  4.81648000E-05  4.73016000E-05  6.99801700E-05  7.69793000E-05  6.80506200E-05  4.65634000E-05  3.24199800E-05  2.00000000E-05  2.19986300E-05  2.19477700E-05  2.00000000E-05
  2.66581100E-05  3.54831200E-05  7.99749800E-05  6.43259300E-05  8.06970700E-05  1.36252900E-04  1.30151800E-04  1.34372700E-04  6.08104100E-05  2.96427000E-05  3.20150700E-05  2.88637800E-05  3.56742600E-05  2.45371700E-05  3.33746200E-05  2.52180600E-05  2.58158200E-05  2.31866000E-05  2.00149900E-05  2.00000000E-05
  5.18261500E-05  4.05378600E-05  3.57018500E-05  5.53602800E-05  5.56441500E-05  7.42692100E-05  9.20391800E-05  6.77667800E-05  4.63287300E-05  6.20610900E-05  4.36964500E-05  5.29668800E-05  2.99360200E-05  2.74163400E-05  3.09871700E-05  2.16996100E-05  2.22947100E-05  2.00000000E-05  2.00000000E-05  2.71854100E-05
  2.09086600E-05  2.15184800E-05  2.18043000E-05  3.55735400E-05  5.31768000E-05  6.55671800E-05  4.67718900E-05  4.17307400E-05  3.59628200E-05  5.83028700E-05  7.96260900E-05  8.85420800E-05  2.97146400E-05  2.37023500E-05  4.03856900E-05  3.65263200E-05  2.00000000E-05  2.32899400E-05  3.84831600E-05  4.06140600E-05
  2.00000000E-05  3.40731100E-05  2.56930500E-05  2.43955100E-05  3.46932300E-05  3.45324800E-05  4.98698200E-05  3.22529300E-05  3.44315300E-05  5.02758200E-05  7.88851200E-05  9.66561700E-05  4.30020300E-05  3.17752000E-05  4.66298400E-05  3.91936700E-05  3.55862400E-05  2.48311700E-05  2.35675000E-05  3.20584500E-05
  2.00000000E-05  3.03736200E-05  3.02554000E-05  2.66005300E-05  3.48830700E-05  4.29570700E-05  4.60523800E-05  4.34742200E-05  2.90092900E-05  6.68325300E-05  1.20905900E-04  1.35800600E-04  8.39581600E-05  8.83794100E-05  8.13590200E-05  4.92106700E-05  3.88524400E-05  3.07686300E-05  2.41639000E-05  3.33532000E-05
  2.16928100E-05  3.35937900E-05  3.95649900E-05  4.19705900E-05  3.68696300E-05  5.95749800E-05  8.19965300E-05  6.76828300E-05  2.86697900E-05  5.56708500E-05  7.95323700E-05  1.13823200E-04  1.20574300E-04  8.23551400E-05  7.24057600E-05  5.42524100E-05  4.81240300E-05  3.59769600E-05  2.96742400E-05  2.49280700E-05
  2.00000000E-05  2.68425000E-05  2.08081800E-05  3.35130300E-05  3.35175600E-05  3.04458300E-05  6.89123100E-05  5.52046100E-05  5.82377100E-05  8.12049200E-05  5.55817700E-05  7.94046400E-05  1.11168300E-04  8.49325900E-05  8.19084000E-05  7.31844100E-05  8.89621100E-05  3.68524400E-05  5.41157500E-05  5.16712100E-05
  2.01496900E-05  2.92650200E-05  3.24525100E-05  2.21509300E-05  3.74980400E-05  3.74980400E-05  3.74980400E-05  6.84484600E-05  8.16461600E-05  9.01086500E-05  8.37736900E-05  4.45991200E-05  8.81343500E-05  7.94080600E-05  8.13343300E-05  1.23511200E-04  1.43449000E-04  7.59717200E-05  4.37249600E-05  3.37485500E-05
  2.28479000E-05  2.36363000E-05  2.24518600E-05  2.06235000E-05  3.74980400E-05  3.74980400E-05  3.74980400E-05  3.74980400E-05  6.45623600E-05  1.03220400E-04  5.88387400E-05  4.14220800E-05  7.31461400E-05  7.63609700E-05  8.60700000E-05  9.80142800E-05  7.59484000E-05  4.59824800E-05  2.42402500E-05  2.00000000E-05
  2.17674100E-05  2.26230900E-05  2.00000000E-05  2.00000000E-05  3.74980400E-05  3.74980400E-05  3.74980400E-05  3.74980400E-05  4.65313800E-05  5.68541000E-05  7.36677700E-05  9.61479800E-05  6.56519000E-05  3.95847800E-05  4.18173500E-05  3.91959500E-05  5.99344000E-05  2.35987500E-05  2.65136300E-05  2.51940300E-05
  2.00000000E-05  2.00000000E-05  2.00000000E-05  2.06570900E-05  3.74980400E-05  3.74980400E-05  3.74980400E-05  3.74980400E-05  2.31675300E-05  2.00000000E-05  3.98133200E-05  5.01166000E-05  4.74559100E-05  2.00000000E-05  2.00000000E-05  2.00000000E-05  2.24146500E-05  3.38889600E-05  3.40644600E-05  2.00000000E-05
  2.00032500E-05  2.01723700E-05  2.30216600E-05  2.34697000E-05  3.74980400E-05  3.74980400E-05  3.74980400E-05  3.74980400E-05  2.28972000E-05  2.79606400E-05  3.90968100E-05  3.98648100E-05  2.58731900E-05  2.00000000E-05  2.00000000E-05  2.00000000E-05  2.00000000E-05  2.98289400E-05  2.09718200E-05  2.00000000E-05
  2.00000000E-05  2.00000000E-05  2.00000000E-05  2.00000000E-05  3.74980400E-05  3.74980400E-05  3.74980400E-05  3.74980400E-05  3.86569700E-05  2.36268700E-05  2.00000000E-05  2.00000000E-05  2.07215400E-05  2.00000000E-05  2.00000000E-05  2.46770800E-05  3.17149100E-05  2.36749500E-05  2.57455300E-05  2.26909500E-05
  2.13370400E-05  2.00000000E-05  2.00000000E-05  2.00000000E-05  3.74980400E-05  3.74980400E-05  3.74980400E-05  3.74980400E-05  3.77564300E-05  2.57856800E-05  2.00000000E-05  2.00000000E-05  2.02334900E-05  2.85141700E-05  2.00000000E-05  4.09945300E-05  3.06521500E-05  2.59581300E-05  2.00000000E-05  2.00000000E-05
  2.86407200E-05  2.00000000E-05  2.34615800E-05  2.00000000E-05  3.74980400E-05  3.74980400E-05  3.74980400E-05  3.74980400E-05  2.00000000E-05  2.00000000E-05  2.02473600E-05  2.05365900E-05  2.00000000E-05  2.00000000E-05  2.19890300E-05  2.41299000E-05  2.20252500E-05  2.00000000E-05  2.00000000E-05  2.00000000E-05
  2.13404700E-05  2.00000000E-05  2.00000000E-05  2.00000000E-05  3.74980400E-05  3.74980400E-05  3.74980400E-05  3.74980400E-05  2.00000000E-05  2.00000000E-05  2.00000000E-05  2.23262400E-05  2.32763900E-05  2.30011500E-05  2.00000000E-05  2.38890900E-05  2.37682500E-05  3.53173500E-05  2.62924400E-05  2.00000000E-05
  2.23980100E-05  2.00000000E-05  2.00000000E-05  2.00000000E-05  3.74980400E-05  3.74980400E-05  3.74980400E-05  3.74980400E-05  2.30590300E-05  2.00000000E-05  2.16724300E-05  2.23098100E-05  2.65136300E-05  2.01780700E-05  2.92184400E-05  2.67034200E-05  3.62639200E-05  3.85358300E-05  3.14104600E-05  2.86696500E-05
  2.47385000E-05  2.00000000E-05  2.00000000E-05  2.00000000E-05  3.74980400E-05  3.74980400E-05  3.74980400E-05  3.74980400E-05  2.00000000E-05  3.16752600E-05  2.22885600E-05  3.98866000E-05  3.65867400E-05  3.63716100E-05  5.00387200E-05  3.92635000E-05  3.23561700E-05  2.83395700E-05  2.46949700E-05  3.23395800E-05
  2.00000000E-05  2.00000000E-05  2.00000000E-05  2.00000000E-05  3.74980400E-05  3.74980400E-05  3.74980400E-05  3.74980400E-05  2.01748400E-05  2.00000000E-05  2.15660900E-05  5.44993000E-05  6.56527900E-05  3.70083400E-05  4.90876900E-05  3.57198200E-05  2.64967200E-05  4.08559900E-05  3.15309100E-05  3.15728500E-05
  2.00000000E-05  2.00000000E-05  2.00000000E-05  2.00000000E-05  3.74980400E-05  3.74980400E-05  3.74980400E-05  3.74980400E-05  3.23537300E-05  2.35894000E-05  4.44212600E-05  7.85499700E-05  6.16391900E-05  6.72624500E-05  4.82504600E-05  3.28665100E-05  2.17903900E-05  3.13417800E-05  3.20585400E-05  2.00000000E-05
  2.08934400E-05  2.07324800E-05  2.02515400E-05  2.05197000E-05  3.74980400E-05  3.74980400E-05  2.15005300E-05  2.00000000E-05  4.07174200E-05  5.01896500E-05  5.76070700E-05  6.98584200E-05  5.78163500E-05  4.66008100E-05  3.07459000E-05  2.59994300E-05  2.00000000E-05  2.00000000E-05  2.00000000E-05  2.00000000E-05
  2.37984600E-05  3.24903100E-05  4.00866000E-05  3.32047200E-05  3.93664400E-05  3.74980400E-05  3.16027100E-05  4.36342400E-05  8.16198300E-05  9.18989700E-05  8.52389200E-05  9.41711200E-05  5.94993100E-05  3.56556300E-05  2.56827800E-05  2.79588700E-05  2.00000000E-05  2.00000000E-05  2.05876800E-05  2.00000000E-05
  2.00000000E-05  2.30245000E-05  3.49955700E-05  4.35522800E-05  6.97514800E-05  5.39953900E-05  6.02205700E-05  6.38554300E-05  1.16319300E-04  1.45767000E-04  7.15362600E-05  9.02630900E-05  4.37367700E-05  2.23800300E-05  3.14139600E-05  3.50617000E-05  2.00000000E-05  2.57105200E-05  2.03277800E-05  2.00000000E-05
  2.61952100E-05  2.92809800E-05  4.17927500E-05  4.39695100E-05  5.67327800E-05  6.36280800E-05  9.65456500E-05  6.43424000E-05  1.00035600E-04  8.80534100E-05  5.69078800E-05  3.64859500E-05  2.93614900E-05  4.01054900E-05  2.82688500E-05  3.46621200E-05  4.60623300E-05  2.76583000E-05  3.82692300E-05  2.56335200E-05
  3.30694700E-05  3.48067000E-05  4.38191200E-05  4.84649500E-05  8.07838400E-05  6.76330000E-05  7.64735700E-05  1.10639800E-04  1.16832900E-04  7.14905000E-05  6.29784000E-05  5.27090700E-05  3.67741200E-05  6.30179400E-05  3.51288100E-05  5.72351500E-05  5.72373100E-05  2.91485300E-05  3.44770500E-05  2.50664100E-05
  3.09610800E-05  3.37656600E-05  5.84964400E-05  4.01026800E-05  9.43417600E-05  7.43385600E-05  9.69437900E-05  7.81795300E-05  7.59588100E-05  4.37377700E-05  3.56126900E-05  6.29549300E-05  8.39204800E-05  9.14292700E-05  4.00939500E-05  3.29362900E-05  6.06552700E-05  7.44764000E-05  6.31798800E-05  2.60626900E-05
  3.21380100E-05  4.51909100E-05  5.74186900E-05  4.65250500E-05  1.30055100E-04  1.04761500E-04  8.94885700E-05  7.42887100E-05  7.46020000E-05  5.69306700E-05  5.36197600E-05  6.43436500E-05  6.47636700E-05  1.27549200E-04  5.44148400E-05  4.52358500E-05  4.50874100E-05  7.09055500E-05  6.90136000E-05  5.03378100E-05
  3.75415100E-05  7.10013600E-05  7.20350300E-05  8.08030200E-05  1.13894400E-04  1.72370700E-04  1.30200700E-04  1.26335800E-04  1.01824400E-04  4.58275400E-05  5.27553600E-05  5.22673100E-05  7.26350500E-05  7.22097200E-05  2.66022500E-05  3.69431500E-05  3.12474800E-05  6.13493600E-05  5.97082800E-05  3.03635400E-05
  5.66340500E-05  6.13863700E-05  1.28448800E-04  1.44554300E-04  1.45186100E-04  2.00000000E-04  1.48149900E-04  8.96838600E-05  7.58865900E-05  5.50459400E-05  7.06621800E-05  7.46843100E-05  4.82928100E-05  3.82746700E-05  3.28235900E-05  2.00000000E-05  2.73316500E-05  3.23769000E-05  4.12634000E-05  5.09280500E-05
  4.01259500E-05  6.73585300E-05  1.01844900E-04  1.14238700E-04  2.00000000E-04  1.55487900E-04  2.00000000E-04  1.18797200E-04  1.12777800E-04  8.94317300E-05  6.40825700E-05  5.14516000E-05  4.45380300E-05  2.88206800E-05  2.30827900E-05  2.00000000E-05  3.88774500E-05  3.84603600E-05  2.98990000E-05  3.56981100E-05
  5.28276300E-05  4.60825100E-05  4.44917000E-05  4.85198700E-05  1.02573600E-04  1.29586800E-04  1.79899800E-04  1.44064600E-04  1.09769500E-04  8.65981900E-05  6.77887700E-05  3.70508900E-05  3.85498500E-05  4.25363200E-05  4.27523100E-05  4.17659300E-05  2.52151100E-05  4.70760000E-05  4.97716700E-05  2.92683600E-05
  3.74980400E-05  4.97330400E-05  3.58024400E-05  4.30781900E-05  6.12674100E-05  9.32068600E-05  1.16305600E-04  1.05182300E-04  1.09198400E-04  6.72626800E-05  5.71652200E-05  3.79984600E-05  4.55184100E-05  5.23055900E-05  2.57138000E-05  4.17408200E-05  2.46141900E-05  4.15810000E-05  5.34904100E-05  2.30489700E-05
  3.74980400E-05  3.74980400E-05  4.14639600E-05  3.56552400E-05  4.08759800E-05  6.99874600E-05  9.63035400E-05  8.51574000E-05  6.89185600E-05  4.86391300E-05  4.16911100E-05  3.61351200E-05  4.18107200E-05  4.75971000E-05  2.25617900E-05  2.94383300E-05  4.30617100E-05  2.71585300E-05  4.00955100E-05  3.20416200E-05
  3.74980400E-05  3.74980400E-05  3.74980400E-05  4.46817700E-05  3.24073400E-05  4.36453100E-05  6.11413600E-05  8.11763200E-05  5.61461500E-05  4.41479000E-05  5.64252800E-05  4.19573700E-05  3.90604100E-05  3.32681800E-05  3.57888200E-05  2.68851800E-05  3.18538700E-05  2.00000000E-05  2.91309600E-05  2.14755800E-05
  3.74980400E-05  3.74980400E-05  3.74980400E-05  3.74980400E-05  2.43784100E-05  4.51865200E-05  4.88945500E-05  6.94753200E-05  7.84876700E-05  1.02546800E-04  5.62984000E-05  5.51806400E-05  4.69458000E-05  4.48965200E-05  5.10955000E-05  2.62329100E-05  2.74975400E-05  2.00000000E-05  2.02682000E-05  3.74980400E-05
  3.74980400E-05  3.74980400E-05  3.74980400E-05  3.74980400E-05  3.43288000E-05  3.66596000E-05  3.54453800E-05  4.49406700E-05  5.65853000E-05  4.31191100E-05  3.13428700E-05  3.14935000E-05  4.30555100E-05  5.74190900E-05  4.27980400E-05  3.78931500E-05  2.61859400E-05  2.21506800E-05  4.00239700E-05  3.74980400E-05
  3.74980400E-05  3.74980400E-05  3.74980400E-05  3.74980400E-05  3.74980400E-05  2.09493000E-05  2.00000000E-05  2.28891500E-05  3.38584200E-05  2.46056200E-05  2.60535800E-05  2.46093800E-05  2.57428700E-05  3.75129400E-05  3.55283100E-05  3.65608300E-05  4.08657000E-05  4.86417500E-05  3.74980400E-05  3.74980400E-05
  3.74980400E-05  3.74980400E-05  3.74980400E-05  3.74980400E-05  3.74980400E-05  2.00000000E-05  2.00000000E-05  2.00000000E-05  2.00000000E-05  2.00000000E-05  2.00000000E-05  2.00000000E-05  3.01328400E-05  3.15152900E-05  3.68558700E-05  3.58534600E-05  4.25356800E-05  3.74980400E-05  3.74980400E-05  3.74980400E-05
  3.74980400E-05  3.74980400E-05  3.74980400E-05  3.74980400E-05  3.74980400E-05  2.00000000E-05  2.00000000E-05  2.00000000E-05  2.00000000E-05  2.17343900E-05  2.35059000E-05  2.00000000E-05  2.44984300E-05  3.54227200E-05  5.39081500E-05  4.33471100E-05  3.74980400E-05  3.74980400E-05  3.74980400E-05  3.74980400E-05
