      42.51723000      42.42103000      47.34726000      37.38317000      33.49025000      34.47907000      36.05537000      26.96452000      43.36109000      50.00000000      37.54109000      38.76573000      36.62984000      24.59913000      26.55627000      50.00000000      33.16882000      32.81364000      33.01826000      36.28604000
      35.77621000      35.87922000      40.29292000      49.52377000      36.59473000      45.37597000      35.41302000      41.33515000      39.44258000      40.84947000      40.43741000      45.97442000      38.52528000      39.94206000      35.37991000      37.21099000      37.85711000      40.34434000      39.38862000      37.17602000
      35.42254000      42.37001000      42.26339000      46.50506000      44.43100000      41.30853000      31.71578000      37.40025000      34.20899000      35.45242000      28.66249000      21.62037000      46.20966000      32.65003000      35.80033000      41.01591000      29.79890000      39.30051000      33.11142000      37.08980000
      44.27737000      36.43040000      50.00000000      50.00000000      41.15316000      41.87051000      33.53507000      30.14173000      33.75828000      48.20196000      40.98608000      38.94441000      33.12236000      29.56852000      41.01420000      37.34084000      40.85897000      39.70270000      31.54296000      22.98868000
      40.51686000      38.80733000      38.09305000      38.06475000      42.41097000      30.60610000      33.39370000      29.23447000      34.53380000      38.42950000      31.31879000      36.66756000      37.86839000      50.00000000      42.14246000      28.91359000      34.93868000      46.95167000      39.55427000      35.33957000
      36.21691000      39.49924000      38.88065000      42.43423000      47.08713000      29.19298000      22.71092000      45.27664000      38.81030000      29.60395000      30.46045000      35.36953000      37.15339000      40.80437000      30.24431000      37.62481000      44.81030000      40.20518000      34.46062000      29.94743000
      36.82171000      47.59869000      43.56577000      50.00000000      44.17700000      45.37376000      45.79380000      37.98785000      34.46540000      30.63682000      47.25327000      33.72365000      47.03235000      30.15355000      34.51936000      29.06990000      36.77471000      34.29457000      44.01024000      37.25283000
      37.45730000      34.03120000      44.16758000      36.65649000      38.16113000      39.09615000      42.83934000      36.64133000      37.60168000      41.56831000      36.02572000      27.89263000      24.69725000      35.97241000      39.74217000      33.12174000      36.30309000      32.00408000      30.52362000      40.78467000
      36.61723000      34.39352000      45.32688000      41.21870000       1.00000000       1.00000000       1.00000000      40.32421000      41.10135000      42.87536000      29.28678000      35.18019000      37.22706000      38.84777000      37.03912000      31.15138000      35.26224000      41.66766000      38.51149000      28.72226000
      49.50807000      35.39408000      50.00000000      33.87240000       1.00000000       1.00000000       1.00000000       1.00000000      34.78469000      37.33625000      35.77950000      37.68813000      28.61317000      39.25598000      29.24381000      30.19006000      22.91577000      41.04221000      37.63646000      29.76722000
      33.54835000      42.29314000      43.32725000      39.20431000       1.00000000       1.00000000       1.00000000       1.00000000      35.92772000      43.23420000      44.45334000      33.54462000      38.84610000      27.03801000      35.98174000      29.85137000      32.04140000      38.08191000      43.08431000      41.44277000
      38.93666000      39.28034000      32.68726000      38.42029000       1.00000000       1.00000000       1.00000000       1.00000000      38.35386000      34.20996000      22.69836000      42.48458000      33.50369000      43.16871000      41.54751000      31.15198000      35.53868000      32.40654000      34.45567000      38.46559000
      42.23500000      39.04528000      50.00000000      38.28836000       1.00000000       1.00000000       1.00000000       1.00000000      39.88582000      36.19354000      28.89635000      37.91295000      31.31059000      35.33859000      31.96661000      42.06830000      32.39171000      26.77393000      32.22544000      32.44781000
      36.36567000      39.80221000      32.43541000      42.91930000       1.00000000       1.00000000       1.00000000       1.00000000      40.49387000      37.72183000      28.82041000      38.86061000      38.84245000      20.94704000      35.14755000      29.57714000      42.49376000      30.48967000      37.66586000      32.66464000
      36.00319000      34.20875000      43.14253000      38.75024000       1.00000000       1.00000000       1.00000000       1.00000000      30.44925000      26.71896000      26.73135000      23.09022000      32.43547000      36.59428000      31.36892000      31.35736000      34.04189000      40.09226000      40.23799000      42.04843000
      40.55615000      50.00000000      45.65675000      48.29780000       1.00000000       1.00000000       1.00000000       1.00000000      43.64806000      42.33504000      44.38787000      34.21703000      27.74670000      36.62567000      35.57493000      32.80331000      42.09749000      30.49718000      42.40360000      35.29175000
      42.44443000      45.63357000      38.76653000      35.66485000       1.00000000       1.00000000       1.00000000       1.00000000      38.00723000      34.67546000      33.53088000      40.88145000      26.12089000      31.88423000      31.80576000      39.30037000      34.33766000      35.48622000      34.22985000      30.95871000
      34.75036000      35.03813000      40.15901000      34.41338000       1.00000000       1.00000000       1.00000000       1.00000000      34.72210000      36.67227000      31.60012000      44.99410000      37.31022000      31.78117000      33.57240000      33.74989000      25.99562000      31.91986000      36.91099000      35.13668000
      50.00000000      39.10175000      46.49261000      40.89872000       1.00000000       1.00000000       1.00000000       1.00000000      38.70905000      43.42192000      43.08053000      25.74159000      44.20744000      32.42537000      36.91713000      30.40490000      45.06846000      29.29419000      31.20144000      32.06596000
      39.10463000      45.08058000      47.35608000      27.22299000       1.00000000       1.00000000       1.00000000       1.00000000      41.74825000      30.57010000      41.43225000      35.05814000      28.50015000      26.04666000      45.38208000      38.19536000      34.89852000      29.33805000      38.59110000      28.90861000
      37.12337000      37.14116000      39.45755000      46.44701000       1.00000000       1.00000000       1.00000000       1.00000000      29.12807000      37.94029000      33.26432000      17.91394000      40.27810000      27.79161000      39.06740000      33.64162000      39.77265000      38.10677000      29.56915000      35.81121000
      26.06821000      33.74315000      36.61331000      32.89811000       1.00000000       1.00000000      39.44044000      38.15433000      31.01614000      31.84845000      18.96931000      39.64670000      35.56083000      42.54947000      28.49095000      39.86158000      38.90695000      37.53748000      41.35491000      37.52978000
      33.61112000      42.54075000      49.30493000      32.62989000      31.59597000       1.00000000      33.35140000      38.65541000      29.65332000      31.00260000      30.13720000      27.59572000      22.66799000      33.77439000      37.40122000      39.47656000      38.55434000      32.95204000      38.37666000      37.39653000
      22.93412000      29.28527000      32.39086000      42.37361000      45.32343000      31.88691000      33.77774000      40.84337000      23.94994000      36.52680000      42.23796000      39.63162000      34.68075000      27.77658000      25.30666000      42.51577000      37.89831000      42.57490000      37.13834000      27.66986000
      35.89839000      42.79306000      31.07144000      31.94128000      40.95666000      40.97891000      35.57357000      42.25715000      44.58415000      43.94669000      37.01929000      29.99746000      34.94079000      35.10018000      44.09162000      34.73140000      37.45877000      41.04256000      37.55642000      34.14111000
      38.76974000      31.94160000      43.82127000      32.79954000      43.11014000      45.87514000      36.98584000      36.21313000      33.77329000      29.74202000      35.85506000      44.80891000      30.11022000      29.21934000      29.49256000      35.70140000      36.80890000      35.69884000      27.00339000      35.49043000
      43.05670000      42.23163000      42.37788000      34.45654000      27.52201000      38.47389000      30.74312000      26.26277000      27.21745000      29.63444000      36.88800000      31.76325000      37.38892000      39.46559000      41.80730000      28.35476000      34.81854000      38.77394000      31.87049000      36.50808000
      47.24746000      40.50332000      38.02292000      34.05038000      40.22336000      32.39745000      41.63192000      29.75227000      32.58768000      36.96221000      36.84289000      34.53842000      41.64161000      34.76009000      25.13845000      43.68179000      29.01171000      36.51850000      26.93650000      41.25034000
      36.15361000      33.26454000      39.15964000      38.90516000      39.73634000      29.99479000      37.38380000      37.68036000      37.62436000      28.19578000      33.12726000      46.85425000      43.51995000      35.63959000      40.43708000      39.33726000      33.28919000      32.54614000      25.40652000      30.54042000
      31.24517000      36.59333000      35.23824000      27.24870000      32.51339000      31.62674000      36.80922000      41.06682000      39.90711000      39.87368000      38.04998000      29.21623000      39.68973000      29.60437000      28.18741000      33.50074000      25.25974000      32.09426000      44.32676000      37.00051000
      36.88451000      35.98932000      36.35147000      27.55116000      35.00623000      37.05760000      27.13829000      31.03299000      39.12088000      43.26220000      33.55240000      28.08287000      36.75120000      29.33018000      37.42395000      35.40888000      38.71185000      39.60507000      43.55065000      40.03646000
      42.12346000      30.64858000      41.24810000      45.29782000      37.72213000      32.91691000      38.51197000      35.55594000      40.77803000      31.96664000      22.92271000      39.91777000      40.32429000      27.79182000      34.16882000      36.06026000      35.20276000      26.99210000      37.14339000      24.47284000
       1.00000000      23.19521000      34.34566000      34.52973000      26.17192000      27.59974000      29.48721000      29.98548000      33.12734000      34.92895000      33.25387000      38.70143000      44.57101000      30.17538000      35.47577000      47.94650000      25.60232000      42.06336000      23.50698000      25.53120000
       1.00000000       1.00000000      32.10905000      34.01428000      30.22174000      35.49033000      37.59492000      31.87470000      32.92426000      36.23978000      48.40710000      27.95524000      29.81155000      28.98475000      28.93825000      38.36228000      36.34492000      34.63389000      31.68189000      34.53383000
       1.00000000       1.00000000       1.00000000      34.31848000      33.38660000      28.30394000      35.30768000      29.08866000      41.64670000      42.11035000      21.11744000      34.61686000      37.49038000      41.59007000      41.04522000      45.98944000      38.91613000      33.21774000      40.24864000      37.33662000
       1.00000000       1.00000000       1.00000000       1.00000000      31.04810000      39.83048000      31.81006000      25.66322000      32.59663000      31.89240000      36.73274000      36.64814000      30.65374000      36.11395000      30.05015000      40.26512000      32.23219000      48.90402000      37.64757000       1.00000000
       1.00000000       1.00000000       1.00000000       1.00000000      33.66447000      27.02196000      41.35136000      29.23668000      28.89573000      37.40421000      41.07299000      31.29069000      34.64385000      24.40062000      45.95175000      38.76422000      27.57494000      33.93166000      29.08039000       1.00000000
       1.00000000       1.00000000       1.00000000       1.00000000       1.00000000      37.08917000      29.60975000      25.86711000      28.11071000      35.31022000      17.98022000      30.71795000      30.33134000      39.79321000      43.46552000      40.38899000      31.77360000      34.09085000       1.00000000       1.00000000
       1.00000000       1.00000000       1.00000000       1.00000000       1.00000000      34.87617000      29.58257000      29.60010000      30.58092000      43.08625000      30.40709000      33.29899000      30.80565000      32.08901000      33.45148000      25.41540000      30.52709000       1.00000000       1.00000000       1.00000000
       1.00000000       1.00000000       1.00000000       1.00000000       1.00000000      25.73338000      32.72921000      48.76299000      39.04117000      30.25391000      41.39072000      40.47186000      28.84710000      38.85262000      29.07238000      16.37643000       1.00000000       1.00000000       1.00000000       1.00000000
