   1.178745E-01   2.553363E-01   3.581555E-01   3.984821E-01   2.424168E-01   2.936024E-01   4.000000E-01   4.000000E-01   4.000000E-01   2.634063E-01   1.896888E-01   1.856463E-01   2.228662E-01   2.242094E-01   3.338281E-01   3.910151E-01   4.000000E-01   4.000000E-01   3.406362E-01   1.473833E-01
   1.123866E-01   2.496053E-01   2.699336E-01   2.350041E-01   2.164990E-01   3.296732E-01   4.000000E-01   4.000000E-01   3.994812E-01   3.038131E-01   1.323957E-01   2.902878E-01   2.680588E-01   3.184400E-01   4.000000E-01   4.000000E-01   4.000000E-01   3.382247E-01   4.000000E-01   2.683271E-01
   7.918007E-02   1.377308E-01   1.348663E-01   1.248815E-01   1.146941E-01   2.237327E-01   4.000000E-01   4.000000E-01   2.826942E-01   2.339973E-01   1.290999E-01   1.976348E-01   3.248555E-01   4.000000E-01   4.000000E-01   4.000000E-01   3.693301E-01   3.374225E-01   2.915526E-01   2.799152E-01
   6.496082E-02   1.291346E-01   9.501592E-02   8.955708E-02   1.685061E-01   2.194997E-01   3.134541E-01   3.705776E-01   2.763514E-01   1.735715E-01   1.350821E-01   1.468567E-01   1.722773E-01   4.000000E-01   4.000000E-01   2.153714E-01   2.472660E-01   2.233436E-01   1.822568E-01   2.187971E-01
   9.973962E-02   1.463405E-01   1.514290E-01   1.579753E-01   1.842217E-01   3.621216E-01   3.451912E-01   1.817514E-01   1.948392E-01   1.156821E-01   1.234327E-01   9.885121E-02   9.889898E-02   2.188072E-01   2.898786E-01   1.524378E-01   1.815868E-01   2.337986E-01   2.264731E-01   1.630064E-01
   1.229915E-01   2.121416E-01   1.470960E-01   1.092559E-01   1.887496E-01   4.000000E-01   2.394789E-01   1.077358E-01   1.279152E-01   9.593353E-02   6.194412E-02   7.631283E-02   1.290695E-01   1.692616E-01   1.391496E-01   1.202700E-01   1.716039E-01   1.808480E-01   1.741570E-01   1.583393E-01
   1.547986E-01   1.645524E-01   1.366765E-01   1.564557E-01   2.176898E-01   2.383531E-01   4.000000E-01   1.621465E-01   1.555315E-01   7.814986E-02   6.082923E-02   9.574214E-02   1.214523E-01   1.382616E-01   6.605640E-02   7.512730E-02   1.180684E-01   1.582654E-01   2.076683E-01   2.701686E-01
   1.624249E-01   1.397487E-01   1.128625E-01   1.305186E-01   1.222476E-01   3.535625E-01   2.364882E-01   3.359076E-01   1.577286E-01   1.375665E-01   8.209405E-02   7.197577E-02   8.445262E-02   1.028065E-01   1.403236E-01   8.406595E-02   1.416410E-01   1.829621E-01   2.463426E-01   2.768768E-01
   1.092027E-01   1.555448E-01   9.435032E-02   9.499477E-02   1.000000E-01   1.000000E-01   1.000000E-01   2.283405E-01   1.471249E-01   1.519650E-01   9.075342E-02   9.457753E-02   1.384624E-01   7.783008E-02   1.357382E-01   1.217144E-01   1.490868E-01   1.737181E-01   2.127426E-01   2.367179E-01
   1.419412E-01   1.121282E-01   7.501168E-02   1.265920E-01   1.000000E-01   1.000000E-01   1.000000E-01   1.000000E-01   1.363614E-01   1.645979E-01   9.373068E-02   1.074719E-01   1.019216E-01   9.593025E-02   1.721281E-01   1.532588E-01   1.290983E-01   1.419668E-01   1.489439E-01   1.651856E-01
   2.287626E-01   1.438298E-01   1.661904E-01   1.593864E-01   1.000000E-01   1.000000E-01   1.000000E-01   1.000000E-01   1.386916E-01   9.755167E-02   9.628487E-02   1.138412E-01   1.252917E-01   1.163219E-01   1.628287E-01   1.270503E-01   1.274990E-01   9.461939E-02   1.696115E-01   1.921834E-01
   1.805288E-01   1.139783E-01   2.768730E-01   3.915397E-01   1.000000E-01   1.000000E-01   1.000000E-01   1.000000E-01   1.178937E-01   1.527509E-01   1.532870E-01   1.355277E-01   2.355642E-01   1.491167E-01   1.385524E-01   1.178463E-01   8.521831E-02   5.359992E-02   1.343332E-01   1.678447E-01
   1.324389E-01   1.083791E-01   1.460033E-01   2.027984E-01   1.000000E-01   1.000000E-01   1.000000E-01   1.000000E-01   1.808108E-01   2.007244E-01   1.772924E-01   1.273343E-01   1.694758E-01   1.886893E-01   1.226172E-01   1.306668E-01   1.087155E-01   8.934339E-02   1.305468E-01   2.153358E-01
   1.253124E-01   2.052220E-01   8.633668E-02   1.001431E-01   1.000000E-01   1.000000E-01   1.000000E-01   1.000000E-01   2.295075E-01   1.891725E-01   1.869639E-01   2.507821E-01   3.073872E-01   1.626768E-01   9.241632E-02   1.470878E-01   1.280985E-01   1.381272E-01   1.611385E-01   2.551088E-01
   2.568630E-01   3.733837E-01   1.989423E-01   8.983859E-02   1.000000E-01   1.000000E-01   1.000000E-01   1.000000E-01   2.046453E-01   2.337835E-01   3.653976E-01   2.690747E-01   3.798727E-01   2.724491E-01   1.771421E-01   1.265725E-01   1.182531E-01   1.545599E-01   1.493236E-01   1.968466E-01
   2.472187E-01   2.636729E-01   2.492111E-01   1.648578E-01   1.000000E-01   1.000000E-01   1.000000E-01   1.000000E-01   1.754462E-01   2.122832E-01   2.093857E-01   3.193836E-01   4.000000E-01   4.000000E-01   2.452745E-01   2.472611E-01   1.650973E-01   1.183055E-01   1.321167E-01   1.943075E-01
   1.922628E-01   1.954406E-01   1.556876E-01   1.492343E-01   1.000000E-01   1.000000E-01   1.000000E-01   1.000000E-01   1.259791E-01   1.684530E-01   2.896568E-01   1.655795E-01   2.482391E-01   1.860307E-01   2.047397E-01   1.494240E-01   3.004254E-01   1.733011E-01   1.724300E-01   2.104029E-01
   1.957845E-01   1.593623E-01   1.208553E-01   8.764936E-02   1.000000E-01   1.000000E-01   1.000000E-01   1.000000E-01   9.691329E-02   1.404485E-01   1.251199E-01   1.230782E-01   1.191372E-01   1.045443E-01   1.588733E-01   1.964532E-01   1.817443E-01   1.101987E-01   1.669635E-01   1.598549E-01
   1.162417E-01   1.173259E-01   1.644159E-01   1.256644E-01   1.000000E-01   1.000000E-01   1.000000E-01   1.000000E-01   8.077348E-02   1.117569E-01   8.848738E-02   1.412235E-01   1.082480E-01   1.084092E-01   8.735405E-02   1.630264E-01   1.458679E-01   1.614966E-01   9.870040E-02   1.243523E-01
   6.807539E-02   1.792009E-01   1.239170E-01   1.162881E-01   1.000000E-01   1.000000E-01   1.000000E-01   1.000000E-01   7.210475E-02   7.849035E-02   9.240958E-02   1.105322E-01   1.116175E-01   1.147256E-01   1.215363E-01   1.202481E-01   1.176345E-01   1.029007E-01   8.188405E-02   6.992811E-02
   1.365596E-01   2.291829E-01   1.216184E-01   1.166541E-01   1.000000E-01   1.000000E-01   1.000000E-01   1.000000E-01   7.338734E-02   1.319607E-01   1.195001E-01   7.455222E-02   9.765607E-02   1.067981E-01   1.326050E-01   1.084410E-01   1.911146E-01   1.670880E-01   1.061515E-01   1.151472E-01
   9.330765E-02   1.049131E-01   1.572401E-01   1.115275E-01   1.000000E-01   1.000000E-01   1.558718E-01   1.161406E-01   1.061297E-01   1.347761E-01   9.609258E-02   5.647683E-02   5.971729E-02   7.239245E-02   8.183757E-02   1.018830E-01   1.620799E-01   1.651716E-01   1.294190E-01   1.084372E-01
   3.749229E-02   7.066405E-02   1.767854E-01   1.138550E-01   1.049486E-01   1.000000E-01   1.312382E-01   1.763095E-01   2.234592E-01   1.779253E-01   5.856432E-02   5.644868E-02   3.782008E-02   7.258715E-02   5.915579E-02   1.358136E-01   1.751229E-01   1.090170E-01   1.180978E-01   1.103991E-01
   4.231127E-02   6.299499E-02   6.574752E-02   8.424133E-02   8.413299E-02   9.594231E-02   9.851788E-02   1.256127E-01   2.119235E-01   2.701115E-01   1.140355E-01   5.050691E-02   5.426215E-02   1.137937E-01   1.850130E-01   1.580242E-01   1.493814E-01   1.551949E-01   1.777055E-01   2.173325E-01
   4.433588E-02   4.511145E-02   6.105869E-02   7.823590E-02   1.031239E-01   9.237136E-02   1.089028E-01   2.063987E-01   1.754810E-01   2.151765E-01   1.146128E-01   1.350339E-01   1.556760E-01   1.460036E-01   1.521525E-01   1.780861E-01   1.877070E-01   2.002380E-01   1.767508E-01   1.956496E-01
   4.146803E-02   3.463262E-02   4.265224E-02   5.544899E-02   8.220678E-02   1.082899E-01   6.897645E-02   9.857522E-02   1.421570E-01   2.327705E-01   1.871037E-01   1.672045E-01   1.387298E-01   1.662344E-01   2.187779E-01   1.468372E-01   1.566871E-01   2.290654E-01   1.654697E-01   1.355776E-01
   3.619677E-02   3.178576E-02   5.024883E-02   5.893745E-02   5.344729E-02   1.048544E-01   8.269800E-02   1.158189E-01   1.962107E-01   1.751418E-01   1.465562E-01   1.937761E-01   2.217655E-01   1.246906E-01   2.218388E-01   1.353033E-01   1.379743E-01   1.258040E-01   1.325454E-01   1.257540E-01
   3.441825E-02   3.910315E-02   3.307510E-02   6.622133E-02   9.906416E-02   1.184311E-01   1.319650E-01   1.358300E-01   2.360892E-01   2.361122E-01   1.729088E-01   2.134007E-01   2.184331E-01   1.473301E-01   1.355361E-01   1.314363E-01   1.167487E-01   1.151927E-01   1.288071E-01   1.306911E-01
   3.378528E-02   4.094915E-02   5.628195E-02   5.343877E-02   1.244027E-01   1.508400E-01   1.086071E-01   1.244366E-01   1.719885E-01   1.610359E-01   2.374298E-01   2.832502E-01   2.287606E-01   2.060041E-01   2.158103E-01   1.120598E-01   7.922177E-02   1.035114E-01   7.170353E-02   1.576664E-01
   2.039042E-02   3.755239E-02   7.776387E-02   1.087964E-01   1.505686E-01   1.583285E-01   1.281718E-01   1.353655E-01   1.291701E-01   1.481969E-01   2.137742E-01   1.999628E-01   1.565654E-01   1.387166E-01   8.930005E-02   1.284298E-01   8.224014E-02   7.369990E-02   1.117930E-01   1.560693E-01
   2.894932E-02   4.779267E-02   8.135596E-02   1.365991E-01   1.540834E-01   2.055155E-01   1.955651E-01   1.331706E-01   1.581634E-01   1.623215E-01   2.040354E-01   1.850645E-01   1.299683E-01   1.446900E-01   1.772575E-01   1.497518E-01   1.004853E-01   9.664541E-02   1.489103E-01   1.319734E-01
   3.362159E-02   7.890181E-02   7.959299E-02   1.691368E-01   2.858324E-01   1.617095E-01   1.808531E-01   1.666063E-01   1.860288E-01   1.581609E-01   2.103709E-01   1.934111E-01   1.682842E-01   2.141755E-01   1.727217E-01   1.737766E-01   9.478942E-02   8.884393E-02   1.986761E-01   1.937157E-01
   1.000000E-01   7.991613E-02   6.957036E-02   2.362051E-01   2.814592E-01   2.509530E-01   1.431661E-01   2.561339E-01   1.060249E-01   2.734232E-01   2.753486E-01   1.726324E-01   1.021588E-01   1.950273E-01   1.662400E-01   1.637386E-01   1.382700E-01   7.381245E-02   1.893392E-01   1.881049E-01
   1.000000E-01   1.000000E-01   1.034101E-01   1.781971E-01   2.543227E-01   2.038494E-01   1.638786E-01   2.476707E-01   2.250027E-01   3.601013E-01   1.454813E-01   1.270427E-01   1.135434E-01   1.565807E-01   1.353407E-01   1.406298E-01   1.098796E-01   1.486764E-01   1.071490E-01   1.462650E-01
   1.000000E-01   1.000000E-01   1.000000E-01   1.668164E-01   3.021448E-01   2.199708E-01   2.730019E-01   2.150017E-01   2.296979E-01   2.806429E-01   1.596640E-01   1.467343E-01   1.579759E-01   2.019337E-01   1.083125E-01   1.049443E-01   1.006927E-01   1.293562E-01   1.451998E-01   1.136076E-01
   1.000000E-01   1.000000E-01   1.000000E-01   1.000000E-01   1.570578E-01   2.093916E-01   2.115724E-01   3.195861E-01   3.343184E-01   1.552111E-01   1.631732E-01   1.321298E-01   1.716732E-01   1.791398E-01   1.501031E-01   1.336419E-01   1.401414E-01   1.156033E-01   1.366001E-01   1.000000E-01
   1.000000E-01   1.000000E-01   1.000000E-01   1.000000E-01   1.616201E-01   2.213027E-01   2.293802E-01   2.237935E-01   2.449958E-01   2.389751E-01   2.204884E-01   2.086461E-01   1.514776E-01   8.685858E-02   8.401441E-02   1.531778E-01   1.262802E-01   8.485850E-02   7.815859E-02   1.000000E-01
   1.000000E-01   1.000000E-01   1.000000E-01   1.000000E-01   1.000000E-01   2.004393E-01   2.129958E-01   2.220993E-01   3.559918E-01   2.765503E-01   1.531448E-01   9.598467E-02   5.931887E-02   3.757996E-02   4.878381E-02   8.628258E-02   7.065810E-02   8.784461E-02   1.000000E-01   1.000000E-01
   1.000000E-01   1.000000E-01   1.000000E-01   1.000000E-01   1.000000E-01   1.977782E-01   2.377987E-01   2.700285E-01   2.023549E-01   1.846942E-01   2.110862E-01   1.125937E-01   6.413849E-02   4.254551E-02   5.071139E-02   3.342273E-02   4.050681E-02   1.000000E-01   1.000000E-01   1.000000E-01
   1.000000E-01   1.000000E-01   1.000000E-01   1.000000E-01   1.000000E-01   1.593601E-01   1.523846E-01   2.919512E-01   1.818932E-01   1.398574E-01   1.527044E-01   1.644607E-01   9.719263E-02   4.635867E-02   5.687074E-02   4.545877E-02   1.000000E-01   1.000000E-01   1.000000E-01   1.000000E-01
