      33.30098000      27.00717000      29.80482000      18.06977000      29.09073000      27.49521000      52.85744000     100.00000000     100.00000000     100.00000000     100.00000000     100.00000000     100.00000000     100.00000000     100.00000000     100.00000000     100.00000000     100.00000000     100.00000000     100.00000000
      47.59555000      31.68769000      35.84039000      87.36440000      46.05723000      41.78163000      76.62688000      88.37284000     100.00000000     100.00000000     100.00000000     100.00000000     100.00000000     100.00000000     100.00000000     100.00000000     100.00000000     100.00000000     100.00000000     100.00000000
      41.68520000      28.48978000      43.38257000      46.49222000      66.28569000      48.35169000      82.66158000     100.00000000     100.00000000     100.00000000     100.00000000     100.00000000     100.00000000     100.00000000     100.00000000     100.00000000     100.00000000     100.00000000     100.00000000     100.00000000
      33.22493000      41.10689000      36.81527000      42.97152000      36.49029000      46.40016000      61.39376000      88.33424000     100.00000000     100.00000000     100.00000000     100.00000000     100.00000000     100.00000000     100.00000000     100.00000000     100.00000000     100.00000000     100.00000000     100.00000000
      45.64265000      50.69689000      70.94467000      48.19512000      35.14149000      43.18625000      63.66867000      85.86291000     100.00000000     100.00000000     100.00000000     100.00000000     100.00000000     100.00000000     100.00000000     100.00000000     100.00000000     100.00000000     100.00000000     100.00000000
      38.79332000      49.99126000     100.00000000     100.00000000      89.19475000      38.59849000      53.72943000      37.98443000     100.00000000     100.00000000     100.00000000     100.00000000     100.00000000      87.26004000     100.00000000      89.25682000     100.00000000     100.00000000     100.00000000     100.00000000
      81.37473000      93.66969000     100.00000000      73.87005000      53.62554000      50.85810000      25.60830000      41.28756000      76.22429000      93.81972000      87.60523000     100.00000000     100.00000000      91.93119000     100.00000000     100.00000000     100.00000000     100.00000000     100.00000000     100.00000000
      58.80450000     100.00000000      98.20852000      51.79427000      54.45120000      64.88371000      42.34004000      64.98733000      67.23357000      97.96844000     100.00000000     100.00000000     100.00000000     100.00000000     100.00000000     100.00000000     100.00000000     100.00000000     100.00000000     100.00000000
      78.30953000     100.00000000     100.00000000      80.87623000      30.00000000      30.00000000      30.00000000      78.33886000     100.00000000      77.44464000     100.00000000     100.00000000     100.00000000     100.00000000     100.00000000     100.00000000     100.00000000     100.00000000     100.00000000      82.57520000
     100.00000000     100.00000000     100.00000000     100.00000000      30.00000000      30.00000000      30.00000000      30.00000000      68.87672000      83.61646000      96.22053000     100.00000000      96.80455000     100.00000000     100.00000000     100.00000000     100.00000000     100.00000000      96.55167000      77.74276000
     100.00000000     100.00000000     100.00000000     100.00000000      30.00000000      30.00000000      30.00000000      30.00000000      83.33144000      76.89853000     100.00000000      99.73790000      88.36310000     100.00000000     100.00000000     100.00000000      97.68410000      90.99142000      78.62950000      46.65821000
     100.00000000     100.00000000     100.00000000     100.00000000      30.00000000      30.00000000      30.00000000      30.00000000      76.77299000      65.35776000      77.36716000      86.04206000      65.77580000     100.00000000     100.00000000     100.00000000     100.00000000      47.33950000      50.72364000      87.08124000
     100.00000000     100.00000000     100.00000000     100.00000000      30.00000000      30.00000000      30.00000000      30.00000000      43.78104000      63.05954000      90.64190000     100.00000000     100.00000000      98.85120000      86.90846000     100.00000000     100.00000000      73.09353000      85.19541000      90.45531000
     100.00000000     100.00000000      98.04585000     100.00000000      30.00000000      30.00000000      30.00000000      30.00000000      29.59028000      60.97551000      70.20901000      81.18149000      77.88633000     100.00000000     100.00000000     100.00000000      82.12653000     100.00000000      87.42663000      89.34361000
      90.73875000     100.00000000      63.99906000      94.77591000      30.00000000      30.00000000      30.00000000      30.00000000      25.97533000      31.45007000      33.39178000      78.70153000      93.35881000     100.00000000     100.00000000     100.00000000     100.00000000      77.41699000      71.62603000     100.00000000
     100.00000000      91.63546000      43.79403000      45.74675000      30.00000000      30.00000000      30.00000000      30.00000000      25.20850000      24.77019000      36.58294000      70.20137000      93.96269000     100.00000000     100.00000000     100.00000000     100.00000000     100.00000000     100.00000000     100.00000000
     100.00000000     100.00000000      73.89566000      26.61981000      30.00000000      30.00000000      30.00000000      30.00000000      22.75039000      22.67011000      42.34666000      97.32173000      92.45795000      82.39506000      90.63994000     100.00000000     100.00000000     100.00000000     100.00000000      77.17929000
      64.05663000      52.45685000      35.41580000      45.95661000      30.00000000      30.00000000      30.00000000      30.00000000      22.61911000      30.61420000      39.65359000      75.19570000     100.00000000     100.00000000      85.51114000      92.11549000     100.00000000     100.00000000     100.00000000      77.04635000
      54.59280000      38.83334000      23.89965000      30.21275000      30.00000000      30.00000000      30.00000000      30.00000000      28.05689000      29.89760000      33.57590000      60.64976000      77.11576000     100.00000000      91.53674000      91.98269000     100.00000000     100.00000000     100.00000000      79.17914000
      34.42521000      26.34648000      23.95735000      21.46768000      30.00000000      30.00000000      30.00000000      30.00000000      31.41573000      28.05552000      31.16056000      44.09902000      33.28411000      43.92212000      48.25216000      79.22189000      87.53596000      84.21158000     100.00000000     100.00000000
      25.81578000      18.71901000      17.78982000      22.95574000      30.00000000      30.00000000      30.00000000      30.00000000      37.49471000      39.03281000      30.30960000      41.95954000      62.55090000      62.82869000      55.30763000      67.58934000      57.78280000      68.19840000      74.09070000      67.77528000
      16.87127000      17.02919000      17.21773000      26.69858000      30.00000000      30.00000000      42.38093000      38.59300000      47.73494000      59.77096000      37.07836000      33.93160000      70.27067000      88.71766000      56.41054000      48.81232000      66.20481000      66.11986000      93.20459000      87.61568000
      14.74542000      12.77921000      15.47774000      19.92357000      23.14882000      30.00000000      60.03252000      30.10224000      37.09468000      48.92451000      55.68031000      61.72419000      63.26315000      64.55313000      65.40373000      84.03885000      75.03366000      74.82749000      85.73444000      69.58135000
      15.70686000      16.55979000      18.84405000      38.00495000      34.76024000      62.26590000      32.06197000      27.31528000      22.73462000      42.12728000      76.63627000      70.23275000      77.00014000      85.35835000      75.79603000      67.19728000      61.74836000      61.29725000      78.68048000      52.92121000
      27.23262000      28.72981000      36.27387000      28.87137000      27.81204000      39.15112000      31.38783000      34.05034000      22.68055000      49.52117000      42.07398000      56.24732000      56.33680000      62.50903000      56.47166000      24.26660000      31.17270000      41.59592000      46.67925000      35.59632000
      20.45814000      38.62158000      51.83794000      28.66287000      30.51588000      24.37376000      28.32242000      19.61348000      27.85935000      33.39499000      28.95948000      36.80143000      71.02010000      52.14237000      24.95019000      26.70734000      56.11042000      37.22359000      29.66156000      34.40042000
      35.72633000      38.56951000      26.45250000      29.63297000      38.63380000      18.89842000      29.86000000      18.12618000      13.41600000      16.31178000      35.55963000      46.80765000      86.12099000      27.11666000      17.91090000      22.30472000      35.86050000      29.91374000      39.13778000      27.83649000
      35.32484000      35.24730000      49.45690000      31.05248000      31.43925000      45.76119000      42.52427000      29.17259000      31.33213000      32.00663000      31.38097000      33.34106000      55.20674000      35.29441000      32.50774000      36.49663000      36.20357000      32.24810000      21.27279000      19.68388000
      26.91689000      39.94264000      37.79621000      33.28572000      51.36868000      65.71012000      46.84150000      46.63488000      40.91393000      45.81790000      27.79917000      32.45438000      45.35312000      46.39152000      41.92366000      37.29635000      50.11473000      34.09213000      28.74153000      18.74358000
      82.74374000     100.00000000      89.33542000      50.31479000      64.54324000      59.32590000      72.27282000      50.12153000      58.36715000      55.69473000      22.13729000      45.95214000      53.90354000      53.87057000      32.30623000      38.60291000      36.94633000      35.75019000      32.35955000      27.08081000
     100.00000000     100.00000000      88.46690000      70.83603000      65.88476000     100.00000000     100.00000000      98.86114000      76.73456000      47.47888000      27.98879000      45.47939000      46.20302000      53.43376000      43.07436000      41.89290000      41.50106000      30.43890000      38.46957000      36.90684000
     100.00000000      96.40257000      62.42643000      52.41256000      43.47807000      51.53924000      99.06938000      53.03761000      61.26290000      37.11875000      52.40492000      54.58059000      42.86007000      34.94224000      25.79112000      34.10263000      24.23822000      35.54617000      47.70602000      51.12218000
      30.00000000      50.03002000      51.56286000      37.10565000      26.42908000      33.78601000      51.60667000      36.10041000      49.81396000      45.04446000      64.62169000      44.64889000      48.33165000      22.76434000      28.79680000      31.89661000      34.24214000      46.97759000      56.20437000      76.45300000
      30.00000000      30.00000000      49.53155000      49.18046000      41.03389000      38.26491000      22.61423000      38.70666000      39.72076000      43.60791000      52.73026000      39.08622000      30.88570000      32.30204000      26.90028000      25.43576000      51.86239000      42.68380000      53.34209000      48.34666000
      30.00000000      30.00000000      30.00000000      52.17323000      60.64123000      44.93396000      24.45212000      24.42076000      31.47350000      22.37464000      30.34568000      32.62792000      25.44131000      27.70235000      48.42511000      28.83076000      36.59929000      26.81071000      29.74384000      32.99266000
      30.00000000      30.00000000      30.00000000      30.00000000      43.44068000      37.46085000      28.61377000      36.56670000      24.79489000      46.57804000      48.73234000      23.17358000      16.68396000      34.79198000      43.34723000      48.16298000      49.86489000      29.30443000      17.00045000      30.00000000
      30.00000000      30.00000000      30.00000000      30.00000000      55.08582000      46.31775000      40.54909000      32.82949000      38.99364000      60.41874000      38.83711000      31.38537000      21.16587000      23.35056000      62.44730000      51.89322000      44.92558000      36.96609000      30.77174000      30.00000000
      30.00000000      30.00000000      30.00000000      30.00000000      30.00000000      47.26766000      55.67367000      45.06912000      48.96449000      52.45090000      55.55169000      38.77744000      28.04484000      29.25769000      42.76198000      56.70452000      58.37031000      42.96154000      30.00000000      30.00000000
      30.00000000      30.00000000      30.00000000      30.00000000      30.00000000      44.78112000      35.45219000      52.68486000      59.83462000      66.24460000      66.57471000      28.83168000      29.41658000      35.35317000      45.79970000      49.66443000      48.24023000      30.00000000      30.00000000      30.00000000
      30.00000000      30.00000000      30.00000000      30.00000000      30.00000000      64.06366000      42.00809000      43.71292000      61.84255000      65.77102000      57.71711000      69.09165000     100.00000000      58.03844000      40.48348000      30.31840000      30.00000000      30.00000000      30.00000000      30.00000000
