      32.31508000      37.61314000      42.39634000      44.59024000      33.92710000      44.10814000      36.08590000      36.93688000      33.85977000      33.21409000      33.83239000      27.19955000      43.75301000      34.03828000      33.56474000      43.12213000      35.65923000      28.14489000      22.28343000      41.82701000
      45.78197000      41.47370000      43.08901000      34.15422000      37.64115000      43.03737000      46.94596000      43.92843000      43.76234000      38.30519000      31.92911000      40.19876000      34.53059000      38.54952000      32.50739000      31.13852000      42.84585000      33.94711000      47.39223000      32.40083000
      40.20448000      41.44951000      34.06164000      42.88506000      42.15984000      50.00000000      39.43510000      39.67119000      43.97671000      32.15552000      40.10024000      32.09274000      38.36559000      41.75682000      34.06369000      34.84107000      38.54317000      34.04991000      28.69825000      32.81818000
      45.15085000      46.52419000      40.92632000      36.92746000      43.83177000      48.47542000      45.43579000      34.69552000      34.34968000      32.72707000      45.19247000      34.95348000      37.38223000      37.74561000      29.42228000      36.41214000      31.42755000      29.00165000      40.81942000      21.88987000
      43.93097000      36.96367000      37.32906000      40.36242000      32.32282000      28.80664000      38.29492000      31.36246000      43.38124000      29.33323000      37.75990000      45.27600000      31.31842000      33.73061000      39.08586000      31.05427000      34.28147000      44.40938000      39.41912000      33.03808000
      32.79866000      36.71545000      37.27340000      45.89700000      44.51494000      42.70020000      38.68926000      31.99727000      41.30978000      35.34556000      42.98970000      31.69659000      30.97855000      40.53080000      44.60438000      39.94615000      33.40424000      35.39779000      30.04165000      37.78042000
      42.88948000      39.88044000      40.31022000      50.00000000      34.31463000      38.93437000      35.37640000      36.90262000      25.79267000      27.69007000      47.83361000      38.32105000      37.28239000      34.81318000      26.42810000      23.12780000      38.00219000      28.53480000      29.46136000      40.34632000
      33.77338000      45.98671000      45.65182000      41.58934000      48.96957000      34.90342000      34.74838000      41.46541000      27.33372000      41.78212000      44.86956000      22.07499000      40.86685000      43.10856000      39.96981000      30.94946000      34.63821000      38.39349000      33.85557000      40.20266000
      35.26189000      48.14057000      33.99940000      31.49942000       1.00000000       1.00000000       1.00000000      33.35793000      44.03151000      44.42169000      45.82147000      31.25614000      39.75830000      35.93760000      44.70713000      22.71416000      22.67500000      29.45678000      35.31185000      31.28311000
      38.28907000      34.99641000      41.17473000      35.38038000       1.00000000       1.00000000       1.00000000       1.00000000      33.35476000      29.48749000      31.67353000      33.47603000      30.30336000      38.53099000      34.77772000      36.33209000      46.55884000      33.20255000      34.34188000      38.66999000
      39.20066000      45.20497000      33.70832000      42.85558000       1.00000000       1.00000000       1.00000000       1.00000000      35.42365000      47.21669000      39.36281000      23.13304000      41.41193000      37.18370000      38.47300000      36.95096000      36.74943000      44.21915000      40.41625000      30.39770000
      42.08715000      33.17164000      36.83741000      45.23863000       1.00000000       1.00000000       1.00000000       1.00000000      36.67013000      36.93593000      26.50539000      29.05862000      37.06630000      29.74183000      40.78091000      31.64186000      40.05073000      28.94372000      32.90883000      22.87196000
      45.68562000      45.14969000      33.56053000      31.61719000       1.00000000       1.00000000       1.00000000       1.00000000      41.50024000      47.99529000      33.14411000      25.80435000      27.05684000      31.93362000      29.63100000      41.19613000      37.93909000      27.07930000      34.41728000      34.40490000
      23.35828000      40.89065000      47.85138000      36.23057000       1.00000000       1.00000000       1.00000000       1.00000000      36.54627000      24.86096000      31.96968000      29.17659000      30.15265000      40.24205000      29.30715000      35.88267000      24.57775000      40.35853000      40.80653000      45.52687000
      40.22385000      36.40667000      45.70787000      48.73389000       1.00000000       1.00000000       1.00000000       1.00000000      34.93375000      32.94056000      38.90652000      24.25000000      36.56468000      43.89048000      30.22217000      33.72088000      28.27809000      31.54881000      35.40927000      32.51019000
      44.32731000      37.06731000      50.00000000      40.82596000       1.00000000       1.00000000       1.00000000       1.00000000      32.05239000      33.23913000      31.31650000      47.00685000      34.56412000      39.36546000      30.18897000      39.02703000      38.88996000      31.45011000      28.52261000      40.06052000
      47.85633000      40.09797000      32.69856000      41.67169000       1.00000000       1.00000000       1.00000000       1.00000000      34.80101000      34.01586000      37.86895000      30.59346000      40.09224000      30.79292000      25.73028000      28.57167000      32.86048000      39.20136000      40.08641000      41.85941000
      42.02680000      38.69560000      43.89004000      42.24852000       1.00000000       1.00000000       1.00000000       1.00000000      38.36557000      38.50557000      28.71300000      37.42728000      40.54948000      32.04285000      46.73554000      39.31331000      34.10257000      40.39091000      39.14631000      32.32856000
      39.76112000      38.98025000      33.60692000      40.24011000       1.00000000       1.00000000       1.00000000       1.00000000      42.58618000      34.61911000      34.91786000      34.02322000      42.98979000      31.38319000      38.32450000      34.43591000      33.30278000      35.59659000      32.64919000      38.66964000
      36.70524000      25.82592000      36.36130000      41.46601000       1.00000000       1.00000000       1.00000000       1.00000000      31.63669000      30.24246000      33.30582000      31.67473000      32.60874000      27.97490000      48.62764000      28.61032000      40.32298000      35.23249000      31.51434000      30.28866000
      40.82399000      35.34668000      37.63991000      39.35292000       1.00000000       1.00000000       1.00000000       1.00000000      30.17667000      27.54849000      32.35539000      38.27729000      33.11375000      33.37430000      34.79984000      32.12159000      30.48821000      31.88641000      36.33039000      40.68284000
      37.69994000      40.64673000      28.59785000      32.09700000       1.00000000       1.00000000      42.37076000      35.77260000      36.14904000      39.11351000      37.45011000      44.84345000      40.21830000      31.23286000      31.06424000      43.21871000      38.08959000      26.90815000      29.29614000      44.62092000
      38.35127000      32.94862000      43.74691000      33.87758000      37.61134000       1.00000000      39.06252000      34.52566000      45.73222000      35.28687000      34.78575000      37.40121000      18.86698000      28.14694000      26.87277000      31.52893000      34.67888000      49.22238000      37.67085000      27.83324000
      39.13813000      40.50852000      37.85333000      35.59454000      36.22694000      37.71662000      29.11990000      43.17640000      29.20100000      32.17663000      41.44467000      37.26162000      32.54839000      39.33834000      44.63338000      38.02900000      46.27115000      35.33517000      41.45936000      38.38057000
      37.80504000      42.53584000      31.92443000      44.01051000      42.24959000      27.07690000      42.17597000      44.72059000      41.00883000      42.41077000      33.92990000      36.09756000      26.89473000      42.63190000      42.23615000      29.07456000      31.30991000      44.84696000      31.65831000      38.07869000
      39.10342000      44.81449000      39.72144000      37.50248000      42.43992000      28.27851000      33.93421000      28.99167000      21.40157000      37.28616000      26.94087000      32.62163000      34.49295000      35.87266000      27.06025000      32.57440000      29.76100000      33.55667000      36.63174000      28.94269000
      32.31331000      35.85139000      37.78575000      37.29319000      44.72693000      37.66671000      35.21630000      42.45740000      38.42950000      30.68019000      19.87951000      28.41281000      35.84376000      33.76823000      32.81566000      35.71373000      31.12673000      33.46070000      29.77711000      37.65169000
      33.59159000      43.45849000      36.22235000      34.82870000      30.54225000      33.16031000      35.33204000      36.59139000      35.74701000      38.57095000      36.52044000      35.89852000      30.45123000      36.20467000      31.34660000      32.87087000      44.50548000      36.30398000      33.76545000      30.28410000
      32.98269000      47.31115000      27.86048000      34.13152000      38.75841000      35.40664000      24.45905000      34.39363000      31.35236000      32.97887000      44.51861000      32.23900000      36.33347000      40.52571000      36.78355000      40.42912000      44.01821000      37.80613000      31.95860000      36.58686000
      35.34998000      34.47207000      41.21694000      41.23618000      36.57705000      27.00890000      32.56747000      38.08284000      35.38772000      40.39318000      32.98960000      35.59450000      38.88637000      22.05977000      35.53783000      31.13482000      38.85063000      33.59444000      38.81778000      35.02038000
      38.74947000      38.41261000      35.64070000      35.55606000      34.40362000      23.67082000      28.96209000      28.28784000      50.00000000      40.91716000      35.23027000      29.39501000      35.50764000      26.34643000      29.31886000      36.67196000      43.00461000      37.43426000      31.71192000      31.66025000
      36.61466000      26.83537000      25.17898000      27.09080000      38.08025000      36.76302000      32.22755000      34.60929000      45.01323000      30.30933000      31.09922000      35.57190000      33.62504000      29.86185000      26.95076000      29.61968000      30.83438000      27.08150000      35.51712000      38.93946000
       1.00000000      35.72049000      29.22401000      40.20041000      46.55533000      35.56558000      30.94917000      21.34929000      36.02305000      28.04110000      26.43283000      43.45005000      31.07794000      28.52006000      31.42620000      39.29054000      36.08773000      38.47731000      40.10277000      30.83947000
       1.00000000       1.00000000      30.04844000      32.34414000      41.12306000      28.30654000      36.45382000      29.41396000      36.82314000      36.56642000      37.50912000      29.33182000      39.88279000      36.45230000      33.02124000      37.30050000      31.23444000      30.48847000      35.49595000      29.35514000
       1.00000000       1.00000000       1.00000000      32.77027000      30.34584000      29.86106000      35.52141000      32.61742000      25.44989000      35.17955000      41.84010000      33.09847000      36.33831000      25.62861000      39.90221000      37.35998000      32.56133000      34.04089000      31.23970000      35.58412000
       1.00000000       1.00000000       1.00000000       1.00000000      47.88669000      34.59132000      30.06952000      37.89795000      32.00244000      32.62156000      37.31213000      24.66984000      29.59715000      45.96679000      24.34122000      28.42972000      37.12413000      35.39655000      37.05446000       1.00000000
       1.00000000       1.00000000       1.00000000       1.00000000      37.54880000      35.15856000      34.82146000      26.03991000      38.27747000      22.79187000      27.75226000      34.40447000      23.01629000      23.63361000      34.91670000      39.50558000      31.18292000      37.59376000      36.74059000       1.00000000
       1.00000000       1.00000000       1.00000000       1.00000000       1.00000000      40.97232000      44.21189000      36.83180000      30.71244000      39.44913000      32.11258000      30.49235000      31.65722000      42.58514000      31.40471000      31.65115000      23.25967000      27.67819000       1.00000000       1.00000000
       1.00000000       1.00000000       1.00000000       1.00000000       1.00000000      39.56582000      28.60957000      35.78068000      32.98229000      35.08629000      32.92024000      30.07074000      38.54791000      34.42693000      27.04361000      32.49803000      36.90376000       1.00000000       1.00000000       1.00000000
       1.00000000       1.00000000       1.00000000       1.00000000       1.00000000      17.18445000      32.28558000      38.15187000      38.78242000      37.34126000      34.66865000      36.44549000      25.17921000      30.37598000      42.93272000      32.91312000       1.00000000       1.00000000       1.00000000       1.00000000
