  5.47229900E-05  5.99078900E-05  8.96403500E-05  8.03732800E-05  9.49335300E-05  2.00000000E-04  2.00000000E-04  1.74447600E-04  9.21979900E-05  8.34116200E-05  8.19167200E-05  1.21191400E-04  1.33312500E-04  1.17849800E-04  8.06383100E-05  5.61448000E-05  3.23064000E-05  3.80971400E-05  3.80090500E-05  2.86773100E-05
  4.61664100E-05  6.14495300E-05  1.38500400E-04  1.11399400E-04  1.39750900E-04  2.00000000E-04  2.00000000E-04  2.00000000E-04  1.05311200E-04  5.13351200E-05  5.54435800E-05  4.99861900E-05  6.17805400E-05  4.24933800E-05  5.77980300E-05  4.36725400E-05  4.47077400E-05  4.01544600E-05  3.46618900E-05  2.36990700E-05
  8.97523300E-05  7.02033100E-05  6.18283200E-05  9.58727100E-05  9.63643300E-05  1.28619100E-04  1.59393100E-04  1.17358200E-04  8.02319200E-05  1.07477200E-04  7.56733400E-05  9.17278400E-05  5.18430800E-05  4.74795200E-05  5.36634500E-05  3.75793000E-05  3.86098900E-05  3.40228800E-05  2.73710700E-05  4.70795800E-05
  3.62095400E-05  3.72656200E-05  3.77606000E-05  6.16061200E-05  9.20913700E-05  1.13549000E-04  8.09993800E-05  7.22691300E-05  6.22802700E-05  1.00968700E-04  1.37896200E-04  1.53336800E-04  5.14597000E-05  4.10476300E-05  6.99397800E-05  6.32561300E-05  3.34826300E-05  4.03334300E-05  6.66449900E-05  7.03352700E-05
  2.58959300E-05  5.90076800E-05  4.44951200E-05  4.22480500E-05  6.00816000E-05  5.98032200E-05  8.63643600E-05  5.58555000E-05  5.96284000E-05  8.70674600E-05  1.36612900E-04  1.67388800E-04  7.44707400E-05  5.50281600E-05  8.07533800E-05  6.78754500E-05  6.16281200E-05  4.30025100E-05  4.08141000E-05  5.55187000E-05
  3.02192300E-05  5.26009100E-05  5.23961900E-05  4.60667000E-05  6.04103600E-05  7.43928900E-05  7.97533300E-05  7.52884900E-05  5.02381700E-05  1.15740300E-04  2.00000000E-04  2.00000000E-04  1.45398400E-04  1.53055100E-04  1.40897200E-04  8.52228400E-05  6.72845000E-05  5.32850000E-05  4.18469400E-05  5.77609400E-05
  3.75675300E-05  5.81775900E-05  6.85184900E-05  7.26845100E-05  6.38506900E-05  1.03171700E-04  1.42001300E-04  1.17212900E-04  4.96502200E-05  9.64105600E-05  1.37733800E-04  1.97118600E-04  2.00000000E-04  1.42622300E-04  1.25392000E-04  9.39541100E-05  8.33410100E-05  6.23047500E-05  5.13897300E-05  4.31703300E-05
  2.74840200E-05  4.64857400E-05  3.60355300E-05  5.80377400E-05  5.80455800E-05  5.27259600E-05  1.19342100E-04  9.56031200E-05  1.00855800E-04  1.40630400E-04  9.62563000E-05  1.37512700E-04  1.92520700E-04  1.47085900E-04  1.41848600E-04  1.26740500E-04  1.54064200E-04  6.38209200E-05  9.37174500E-05  8.94840000E-05
  3.48951500E-05  5.06810400E-05  5.62011300E-05  3.83608900E-05  8.41282700E-05  8.41282700E-05  8.41282700E-05  1.18538800E-04  1.41394500E-04  1.56049800E-04  1.45078900E-04  7.72365800E-05  1.52630700E-04  1.37518600E-04  1.40854500E-04  2.00000000E-04  2.00000000E-04  1.31567500E-04  7.57227100E-05  5.84456100E-05
  3.95679100E-05  4.09332500E-05  3.88820500E-05  3.57156900E-05  8.41282700E-05  8.41282700E-05  8.41282700E-05  8.41282700E-05  1.11808800E-04  1.78756700E-04  1.01896700E-04  7.17346000E-05  1.26674200E-04  1.32241600E-04  1.49055700E-04  1.69740700E-04  1.31527100E-04  7.96322700E-05  4.19791800E-05  2.77413400E-05
  3.76967200E-05  3.91785900E-05  3.31345400E-05  2.81061000E-05  8.41282700E-05  8.41282700E-05  8.41282700E-05  8.41282700E-05  8.05828700E-05  9.84597100E-05  1.27577600E-04  1.66508700E-04  1.13695700E-04  6.85527600E-05  7.24191200E-05  6.78794000E-05  1.03794200E-04  4.08682300E-05  4.59162000E-05  4.36309200E-05
  3.21231800E-05  3.06000000E-05  2.00000000E-05  3.57738700E-05  8.41282700E-05  8.41282700E-05  8.41282700E-05  8.41282700E-05  4.01214500E-05  3.32943600E-05  6.89485600E-05  8.67917400E-05  8.21839600E-05  2.95350300E-05  2.94447400E-05  2.38230500E-05  3.88176000E-05  5.86887600E-05  5.89926900E-05  3.30608000E-05
  3.46415400E-05  3.49344300E-05  3.98688200E-05  4.06447300E-05  8.41282700E-05  8.41282700E-05  8.41282700E-05  8.41282700E-05  3.96532800E-05  4.84221300E-05  6.77077000E-05  6.90377100E-05  4.48070800E-05  2.16544500E-05  2.00000000E-05  2.12781700E-05  3.23061800E-05  5.16576500E-05  3.63189200E-05  2.78259100E-05
  2.72446500E-05  3.06573000E-05  2.96578700E-05  3.24269200E-05  8.41282700E-05  8.41282700E-05  8.41282700E-05  8.41282700E-05  6.69459900E-05  4.09169100E-05  3.02988800E-05  2.64750000E-05  3.58854800E-05  2.72788400E-05  3.35664800E-05  4.27356700E-05  5.49237500E-05  4.10001800E-05  4.45860100E-05  3.92960900E-05
  3.69514100E-05  2.98596500E-05  2.96979400E-05  3.00430400E-05  8.41282700E-05  8.41282700E-05  8.41282700E-05  8.41282700E-05  6.53864400E-05  4.46555400E-05  2.00000000E-05  3.01801400E-05  3.50402800E-05  4.93807300E-05  3.30910900E-05  7.09941700E-05  5.30832700E-05  4.49541800E-05  3.22540700E-05  2.74796300E-05
  4.95998800E-05  2.49895900E-05  4.06306800E-05  3.38555500E-05  8.41282700E-05  8.41282700E-05  8.41282700E-05  8.41282700E-05  2.99573800E-05  2.52476300E-05  3.50643000E-05  3.55651800E-05  2.23846000E-05  3.08339000E-05  3.80805100E-05  4.17880600E-05  3.81432400E-05  2.85538100E-05  2.51259100E-05  2.00404300E-05
  3.69573400E-05  2.07121500E-05  2.00000000E-05  2.62742500E-05  8.41282700E-05  8.41282700E-05  8.41282700E-05  8.41282700E-05  3.18665800E-05  3.38407200E-05  2.60697100E-05  3.86644900E-05  4.03099600E-05  3.98332900E-05  3.11115200E-05  4.13710400E-05  4.11617600E-05  6.11624500E-05  4.55331400E-05  2.38539500E-05
  3.87887900E-05  2.00072200E-05  2.00000000E-05  2.00000000E-05  8.41282700E-05  8.41282700E-05  8.41282700E-05  8.41282700E-05  3.99335400E-05  2.98979400E-05  3.75322300E-05  3.86360400E-05  4.59161900E-05  3.49443000E-05  5.06003800E-05  4.62448800E-05  6.28017200E-05  6.67362000E-05  5.43965000E-05  4.96499800E-05
  4.28420300E-05  2.01890000E-05  2.00000000E-05  2.00000000E-05  8.41282700E-05  8.41282700E-05  8.41282700E-05  8.41282700E-05  2.76311600E-05  5.48550900E-05  3.85992500E-05  6.90754500E-05  6.33607800E-05  6.29882100E-05  8.66568600E-05  6.79963800E-05  5.60343000E-05  4.90783700E-05  4.27666500E-05  5.60055700E-05
  2.04314700E-05  3.17403900E-05  2.41288200E-05  2.15873300E-05  8.41282700E-05  8.41282700E-05  8.41282700E-05  8.41282700E-05  3.49387200E-05  2.24379400E-05  3.73480700E-05  9.43816800E-05  1.13697200E-04  6.40908900E-05  8.50098700E-05  6.18594500E-05  4.58869200E-05  7.07542400E-05  5.46051100E-05  5.46777400E-05
  2.42519100E-05  2.95207900E-05  2.24686800E-05  2.70163700E-05  8.41282700E-05  8.41282700E-05  8.41282700E-05  8.41282700E-05  5.60300600E-05  4.08520200E-05  7.69285700E-05  1.36032500E-04  1.06746500E-04  1.16484800E-04  8.35599600E-05  5.69180900E-05  3.77365200E-05  5.42775700E-05  5.55188600E-05  2.71638000E-05
  3.61831700E-05  3.59044300E-05  3.50715400E-05  3.55359400E-05  8.41282700E-05  8.41282700E-05  3.72345400E-05  3.14079700E-05  7.05142600E-05  8.69182500E-05  9.97636900E-05  1.20980500E-04  1.00126100E-04  8.07031000E-05  5.32456300E-05  4.50257000E-05  3.17804500E-05  3.14823400E-05  3.10209600E-05  3.02562700E-05
  4.12140800E-05  5.62666000E-05  6.94218200E-05  5.75038000E-05  6.81746500E-05  8.41282700E-05  5.47294400E-05  7.55656000E-05  1.41348900E-04  1.59150300E-04  1.47616400E-04  1.63085200E-04  1.03040700E-04  6.17482900E-05  4.44773400E-05  4.84190700E-05  3.14001300E-05  2.72646500E-05  3.56536700E-05  3.28299000E-05
  2.00000000E-05  3.98737400E-05  6.06051800E-05  7.54236600E-05  1.20795300E-04  9.35090100E-05  1.04289800E-04  1.10584600E-04  2.00000000E-04  2.00000000E-04  1.23886200E-04  1.56317300E-04  7.57431800E-05  3.87576400E-05  5.44025800E-05  6.07197100E-05  2.81365000E-05  4.45253700E-05  3.52035700E-05  3.42548900E-05
  4.53647600E-05  5.07086800E-05  7.23765300E-05  7.61462300E-05  9.82496000E-05  1.10190900E-04  1.67197400E-04  1.11427900E-04  1.73241300E-04  1.52490500E-04  9.85528400E-05  6.31862200E-05  5.08481100E-05  6.94545300E-05  4.89558900E-05  6.00277300E-05  7.97705600E-05  4.78985300E-05  6.62745000E-05  4.43920300E-05
  5.72695900E-05  6.02781000E-05  7.58857800E-05  8.39314100E-05  1.39901100E-04  1.17126600E-04  1.32436600E-04  1.91605600E-04  2.00000000E-04  1.23807000E-04  1.09065700E-04  9.12813600E-05  6.36852800E-05  1.09134200E-04  6.08359400E-05  9.91196000E-05  9.91233500E-05  5.04793100E-05  5.97072100E-05  4.34099200E-05
  5.36182800E-05  5.84752300E-05  1.01303900E-04  6.94496600E-05  1.63380700E-04  1.28739200E-04  1.67886900E-04  1.35391000E-04  1.31545200E-04  7.57449000E-05  6.16739200E-05  1.09025100E-04  1.45333200E-04  1.58336900E-04  6.94345500E-05  5.70389300E-05  1.05042600E-04  1.28977900E-04  1.09414700E-04  4.51352600E-05
  5.56564700E-05  7.82614400E-05  9.94374600E-05  8.05719100E-05  2.00000000E-04  1.81425500E-04  1.54976000E-04  1.28652900E-04  1.29195500E-04  9.85923200E-05  9.28585000E-05  1.11430100E-04  1.12157500E-04  2.00000000E-04  9.42354000E-05  7.83392600E-05  7.80822100E-05  1.22794000E-04  1.19517500E-04  8.71748100E-05
  6.50142400E-05  1.22959900E-04  1.24750000E-04  1.39934400E-04  1.97241900E-04  2.00000000E-04  2.00000000E-04  2.00000000E-04  1.76339200E-04  7.93639500E-05  9.13615300E-05  9.05163100E-05  1.25789100E-04  1.25052500E-04  4.60696700E-05  6.39780000E-05  5.41142700E-05  1.06244600E-04  1.03402600E-04  5.25834700E-05
  9.80786300E-05  1.06308700E-04  2.00000000E-04  2.00000000E-04  2.00000000E-04  2.00000000E-04  2.00000000E-04  1.55314200E-04  1.31420100E-04  9.53283400E-05  1.22372500E-04  1.29338000E-04  8.36333000E-05  6.62839300E-05  5.68437700E-05  3.36816100E-05  4.73328500E-05  5.60702000E-05  7.14598000E-05  8.81970000E-05
  6.94899600E-05  1.16651200E-04  1.76374600E-04  1.97838200E-04  2.00000000E-04  2.00000000E-04  2.00000000E-04  2.00000000E-04  1.95308100E-04  1.54877500E-04  1.10977900E-04  8.91036700E-05  7.71307800E-05  4.99115500E-05  3.99746900E-05  3.18140700E-05  6.73278200E-05  6.66055000E-05  5.17789800E-05  6.18218500E-05
  9.14866800E-05  7.98055100E-05  7.70505500E-05  8.40265200E-05  1.77636500E-04  2.00000000E-04  2.00000000E-04  2.00000000E-04  1.90098400E-04  1.49970400E-04  1.17396300E-04  6.41645900E-05  6.67604800E-05  7.36642300E-05  7.40382800E-05  7.23300800E-05  4.36674200E-05  8.15260300E-05  8.61943900E-05  5.06868400E-05
  8.41282700E-05  8.61274800E-05  6.20025200E-05  7.46026500E-05  1.06102700E-04  1.61415300E-04  2.00000000E-04  1.82154200E-04  1.89109300E-04  1.16485200E-04  9.89985100E-05  6.58055800E-05  7.88286000E-05  9.05826200E-05  4.45310600E-05  7.22866000E-05  4.26267600E-05  7.20098100E-05  9.26344900E-05  3.99161200E-05
  8.41282700E-05  8.41282700E-05  7.18071200E-05  6.17476000E-05  7.07888700E-05  1.21204000E-04  1.66778100E-04  1.47475300E-04  1.19352900E-04  8.42330500E-05  7.22005000E-05  6.25786600E-05  7.24076400E-05  8.24284700E-05  3.90724200E-05  5.09811900E-05  7.45741000E-05  4.70330400E-05  6.94372500E-05  5.54895500E-05
  8.41282700E-05  8.41282700E-05  8.41282700E-05  7.73797200E-05  5.61229000E-05  7.55847800E-05  1.05884400E-04  1.40580800E-04  9.72336800E-05  7.64551600E-05  9.77170700E-05  7.26616000E-05  6.76446600E-05  5.76137000E-05  6.19789400E-05  4.65596500E-05  5.51644100E-05  3.27925500E-05  5.04488900E-05  3.71913300E-05
  8.41282700E-05  8.41282700E-05  8.41282700E-05  8.41282700E-05  4.22184300E-05  7.82538400E-05  8.46753900E-05  1.20317100E-04  1.35924600E-04  1.77590200E-04  9.74973400E-05  9.55616200E-05  8.13005500E-05  7.77516300E-05  8.84869900E-05  4.54300600E-05  4.76201400E-05  3.02705400E-05  3.51003900E-05  8.41282700E-05
  8.41282700E-05  8.41282700E-05  8.41282700E-05  8.41282700E-05  5.94504800E-05  6.34869500E-05  6.13841700E-05  7.78280700E-05  9.79941900E-05  7.46735000E-05  5.42794600E-05  5.45403200E-05  7.45633700E-05  9.94381600E-05  7.41174800E-05  6.56232100E-05  4.53487100E-05  3.83604600E-05  6.93133600E-05  8.41282700E-05
  8.41282700E-05  8.41282700E-05  8.41282700E-05  8.41282700E-05  8.41282700E-05  3.62799100E-05  2.57894600E-05  3.96393400E-05  5.86358800E-05  4.26119100E-05  4.51194900E-05  4.26184200E-05  4.45814000E-05  6.49647600E-05  6.15277900E-05  6.33159000E-05  7.07710600E-05  8.42376000E-05  8.41282700E-05  8.41282700E-05
  8.41282700E-05  8.41282700E-05  8.41282700E-05  8.41282700E-05  8.41282700E-05  2.57975000E-05  2.65176000E-05  2.49489100E-05  3.08740700E-05  2.74484900E-05  3.26926800E-05  2.69014800E-05  5.21839400E-05  5.45780600E-05  6.38268500E-05  6.20908800E-05  7.36631200E-05  8.41282700E-05  8.41282700E-05  8.41282700E-05
  8.41282700E-05  8.41282700E-05  8.41282700E-05  8.41282700E-05  8.41282700E-05  2.66945300E-05  2.23861100E-05  3.10596700E-05  3.42085800E-05  3.76395400E-05  4.07074200E-05  3.01856600E-05  4.24262800E-05  6.13449300E-05  9.33579300E-05  7.50683600E-05  8.41282700E-05  8.41282700E-05  8.41282700E-05  8.41282700E-05
