   8.116404E-02   1.164564E-01   1.348990E-01   1.110694E-01   1.686523E-01   2.210003E-01   1.984800E-01   1.625726E-01   1.686656E-01   9.865953E-02   1.202842E-01   1.625222E-01   8.456567E-02   9.833451E-02   8.008515E-02   6.292340E-02   7.063264E-02   7.444500E-02   4.633271E-02   3.304794E-02
   8.929086E-02   1.038913E-01   1.425235E-01   1.547882E-01   1.951880E-01   2.161383E-01   1.383362E-01   1.468380E-01   1.606984E-01   8.059857E-02   8.048996E-02   1.217941E-01   8.408054E-02   6.934439E-02   6.657117E-02   4.554934E-02   6.438164E-02   8.507897E-02   6.539567E-02   5.726650E-02
   8.787942E-02   8.518795E-02   1.353086E-01   1.417983E-01   8.072378E-02   1.292276E-01   1.412087E-01   7.439625E-02   1.051654E-01   7.639884E-02   7.782780E-02   1.438594E-01   1.000549E-01   7.330998E-02   4.691130E-02   7.425958E-02   1.118059E-01   8.415410E-02   6.371951E-02   5.831379E-02
   9.088477E-02   8.029443E-02   1.069900E-01   8.740426E-02   8.657976E-02   8.664474E-02   7.437792E-02   8.588316E-02   1.004382E-01   9.062044E-02   7.558773E-02   1.050994E-01   8.224169E-02   1.107750E-01   6.848633E-02   6.125803E-02   8.866081E-02   6.061774E-02   4.278005E-02   5.471090E-02
   1.231512E-01   1.575283E-01   2.277810E-01   1.178474E-01   1.524533E-01   9.161608E-02   6.762547E-02   6.858664E-02   1.249352E-01   8.041714E-02   8.191161E-02   1.055800E-01   8.720003E-02   1.039794E-01   1.084903E-01   9.031255E-02   6.698050E-02   4.062431E-02   5.786098E-02   7.722482E-02
   1.271374E-01   1.405463E-01   1.411235E-01   1.202637E-01   1.099800E-01   7.577567E-02   6.331819E-02   8.126350E-02   5.644528E-02   8.471471E-02   1.035379E-01   2.354484E-01   1.257497E-01   1.429916E-01   7.463857E-02   9.610351E-02   4.625616E-02   4.197358E-02   4.604832E-02   7.113483E-02
   1.002589E-01   1.212555E-01   1.396625E-01   7.950305E-02   7.036870E-02   7.417724E-02   6.802171E-02   6.553304E-02   5.230297E-02   9.213771E-02   2.312357E-01   1.474650E-01   1.978984E-01   9.397430E-02   8.812314E-02   1.386502E-01   7.645027E-02   5.007393E-02   5.052492E-02   1.057197E-01
   1.289133E-01   1.243233E-01   1.650870E-01   5.733427E-02   4.251168E-02   5.244447E-02   4.218714E-02   7.308229E-02   8.205028E-02   9.291924E-02   1.809627E-01   1.467425E-01   1.538491E-01   1.175492E-01   1.139129E-01   8.423625E-02   6.375740E-02   7.090811E-02   9.416526E-02   1.482159E-01
   1.394528E-01   1.154013E-01   1.168443E-01   6.458775E-02   1.000000E-01   1.000000E-01   1.000000E-01   7.907752E-02   1.172237E-01   1.406099E-01   2.000254E-01   1.864306E-01   7.744854E-02   1.110751E-01   5.251605E-02   8.680528E-02   7.843283E-02   5.594424E-02   6.428895E-02   9.348463E-02
   1.460220E-01   1.480160E-01   4.359296E-02   3.709494E-02   1.000000E-01   1.000000E-01   1.000000E-01   1.000000E-01   9.366252E-02   1.170677E-01   1.535878E-01   1.568926E-01   1.351186E-01   8.101641E-02   7.204309E-02   6.947169E-02   6.418623E-02   1.062996E-01   6.108378E-02   9.064344E-02
   1.569792E-01   1.684384E-01   6.820479E-02   3.457467E-02   1.000000E-01   1.000000E-01   1.000000E-01   1.000000E-01   9.028297E-02   9.062626E-02   1.307902E-01   1.060738E-01   9.047270E-02   5.983899E-02   5.399895E-02   6.376004E-02   6.119100E-02   9.523321E-02   8.196816E-02   1.036057E-01
   8.450527E-02   1.136947E-01   6.388837E-02   4.241311E-02   1.000000E-01   1.000000E-01   1.000000E-01   1.000000E-01   8.130649E-02   1.637636E-01   1.608698E-01   9.282112E-02   7.094336E-02   4.592310E-02   4.478414E-02   6.687073E-02   9.060774E-02   6.637089E-02   5.900589E-02   1.064111E-01
   1.109465E-01   7.431624E-02   6.181639E-02   6.737344E-02   1.000000E-01   1.000000E-01   1.000000E-01   1.000000E-01   1.400581E-01   1.572962E-01   1.354243E-01   1.191725E-01   6.672091E-02   4.269879E-02   8.027231E-02   6.893696E-02   3.833395E-02   4.367155E-02   4.447521E-02   6.983426E-02
   8.627707E-02   1.015653E-01   9.091232E-02   1.345695E-01   1.000000E-01   1.000000E-01   1.000000E-01   1.000000E-01   1.524560E-01   2.099307E-01   1.518881E-01   9.516253E-02   5.294698E-02   5.045112E-02   4.165205E-02   4.583369E-02   2.926037E-02   2.836299E-02   4.101755E-02   5.607692E-02
   6.855640E-02   6.191912E-02   1.091284E-01   1.648366E-01   1.000000E-01   1.000000E-01   1.000000E-01   1.000000E-01   2.182581E-01   2.503196E-01   1.022787E-01   1.194029E-01   6.480968E-02   4.061565E-02   3.136596E-02   4.102871E-02   3.203843E-02   2.389186E-02   3.470185E-02   5.436675E-02
   7.619121E-02   1.320343E-01   1.008638E-01   1.732306E-01   1.000000E-01   1.000000E-01   1.000000E-01   1.000000E-01   1.353875E-01   1.412108E-01   9.073100E-02   7.262764E-02   9.231112E-02   5.462090E-02   3.872909E-02   3.290447E-02   3.163897E-02   3.874180E-02   3.919679E-02   8.335306E-02
   7.302978E-02   1.065825E-01   1.592306E-01   2.223502E-01   1.000000E-01   1.000000E-01   1.000000E-01   1.000000E-01   1.834631E-01   1.116131E-01   1.146108E-01   6.431134E-02   4.633207E-02   6.707365E-02   7.685665E-02   7.242670E-02   3.407380E-02   3.730495E-02   6.236289E-02   1.576920E-01
   7.710490E-02   7.039300E-02   1.188173E-01   1.032320E-01   1.000000E-01   1.000000E-01   1.000000E-01   1.000000E-01   8.325393E-02   8.034203E-02   6.197368E-02   7.779630E-02   5.288518E-02   6.714908E-02   4.823048E-02   6.219669E-02   7.264271E-02   7.869974E-02   9.484323E-02   1.871929E-01
   7.422942E-02   6.527552E-02   1.091532E-01   1.017777E-01   1.000000E-01   1.000000E-01   1.000000E-01   1.000000E-01   8.013953E-02   7.981577E-02   4.270834E-02   6.922803E-02   5.014552E-02   5.738205E-02   3.851011E-02   5.607529E-02   8.130688E-02   1.100998E-01   8.521675E-02   1.057076E-01
   6.578067E-02   1.166744E-01   1.383876E-01   1.691828E-01   1.000000E-01   1.000000E-01   1.000000E-01   1.000000E-01   9.676722E-02   4.859866E-02   5.934605E-02   7.870169E-02   5.468745E-02   1.048267E-01   6.522499E-02   9.627205E-02   1.310586E-01   1.714862E-01   2.535536E-01   1.787374E-01
   9.689533E-02   8.346224E-02   1.111344E-01   9.254275E-02   1.000000E-01   1.000000E-01   1.000000E-01   1.000000E-01   9.470943E-02   1.511633E-01   1.383227E-01   9.875294E-02   7.484877E-02   1.152317E-01   1.097133E-01   9.133034E-02   7.065888E-02   1.846742E-01   2.554502E-01   2.535597E-01
   1.009896E-01   9.466246E-02   8.949035E-02   9.001424E-02   1.000000E-01   1.000000E-01   1.628606E-01   1.600895E-01   1.955154E-01   2.232060E-01   1.899925E-01   2.017679E-01   1.151229E-01   1.183510E-01   1.778141E-01   1.985974E-01   1.894451E-01   1.682776E-01   1.857204E-01   1.572583E-01
   1.772290E-01   1.564664E-01   1.431371E-01   1.205739E-01   1.060264E-01   1.000000E-01   1.483539E-01   1.279185E-01   2.110610E-01   2.704817E-01   2.375891E-01   1.707641E-01   1.403479E-01   1.393240E-01   2.196920E-01   2.048700E-01   2.819514E-01   2.476511E-01   1.370643E-01   1.216887E-01
   2.054053E-01   2.206111E-01   2.256836E-01   1.816222E-01   1.037520E-01   1.241775E-01   1.758873E-01   1.498148E-01   1.675738E-01   2.136243E-01   2.304406E-01   1.713582E-01   1.515774E-01   1.494266E-01   2.389597E-01   1.919688E-01   1.980983E-01   1.959800E-01   1.382951E-01   1.987349E-01
   1.940280E-01   3.706769E-01   1.411554E-01   1.626089E-01   1.197788E-01   2.049446E-01   1.647355E-01   1.742333E-01   1.912421E-01   1.822958E-01   1.952042E-01   1.595215E-01   1.404037E-01   1.399756E-01   2.308186E-01   1.785512E-01   2.140413E-01   1.808584E-01   1.637849E-01   2.457921E-01
   1.934909E-01   2.896233E-01   1.532879E-01   1.309043E-01   1.069944E-01   1.271745E-01   1.722578E-01   1.225406E-01   1.176960E-01   1.041465E-01   1.209170E-01   8.610620E-02   1.271682E-01   1.652806E-01   1.943608E-01   3.486181E-01   2.401853E-01   2.468659E-01   2.634630E-01   2.547711E-01
   1.510883E-01   2.301088E-01   2.562658E-01   1.914089E-01   1.581514E-01   2.596598E-01   1.411739E-01   1.014322E-01   9.729295E-02   8.328422E-02   1.050957E-01   1.339492E-01   1.689901E-01   2.458409E-01   4.000000E-01   3.749699E-01   1.571741E-01   3.014542E-01   4.000000E-01   1.898979E-01
   2.358659E-01   3.057913E-01   2.637641E-01   2.503147E-01   2.177670E-01   1.268250E-01   1.316282E-01   8.093885E-02   8.722259E-02   1.090240E-01   1.569499E-01   2.150169E-01   2.533280E-01   2.177530E-01   2.476858E-01   3.314760E-01   2.446144E-01   2.186927E-01   2.163622E-01   2.078046E-01
   2.305280E-01   2.994377E-01   2.354699E-01   1.511824E-01   2.819475E-01   2.511459E-01   9.860610E-02   1.197465E-01   7.790197E-02   1.468183E-01   1.623169E-01   1.673916E-01   1.223218E-01   1.762915E-01   2.420431E-01   2.382030E-01   2.312215E-01   1.267625E-01   9.149274E-02   1.191460E-01
   2.881031E-01   1.663256E-01   1.752787E-01   1.356005E-01   1.576426E-01   1.792674E-01   8.965503E-02   1.439146E-01   1.031333E-01   1.096968E-01   1.862497E-01   1.484437E-01   1.459900E-01   1.808937E-01   1.954967E-01   1.784018E-01   2.417276E-01   1.114965E-01   1.039428E-01   8.670447E-02
   1.813642E-01   1.396814E-01   1.006850E-01   8.513550E-02   9.397390E-02   8.072768E-02   9.816476E-02   1.406964E-01   2.164572E-01   1.853440E-01   1.750785E-01   1.280132E-01   1.238676E-01   1.800882E-01   1.990799E-01   3.105210E-01   2.421194E-01   9.794263E-02   1.320867E-01   1.369337E-01
   7.160101E-02   6.608125E-02   8.303545E-02   8.060215E-02   9.170209E-02   8.432750E-02   9.664959E-02   1.451759E-01   1.369948E-01   1.239396E-01   1.751182E-01   9.248979E-02   1.495820E-01   2.341838E-01   2.803693E-01   2.527832E-01   3.483371E-01   2.252895E-01   1.745268E-01   1.488886E-01
   1.000000E-01   4.134154E-02   5.986875E-02   4.319213E-02   5.049675E-02   8.913612E-02   8.461792E-02   7.532518E-02   1.452700E-01   1.070353E-01   1.667778E-01   1.640952E-01   1.598118E-01   2.567935E-01   2.591382E-01   2.378641E-01   2.159079E-01   2.315716E-01   1.404480E-01   1.525893E-01
   1.000000E-01   1.000000E-01   4.477326E-02   3.507307E-02   3.587240E-02   6.169352E-02   5.199311E-02   5.686997E-02   9.100859E-02   8.270778E-02   1.029203E-01   1.617087E-01   1.914784E-01   4.000000E-01   2.694054E-01   1.724888E-01   1.764052E-01   1.959613E-01   1.980018E-01   1.740818E-01
   1.000000E-01   1.000000E-01   1.000000E-01   6.071124E-02   5.827260E-02   5.988123E-02   2.901889E-02   5.713564E-02   7.082477E-02   1.215667E-01   1.001458E-01   1.804896E-01   3.340179E-01   3.543589E-01   2.693575E-01   1.700989E-01   1.193175E-01   1.416495E-01   1.449068E-01   1.353129E-01
   1.000000E-01   1.000000E-01   1.000000E-01   1.000000E-01   7.627635E-02   3.778595E-02   3.769802E-02   5.375146E-02   9.092162E-02   1.234260E-01   1.394111E-01   1.658230E-01   3.552867E-01   3.083190E-01   2.747013E-01   1.390969E-01   1.698828E-01   9.562592E-02   1.209528E-01   1.000000E-01
   1.000000E-01   1.000000E-01   1.000000E-01   1.000000E-01   9.067666E-02   8.144866E-02   4.905063E-02   5.744873E-02   7.327788E-02   1.291704E-01   1.273034E-01   1.092451E-01   1.724139E-01   3.331122E-01   3.258512E-01   1.706403E-01   1.537845E-01   1.123573E-01   1.172684E-01   1.000000E-01
   1.000000E-01   1.000000E-01   1.000000E-01   1.000000E-01   1.000000E-01   1.024266E-01   1.350334E-01   1.191711E-01   1.530339E-01   1.336751E-01   1.685604E-01   1.972532E-01   1.978278E-01   1.797588E-01   2.282601E-01   2.205209E-01   1.552983E-01   2.153866E-01   1.000000E-01   1.000000E-01
   1.000000E-01   1.000000E-01   1.000000E-01   1.000000E-01   1.000000E-01   7.311813E-02   1.111197E-01   7.342473E-02   1.627800E-01   2.084991E-01   1.694806E-01   2.334914E-01   1.818910E-01   1.699758E-01   1.476487E-01   2.167950E-01   1.656915E-01   1.000000E-01   1.000000E-01   1.000000E-01
   1.000000E-01   1.000000E-01   1.000000E-01   1.000000E-01   1.000000E-01   9.233430E-02   1.052602E-01   1.621847E-01   1.919750E-01   1.898334E-01   1.563555E-01   1.802272E-01   1.584147E-01   2.092527E-01   1.207716E-01   1.360475E-01   1.000000E-01   1.000000E-01   1.000000E-01   1.000000E-01
