  5.39559700E-05  5.90682000E-05  8.83839200E-05  7.92467500E-05  9.36029100E-05  2.00000000E-04  2.00000000E-04  1.72002500E-04  9.09057100E-05  8.22425000E-05  8.07685500E-05  1.19492700E-04  1.31443900E-04  1.16198000E-04  7.95080600E-05  5.53578600E-05  3.18535900E-05  3.75631600E-05  3.74763100E-05  2.82753600E-05
  4.55193300E-05  6.05882400E-05  1.36559100E-04  1.09838000E-04  1.37792100E-04  2.00000000E-04  2.00000000E-04  2.00000000E-04  1.03835200E-04  5.06155900E-05  5.46664600E-05  4.92855600E-05  6.09146000E-05  4.18977700E-05  5.69879200E-05  4.30604200E-05  4.40811000E-05  3.95916400E-05  3.41760600E-05  2.33669000E-05
  8.84943300E-05  6.92193200E-05  6.09617100E-05  9.45289300E-05  9.50136600E-05  1.26816400E-04  1.57159000E-04  1.15713300E-04  7.91073600E-05  1.05970700E-04  7.46126700E-05  9.04421500E-05  5.11164300E-05  4.68140300E-05  5.29112900E-05  3.70525800E-05  3.80687200E-05  3.35460000E-05  2.69874300E-05  4.64197000E-05
  3.57020100E-05  3.67432900E-05  3.72313400E-05  6.07426300E-05  9.08005800E-05  1.11957500E-04  7.98640600E-05  7.12561800E-05  6.14073300E-05  9.95534800E-05  1.35963400E-04  1.51187600E-04  5.07384300E-05  4.04722900E-05  6.89594800E-05  6.23695100E-05  3.30133300E-05  3.97681000E-05  6.57108700E-05  6.93494300E-05
  2.55329700E-05  5.81806100E-05  4.38714600E-05  4.16558800E-05  5.92394800E-05  5.89650000E-05  8.51538500E-05  5.50726200E-05  5.87926200E-05  8.58471000E-05  1.34698100E-04  1.65042600E-04  7.34269400E-05  5.42568700E-05  7.96215200E-05  6.69240900E-05  6.07643200E-05  4.23997800E-05  4.02420400E-05  5.47405400E-05
  2.97956700E-05  5.18636400E-05  5.16617800E-05  4.54210100E-05  5.95636300E-05  7.33501800E-05  7.86354800E-05  7.42332200E-05  4.95340200E-05  1.14118100E-04  2.00000000E-04  2.00000000E-04  1.43360500E-04  1.50909800E-04  1.38922400E-04  8.40283300E-05  6.63414200E-05  5.25381400E-05  4.12604000E-05  5.69513400E-05
  3.70409700E-05  5.73621500E-05  6.75581200E-05  7.16657400E-05  6.29557400E-05  1.01725600E-04  1.40010900E-04  1.15570000E-04  4.89543100E-05  9.50592400E-05  1.35803300E-04  1.94355700E-04  2.00000000E-04  1.40623300E-04  1.23634500E-04  9.26372200E-05  8.21728800E-05  6.14314700E-05  5.06694300E-05  4.25652400E-05
  2.70988000E-05  4.58341800E-05  3.55304400E-05  5.72242600E-05  5.72320000E-05  5.19869400E-05  1.17669300E-04  9.42631200E-05  9.94422000E-05  1.38659200E-04  9.49071400E-05  1.35585200E-04  1.89822300E-04  1.45024300E-04  1.39860400E-04  1.24964000E-04  1.51904800E-04  6.29263800E-05  9.24038800E-05  8.82297600E-05
  3.44060500E-05  4.99706800E-05  5.54134000E-05  3.78232100E-05  5.70774600E-05  5.70774600E-05  5.70774600E-05  1.16877300E-04  1.39412700E-04  1.53862600E-04  1.43045500E-04  7.61540100E-05  1.50491400E-04  1.35591100E-04  1.38880200E-04  2.00000000E-04  2.00000000E-04  1.29723400E-04  7.46613600E-05  5.76264100E-05
  3.90133100E-05  4.03595100E-05  3.83370600E-05  3.52150900E-05  5.70774600E-05  5.70774600E-05  5.70774600E-05  5.70774600E-05  1.10241700E-04  1.76251200E-04  1.00468500E-04  7.07291500E-05  1.24898700E-04  1.30388100E-04  1.46966500E-04  1.67361600E-04  1.29683600E-04  7.85161200E-05  4.13907800E-05  2.73525100E-05
  3.71683500E-05  3.86294500E-05  3.26701100E-05  2.77121600E-05  5.70774600E-05  5.70774600E-05  5.70774600E-05  5.70774600E-05  7.94533900E-05  9.70796600E-05  1.25789400E-04  1.64174900E-04  1.12102100E-04  6.75919100E-05  7.14040700E-05  6.69279800E-05  1.02339400E-04  4.02954100E-05  4.52726200E-05  4.30193700E-05
  3.16729300E-05  3.01711000E-05  2.00000000E-05  3.52724500E-05  5.70774600E-05  5.70774600E-05  5.70774600E-05  5.70774600E-05  3.95590900E-05  3.28276900E-05  6.79821500E-05  8.55752300E-05  8.10320500E-05  2.91210600E-05  2.90320300E-05  2.34891400E-05  3.82735200E-05  5.78661600E-05  5.81658300E-05  3.25974100E-05
  3.41560000E-05  3.44447800E-05  3.93100100E-05  4.00750400E-05  5.70774600E-05  5.70774600E-05  5.70774600E-05  5.70774600E-05  3.90974900E-05  4.77434300E-05  6.67586800E-05  6.80700600E-05  4.41790500E-05  2.13509300E-05  2.00000000E-05  2.09799300E-05  3.18533700E-05  5.09336000E-05  3.58098600E-05  2.74358900E-05
  2.68627800E-05  3.02276000E-05  2.92421700E-05  3.19724200E-05  5.70774600E-05  5.70774600E-05  5.70774600E-05  5.70774600E-05  6.60076600E-05  4.03434100E-05  2.98742000E-05  2.61039200E-05  3.53824900E-05  2.68964900E-05  3.30960000E-05  4.21366700E-05  5.41539200E-05  4.04255100E-05  4.39610800E-05  3.87453000E-05
  3.64334900E-05  2.94411300E-05  2.92816900E-05  2.96219500E-05  5.70774600E-05  5.70774600E-05  5.70774600E-05  5.70774600E-05  6.44699600E-05  4.40296400E-05  2.00000000E-05  2.97571300E-05  3.45491400E-05  4.86885900E-05  3.26272700E-05  6.99990900E-05  5.23392400E-05  4.43240900E-05  3.18019800E-05  2.70944600E-05
  4.89046800E-05  2.46393300E-05  4.00611800E-05  3.33810200E-05  5.70774600E-05  5.70774600E-05  5.70774600E-05  5.70774600E-05  2.95374900E-05  2.48937600E-05  3.45728300E-05  3.50666900E-05  2.20708500E-05  3.04017200E-05  3.75467600E-05  4.12023400E-05  3.76086200E-05  2.81535900E-05  2.47737300E-05  2.00000000E-05
  3.64393400E-05  2.04218400E-05  2.00000000E-05  2.59059800E-05  5.70774600E-05  5.70774600E-05  5.70774600E-05  5.70774600E-05  3.14199300E-05  3.33664000E-05  2.57043100E-05  3.81225600E-05  3.97449600E-05  3.92749800E-05  3.06754500E-05  4.07911700E-05  4.05848200E-05  6.03051800E-05  4.48949400E-05  2.35196100E-05
  3.82451100E-05  2.00000000E-05  2.00000000E-05  2.00000000E-05  5.70774600E-05  5.70774600E-05  5.70774600E-05  5.70774600E-05  3.93738100E-05  2.94788800E-05  3.70061600E-05  3.80945100E-05  4.52726200E-05  3.44545100E-05  4.98911400E-05  4.55967000E-05  6.19214700E-05  6.58008100E-05  5.36340700E-05  4.89540700E-05
  4.22415400E-05  2.00000000E-05  2.00000000E-05  2.00000000E-05  5.70774600E-05  5.70774600E-05  5.70774600E-05  5.70774600E-05  2.72438700E-05  5.40862300E-05  3.80582300E-05  6.81072700E-05  6.24726900E-05  6.21053500E-05  8.54422500E-05  6.70433200E-05  5.52489000E-05  4.83904700E-05  4.21672200E-05  5.52205700E-05
  2.01451000E-05  3.12955100E-05  2.37906200E-05  2.12847500E-05  5.70774600E-05  5.70774600E-05  5.70774600E-05  5.70774600E-05  3.44490000E-05  2.21234500E-05  3.68245800E-05  9.30588000E-05  1.12103600E-04  6.31925700E-05  8.38183400E-05  6.09924000E-05  4.52437500E-05  6.97625200E-05  5.38397400E-05  5.39113600E-05
  2.39119900E-05  2.91070200E-05  2.21537500E-05  2.66377000E-05  5.70774600E-05  5.70774600E-05  5.70774600E-05  5.70774600E-05  5.52447200E-05  4.02794300E-05  7.58503100E-05  1.34125900E-04  1.05250300E-04  1.14852200E-04  8.23887600E-05  5.61203000E-05  3.72075900E-05  5.35168000E-05  5.47406900E-05  2.67830600E-05
  3.56760200E-05  3.54011800E-05  3.45799600E-05  3.50378600E-05  5.70774600E-05  5.70774600E-05  3.67126500E-05  3.09677400E-05  6.95259100E-05  8.56999700E-05  9.83653700E-05  1.19284800E-04  9.87227400E-05  7.95719400E-05  5.24993200E-05  4.43946100E-05  3.13350100E-05  3.10410700E-05  3.05861600E-05  2.98321900E-05
  4.06364100E-05  5.54779500E-05  6.84487800E-05  5.66978100E-05  6.72191000E-05  5.70774600E-05  5.39623400E-05  7.45064500E-05  1.39367700E-04  1.56919600E-04  1.45547400E-04  1.60799300E-04  1.01596400E-04  6.08828000E-05  4.38539300E-05  4.77404100E-05  3.09600200E-05  2.68825000E-05  3.51539400E-05  3.23697500E-05
  2.00000000E-05  3.93148600E-05  5.97557200E-05  7.43665000E-05  1.19102200E-04  9.21983500E-05  1.02828000E-04  1.09034600E-04  1.98617800E-04  2.00000000E-04  1.22149800E-04  1.54126300E-04  7.46815300E-05  3.82144000E-05  5.36400600E-05  5.98686400E-05  2.77421300E-05  4.39012900E-05  3.47101400E-05  3.37747700E-05
  4.47289200E-05  4.99979300E-05  7.13620800E-05  7.50789400E-05  9.68725000E-05  1.08646400E-04  1.64853900E-04  1.09866100E-04  1.70813100E-04  1.50353200E-04  9.71714900E-05  6.23005800E-05  5.01354000E-05  6.84810300E-05  4.82697000E-05  5.91863600E-05  7.86524700E-05  4.72271700E-05  6.53455800E-05  4.37698200E-05
  5.64668800E-05  5.94332300E-05  7.48221400E-05  8.27550000E-05  1.37940200E-04  1.15484900E-04  1.30580400E-04  1.88920000E-04  1.99494800E-04  1.22071600E-04  1.07537000E-04  9.00019400E-05  6.27926500E-05  1.07604600E-04  5.99832400E-05  9.77303100E-05  9.77340000E-05  4.97717800E-05  5.88703400E-05  4.28014700E-05
  5.28667500E-05  5.76556300E-05  9.98840000E-05  6.84762300E-05  1.61090700E-04  1.26934800E-04  1.65533700E-04  1.33493300E-04  1.29701400E-04  7.46832400E-05  6.08094700E-05  1.07497000E-04  1.43296100E-04  1.56117600E-04  6.84613400E-05  5.62394600E-05  1.03570200E-04  1.27170100E-04  1.07881100E-04  4.45026300E-05
  5.48763700E-05  7.71645000E-05  9.80437100E-05  7.94425800E-05  2.00000000E-04  1.78882600E-04  1.52803800E-04  1.26849700E-04  1.27384600E-04  9.72104200E-05  9.15569600E-05  1.09868200E-04  1.10585400E-04  2.00000000E-04  9.29145600E-05  7.72412300E-05  7.69877800E-05  1.21072800E-04  1.17842300E-04  8.59529400E-05
  6.41029800E-05  1.21236400E-04  1.23001400E-04  1.37973000E-04  1.94477300E-04  2.00000000E-04  2.00000000E-04  2.00000000E-04  1.73867500E-04  7.82515600E-05  9.00809700E-05  8.92476100E-05  1.24026000E-04  1.23299700E-04  4.54239400E-05  6.30812600E-05  5.33557800E-05  1.04755400E-04  1.01953200E-04  5.18464400E-05
  9.67039300E-05  1.04818600E-04  2.00000000E-04  2.00000000E-04  2.00000000E-04  2.00000000E-04  2.00000000E-04  1.53137200E-04  1.29578100E-04  9.39921800E-05  1.20657300E-04  1.27525200E-04  8.24610600E-05  6.53548700E-05  5.60470300E-05  3.32095200E-05  4.66694200E-05  5.52843000E-05  7.04582000E-05  8.69608000E-05
  6.85159600E-05  1.15016200E-04  1.73902500E-04  1.95065200E-04  2.00000000E-04  2.00000000E-04  2.00000000E-04  2.00000000E-04  1.92570600E-04  1.52706700E-04  1.09422400E-04  8.78547700E-05  7.60496900E-05  4.92119700E-05  3.94143900E-05  3.13681500E-05  6.63841300E-05  6.56719300E-05  5.10532300E-05  6.09553400E-05
  9.02043700E-05  7.86869300E-05  7.59705800E-05  8.28487800E-05  1.75146700E-04  2.00000000E-04  2.00000000E-04  2.00000000E-04  1.87433900E-04  1.47868400E-04  1.15750900E-04  6.32652400E-05  6.58247500E-05  7.26317200E-05  7.30005300E-05  7.13162800E-05  4.30553700E-05  8.03833300E-05  8.49862600E-05  4.99763900E-05
  5.70774600E-05  8.49202900E-05  6.11334700E-05  7.35569900E-05  1.04615500E-04  1.59152800E-04  1.98594400E-04  1.79601100E-04  1.86458700E-04  1.14852500E-04  9.76109200E-05  6.48832300E-05  7.77237100E-05  8.93129800E-05  4.39069000E-05  7.12734000E-05  4.20292900E-05  7.10005000E-05  9.13361000E-05  3.93566400E-05
  5.70774600E-05  5.70774600E-05  7.08006500E-05  6.08821300E-05  6.97966700E-05  1.19505200E-04  1.64440500E-04  1.45408200E-04  1.17680000E-04  8.30524100E-05  7.11885200E-05  6.17015400E-05  7.13927500E-05  8.12731300E-05  3.85247700E-05  5.02666200E-05  7.35288400E-05  4.63738100E-05  6.84639900E-05  5.47117900E-05
  5.70774600E-05  5.70774600E-05  5.70774600E-05  7.62951400E-05  5.53362600E-05  7.45253600E-05  1.04400300E-04  1.38610400E-04  9.58708200E-05  7.53835400E-05  9.63474400E-05  7.16431500E-05  6.66965300E-05  5.68061700E-05  6.11102200E-05  4.59070500E-05  5.43912000E-05  3.23329200E-05  4.97417800E-05  3.66700400E-05
  5.70774600E-05  5.70774600E-05  5.70774600E-05  5.70774600E-05  4.16266800E-05  7.71570100E-05  8.34885500E-05  1.18630700E-04  1.34019500E-04  1.75101100E-04  9.61307900E-05  9.42221900E-05  8.01610200E-05  7.66618300E-05  8.72467300E-05  4.47932900E-05  4.69526800E-05  2.98462600E-05  3.46084100E-05  5.70774600E-05
  5.70774600E-05  5.70774600E-05  5.70774600E-05  5.70774600E-05  5.86172000E-05  6.25971000E-05  6.05237900E-05  7.67372100E-05  9.66206800E-05  7.36268600E-05  5.35186600E-05  5.37758700E-05  7.35182700E-05  9.80444000E-05  7.30786300E-05  6.47034200E-05  4.47130900E-05  3.78227900E-05  6.83418400E-05  5.70774600E-05
  5.70774600E-05  5.70774600E-05  5.70774600E-05  5.70774600E-05  5.70774600E-05  3.57714000E-05  2.54279900E-05  3.90837400E-05  5.78140200E-05  4.20146500E-05  4.44870800E-05  4.20210700E-05  4.39565300E-05  6.40542000E-05  6.06653900E-05  6.24284500E-05  6.97791100E-05  8.30569000E-05  5.70774600E-05  5.70774600E-05
  5.70774600E-05  5.70774600E-05  5.70774600E-05  5.70774600E-05  5.70774600E-05  2.54359100E-05  2.61459200E-05  2.45992200E-05  3.04413300E-05  2.70637700E-05  3.22344500E-05  2.65244200E-05  5.14525100E-05  5.38130700E-05  6.29322300E-05  6.12206000E-05  7.26306300E-05  5.70774600E-05  5.70774600E-05  5.70774600E-05
  5.70774600E-05  5.70774600E-05  5.70774600E-05  5.70774600E-05  5.70774600E-05  2.63203700E-05  2.20723400E-05  3.06243300E-05  3.37291000E-05  3.71119700E-05  4.01368500E-05  2.97625700E-05  4.18316200E-05  6.04850900E-05  9.20494000E-05  7.40161800E-05  5.70774600E-05  5.70774600E-05  5.70774600E-05  5.70774600E-05
