       0.09915526       0.10458950       0.21322260       0.15842350       0.24504940       0.36679600       0.30334300       0.22918100       0.13559580       0.18506350       0.31431700       0.18288670       0.17442960       0.21566130       0.20061620       0.13626790       0.26417070       0.27694980       0.42171240       0.55515010
       0.10443250       0.13673940       0.17001000       0.22960560       0.26906500       0.31452440       0.36712610       0.25237270       0.13623260       0.15797200       0.15445110       0.16761430       0.16972050       0.26562450       0.23317060       0.15264510       0.25635910       0.35404520       0.63266060       0.59641450
       0.08567914       0.13271810       0.12685520       0.14608670       0.20177840       0.21159680       0.20210770       0.13729290       0.16838590       0.22168620       0.18122700       0.18365900       0.16418980       0.15610400       0.19433140       0.16434970       0.18235400       0.30446160       0.33383540       0.42549950
       0.09973819       0.08639728       0.07403116       0.12808890       0.13785510       0.15268310       0.15745270       0.14498410       0.09109909       0.17381790       0.38255540       0.22855720       0.15539610       0.15112360       0.12782700       0.07859675       0.09989375       0.15017740       0.28923700       0.37550190
       0.14840720       0.11449970       0.09925875       0.09800652       0.15250560       0.13425570       0.11495540       0.12315920       0.16387240       0.20338800       0.31711380       0.26694430       0.18591180       0.13365130       0.09798901       0.05335645       0.07316245       0.07704193       0.31252380       0.26561200
       0.09736065       0.06526244       0.11460530       0.11735190       0.12825470       0.14512120       0.09997558       0.14941980       0.27324400       0.27238370       0.43453680       0.35341690       0.18834380       0.17952700       0.13142780       0.05484553       0.09717673       0.10006470       0.18749990       0.19050860
       0.12863880       0.08549097       0.13687970       0.11460970       0.11275610       0.16048340       0.08615436       0.08553630       0.31554170       0.36823670       0.55916520       0.54770110       0.23440710       0.19920090       0.08548600       0.06266718       0.10524870       0.19398600       0.16079700       0.19039480
       0.13714170       0.11371570       0.11051280       0.09413436       0.21380890       0.13309790       0.12000320       0.15705360       0.26894310       0.25088310       0.29368570       0.34251880       0.17092840       0.15380300       0.08770132       0.07141177       0.12030290       0.14242560       0.19333350       0.18431130
       0.11982990       0.05688320       0.12319470       0.14180650       0.30000000       0.30000000       0.30000000       0.13076270       0.15160910       0.13528430       0.27156450       0.30822090       0.24887760       0.18261860       0.11428880       0.06606207       0.06485287       0.08351039       0.09415976       0.13450930
       0.06662780       0.05882218       0.11014790       0.13319930       0.30000000       0.30000000       0.30000000       0.30000000       0.18458240       0.11291390       0.14557580       0.13006960       0.19114120       0.14590580       0.12565080       0.06655830       0.06927933       0.07603458       0.07521945       0.15026890
       0.13435260       0.11504640       0.12099990       0.13766050       0.30000000       0.30000000       0.30000000       0.30000000       0.18006360       0.09517808       0.08790519       0.10588870       0.10325710       0.20669110       0.16554660       0.10233720       0.10509010       0.08882675       0.14269210       0.13486820
       0.18102810       0.18497740       0.16087240       0.29209210       0.30000000       0.30000000       0.30000000       0.30000000       0.14409400       0.14078880       0.14744020       0.14327510       0.13902620       0.13268980       0.11690900       0.16535980       0.12372330       0.07588501       0.07758669       0.11464510
       0.11963840       0.19514980       0.20881450       0.20795440       0.30000000       0.30000000       0.30000000       0.30000000       0.14941790       0.16143110       0.20338460       0.15122500       0.14989200       0.10518680       0.09327315       0.10122770       0.09630848       0.10271790       0.06746851       0.04386817
       0.10412140       0.16622380       0.20036510       0.26856390       0.30000000       0.30000000       0.30000000       0.30000000       0.22422610       0.24686610       0.30598420       0.24494970       0.15865180       0.08642092       0.09676893       0.08603539       0.08485704       0.08085671       0.09781977       0.04721360
       0.09969638       0.13226150       0.18705950       0.28008020       0.30000000       0.30000000       0.30000000       0.30000000       0.36606270       0.24039000       0.26719920       0.32366600       0.21552790       0.14890400       0.06285505       0.08120748       0.07257236       0.09215656       0.12888500       0.09625934
       0.08323141       0.12505490       0.22862020       0.24807890       0.30000000       0.30000000       0.30000000       0.30000000       0.34157590       0.39500970       0.27181770       0.21639670       0.12584380       0.13660340       0.10819920       0.15503250       0.16050960       0.15568970       0.11512450       0.12639310
       0.10891270       0.15195160       0.13743430       0.21480390       0.30000000       0.30000000       0.30000000       0.30000000       0.42512740       0.39181120       0.24628710       0.24292330       0.13161090       0.06057485       0.07231033       0.10804100       0.19123850       0.13003150       0.07624575       0.12480590
       0.17442060       0.19789750       0.16392040       0.17988000       0.30000000       0.30000000       0.30000000       0.30000000       0.30396900       0.33859330       0.17129100       0.23340810       0.17143830       0.08418665       0.08346912       0.07507592       0.10480580       0.10032930       0.11417110       0.19456850
       0.18992710       0.35183280       0.35294910       0.22679490       0.30000000       0.30000000       0.30000000       0.30000000       0.28987010       0.19481560       0.25866580       0.15671200       0.08780373       0.11860560       0.08828298       0.07719460       0.10929560       0.14781050       0.10719010       0.11130840
       0.14673040       0.32572040       0.36208440       0.36790320       0.30000000       0.30000000       0.30000000       0.30000000       0.29282430       0.13945430       0.13521330       0.12331310       0.09434840       0.07647650       0.10708840       0.10040370       0.14459990       0.16947110       0.16288070       0.15831150
       0.23616720       0.23251060       0.19943970       0.12910580       0.30000000       0.30000000       0.30000000       0.30000000       0.34051700       0.16062730       0.12667720       0.14294020       0.13868680       0.08362136       0.10351690       0.14227790       0.18753320       0.15067230       0.25569430       0.33761120
       0.13534760       0.14781630       0.16778390       0.25415540       0.30000000       0.30000000       0.25429650       0.23516270       0.19833400       0.16343790       0.08803801       0.10188070       0.12448900       0.09788033       0.09548566       0.14672200       0.13657110       0.18945900       0.15789330       0.22969980
       0.16058130       0.19263610       0.27649920       0.38395200       0.22592870       0.30000000       0.23970970       0.24322920       0.16397060       0.09614156       0.05868475       0.07401450       0.08804921       0.09139804       0.11522990       0.23290340       0.17147890       0.11556220       0.12692190       0.24758110
       0.30767860       0.36584150       0.34473920       0.47151220       0.52467150       0.31730980       0.22109840       0.12746990       0.13252550       0.09612504       0.05087469       0.10287120       0.09872702       0.16437430       0.19189820       0.16999330       0.14875890       0.11495920       0.23280540       0.20908300
       0.33580410       0.44896900       0.45759940       0.53167750       0.45585200       0.32085460       0.18177720       0.16393990       0.22650610       0.17319190       0.11474280       0.17429880       0.22699760       0.32251430       0.35169900       0.14506390       0.17829800       0.17059070       0.20102060       0.17932520
       0.33488880       0.60383930       0.54469700       0.66110570       0.33235380       0.29642150       0.26414270       0.19098100       0.15492460       0.17959580       0.17816670       0.20717560       0.27958790       0.53325430       0.63529780       0.25081380       0.17046600       0.16723310       0.16683310       0.20162040
       0.57034380       0.56790400       0.57998570       0.40239770       0.29483350       0.42991460       0.33460000       0.10146120       0.15308430       0.11779990       0.24083670       0.26270670       0.60514090       0.38259530       0.51778400       0.36256570       0.24682260       0.32639080       0.23271030       0.38569960
       0.62974090       0.64020160       0.52659360       0.32101660       0.35707110       0.35052400       0.28152870       0.22802140       0.17537070       0.08966897       0.16448540       0.22292390       0.25564500       0.19969430       0.29885720       0.26904030       0.27932500       0.45187600       0.23031790       0.29878560
       0.36123110       0.39552910       0.33164490       0.36255750       0.30208560       0.23419720       0.26473910       0.28698830       0.21819400       0.20451960       0.17309460       0.20683960       0.20864680       0.17500820       0.19020100       0.24859260       0.27397360       0.33706150       0.32125070       0.55488810
       0.41973780       0.30823840       0.29114740       0.28189250       0.16781910       0.20899320       0.17383710       0.21814020       0.18250410       0.13818830       0.18866180       0.16051940       0.18512570       0.35864620       0.26625360       0.21797690       0.31677490       0.26165410       0.50234590       0.41070850
       0.37650710       0.30149810       0.17430260       0.16951310       0.21837310       0.17929990       0.15545260       0.13598800       0.16563820       0.14914640       0.21896250       0.24770920       0.34309940       0.46172500       0.22350930       0.21344920       0.30422810       0.28048080       0.27380860       0.57456840
       0.26794040       0.18057910       0.14938130       0.14119350       0.11558250       0.12198680       0.11460300       0.12863820       0.10280760       0.13398420       0.27936200       0.25800670       0.28630020       0.33032600       0.27968550       0.28177030       0.30895780       0.28813560       0.30789150       0.35508540
       0.30000000       0.11947910       0.06566531       0.14185590       0.15192200       0.08297606       0.13798410       0.11595770       0.14834100       0.16446020       0.17995710       0.24776370       0.23558610       0.30271870       0.23967440       0.22003400       0.38041950       0.28507020       0.32950150       0.34334030
       0.30000000       0.30000000       0.07286710       0.07259874       0.14571920       0.14357860       0.11506920       0.10715240       0.17484950       0.13395300       0.30047100       0.36293400       0.40636320       0.19716510       0.21723590       0.13147540       0.40313340       0.31324250       0.35818920       0.28980030
       0.30000000       0.30000000       0.30000000       0.08733132       0.08746308       0.06125021       0.06737621       0.17010750       0.18066550       0.14104210       0.32396790       0.40601930       0.17757360       0.13113610       0.09981664       0.17146170       0.24682000       0.34848760       0.30439610       0.36954800
       0.30000000       0.30000000       0.30000000       0.30000000       0.10954580       0.09967249       0.09506222       0.17550070       0.16917670       0.19643710       0.20062530       0.33529990       0.32178270       0.17320710       0.09348234       0.11926660       0.22829510       0.15595900       0.27808390       0.30000000
       0.30000000       0.30000000       0.30000000       0.30000000       0.16870990       0.23613820       0.15165230       0.13738540       0.13053360       0.14724140       0.17819070       0.24611900       0.29063530       0.18891530       0.18686660       0.18616970       0.26953550       0.25926210       0.16603700       0.30000000
       0.30000000       0.30000000       0.30000000       0.30000000       0.30000000       0.18891930       0.15676550       0.19058000       0.15984890       0.12978210       0.19733240       0.27576990       0.21490860       0.37166130       0.33011610       0.23614680       0.28107870       0.38503970       0.30000000       0.30000000
       0.30000000       0.30000000       0.30000000       0.30000000       0.30000000       0.22472190       0.19302470       0.21085280       0.24036580       0.14467380       0.18377010       0.42236630       0.40286830       0.53013210       0.37515560       0.33888270       0.27091680       0.30000000       0.30000000       0.30000000
       0.30000000       0.30000000       0.30000000       0.30000000       0.30000000       0.18816370       0.13390850       0.07156192       0.14139160       0.13774600       0.16410110       0.37607710       0.68448760       0.46305950       0.32995640       0.50763770       0.30000000       0.30000000       0.30000000       0.30000000
