  3.96583900E-05  2.96114500E-05  3.66360000E-05  3.24683200E-05  2.00000000E-05  2.00000000E-05  2.00000000E-05  2.00000000E-05  2.00000000E-05  2.00000000E-05  2.05799200E-05  2.00000000E-05  2.00000000E-05  3.10341400E-05  2.72046000E-05  3.09903700E-05  4.78375000E-05  4.59518900E-05  5.52449800E-05  4.35825100E-05
  3.10811900E-05  3.72615900E-05  2.79428100E-05  2.53627500E-05  2.00000000E-05  2.00000000E-05  2.00000000E-05  2.00000000E-05  2.00000000E-05  2.00000000E-05  3.08426800E-05  2.87735900E-05  2.02460200E-05  5.19769900E-05  5.27572000E-05  3.76415300E-05  4.71275300E-05  4.30458300E-05  3.17306100E-05  2.95261200E-05
  4.24177400E-05  2.44639500E-05  3.13042000E-05  5.09470800E-05  4.10156400E-05  2.00000000E-05  2.00000000E-05  2.00000000E-05  2.00000000E-05  2.19949700E-05  2.81474200E-05  2.67143200E-05  3.28569200E-05  5.40201100E-05  4.89651600E-05  4.46239800E-05  3.30190300E-05  2.79966500E-05  2.00000000E-05  3.22898900E-05
  4.24076200E-05  4.70093600E-05  5.03012400E-05  3.24445900E-05  2.25037900E-05  2.00000000E-05  2.00000000E-05  2.00000000E-05  2.67033200E-05  2.95277200E-05  2.71480700E-05  3.36080500E-05  6.79448500E-05  4.26239000E-05  5.10180800E-05  7.84179700E-05  5.21325000E-05  2.28080800E-05  2.18252300E-05  3.26454600E-05
  5.69518500E-05  4.24493100E-05  3.37048600E-05  4.20452200E-05  2.18928300E-05  2.00000000E-05  2.00000000E-05  2.00000000E-05  2.00000000E-05  2.11100300E-05  2.24890900E-05  3.85404700E-05  5.19401400E-05  6.31657000E-05  5.95814900E-05  4.68673500E-05  3.75559700E-05  3.20716600E-05  2.33179300E-05  2.50469900E-05
  4.83023200E-05  3.03221400E-05  2.87511600E-05  2.52712700E-05  2.03744700E-05  2.00000000E-05  2.00000000E-05  2.00000000E-05  2.00000000E-05  2.00000000E-05  2.45787900E-05  2.34905200E-05  5.66582400E-05  6.22872200E-05  6.10015500E-05  4.88691400E-05  4.62252600E-05  2.04400200E-05  2.67358200E-05  2.00542900E-05
  5.17151200E-05  2.44587800E-05  3.22797200E-05  2.24030200E-05  2.00000000E-05  2.00000000E-05  2.00000000E-05  2.00000000E-05  2.00000000E-05  2.00000000E-05  2.00000000E-05  2.45014800E-05  4.28739700E-05  5.18659500E-05  7.71039500E-05  4.67614400E-05  2.36109300E-05  2.13435900E-05  2.56025500E-05  2.78018600E-05
  2.95843700E-05  2.59822200E-05  2.31218500E-05  2.23141300E-05  2.00000000E-05  2.00000000E-05  2.00000000E-05  2.00000000E-05  2.00000000E-05  2.00000000E-05  2.00000000E-05  2.00000000E-05  2.00000000E-05  2.34856700E-05  5.99015100E-05  5.45395500E-05  2.17820600E-05  2.00000000E-05  2.00000000E-05  4.26504500E-05
  2.30737000E-05  3.79755000E-05  3.03324000E-05  2.88413300E-05  4.50880800E-05  4.50880800E-05  4.50880800E-05  2.00000000E-05  2.00000000E-05  2.00000000E-05  2.00000000E-05  2.00000000E-05  2.00000000E-05  3.00895000E-05  3.00819000E-05  2.00000000E-05  2.24280600E-05  2.00000000E-05  2.00000000E-05  2.86157100E-05
  6.32073200E-05  3.85249700E-05  3.35209900E-05  2.94431700E-05  4.50880800E-05  4.50880800E-05  4.50880800E-05  4.50880800E-05  2.00000000E-05  2.00000000E-05  2.00000000E-05  2.00000000E-05  2.00000000E-05  3.66865300E-05  2.92016400E-05  2.86577900E-05  2.16158600E-05  2.00000000E-05  2.17838900E-05  2.27219000E-05
  7.53834200E-05  7.58715700E-05  8.84980700E-05  4.64591400E-05  4.50880800E-05  4.50880800E-05  4.50880800E-05  4.50880800E-05  2.00000000E-05  2.00000000E-05  2.00000000E-05  2.00000000E-05  2.86343000E-05  3.54684300E-05  3.45224000E-05  4.54796100E-05  2.59855300E-05  2.06131100E-05  2.49082300E-05  3.36452200E-05
  7.36315300E-05  5.46756200E-05  5.85108800E-05  3.41960900E-05  4.50880800E-05  4.50880800E-05  4.50880800E-05  4.50880800E-05  2.61344500E-05  2.13391800E-05  2.36425400E-05  2.00000000E-05  3.99100000E-05  3.60621900E-05  2.65434300E-05  3.39167500E-05  3.35715300E-05  3.32721100E-05  3.01969200E-05  4.36631600E-05
  5.42170000E-05  4.54093900E-05  4.38943100E-05  3.21980800E-05  4.50880800E-05  4.50880800E-05  4.50880800E-05  4.50880800E-05  3.61485400E-05  4.16478600E-05  2.58320300E-05  2.70087600E-05  3.75484300E-05  4.68539200E-05  3.55994600E-05  3.11044300E-05  3.17186100E-05  3.76013000E-05  4.45734200E-05  2.97901300E-05
  5.31392600E-05  5.01646800E-05  3.19140400E-05  3.68558800E-05  4.50880800E-05  4.50880800E-05  4.50880800E-05  4.50880800E-05  5.12957500E-05  5.19600600E-05  5.79520400E-05  3.86630200E-05  4.63985400E-05  5.95556600E-05  3.85869100E-05  2.65148700E-05  2.21399300E-05  5.18311700E-05  4.12319200E-05  3.57389000E-05
  5.29302800E-05  4.70101200E-05  2.85286200E-05  3.30038900E-05  4.50880800E-05  4.50880800E-05  4.50880800E-05  4.50880800E-05  6.46743500E-05  6.96197300E-05  4.68476900E-05  2.34020600E-05  5.44055500E-05  7.51085100E-05  4.55509400E-05  3.48121000E-05  4.00419200E-05  5.15182200E-05  5.12805500E-05  4.09495000E-05
  5.55720600E-05  3.04025000E-05  2.44845600E-05  2.60739100E-05  4.50880800E-05  4.50880800E-05  4.50880800E-05  4.50880800E-05  1.25661700E-04  1.04468300E-04  9.00512400E-05  3.71111400E-05  4.97157800E-05  5.47677000E-05  5.20225400E-05  3.33248400E-05  4.73334200E-05  7.09801000E-05  6.58563300E-05  4.01263300E-05
  3.62761600E-05  2.14479400E-05  2.00000000E-05  2.63876300E-05  4.50880800E-05  4.50880800E-05  4.50880800E-05  4.50880800E-05  8.15291200E-05  7.08573200E-05  1.12130300E-04  1.21451000E-04  4.72274600E-05  3.88104500E-05  2.58620400E-05  4.41477500E-05  8.21865100E-05  1.11260500E-04  7.19337900E-05  5.53984400E-05
  4.17522500E-05  2.00000000E-05  2.00000000E-05  2.00000000E-05  4.50880800E-05  4.50880800E-05  4.50880800E-05  4.50880800E-05  5.78667700E-05  8.17869800E-05  1.13793800E-04  8.83775400E-05  6.17641100E-05  3.36621700E-05  6.10393100E-05  6.28584900E-05  1.41612500E-04  7.90257300E-05  7.12996900E-05  6.07346100E-05
  3.69485300E-05  2.24799900E-05  2.00000000E-05  2.00000000E-05  4.50880800E-05  4.50880800E-05  4.50880800E-05  4.50880800E-05  6.91775300E-05  1.02609600E-04  1.80129500E-04  2.00000000E-04  1.00749200E-04  7.63875800E-05  1.25235600E-04  7.78539900E-05  1.03478500E-04  1.14590900E-04  8.48290400E-05  6.68061400E-05
  4.41412500E-05  3.01436000E-05  2.30444400E-05  2.85894900E-05  4.50880800E-05  4.50880800E-05  4.50880800E-05  4.50880800E-05  7.22944400E-05  1.62247200E-04  1.83739400E-04  2.00000000E-04  8.62258000E-05  1.11399700E-04  8.34338400E-05  8.39295800E-05  7.56765900E-05  5.85803500E-05  8.86955000E-05  7.86318200E-05
  4.80253300E-05  3.72228000E-05  3.78083900E-05  4.43570700E-05  4.50880800E-05  4.50880800E-05  4.50880800E-05  4.50880800E-05  9.39354200E-05  1.93053800E-04  2.00000000E-04  1.60923400E-04  1.96759400E-04  6.33520900E-05  4.98018100E-05  4.11667200E-05  4.60731000E-05  5.85108200E-05  1.20434400E-04  6.76411600E-05
  4.48597100E-05  6.00455000E-05  5.63296800E-05  5.59914600E-05  4.50880800E-05  4.50880800E-05  1.80483400E-04  1.45888700E-04  1.41298400E-04  2.00000000E-04  2.00000000E-04  1.32501500E-04  8.06011700E-05  4.15948500E-05  2.37882700E-05  2.75002300E-05  2.84647800E-05  7.46507700E-05  1.05173400E-04  1.43883100E-04
  4.98196300E-05  5.04118500E-05  8.25020700E-05  8.85186600E-05  7.44569500E-05  4.50880800E-05  2.00000000E-04  2.00000000E-04  1.43555200E-04  2.00000000E-04  2.00000000E-04  9.05313000E-05  7.23301800E-05  4.06012600E-05  2.40170000E-05  2.97079900E-05  2.82831300E-05  4.69963500E-05  6.14296800E-05  8.29495800E-05
  5.87127400E-05  4.21479800E-05  6.12555500E-05  9.49520200E-05  7.16691900E-05  1.43656100E-04  1.29655400E-04  2.00000000E-04  1.76364700E-04  9.65186900E-05  8.46276700E-05  6.39826500E-05  6.67610600E-05  4.40626100E-05  3.31760500E-05  4.52999000E-05  4.53640800E-05  4.04345500E-05  4.48483100E-05  6.18118300E-05
  7.11636800E-05  4.99575100E-05  7.06061500E-05  8.09182100E-05  9.55236700E-05  1.12879900E-04  1.60461600E-04  1.00416700E-04  1.08927400E-04  9.76132200E-05  6.28576500E-05  5.16226200E-05  4.18214500E-05  4.56144000E-05  5.11280000E-05  4.74238800E-05  3.10095900E-05  4.90433800E-05  4.56251500E-05  6.02879900E-05
  6.00350400E-05  4.66267900E-05  6.10048000E-05  8.26945100E-05  7.53460700E-05  1.40836600E-04  1.27642000E-04  8.40988900E-05  5.06489900E-05  5.70477800E-05  5.07049100E-05  3.17640400E-05  4.41397200E-05  5.04118600E-05  8.19745700E-05  5.34357500E-05  3.14168500E-05  2.71582700E-05  3.88131200E-05  4.70931200E-05
  8.37978300E-05  5.65319800E-05  5.87806400E-05  5.80200200E-05  4.32046500E-05  7.31733300E-05  1.12986900E-04  5.89652600E-05  5.67696800E-05  4.42066900E-05  2.84155100E-05  3.01332900E-05  3.15981100E-05  3.36216300E-05  4.37589500E-05  6.14481300E-05  5.50174300E-05  3.23630900E-05  6.55556000E-05  3.39934400E-05
  5.26465000E-05  4.62215100E-05  3.85700300E-05  5.52392900E-05  4.91898400E-05  3.93640800E-05  4.33871900E-05  4.50140900E-05  5.55035000E-05  4.11062700E-05  2.88987600E-05  2.66622200E-05  2.50319500E-05  2.77565600E-05  5.37779300E-05  7.35846700E-05  3.09160100E-05  3.53857100E-05  3.94237900E-05  2.90979000E-05
  3.45392400E-05  3.72829500E-05  2.23522000E-05  2.80078700E-05  4.08128500E-05  4.40668000E-05  3.53218600E-05  4.50643700E-05  3.37689300E-05  5.25167000E-05  3.40575400E-05  2.58634000E-05  2.64912000E-05  3.42409300E-05  4.57193200E-05  4.18994400E-05  4.76454200E-05  3.16366000E-05  4.06364500E-05  3.08807700E-05
  2.44830900E-05  3.75811700E-05  3.76110800E-05  4.01156100E-05  6.01490000E-05  2.16179100E-05  2.40495000E-05  2.74246000E-05  4.67980300E-05  3.89459100E-05  2.32669100E-05  3.17608500E-05  2.34544000E-05  3.17247900E-05  2.00000000E-05  2.82829700E-05  2.94428000E-05  3.01421700E-05  2.48186500E-05  3.65591600E-05
  2.49025900E-05  3.72571800E-05  2.70098300E-05  2.84412300E-05  3.47195400E-05  2.88348600E-05  2.00000000E-05  2.00000000E-05  4.97817700E-05  2.98219700E-05  3.76816500E-05  6.03181400E-05  3.91986200E-05  3.65459800E-05  2.51133100E-05  2.00000000E-05  2.00000000E-05  2.00000000E-05  3.01448800E-05  2.89448800E-05
  2.46541300E-05  2.59465000E-05  2.47595200E-05  3.23503800E-05  2.57242300E-05  4.48411300E-05  2.13271000E-05  2.18908900E-05  4.01702800E-05  2.78056800E-05  2.72434400E-05  3.90648000E-05  3.52482700E-05  4.52156600E-05  2.43216200E-05  2.75172800E-05  2.00000000E-05  2.15730100E-05  3.27362200E-05  4.00059900E-05
  4.50880800E-05  5.09844800E-05  4.58974200E-05  5.32819900E-05  4.90133200E-05  5.11126100E-05  4.60075500E-05  3.72441900E-05  2.97963800E-05  2.27209100E-05  2.40782000E-05  3.45273500E-05  2.00000000E-05  2.83299700E-05  2.17852600E-05  2.00000000E-05  2.00000000E-05  2.03389700E-05  2.37213000E-05  2.44116600E-05
  4.50880800E-05  4.50880800E-05  6.19411000E-05  6.39348300E-05  6.45203800E-05  1.10042500E-04  7.24504800E-05  3.85895500E-05  3.20159400E-05  2.73329200E-05  2.22392800E-05  2.00000000E-05  2.00000000E-05  2.00000000E-05  2.12148800E-05  2.87790000E-05  3.38833000E-05  2.00000000E-05  2.65279900E-05  2.07366900E-05
  4.50880800E-05  4.50880800E-05  4.50880800E-05  8.99716100E-05  9.17158800E-05  6.87994900E-05  1.26537600E-04  5.63527400E-05  5.47112300E-05  4.13761000E-05  3.49366300E-05  2.00000000E-05  2.00000000E-05  2.00000000E-05  2.00000000E-05  2.40110000E-05  2.62266200E-05  2.00000000E-05  2.45783300E-05  2.39225000E-05
  4.50880800E-05  4.50880800E-05  4.50880800E-05  4.50880800E-05  7.17319200E-05  9.27919100E-05  8.01143000E-05  5.58745800E-05  4.72986900E-05  7.86802500E-05  6.11511100E-05  2.00000000E-05  2.00000000E-05  2.15194700E-05  2.21733800E-05  2.82746700E-05  2.15826700E-05  2.10037200E-05  2.92559300E-05  4.50880800E-05
  4.50880800E-05  4.50880800E-05  4.50880800E-05  4.50880800E-05  1.10582500E-04  8.63597500E-05  6.20524300E-05  4.33865100E-05  4.94454500E-05  6.43113300E-05  3.28945500E-05  2.00000000E-05  2.34366600E-05  3.11999400E-05  3.00582700E-05  2.98720100E-05  3.08246100E-05  2.00410300E-05  2.07514500E-05  4.50880800E-05
  4.50880800E-05  4.50880800E-05  4.50880800E-05  4.50880800E-05  4.50880800E-05  4.91009900E-05  7.08382100E-05  6.58214300E-05  9.39690900E-05  5.00767000E-05  3.46237700E-05  2.00226700E-05  2.09056800E-05  2.62299000E-05  2.71970900E-05  2.31499700E-05  3.17767300E-05  2.05313200E-05  4.50880800E-05  4.50880800E-05
  4.50880800E-05  4.50880800E-05  4.50880800E-05  4.50880800E-05  4.50880800E-05  4.96788000E-05  8.69237000E-05  7.72379200E-05  7.30955300E-05  5.28790400E-05  3.62577900E-05  2.42786600E-05  3.53364000E-05  2.62514600E-05  2.49886900E-05  2.00000000E-05  2.00000000E-05  4.50880800E-05  4.50880800E-05  4.50880800E-05
  4.50880800E-05  4.50880800E-05  4.50880800E-05  4.50880800E-05  4.50880800E-05  8.48768500E-05  1.13874200E-04  9.52736000E-05  4.87047700E-05  3.26618300E-05  2.00000000E-05  2.11206300E-05  2.83501400E-05  4.75882400E-05  2.96535000E-05  2.00000000E-05  4.50880800E-05  4.50880800E-05  4.50880800E-05  4.50880800E-05
