  2.63454800E-05  3.01588100E-05  2.25272200E-05  2.78855700E-05  4.56420900E-05  6.35520700E-05  4.26260700E-05  4.79869500E-05  4.02236800E-05  8.69542100E-05  9.72363500E-05  7.08835200E-05  6.26650900E-05  5.82421000E-05  4.16888600E-05  7.10129400E-05  7.88718100E-05  6.91073800E-05  5.36757200E-05  3.85457700E-05
  2.00000000E-05  3.53370100E-05  2.68028600E-05  3.62552500E-05  4.82097800E-05  3.59588600E-05  3.73709200E-05  4.75793900E-05  5.20575100E-05  6.05191200E-05  6.89284200E-05  5.43961300E-05  8.81862700E-05  5.38693300E-05  7.03283200E-05  5.82591900E-05  8.01922700E-05  8.09765600E-05  8.84755400E-05  5.70325100E-05
  2.00000000E-05  2.02806000E-05  3.03923700E-05  3.14587000E-05  3.77249600E-05  3.91145300E-05  2.95030900E-05  3.78258600E-05  5.44004500E-05  9.13160100E-05  6.52621600E-05  6.39017000E-05  5.58241300E-05  4.69368100E-05  8.09484600E-05  5.25254400E-05  6.84693100E-05  7.53490100E-05  9.79653400E-05  1.06773600E-04
  2.45112800E-05  2.18894400E-05  2.20637900E-05  3.36855300E-05  3.48225900E-05  3.89768500E-05  5.45602800E-05  6.93538100E-05  6.76761600E-05  1.24056400E-04  1.26205600E-04  6.54533100E-05  5.68213400E-05  8.68133600E-05  5.46837400E-05  6.50301800E-05  5.14798000E-05  4.96571200E-05  6.72006900E-05  7.65618400E-05
  2.79328200E-05  2.24318600E-05  3.15785400E-05  3.72378800E-05  2.99851500E-05  4.94097000E-05  9.41732000E-05  9.69858700E-05  8.11650800E-05  1.24532300E-04  1.14452800E-04  9.50976400E-05  6.63486200E-05  5.76767300E-05  7.51256000E-05  6.13900200E-05  4.15320300E-05  4.95106300E-05  3.86574800E-05  7.54463000E-05
  2.00000000E-05  3.32267900E-05  2.79730000E-05  4.34013700E-05  3.61897200E-05  3.50805900E-05  7.32339800E-05  9.09292900E-05  1.35069000E-04  6.15167300E-05  8.37476200E-05  1.13941600E-04  8.84800900E-05  8.71793200E-05  6.93439400E-05  6.81695600E-05  5.30084900E-05  8.01808200E-05  2.87901000E-05  7.13061300E-05
  2.42226400E-05  3.32969300E-05  5.13018600E-05  5.41983100E-05  4.58103200E-05  5.54041600E-05  6.98019900E-05  6.88806200E-05  1.30353600E-04  5.51411300E-05  4.50535300E-05  9.00053900E-05  1.34637600E-04  8.39728400E-05  5.91028700E-05  6.20971900E-05  5.21912900E-05  8.46607600E-05  6.33433100E-05  8.27379000E-05
  3.18013800E-05  2.90272200E-05  2.00000000E-05  3.67326300E-05  5.60514600E-05  3.78024800E-05  7.11215300E-05  5.62067000E-05  1.23211200E-04  6.19380200E-05  7.10894500E-05  7.25429000E-05  7.70254600E-05  1.26466900E-04  9.00590100E-05  8.34837800E-05  5.74045100E-05  7.21817000E-05  7.84937500E-05  1.03198400E-04
  2.32493400E-05  2.00000000E-05  2.55180000E-05  3.40079500E-05  8.54919300E-05  8.54919300E-05  8.54919300E-05  5.06989900E-05  7.24005200E-05  6.91711000E-05  7.15834900E-05  7.63106100E-05  9.06414600E-05  9.82043500E-05  7.56082500E-05  5.67899800E-05  8.86660600E-05  8.33535500E-05  7.25022600E-05  8.39296700E-05
  2.93754200E-05  3.32389800E-05  3.61790800E-05  2.01959700E-05  8.54919300E-05  8.54919300E-05  8.54919300E-05  8.54919300E-05  1.53709200E-04  1.27094000E-04  1.48272300E-04  1.13845300E-04  4.22397300E-05  7.50015300E-05  1.10640800E-04  7.59472400E-05  1.04279700E-04  1.41244900E-04  1.03806600E-04  7.29684300E-05
  4.04300500E-05  4.62559000E-05  6.88826300E-05  5.51623100E-05  8.54919300E-05  8.54919300E-05  8.54919300E-05  8.54919300E-05  1.58872100E-04  1.74755200E-04  2.00000000E-04  1.62055200E-04  7.50040600E-05  9.70840000E-05  1.26706400E-04  1.15355400E-04  5.39509000E-05  1.09250100E-04  1.26347100E-04  1.14976500E-04
  6.42397900E-05  6.80975600E-05  4.85464000E-05  4.74190100E-05  8.54919300E-05  8.54919300E-05  8.54919300E-05  8.54919300E-05  1.13608100E-04  2.00000000E-04  1.42672200E-04  1.84125400E-04  1.85185400E-04  1.77492300E-04  1.71300200E-04  1.37283300E-04  1.26617700E-04  8.84304800E-05  1.03968900E-04  1.13080400E-04
  7.17349500E-05  6.97005900E-05  6.23994500E-05  5.73116300E-05  8.54919300E-05  8.54919300E-05  8.54919300E-05  8.54919300E-05  8.24829400E-05  1.35892500E-04  1.41268700E-04  2.00000000E-04  1.21965800E-04  2.00000000E-04  2.00000000E-04  2.00000000E-04  1.43289200E-04  9.56914900E-05  9.90070700E-05  1.49302900E-04
  5.86514600E-05  7.38299500E-05  9.19907400E-05  9.90126000E-05  8.54919300E-05  8.54919300E-05  8.54919300E-05  8.54919300E-05  7.94476000E-05  1.13035800E-04  1.25599000E-04  1.91201900E-04  2.00000000E-04  2.00000000E-04  2.00000000E-04  1.61082100E-04  1.14365500E-04  8.16764000E-05  1.30850900E-04  1.19949100E-04
  9.53456000E-05  1.20783800E-04  1.25167600E-04  1.01302200E-04  8.54919300E-05  8.54919300E-05  8.54919300E-05  8.54919300E-05  1.01916600E-04  6.80457600E-05  6.18637700E-05  2.00000000E-04  2.00000000E-04  2.00000000E-04  2.00000000E-04  2.00000000E-04  1.51896800E-04  9.09431200E-05  9.63309600E-05  1.33810100E-04
  3.99617700E-05  6.20754500E-05  9.99921700E-05  1.39875800E-04  8.54919300E-05  8.54919300E-05  8.54919300E-05  8.54919300E-05  1.02046100E-04  7.37834400E-05  9.83303700E-05  1.64469300E-04  2.00000000E-04  2.00000000E-04  1.96344200E-04  1.62143700E-04  1.96486600E-04  1.25661100E-04  1.12564300E-04  1.41147700E-04
  4.08420800E-05  5.22440600E-05  1.03592500E-04  7.92210300E-05  8.54919300E-05  8.54919300E-05  8.54919300E-05  8.54919300E-05  1.03554500E-04  5.33366400E-05  6.56996700E-05  1.32605100E-04  2.00000000E-04  2.00000000E-04  2.00000000E-04  2.00000000E-04  2.00000000E-04  2.00000000E-04  1.33259000E-04  8.71790200E-05
  3.89883000E-05  3.39321100E-05  3.17660300E-05  4.19321400E-05  8.54919300E-05  8.54919300E-05  8.54919300E-05  8.54919300E-05  9.88532200E-05  8.38971300E-05  9.85563700E-05  1.31436500E-04  1.34138900E-04  2.00000000E-04  2.00000000E-04  1.93226000E-04  2.00000000E-04  1.48017900E-04  1.58442800E-04  1.04285800E-04
  4.35540100E-05  2.48706200E-05  4.20531800E-05  4.16436800E-05  8.54919300E-05  8.54919300E-05  8.54919300E-05  8.54919300E-05  1.19425800E-04  1.42343600E-04  1.04110300E-04  1.31777400E-04  1.86483800E-04  2.00000000E-04  1.22695400E-04  1.73599700E-04  2.00000000E-04  1.49516800E-04  1.56501800E-04  1.21526600E-04
  3.22260700E-05  3.01804000E-05  3.42592400E-05  4.03689700E-05  8.54919300E-05  8.54919300E-05  8.54919300E-05  8.54919300E-05  1.59199200E-04  1.05293600E-04  7.31980600E-05  9.40340700E-05  1.08902800E-04  1.24258100E-04  8.09294000E-05  1.09050600E-04  1.56770100E-04  1.35068000E-04  6.87181000E-05  9.08619400E-05
  4.37175500E-05  6.84027300E-05  4.60485100E-05  7.66379100E-05  8.54919300E-05  8.54919300E-05  8.54919300E-05  8.54919300E-05  1.26652600E-04  1.14393300E-04  8.86131900E-05  8.23480000E-05  7.71237300E-05  8.26490300E-05  6.56646800E-05  1.06475700E-04  1.18668700E-04  6.19994600E-05  7.81433900E-05  6.29638400E-05
  2.48813100E-05  8.40353700E-05  5.28054800E-05  6.12242400E-05  8.54919300E-05  8.54919300E-05  1.22156000E-04  1.60171300E-04  1.43384000E-04  1.38631000E-04  9.32649100E-05  5.80180700E-05  3.41915700E-05  6.86300600E-05  5.67533500E-05  1.21043300E-04  5.84423700E-05  4.98967300E-05  4.48947500E-05  5.14756000E-05
  3.87489500E-05  3.89213900E-05  3.48370700E-05  5.03090100E-05  6.26917100E-05  8.54919300E-05  1.02482600E-04  9.51440400E-05  1.50460700E-04  1.70384700E-04  1.65277600E-04  8.66254800E-05  9.08815900E-05  8.14620100E-05  5.25744900E-05  1.06197200E-04  5.23642500E-05  3.42447300E-05  3.89114500E-05  5.19247000E-05
  2.60679600E-05  2.94041600E-05  2.58108500E-05  5.18783100E-05  3.88013900E-05  6.32318700E-05  6.10576100E-05  7.22769200E-05  8.12236400E-05  1.39389000E-04  1.22883700E-04  7.42277900E-05  5.67212100E-05  4.74436000E-05  5.21211900E-05  4.62465500E-05  4.78562800E-05  3.98749800E-05  3.21604200E-05  3.62187100E-05
  4.12030600E-05  2.48527900E-05  2.54057000E-05  5.13654800E-05  2.33348300E-05  3.66218400E-05  4.19984500E-05  8.45494400E-05  7.45919400E-05  1.02790900E-04  1.15899500E-04  5.28985300E-05  3.83064900E-05  4.63465100E-05  4.53380300E-05  3.52356400E-05  5.77581500E-05  4.74158000E-05  3.21999200E-05  3.15249700E-05
  3.98954600E-05  2.56303700E-05  2.87519600E-05  3.77494400E-05  3.26636400E-05  3.96028700E-05  4.62010700E-05  5.08238800E-05  6.71993200E-05  5.51100700E-05  7.66839900E-05  4.10882500E-05  6.50123500E-05  6.58676800E-05  5.19225900E-05  4.93488400E-05  4.98569200E-05  5.58591000E-05  3.43158200E-05  5.58634400E-05
  5.56808500E-05  4.50672200E-05  2.99009200E-05  2.14979100E-05  3.56354500E-05  5.31110500E-05  4.33186700E-05  5.42461400E-05  5.29091500E-05  9.15634800E-05  5.39195000E-05  7.13072100E-05  8.47259700E-05  1.00084700E-04  3.15803600E-05  3.98524500E-05  6.93422200E-05  3.78443200E-05  3.43035000E-05  4.42291800E-05
  4.19645900E-05  4.22784700E-05  3.50743900E-05  7.56203100E-05  7.49953700E-05  4.09597400E-05  3.67988800E-05  4.88586200E-05  6.91841700E-05  9.48037100E-05  9.08199600E-05  6.48770200E-05  6.49858200E-05  1.36366900E-04  7.66579100E-05  5.00279800E-05  4.46187300E-05  3.38284900E-05  3.07631700E-05  6.45571600E-05
  2.42608700E-05  2.21850400E-05  3.88303800E-05  6.14051500E-05  7.17479700E-05  6.59272700E-05  8.51491800E-05  9.07420400E-05  1.01622800E-04  1.13655700E-04  1.35535000E-04  9.33413600E-05  7.91442200E-05  7.45804500E-05  1.37012000E-04  7.65667100E-05  5.49927900E-05  5.29981600E-05  5.81546200E-05  5.84037100E-05
  2.00000000E-05  2.35333100E-05  2.44290600E-05  5.98836600E-05  9.29607000E-05  1.54284200E-04  9.01394000E-05  1.20797400E-04  1.21145000E-04  1.05657900E-04  6.52492100E-05  6.40034400E-05  1.01205000E-04  1.10749300E-04  8.16026800E-05  8.10119700E-05  8.91022800E-05  7.46039100E-05  9.13422900E-05  6.41210100E-05
  2.00000000E-05  2.64765000E-05  2.36985400E-05  4.63430500E-05  5.60618200E-05  7.08597000E-05  7.85062300E-05  1.20346400E-04  9.51612900E-05  6.68215400E-05  7.11355200E-05  6.63517300E-05  8.77233700E-05  9.05343700E-05  8.59040000E-05  8.74529700E-05  4.81083400E-05  5.00558000E-05  8.14145000E-05  1.10817300E-04
  2.00000000E-05  2.56406000E-05  3.09228100E-05  3.99564500E-05  5.40992100E-05  7.23918700E-05  5.10491000E-05  8.11309900E-05  8.02348900E-05  4.31198100E-05  6.11040500E-05  7.25756600E-05  4.56523200E-05  4.14646600E-05  6.86947500E-05  9.33753800E-05  7.34175100E-05  6.81375900E-05  5.54846900E-05  6.73124900E-05
  8.54919300E-05  2.70326400E-05  4.07985800E-05  3.76037900E-05  7.60308700E-05  7.70848900E-05  5.40013600E-05  4.27825700E-05  8.59383800E-05  5.94356400E-05  5.10279900E-05  8.44089800E-05  2.58533900E-05  4.45086200E-05  3.86562700E-05  7.75531800E-05  6.24998800E-05  6.19418300E-05  6.76420600E-05  8.57506100E-05
  8.54919300E-05  8.54919300E-05  2.86586300E-05  2.72230000E-05  5.23577100E-05  6.80703800E-05  7.56574600E-05  5.80606600E-05  4.31671600E-05  4.79941100E-05  5.99181200E-05  7.33691900E-05  5.57330100E-05  5.18507200E-05  4.13166800E-05  5.91463000E-05  6.71884400E-05  5.12075100E-05  8.27299700E-05  8.42243700E-05
  8.54919300E-05  8.54919300E-05  8.54919300E-05  3.86928400E-05  4.33302000E-05  4.92329200E-05  6.20578800E-05  2.94501700E-05  3.88610200E-05  4.20093200E-05  7.53349400E-05  5.75025500E-05  6.89844400E-05  3.85956100E-05  3.04930700E-05  3.65130900E-05  4.04651500E-05  4.97435700E-05  6.54038700E-05  4.98952800E-05
  8.54919300E-05  8.54919300E-05  8.54919300E-05  8.54919300E-05  4.46413900E-05  3.81227400E-05  3.29356100E-05  4.04849800E-05  6.18106500E-05  5.55704600E-05  6.88657600E-05  5.47843600E-05  3.39106600E-05  3.77545900E-05  3.23168800E-05  3.41412800E-05  4.45293200E-05  8.00644500E-05  5.63825000E-05  8.54919300E-05
  8.54919300E-05  8.54919300E-05  8.54919300E-05  8.54919300E-05  3.01652300E-05  3.24011800E-05  4.37605200E-05  8.93088700E-05  6.89292600E-05  7.80317800E-05  4.40359000E-05  3.69068900E-05  3.63514000E-05  4.10411800E-05  2.69119500E-05  4.97985200E-05  7.42174900E-05  8.92992400E-05  6.20276400E-05  8.54919300E-05
  8.54919300E-05  8.54919300E-05  8.54919300E-05  8.54919300E-05  8.54919300E-05  2.11121400E-05  5.51310300E-05  6.74589900E-05  5.94705700E-05  7.51884100E-05  4.90771500E-05  3.85353100E-05  2.90180300E-05  2.83615000E-05  3.17205500E-05  4.01425100E-05  4.87765400E-05  6.89003400E-05  8.54919300E-05  8.54919300E-05
  8.54919300E-05  8.54919300E-05  8.54919300E-05  8.54919300E-05  8.54919300E-05  3.42011000E-05  5.75502000E-05  9.52050500E-05  1.15523200E-04  8.50606800E-05  4.34839300E-05  5.80731800E-05  4.20466800E-05  4.06511200E-05  2.78422000E-05  3.10060900E-05  6.86947000E-05  8.54919300E-05  8.54919300E-05  8.54919300E-05
  8.54919300E-05  8.54919300E-05  8.54919300E-05  8.54919300E-05  8.54919300E-05  5.86065700E-05  6.07324300E-05  7.40292900E-05  8.16711900E-05  1.10915700E-04  6.08494400E-05  7.12213300E-05  7.56192500E-05  4.21010100E-05  3.27319700E-05  2.60661600E-05  8.54919300E-05  8.54919300E-05  8.54919300E-05  8.54919300E-05
