  1.48988700E-04  1.14042900E-04  8.33170000E-05  6.18352400E-05  6.79627400E-05  1.03822600E-04  1.60520500E-04  1.45113900E-04  2.00000000E-04  1.37652100E-04  2.00000000E-04  1.41438300E-04  2.00000000E-04  1.32768700E-04  1.10877100E-04  1.66029700E-04  2.00000000E-04  1.31218400E-04  1.62868300E-04  1.91717600E-04
  1.15279400E-04  9.72114600E-05  7.12239400E-05  5.41637600E-05  6.74885800E-05  7.61608900E-05  6.70343400E-05  1.00965800E-04  1.12872700E-04  1.65399600E-04  1.75815300E-04  1.38497000E-04  1.28408900E-04  1.00479900E-04  7.62172100E-05  9.61901000E-05  1.43949200E-04  1.26825700E-04  1.90004700E-04  2.00000000E-04
  7.05946200E-05  1.09201500E-04  6.32764400E-05  1.64133600E-04  7.96580000E-05  8.21535600E-05  1.66887900E-04  1.50754600E-04  1.13903200E-04  1.29825000E-04  1.49198800E-04  1.30408900E-04  8.62839400E-05  5.46451900E-05  1.03323800E-04  1.94564800E-04  1.75964900E-04  1.72109300E-04  2.00000000E-04  2.00000000E-04
  6.51990900E-05  5.12197800E-05  4.84141000E-05  7.59413600E-05  9.98186100E-05  1.47535700E-04  2.00000000E-04  2.00000000E-04  2.00000000E-04  2.00000000E-04  1.79204800E-04  9.25061400E-05  1.36591800E-04  1.12725700E-04  1.50715000E-04  1.67849200E-04  1.27941600E-04  2.00000000E-04  2.00000000E-04  2.00000000E-04
  8.03801200E-05  5.21667100E-05  3.54550500E-05  6.90277000E-05  9.54024100E-05  1.26471700E-04  2.00000000E-04  2.00000000E-04  1.63850100E-04  1.92497300E-04  2.00000000E-04  2.00000000E-04  2.00000000E-04  2.00000000E-04  2.00000000E-04  1.98473800E-04  2.00000000E-04  2.00000000E-04  2.00000000E-04  2.00000000E-04
  6.52133700E-05  5.08568700E-05  3.04279600E-05  5.23221500E-05  5.65127900E-05  9.18347300E-05  1.01970800E-04  9.37245300E-05  1.81983300E-04  2.00000000E-04  1.53272000E-04  1.77190800E-04  2.00000000E-04  2.00000000E-04  2.00000000E-04  2.00000000E-04  2.00000000E-04  2.00000000E-04  2.00000000E-04  2.00000000E-04
  6.18312300E-05  3.66417500E-05  2.90481800E-05  5.13279800E-05  6.84059000E-05  1.13869400E-04  8.81591500E-05  6.30231300E-05  1.03049000E-04  1.33301400E-04  1.33977400E-04  1.37335100E-04  2.00000000E-04  2.00000000E-04  2.00000000E-04  2.00000000E-04  2.00000000E-04  2.00000000E-04  1.81418500E-04  2.00000000E-04
  4.26452100E-05  2.64538900E-05  3.35519600E-05  4.29645800E-05  6.45438400E-05  8.02756700E-05  6.96287800E-05  5.54917200E-05  4.42923600E-05  8.17764800E-05  1.08041600E-04  1.40062700E-04  2.00000000E-04  2.00000000E-04  2.00000000E-04  2.00000000E-04  2.00000000E-04  2.00000000E-04  2.00000000E-04  2.00000000E-04
  5.67770500E-05  4.46419900E-05  3.19056300E-05  4.25218700E-05  9.18562700E-05  9.18562700E-05  9.18562700E-05  4.92391000E-05  8.72521300E-05  8.68974800E-05  2.00000000E-04  1.21199300E-04  1.44566600E-04  2.00000000E-04  2.00000000E-04  2.00000000E-04  2.00000000E-04  2.00000000E-04  2.00000000E-04  2.00000000E-04
  4.50726900E-05  3.73904300E-05  3.34302800E-05  2.84670500E-05  9.18562700E-05  9.18562700E-05  9.18562700E-05  9.18562700E-05  4.96733500E-05  7.15145700E-05  1.19063000E-04  1.19836100E-04  1.11081100E-04  1.26322000E-04  2.00000000E-04  2.00000000E-04  2.00000000E-04  2.00000000E-04  2.00000000E-04  2.00000000E-04
  4.37930200E-05  3.52194500E-05  2.96822500E-05  4.29169900E-05  9.18562700E-05  9.18562700E-05  9.18562700E-05  9.18562700E-05  4.38992400E-05  5.11619400E-05  4.26168900E-05  4.58628500E-05  5.03452400E-05  1.82819000E-04  2.00000000E-04  2.00000000E-04  2.00000000E-04  2.00000000E-04  1.21490000E-04  1.87606500E-04
  5.61534600E-05  3.31262200E-05  3.98853400E-05  2.87975700E-05  9.18562700E-05  9.18562700E-05  9.18562700E-05  9.18562700E-05  3.34037500E-05  3.37251100E-05  3.96742800E-05  3.37899400E-05  6.86374800E-05  2.00000000E-04  2.00000000E-04  2.00000000E-04  2.00000000E-04  1.88559300E-04  9.36147000E-05  1.67649300E-04
  5.01566700E-05  6.40516300E-05  5.14612600E-05  3.53523500E-05  9.18562700E-05  9.18562700E-05  9.18562700E-05  9.18562700E-05  2.70001000E-05  2.53127700E-05  3.18571900E-05  3.63203500E-05  5.11873100E-05  1.15015100E-04  2.00000000E-04  2.00000000E-04  2.00000000E-04  2.00000000E-04  1.20277200E-04  2.00000000E-04
  4.61289200E-05  5.89158100E-05  5.46730200E-05  4.59479400E-05  9.18562700E-05  9.18562700E-05  9.18562700E-05  9.18562700E-05  4.18830500E-05  2.75856800E-05  4.56732800E-05  5.04412400E-05  6.22477400E-05  1.44233300E-04  2.00000000E-04  1.72779500E-04  2.00000000E-04  1.26196100E-04  1.08022200E-04  1.19848900E-04
  6.00179900E-05  5.78436300E-05  5.41781100E-05  4.04487500E-05  9.18562700E-05  9.18562700E-05  9.18562700E-05  9.18562700E-05  4.42095400E-05  4.32630200E-05  4.13060800E-05  4.52343600E-05  9.85539300E-05  1.69005900E-04  2.00000000E-04  1.59353600E-04  1.35885100E-04  1.12548100E-04  8.07536300E-05  5.92473100E-05
  8.02751900E-05  4.44049500E-05  2.82377400E-05  2.99182500E-05  9.18562700E-05  9.18562700E-05  9.18562700E-05  9.18562700E-05  5.08449800E-05  5.87718000E-05  5.63897600E-05  4.33908500E-05  6.16888100E-05  1.03711800E-04  9.26637700E-05  6.15732900E-05  3.64184900E-05  6.54645100E-05  5.54852800E-05  6.58718600E-05
  4.59577000E-05  2.00000000E-05  2.00000000E-05  2.00000000E-05  9.18562700E-05  9.18562700E-05  9.18562700E-05  9.18562700E-05  2.83965300E-05  2.91796200E-05  4.64759000E-05  4.94243000E-05  4.86682000E-05  6.45336100E-05  8.91638200E-05  6.36497900E-05  3.13954900E-05  5.42925300E-05  8.16787200E-05  9.80645900E-05
  3.50210100E-05  2.19276600E-05  2.00000000E-05  2.15269600E-05  9.18562700E-05  9.18562700E-05  9.18562700E-05  9.18562700E-05  4.45704300E-05  4.30861700E-05  4.55023900E-05  5.62126400E-05  5.76363600E-05  7.93505500E-05  1.20869100E-04  1.22606100E-04  4.29575300E-05  6.04434300E-05  6.29643600E-05  8.39771800E-05
  2.65450300E-05  2.00000000E-05  2.00000000E-05  2.51322300E-05  9.18562700E-05  9.18562700E-05  9.18562700E-05  9.18562700E-05  6.34825900E-05  1.15849800E-04  7.38034500E-05  7.75038100E-05  1.19140300E-04  8.72843700E-05  6.80579900E-05  1.00794100E-04  8.03895200E-05  9.89561700E-05  9.50206300E-05  1.05880000E-04
  3.18500100E-05  2.08770700E-05  2.00000000E-05  2.00000000E-05  9.18562700E-05  9.18562700E-05  9.18562700E-05  9.18562700E-05  1.00026500E-04  1.16291200E-04  9.41254700E-05  1.05742000E-04  1.26248400E-04  1.00764200E-04  1.01104900E-04  7.25498400E-05  8.47723100E-05  1.00554600E-04  9.84238600E-05  1.02806200E-04
  3.67807300E-05  2.63250700E-05  2.00000000E-05  2.77593400E-05  9.18562700E-05  9.18562700E-05  9.18562700E-05  9.18562700E-05  8.29383800E-05  9.95353600E-05  1.14615700E-04  1.17384400E-04  1.28435300E-04  1.41378800E-04  1.21444700E-04  9.96904000E-05  6.65112400E-05  1.02552300E-04  6.22335200E-05  4.39093300E-05
  4.46380300E-05  5.35269000E-05  3.56761300E-05  5.68086400E-05  9.18562700E-05  9.18562700E-05  6.20031700E-05  6.52688400E-05  5.66659600E-05  7.24652400E-05  7.88705300E-05  1.23826200E-04  1.49110100E-04  1.09434500E-04  9.43984900E-05  8.82182100E-05  5.68834100E-05  7.79100800E-05  5.78728400E-05  4.82955400E-05
  6.93445900E-05  6.19025000E-05  6.56776000E-05  1.03661900E-04  8.25664100E-05  9.18562700E-05  7.92294300E-05  7.63605400E-05  8.47790400E-05  6.69509600E-05  1.26325700E-04  8.71730800E-05  1.52971900E-04  9.33609700E-05  4.83517200E-05  6.40487700E-05  6.00380000E-05  5.34929100E-05  4.54232100E-05  5.55264200E-05
  7.10837800E-05  7.66990500E-05  1.44320600E-04  5.62344600E-05  7.67728000E-05  8.14130500E-05  8.77241500E-05  1.18995800E-04  1.44994000E-04  9.55220700E-05  8.96310300E-05  9.01952500E-05  9.50787400E-05  1.00825600E-04  1.03787900E-04  5.38785700E-05  4.79065400E-05  3.58926300E-05  8.12749300E-05  1.04600800E-04
  1.14266600E-04  9.06177900E-05  1.15301900E-04  1.34618800E-04  1.11491300E-04  6.38476600E-05  8.15630900E-05  1.14639400E-04  1.27677500E-04  1.25056900E-04  1.04377200E-04  6.09291000E-05  8.40626300E-05  7.09477000E-05  9.63952100E-05  5.15996500E-05  3.36497700E-05  4.29016100E-05  6.13059200E-05  7.96085100E-05
  7.43596000E-05  7.20690500E-05  9.95800100E-05  9.81929400E-05  1.11227700E-04  9.58265600E-05  6.89805100E-05  9.18040700E-05  1.38893400E-04  1.25030600E-04  1.13093300E-04  5.80830000E-05  4.67111600E-05  4.08403400E-05  4.28613800E-05  3.37981700E-05  3.37353500E-05  5.33014600E-05  5.50713700E-05  5.50124900E-05
  7.87961400E-05  1.19082200E-04  6.55602100E-05  6.03150200E-05  1.14246100E-04  1.56575000E-04  9.48781300E-05  1.34405300E-04  1.66048900E-04  1.52242800E-04  1.77202300E-04  1.11996200E-04  6.51824400E-05  5.96064800E-05  4.07400100E-05  3.29956100E-05  4.90870000E-05  6.71452900E-05  5.40239600E-05  3.91099300E-05
  7.91574800E-05  9.17313200E-05  7.19719400E-05  5.83359300E-05  8.91474600E-05  1.67578700E-04  1.27739500E-04  1.63515000E-04  1.56028000E-04  9.91088800E-05  2.00000000E-04  1.65993300E-04  8.97372400E-05  6.15867600E-05  3.22749300E-05  3.40674500E-05  2.83911300E-05  6.54544500E-05  9.76667800E-05  4.05170800E-05
  8.77896100E-05  7.19862100E-05  7.72546600E-05  6.82722600E-05  1.42615200E-04  1.15473000E-04  1.90204600E-04  2.00000000E-04  2.00000000E-04  1.89578700E-04  2.00000000E-04  1.23756700E-04  9.33657100E-05  5.26451700E-05  3.70108000E-05  2.52511200E-05  2.43184200E-05  2.58433300E-05  5.02517800E-05  7.09438600E-05
  1.74435100E-04  1.41589300E-04  1.50797600E-04  1.11173700E-04  1.80736900E-04  1.53146700E-04  2.00000000E-04  2.00000000E-04  2.00000000E-04  1.56878300E-04  1.61334600E-04  1.83036500E-04  7.58221000E-05  8.59043800E-05  3.93949800E-05  3.62060600E-05  2.70813100E-05  2.56425900E-05  3.54539200E-05  3.43133500E-05
  7.73942800E-05  9.11464500E-05  1.36456800E-04  1.13826900E-04  2.00000000E-04  2.00000000E-04  2.00000000E-04  2.00000000E-04  2.00000000E-04  1.33598300E-04  1.21935500E-04  9.84471500E-05  7.71338200E-05  6.19198100E-05  6.81573600E-05  5.88042700E-05  4.07863700E-05  3.26116000E-05  3.56185500E-05  5.38258400E-05
  6.77737000E-05  1.02165300E-04  9.45481100E-05  1.34512300E-04  2.00000000E-04  1.62791100E-04  1.74085200E-04  1.96098100E-04  1.35265200E-04  1.03493100E-04  9.83555000E-05  1.33044500E-04  9.27435100E-05  1.56584900E-04  9.74866900E-05  9.41929900E-05  2.96983100E-05  3.98485300E-05  3.98572800E-05  7.05840400E-05
  9.18562700E-05  1.05721500E-04  1.01635300E-04  1.26648200E-04  1.75814300E-04  2.00000000E-04  2.00000000E-04  8.63882100E-05  1.10287800E-04  8.24989600E-05  7.69114100E-05  1.30348100E-04  1.18266500E-04  2.00000000E-04  1.41859000E-04  7.56766500E-05  4.93853800E-05  9.27687600E-05  8.09295100E-05  6.82401300E-05
  9.18562700E-05  9.18562700E-05  9.93651600E-05  1.02007900E-04  2.00000000E-04  1.69548800E-04  1.37935200E-04  1.14883600E-04  9.76347500E-05  6.44546100E-05  7.20359300E-05  1.18587500E-04  1.24363000E-04  1.21309000E-04  1.29742300E-04  1.83530100E-04  1.02838900E-04  1.36644300E-04  1.79961600E-04  1.09585100E-04
  9.18562700E-05  9.18562700E-05  9.18562700E-05  1.03415300E-04  1.33913700E-04  1.75121400E-04  9.14453100E-05  7.54171400E-05  1.16347400E-04  8.21641200E-05  8.51201400E-05  1.15670200E-04  7.42691800E-05  6.44514100E-05  8.35177000E-05  1.09287500E-04  1.92750500E-04  1.48174700E-04  1.35406200E-04  1.04650800E-04
  9.18562700E-05  9.18562700E-05  9.18562700E-05  9.18562700E-05  6.83725000E-05  1.05704500E-04  7.76292600E-05  9.37704100E-05  7.96293400E-05  9.63417800E-05  7.42044100E-05  5.80876300E-05  6.40622200E-05  4.39640000E-05  7.26037500E-05  8.15384700E-05  1.33000400E-04  1.53775400E-04  1.49176000E-04  9.18562700E-05
  9.18562700E-05  9.18562700E-05  9.18562700E-05  9.18562700E-05  6.71425700E-05  1.07343600E-04  5.96643300E-05  4.86940500E-05  5.89031500E-05  4.81782600E-05  8.30525200E-05  8.42193500E-05  6.39504300E-05  5.57269400E-05  8.38778900E-05  8.89854800E-05  9.45119400E-05  1.07066800E-04  1.37715100E-04  9.18562700E-05
  9.18562700E-05  9.18562700E-05  9.18562700E-05  9.18562700E-05  9.18562700E-05  7.77109900E-05  8.11792500E-05  8.44587300E-05  6.53468300E-05  3.74329000E-05  7.02928800E-05  4.65502000E-05  5.76572000E-05  7.70227600E-05  8.20866200E-05  8.22086500E-05  7.14580600E-05  1.31623700E-04  9.18562700E-05  9.18562700E-05
  9.18562700E-05  9.18562700E-05  9.18562700E-05  9.18562700E-05  9.18562700E-05  4.65550800E-05  4.19709000E-05  7.54593500E-05  6.41211900E-05  4.67375500E-05  6.87476500E-05  5.64825700E-05  5.35595100E-05  4.97993800E-05  4.01156700E-05  3.57879100E-05  7.43729400E-05  9.18562700E-05  9.18562700E-05  9.18562700E-05
  9.18562700E-05  9.18562700E-05  9.18562700E-05  9.18562700E-05  9.18562700E-05  3.59004800E-05  4.06365800E-05  2.00000000E-05  4.98185600E-05  2.78691000E-05  4.43077900E-05  3.91012600E-05  5.44274900E-05  3.15107700E-05  7.26573600E-05  4.24688300E-05  9.18562700E-05  9.18562700E-05  9.18562700E-05  9.18562700E-05
