9.576539000000000232e-05 9.576539000000000232e-05 9.576539000000000232e-05 9.576539000000000232e-05 9.576539000000000232e-05 9.576539000000000232e-05 9.576539000000000232e-05 9.576539000000000232e-05 9.576539000000000232e-05 9.576539000000000232e-05 9.576539000000000232e-05 9.576539000000000232e-05 9.576539000000000232e-05 9.576539000000000232e-05 9.576539000000000232e-05 9.576539000000000232e-05 9.576539000000000232e-05 9.576539000000000232e-05 9.576539000000000232e-05 9.576539000000000232e-05
9.576539000000000232e-05 9.576539000000000232e-05 9.576539000000000232e-05 9.576539000000000232e-05 9.576539000000000232e-05 9.576539000000000232e-05 9.576539000000000232e-05 9.576539000000000232e-05 9.576539000000000232e-05 9.576539000000000232e-05 9.576539000000000232e-05 9.576539000000000232e-05 9.576539000000000232e-05 9.576539000000000232e-05 9.576539000000000232e-05 9.576539000000000232e-05 9.576539000000000232e-05 9.576539000000000232e-05 9.576539000000000232e-05 9.576539000000000232e-05
9.576539000000000232e-05 9.576539000000000232e-05 9.576539000000000232e-05 9.576539000000000232e-05 9.576539000000000232e-05 9.576539000000000232e-05 9.576539000000000232e-05 9.576539000000000232e-05 9.576539000000000232e-05 9.576539000000000232e-05 9.576539000000000232e-05 9.576539000000000232e-05 9.576539000000000232e-05 9.576539000000000232e-05 9.576539000000000232e-05 9.576539000000000232e-05 9.576539000000000232e-05 9.576539000000000232e-05 9.576539000000000232e-05 9.576539000000000232e-05
9.576539000000000232e-05 9.576539000000000232e-05 9.576539000000000232e-05 9.576539000000000232e-05 9.576539000000000232e-05 9.576539000000000232e-05 9.576539000000000232e-05 9.576539000000000232e-05 9.576539000000000232e-05 9.576539000000000232e-05 9.576539000000000232e-05 9.576539000000000232e-05 9.576539000000000232e-05 9.576539000000000232e-05 9.576539000000000232e-05 9.576539000000000232e-05 9.576539000000000232e-05 9.576539000000000232e-05 9.576539000000000232e-05 9.576539000000000232e-05
9.576539000000000232e-05 9.576539000000000232e-05 9.576539000000000232e-05 9.576539000000000232e-05 9.576539000000000232e-05 9.576539000000000232e-05 9.576539000000000232e-05 9.576539000000000232e-05 9.576539000000000232e-05 9.576539000000000232e-05 9.576539000000000232e-05 9.576539000000000232e-05 9.576539000000000232e-05 9.576539000000000232e-05 9.576539000000000232e-05 9.576539000000000232e-05 9.576539000000000232e-05 9.576539000000000232e-05 9.576539000000000232e-05 9.576539000000000232e-05
9.576539000000000232e-05 9.576539000000000232e-05 9.576539000000000232e-05 9.576539000000000232e-05 9.576539000000000232e-05 9.576539000000000232e-05 9.576539000000000232e-05 9.576539000000000232e-05 9.576539000000000232e-05 9.576539000000000232e-05 9.576539000000000232e-05 9.576539000000000232e-05 9.576539000000000232e-05 9.576539000000000232e-05 9.576539000000000232e-05 9.576539000000000232e-05 9.576539000000000232e-05 9.576539000000000232e-05 9.576539000000000232e-05 9.576539000000000232e-05
9.576539000000000232e-05 9.576539000000000232e-05 9.576539000000000232e-05 9.576539000000000232e-05 9.576539000000000232e-05 9.576539000000000232e-05 9.576539000000000232e-05 9.576539000000000232e-05 9.576539000000000232e-05 9.576539000000000232e-05 9.576539000000000232e-05 9.576539000000000232e-05 9.576539000000000232e-05 9.576539000000000232e-05 9.576539000000000232e-05 9.576539000000000232e-05 9.576539000000000232e-05 9.576539000000000232e-05 9.576539000000000232e-05 9.576539000000000232e-05
9.576539000000000232e-05 9.576539000000000232e-05 9.576539000000000232e-05 9.576539000000000232e-05 9.576539000000000232e-05 9.576539000000000232e-05 9.576539000000000232e-05 9.576539000000000232e-05 9.576539000000000232e-05 9.576539000000000232e-05 9.576539000000000232e-05 9.576539000000000232e-05 9.576539000000000232e-05 9.576539000000000232e-05 9.576539000000000232e-05 9.576539000000000232e-05 9.576539000000000232e-05 9.576539000000000232e-05 9.576539000000000232e-05 9.576539000000000232e-05
9.576539000000000232e-05 9.576539000000000232e-05 9.576539000000000232e-05 9.576539000000000232e-05 9.576539000000000232e-05 9.576539000000000232e-05 9.576539000000000232e-05 9.576539000000000232e-05 9.576539000000000232e-05 9.576539000000000232e-05 9.576539000000000232e-05 9.576539000000000232e-05 9.576539000000000232e-05 9.576539000000000232e-05 9.576539000000000232e-05 9.576539000000000232e-05 9.576539000000000232e-05 9.576539000000000232e-05 9.576539000000000232e-05 9.576539000000000232e-05
9.576539000000000232e-05 9.576539000000000232e-05 9.576539000000000232e-05 9.576539000000000232e-05 9.576539000000000232e-05 9.576539000000000232e-05 9.576539000000000232e-05 9.576539000000000232e-05 9.576539000000000232e-05 9.576539000000000232e-05 9.576539000000000232e-05 9.576539000000000232e-05 9.576539000000000232e-05 9.576539000000000232e-05 9.576539000000000232e-05 9.576539000000000232e-05 9.576539000000000232e-05 9.576539000000000232e-05 9.576539000000000232e-05 9.576539000000000232e-05
9.576539000000000232e-05 9.576539000000000232e-05 9.576539000000000232e-05 9.576539000000000232e-05 9.576539000000000232e-05 9.576539000000000232e-05 9.576539000000000232e-05 9.576539000000000232e-05 9.576539000000000232e-05 9.576539000000000232e-05 9.576539000000000232e-05 9.576539000000000232e-05 9.576539000000000232e-05 9.576539000000000232e-05 9.576539000000000232e-05 9.576539000000000232e-05 9.576539000000000232e-05 9.576539000000000232e-05 9.576539000000000232e-05 9.576539000000000232e-05
9.576539000000000232e-05 9.576539000000000232e-05 9.576539000000000232e-05 9.576539000000000232e-05 9.576539000000000232e-05 9.576539000000000232e-05 9.576539000000000232e-05 9.576539000000000232e-05 9.576539000000000232e-05 9.576539000000000232e-05 9.576539000000000232e-05 9.576539000000000232e-05 9.576539000000000232e-05 9.576539000000000232e-05 9.576539000000000232e-05 9.576539000000000232e-05 9.576539000000000232e-05 9.576539000000000232e-05 9.576539000000000232e-05 9.576539000000000232e-05
9.576539000000000232e-05 9.576539000000000232e-05 9.576539000000000232e-05 9.576539000000000232e-05 9.576539000000000232e-05 9.576539000000000232e-05 9.576539000000000232e-05 9.576539000000000232e-05 9.576539000000000232e-05 9.576539000000000232e-05 9.576539000000000232e-05 9.576539000000000232e-05 9.576539000000000232e-05 9.576539000000000232e-05 9.576539000000000232e-05 9.576539000000000232e-05 9.576539000000000232e-05 9.576539000000000232e-05 9.576539000000000232e-05 9.576539000000000232e-05
9.576539000000000232e-05 9.576539000000000232e-05 9.576539000000000232e-05 9.576539000000000232e-05 9.576539000000000232e-05 9.576539000000000232e-05 9.576539000000000232e-05 9.576539000000000232e-05 9.576539000000000232e-05 9.576539000000000232e-05 9.576539000000000232e-05 9.576539000000000232e-05 9.576539000000000232e-05 9.576539000000000232e-05 9.576539000000000232e-05 9.576539000000000232e-05 9.576539000000000232e-05 9.576539000000000232e-05 9.576539000000000232e-05 9.576539000000000232e-05
9.576539000000000232e-05 9.576539000000000232e-05 9.576539000000000232e-05 9.576539000000000232e-05 9.576539000000000232e-05 9.576539000000000232e-05 9.576539000000000232e-05 9.576539000000000232e-05 9.576539000000000232e-05 9.576539000000000232e-05 9.576539000000000232e-05 9.576539000000000232e-05 9.576539000000000232e-05 9.576539000000000232e-05 9.576539000000000232e-05 9.576539000000000232e-05 9.576539000000000232e-05 9.576539000000000232e-05 9.576539000000000232e-05 9.576539000000000232e-05
9.576539000000000232e-05 9.576539000000000232e-05 9.576539000000000232e-05 9.576539000000000232e-05 9.576539000000000232e-05 9.576539000000000232e-05 9.576539000000000232e-05 9.576539000000000232e-05 9.576539000000000232e-05 9.576539000000000232e-05 9.576539000000000232e-05 9.576539000000000232e-05 9.576539000000000232e-05 9.576539000000000232e-05 9.576539000000000232e-05 9.576539000000000232e-05 9.576539000000000232e-05 9.576539000000000232e-05 9.576539000000000232e-05 9.576539000000000232e-05
9.576539000000000232e-05 9.576539000000000232e-05 9.576539000000000232e-05 9.576539000000000232e-05 9.576539000000000232e-05 9.576539000000000232e-05 9.576539000000000232e-05 9.576539000000000232e-05 9.576539000000000232e-05 9.576539000000000232e-05 9.576539000000000232e-05 9.576539000000000232e-05 9.576539000000000232e-05 9.576539000000000232e-05 9.576539000000000232e-05 9.576539000000000232e-05 9.576539000000000232e-05 9.576539000000000232e-05 9.576539000000000232e-05 9.576539000000000232e-05
9.576539000000000232e-05 9.576539000000000232e-05 9.576539000000000232e-05 9.576539000000000232e-05 9.576539000000000232e-05 9.576539000000000232e-05 9.576539000000000232e-05 9.576539000000000232e-05 9.576539000000000232e-05 9.576539000000000232e-05 9.576539000000000232e-05 9.576539000000000232e-05 9.576539000000000232e-05 9.576539000000000232e-05 9.576539000000000232e-05 9.576539000000000232e-05 9.576539000000000232e-05 9.576539000000000232e-05 9.576539000000000232e-05 9.576539000000000232e-05
9.576539000000000232e-05 9.576539000000000232e-05 9.576539000000000232e-05 9.576539000000000232e-05 9.576539000000000232e-05 9.576539000000000232e-05 9.576539000000000232e-05 9.576539000000000232e-05 9.576539000000000232e-05 9.576539000000000232e-05 9.576539000000000232e-05 9.576539000000000232e-05 9.576539000000000232e-05 9.576539000000000232e-05 9.576539000000000232e-05 9.576539000000000232e-05 9.576539000000000232e-05 9.576539000000000232e-05 9.576539000000000232e-05 9.576539000000000232e-05
9.576539000000000232e-05 9.576539000000000232e-05 9.576539000000000232e-05 9.576539000000000232e-05 9.576539000000000232e-05 9.576539000000000232e-05 9.576539000000000232e-05 9.576539000000000232e-05 9.576539000000000232e-05 9.576539000000000232e-05 9.576539000000000232e-05 9.576539000000000232e-05 9.576539000000000232e-05 9.576539000000000232e-05 9.576539000000000232e-05 9.576539000000000232e-05 9.576539000000000232e-05 9.576539000000000232e-05 9.576539000000000232e-05 9.576539000000000232e-05
9.576539000000000232e-05 9.576539000000000232e-05 9.576539000000000232e-05 9.576539000000000232e-05 9.576539000000000232e-05 9.576539000000000232e-05 9.576539000000000232e-05 9.576539000000000232e-05 9.576539000000000232e-05 9.576539000000000232e-05 9.576539000000000232e-05 9.576539000000000232e-05 9.576539000000000232e-05 9.576539000000000232e-05 9.576539000000000232e-05 9.576539000000000232e-05 9.576539000000000232e-05 9.576539000000000232e-05 9.576539000000000232e-05 9.576539000000000232e-05
9.576539000000000232e-05 9.576539000000000232e-05 9.576539000000000232e-05 9.576539000000000232e-05 9.576539000000000232e-05 9.576539000000000232e-05 9.576539000000000232e-05 9.576539000000000232e-05 9.576539000000000232e-05 9.576539000000000232e-05 9.576539000000000232e-05 9.576539000000000232e-05 9.576539000000000232e-05 9.576539000000000232e-05 9.576539000000000232e-05 9.576539000000000232e-05 9.576539000000000232e-05 9.576539000000000232e-05 9.576539000000000232e-05 9.576539000000000232e-05
9.576539000000000232e-05 9.576539000000000232e-05 9.576539000000000232e-05 9.576539000000000232e-05 9.576539000000000232e-05 9.576539000000000232e-05 9.576539000000000232e-05 9.576539000000000232e-05 9.576539000000000232e-05 9.576539000000000232e-05 9.576539000000000232e-05 9.576539000000000232e-05 9.576539000000000232e-05 9.576539000000000232e-05 9.576539000000000232e-05 9.576539000000000232e-05 9.576539000000000232e-05 9.576539000000000232e-05 9.576539000000000232e-05 9.576539000000000232e-05
9.576539000000000232e-05 9.576539000000000232e-05 9.576539000000000232e-05 9.576539000000000232e-05 9.576539000000000232e-05 9.576539000000000232e-05 9.576539000000000232e-05 9.576539000000000232e-05 9.576539000000000232e-05 9.576539000000000232e-05 9.576539000000000232e-05 9.576539000000000232e-05 9.576539000000000232e-05 9.576539000000000232e-05 9.576539000000000232e-05 9.576539000000000232e-05 9.576539000000000232e-05 9.576539000000000232e-05 9.576539000000000232e-05 9.576539000000000232e-05
9.576539000000000232e-05 9.576539000000000232e-05 9.576539000000000232e-05 9.576539000000000232e-05 9.576539000000000232e-05 9.576539000000000232e-05 9.576539000000000232e-05 9.576539000000000232e-05 9.576539000000000232e-05 9.576539000000000232e-05 9.576539000000000232e-05 9.576539000000000232e-05 9.576539000000000232e-05 9.576539000000000232e-05 9.576539000000000232e-05 9.576539000000000232e-05 9.576539000000000232e-05 9.576539000000000232e-05 9.576539000000000232e-05 9.576539000000000232e-05
9.576539000000000232e-05 9.576539000000000232e-05 9.576539000000000232e-05 9.576539000000000232e-05 9.576539000000000232e-05 9.576539000000000232e-05 9.576539000000000232e-05 9.576539000000000232e-05 9.576539000000000232e-05 9.576539000000000232e-05 9.576539000000000232e-05 9.576539000000000232e-05 9.576539000000000232e-05 9.576539000000000232e-05 9.576539000000000232e-05 9.576539000000000232e-05 9.576539000000000232e-05 9.576539000000000232e-05 9.576539000000000232e-05 9.576539000000000232e-05
9.576539000000000232e-05 9.576539000000000232e-05 9.576539000000000232e-05 9.576539000000000232e-05 9.576539000000000232e-05 9.576539000000000232e-05 9.576539000000000232e-05 9.576539000000000232e-05 9.576539000000000232e-05 9.576539000000000232e-05 9.576539000000000232e-05 9.576539000000000232e-05 9.576539000000000232e-05 9.576539000000000232e-05 9.576539000000000232e-05 9.576539000000000232e-05 9.576539000000000232e-05 9.576539000000000232e-05 9.576539000000000232e-05 9.576539000000000232e-05
9.576539000000000232e-05 9.576539000000000232e-05 9.576539000000000232e-05 9.576539000000000232e-05 9.576539000000000232e-05 9.576539000000000232e-05 9.576539000000000232e-05 9.576539000000000232e-05 9.576539000000000232e-05 9.576539000000000232e-05 9.576539000000000232e-05 9.576539000000000232e-05 9.576539000000000232e-05 9.576539000000000232e-05 9.576539000000000232e-05 9.576539000000000232e-05 9.576539000000000232e-05 9.576539000000000232e-05 9.576539000000000232e-05 9.576539000000000232e-05
9.576539000000000232e-05 9.576539000000000232e-05 9.576539000000000232e-05 9.576539000000000232e-05 9.576539000000000232e-05 9.576539000000000232e-05 9.576539000000000232e-05 9.576539000000000232e-05 9.576539000000000232e-05 9.576539000000000232e-05 9.576539000000000232e-05 9.576539000000000232e-05 9.576539000000000232e-05 9.576539000000000232e-05 9.576539000000000232e-05 9.576539000000000232e-05 9.576539000000000232e-05 9.576539000000000232e-05 9.576539000000000232e-05 9.576539000000000232e-05
9.576539000000000232e-05 9.576539000000000232e-05 9.576539000000000232e-05 9.576539000000000232e-05 9.576539000000000232e-05 9.576539000000000232e-05 9.576539000000000232e-05 9.576539000000000232e-05 9.576539000000000232e-05 9.576539000000000232e-05 9.576539000000000232e-05 9.576539000000000232e-05 9.576539000000000232e-05 9.576539000000000232e-05 9.576539000000000232e-05 9.576539000000000232e-05 9.576539000000000232e-05 9.576539000000000232e-05 9.576539000000000232e-05 9.576539000000000232e-05
9.576539000000000232e-05 9.576539000000000232e-05 9.576539000000000232e-05 9.576539000000000232e-05 9.576539000000000232e-05 9.576539000000000232e-05 9.576539000000000232e-05 9.576539000000000232e-05 9.576539000000000232e-05 9.576539000000000232e-05 9.576539000000000232e-05 9.576539000000000232e-05 9.576539000000000232e-05 9.576539000000000232e-05 9.576539000000000232e-05 9.576539000000000232e-05 9.576539000000000232e-05 9.576539000000000232e-05 9.576539000000000232e-05 9.576539000000000232e-05
9.576539000000000232e-05 9.576539000000000232e-05 9.576539000000000232e-05 9.576539000000000232e-05 9.576539000000000232e-05 9.576539000000000232e-05 9.576539000000000232e-05 9.576539000000000232e-05 9.576539000000000232e-05 9.576539000000000232e-05 9.576539000000000232e-05 9.576539000000000232e-05 9.576539000000000232e-05 9.576539000000000232e-05 9.576539000000000232e-05 9.576539000000000232e-05 9.576539000000000232e-05 9.576539000000000232e-05 9.576539000000000232e-05 9.576539000000000232e-05
9.576539000000000232e-05 9.576539000000000232e-05 9.576539000000000232e-05 9.576539000000000232e-05 9.576539000000000232e-05 9.576539000000000232e-05 9.576539000000000232e-05 9.576539000000000232e-05 9.576539000000000232e-05 9.576539000000000232e-05 9.576539000000000232e-05 9.576539000000000232e-05 9.576539000000000232e-05 9.576539000000000232e-05 9.576539000000000232e-05 9.576539000000000232e-05 9.576539000000000232e-05 9.576539000000000232e-05 9.576539000000000232e-05 9.576539000000000232e-05
9.576539000000000232e-05 9.576539000000000232e-05 9.576539000000000232e-05 9.576539000000000232e-05 9.576539000000000232e-05 9.576539000000000232e-05 9.576539000000000232e-05 9.576539000000000232e-05 9.576539000000000232e-05 9.576539000000000232e-05 9.576539000000000232e-05 9.576539000000000232e-05 9.576539000000000232e-05 9.576539000000000232e-05 9.576539000000000232e-05 9.576539000000000232e-05 9.576539000000000232e-05 9.576539000000000232e-05 9.576539000000000232e-05 9.576539000000000232e-05
9.576539000000000232e-05 9.576539000000000232e-05 9.576539000000000232e-05 9.576539000000000232e-05 9.576539000000000232e-05 9.576539000000000232e-05 9.576539000000000232e-05 9.576539000000000232e-05 9.576539000000000232e-05 9.576539000000000232e-05 9.576539000000000232e-05 9.576539000000000232e-05 9.576539000000000232e-05 9.576539000000000232e-05 9.576539000000000232e-05 9.576539000000000232e-05 9.576539000000000232e-05 9.576539000000000232e-05 9.576539000000000232e-05 9.576539000000000232e-05
9.576539000000000232e-05 9.576539000000000232e-05 9.576539000000000232e-05 9.576539000000000232e-05 9.576539000000000232e-05 9.576539000000000232e-05 9.576539000000000232e-05 9.576539000000000232e-05 9.576539000000000232e-05 9.576539000000000232e-05 9.576539000000000232e-05 9.576539000000000232e-05 9.576539000000000232e-05 9.576539000000000232e-05 9.576539000000000232e-05 9.576539000000000232e-05 9.576539000000000232e-05 9.576539000000000232e-05 9.576539000000000232e-05 9.576539000000000232e-05
9.576539000000000232e-05 9.576539000000000232e-05 9.576539000000000232e-05 9.576539000000000232e-05 9.576539000000000232e-05 9.576539000000000232e-05 9.576539000000000232e-05 9.576539000000000232e-05 9.576539000000000232e-05 9.576539000000000232e-05 9.576539000000000232e-05 9.576539000000000232e-05 9.576539000000000232e-05 9.576539000000000232e-05 9.576539000000000232e-05 9.576539000000000232e-05 9.576539000000000232e-05 9.576539000000000232e-05 9.576539000000000232e-05 9.576539000000000232e-05
9.576539000000000232e-05 9.576539000000000232e-05 9.576539000000000232e-05 9.576539000000000232e-05 9.576539000000000232e-05 9.576539000000000232e-05 9.576539000000000232e-05 9.576539000000000232e-05 9.576539000000000232e-05 9.576539000000000232e-05 9.576539000000000232e-05 9.576539000000000232e-05 9.576539000000000232e-05 9.576539000000000232e-05 9.576539000000000232e-05 9.576539000000000232e-05 9.576539000000000232e-05 9.576539000000000232e-05 9.576539000000000232e-05 9.576539000000000232e-05
9.576539000000000232e-05 9.576539000000000232e-05 9.576539000000000232e-05 9.576539000000000232e-05 9.576539000000000232e-05 9.576539000000000232e-05 9.576539000000000232e-05 9.576539000000000232e-05 9.576539000000000232e-05 9.576539000000000232e-05 9.576539000000000232e-05 9.576539000000000232e-05 9.576539000000000232e-05 9.576539000000000232e-05 9.576539000000000232e-05 9.576539000000000232e-05 9.576539000000000232e-05 9.576539000000000232e-05 9.576539000000000232e-05 9.576539000000000232e-05
9.576539000000000232e-05 9.576539000000000232e-05 9.576539000000000232e-05 9.576539000000000232e-05 9.576539000000000232e-05 9.576539000000000232e-05 9.576539000000000232e-05 9.576539000000000232e-05 9.576539000000000232e-05 9.576539000000000232e-05 9.576539000000000232e-05 9.576539000000000232e-05 9.576539000000000232e-05 9.576539000000000232e-05 9.576539000000000232e-05 9.576539000000000232e-05 9.576539000000000232e-05 9.576539000000000232e-05 9.576539000000000232e-05 9.576539000000000232e-05
