   2.000000E-05   2.195402E-05   3.595610E-05   3.409822E-05   5.265253E-05   9.408394E-05   6.309544E-05   4.125973E-05   5.814982E-05   2.997187E-05   2.755391E-05   3.415720E-05   3.067168E-05   1.176636E-04   1.206964E-04   5.951330E-05   1.158503E-04   3.311544E-05   2.000000E-05   9.677620E-05
   3.120465E-05   3.958111E-05   6.513823E-05   2.000000E-05   2.000000E-04   1.317419E-04   1.736335E-04   7.332584E-05   2.000000E-05   2.667326E-05   8.080517E-05   4.647338E-05   5.781896E-05   1.269670E-04   5.752358E-05   7.381231E-05   2.000000E-04   2.000000E-05   7.005484E-05   5.455568E-05
   9.599226E-05   2.000000E-05   2.000000E-05   2.000000E-05   2.591836E-05   5.532967E-05   5.051889E-05   3.279316E-05   2.851144E-05   2.245746E-05   2.000000E-05   3.440352E-05   4.001658E-05   6.980070E-05   6.963350E-05   5.102855E-05   2.000000E-05   8.145525E-05   4.163727E-05   1.215612E-04
   5.307584E-05   3.521442E-05   2.813634E-05   2.595762E-05   2.316671E-05   5.629754E-05   5.438816E-05   3.733624E-05   2.000000E-05   2.000000E-05   4.220694E-05   5.459551E-05   2.612978E-05   7.847393E-05   3.244807E-05   1.315460E-04   2.000000E-05   2.000000E-04   5.889451E-05   7.062428E-05
   2.000000E-05   2.452370E-05   9.228592E-05   4.735643E-05   3.581946E-05   2.000000E-05   2.000000E-05   6.149213E-05   6.886045E-05   4.507987E-05   2.113296E-05   2.000000E-05   3.842526E-05   5.769192E-05   2.699246E-05   2.000000E-05   2.340373E-05   4.764237E-05   2.082615E-05   2.000000E-04
   2.000000E-05   2.000000E-05   4.860086E-05   2.763013E-05   8.638840E-05   4.879271E-05   6.213908E-05   6.780020E-05   1.342337E-04   7.484994E-05   8.308627E-05   2.000000E-05   6.486867E-05   9.100672E-05   1.610133E-04   3.952952E-05   4.775078E-05   8.319713E-05   5.518920E-05   3.949556E-05
   5.369466E-05   1.178421E-04   8.918579E-05   2.000000E-05   2.054254E-05   2.000000E-05   3.778906E-05   3.257126E-05   8.159643E-05   5.374010E-05   8.422127E-05   5.149973E-05   9.644680E-05   4.789231E-05   2.877393E-05   9.524085E-05   2.731350E-05   3.318174E-05   2.000000E-05   2.908845E-05
   2.103167E-05   5.826985E-05   2.000000E-05   2.352343E-05   3.579840E-05   1.316933E-04   3.226102E-05   5.662477E-05   3.402635E-05   4.175594E-05   6.277047E-05   2.527857E-05   2.467670E-05   3.549743E-05   2.000000E-04   3.269214E-05   6.798907E-05   6.594196E-05   7.320370E-05   3.909498E-05
   2.973445E-05   3.146938E-05   1.034468E-04   1.169654E-04   4.508808E-05   4.508808E-05   4.508808E-05   2.175065E-05   2.000000E-05   1.230543E-04   2.000000E-05   6.166850E-05   1.004651E-04   2.309792E-05   1.546552E-04   4.388797E-05   2.817489E-05   1.161334E-04   5.238830E-05   2.751375E-05
   2.000000E-05   1.327051E-04   7.958758E-05   2.000000E-04   4.508808E-05   4.508808E-05   4.508808E-05   4.508808E-05   2.282308E-05   4.352413E-05   8.456267E-05   6.796229E-05   8.451912E-05   7.022965E-05   1.407052E-04   7.305870E-05   3.921282E-05   4.065714E-05   7.955779E-05   4.333925E-05
   9.289736E-05   1.258306E-04   3.577196E-05   1.274274E-04   4.508808E-05   4.508808E-05   4.508808E-05   4.508808E-05   3.078993E-05   2.047296E-05   2.000000E-04   4.601042E-05   4.060835E-05   5.138163E-05   8.354679E-05   2.935443E-05   3.349502E-05   5.247420E-05   6.036316E-05   2.140565E-05
   2.731677E-05   7.359174E-05   7.819568E-05   1.291202E-04   4.508808E-05   4.508808E-05   4.508808E-05   4.508808E-05   3.556211E-05   8.452986E-05   2.000000E-05   4.491053E-05   2.000000E-05   1.564372E-04   4.026429E-05   3.878045E-05   3.229915E-05   5.098251E-05   2.328724E-05   2.000000E-05
   7.984161E-05   8.474320E-05   2.979361E-05   9.896775E-05   4.508808E-05   4.508808E-05   4.508808E-05   4.508808E-05   2.000000E-05   1.582980E-04   5.114418E-05   5.037173E-05   3.192300E-05   2.908967E-05   2.000000E-05   2.000000E-05   6.799289E-05   8.616194E-05   2.845007E-05   1.118908E-04
   1.046621E-04   5.021983E-05   4.521720E-05   7.866063E-05   4.508808E-05   4.508808E-05   4.508808E-05   4.508808E-05   9.494426E-05   2.473200E-05   2.791931E-05   5.006128E-05   2.000000E-05   2.591810E-05   7.126080E-05   2.000000E-05   2.000000E-05   6.552291E-05   1.105343E-04   4.379319E-05
   2.000000E-05   2.000000E-05   2.000000E-05   2.000000E-05   4.508808E-05   4.508808E-05   4.508808E-05   4.508808E-05   2.950322E-05   2.491164E-05   2.000000E-05   7.202085E-05   2.121215E-05   3.183050E-05   2.000000E-05   2.000000E-05   2.000000E-05   2.000000E-05   2.000000E-05   4.092035E-05
   2.000000E-05   6.699828E-05   2.000000E-05   3.548557E-05   4.508808E-05   4.508808E-05   4.508808E-05   4.508808E-05   2.000000E-04   7.918850E-05   1.045982E-04   2.519423E-05   4.941062E-05   2.573835E-05   2.000000E-05   2.590019E-05   2.000000E-05   2.000000E-05   2.000000E-05   2.274679E-05
   2.000000E-05   2.519246E-05   2.000000E-05   5.239729E-05   4.508808E-05   4.508808E-05   4.508808E-05   4.508808E-05   9.590497E-05   2.000000E-05   8.055888E-05   1.419440E-04   3.945860E-05   2.000000E-05   2.000000E-05   2.000000E-05   2.000000E-05   2.000000E-05   2.177637E-05   2.611966E-05
   5.726633E-05   2.523138E-05   6.283045E-05   6.007984E-05   4.508808E-05   4.508808E-05   4.508808E-05   4.508808E-05   1.331439E-04   1.063828E-04   3.921434E-05   4.964367E-05   2.000000E-05   2.127822E-05   2.000000E-05   2.198760E-05   2.000000E-05   2.000000E-05   2.000000E-05   2.000000E-05
   9.309021E-05   9.242786E-05   1.322284E-04   2.439603E-05   4.508808E-05   4.508808E-05   4.508808E-05   4.508808E-05   2.011714E-05   6.443138E-05   1.201470E-04   9.083094E-05   2.455223E-05   2.127609E-05   2.000000E-05   2.000000E-05   2.007767E-05   2.792284E-05   2.000000E-05   2.406583E-05
   5.996472E-05   2.607986E-05   2.000000E-04   4.808308E-05   4.508808E-05   4.508808E-05   4.508808E-05   4.508808E-05   2.706628E-05   1.497985E-04   4.435674E-05   2.000000E-05   2.000000E-05   2.000000E-05   2.000000E-05   7.516474E-05   2.476122E-05   2.590566E-05   2.314518E-05   3.192800E-05
   5.741691E-05   3.526562E-05   7.067892E-05   5.684261E-05   4.508808E-05   4.508808E-05   4.508808E-05   4.508808E-05   4.503195E-05   2.000000E-04   7.250319E-05   6.497438E-05   2.000000E-04   2.615898E-05   2.000000E-05   2.000000E-05   2.000000E-05   2.215776E-05   2.444851E-05   2.000000E-05
   2.744974E-05   7.415564E-05   4.061552E-05   2.000000E-05   4.508808E-05   4.508808E-05   2.424256E-05   7.243160E-05   2.000000E-05   3.157836E-05   2.417996E-05   4.344232E-05   5.374358E-05   4.687762E-05   3.997953E-05   4.667401E-05   2.000000E-05   9.329411E-05   2.079121E-05   2.125982E-05
   3.697644E-05   2.818415E-05   3.213145E-05   7.047941E-05   1.869189E-04   4.508808E-05   2.000000E-05   2.715288E-05   4.212147E-05   4.493163E-05   3.010689E-05   2.261650E-05   6.413122E-05   1.069934E-04   2.000000E-05   6.528571E-05   2.000000E-05   2.000000E-05   4.861358E-05   6.930164E-05
   7.482293E-05   1.053807E-04   4.799024E-05   5.174105E-05   6.689233E-05   2.713771E-05   6.477161E-05   4.262675E-05   2.000000E-05   7.091762E-05   2.335889E-05   5.068783E-05   4.959003E-05   2.000000E-05   7.217496E-05   2.419609E-05   2.433368E-05   3.655853E-05   2.159042E-05   6.412693E-05
   1.722445E-04   9.108123E-05   1.216769E-04   3.140805E-05   4.436971E-05   3.389531E-05   2.000000E-05   3.005977E-05   2.604364E-05   3.028146E-05   2.000000E-05   2.640350E-05   3.482642E-05   3.054289E-05   6.096933E-05   3.540234E-05   4.699823E-05   3.283848E-05   2.000000E-05   2.000000E-05
   2.000000E-04   8.460482E-05   2.000000E-04   2.000000E-05   1.273804E-04   6.433998E-05   2.000000E-05   4.151613E-05   2.000000E-05   2.318388E-05   8.373419E-05   3.230890E-05   2.482919E-05   2.000000E-05   2.000000E-05   2.000000E-05   3.289728E-05   5.752952E-05   4.393805E-05   5.484368E-05
   2.000000E-04   1.222727E-04   4.511081E-05   9.611729E-05   5.446440E-05   4.243489E-05   2.866559E-05   2.000000E-05   6.798581E-05   6.631461E-05   8.494937E-05   2.227507E-05   2.000000E-05   2.345337E-05   2.000000E-05   2.618389E-05   6.307882E-05   2.734771E-05   2.000000E-05   2.261653E-05
   8.409506E-05   6.026209E-05   2.000000E-04   1.338532E-04   1.765006E-04   9.006755E-05   1.030020E-04   1.269119E-04   4.151615E-05   2.000000E-05   2.716096E-05   2.000000E-05   7.479391E-05   2.000000E-05   3.899014E-05   2.000000E-05   3.211496E-05   3.488140E-05   2.000000E-05   5.579102E-05
   1.984918E-04   1.064672E-04   1.314795E-04   2.600984E-05   7.486136E-05   4.596637E-05   3.084642E-05   2.000000E-05   1.587725E-04   3.986955E-05   3.186938E-05   1.678068E-04   3.239958E-05   6.810704E-05   2.000000E-05   4.567932E-05   2.000000E-05   4.101164E-05   2.000000E-05   3.822105E-05
   2.000000E-04   2.472296E-05   2.000000E-04   6.062712E-05   2.000000E-04   1.177795E-04   4.066347E-05   2.000000E-05   1.465605E-04   9.408263E-05   1.056301E-04   2.000000E-05   4.294509E-05   2.789441E-05   2.265948E-05   7.513273E-05   4.815441E-05   2.000000E-05   2.622338E-05   2.216900E-05
   9.755500E-05   5.628813E-05   1.323704E-04   5.093803E-05   1.385514E-04   2.000000E-05   5.293291E-05   3.496560E-05   3.937300E-05   7.097150E-05   6.451910E-05   2.000000E-05   1.529536E-04   6.422456E-05   2.000000E-05   2.000000E-05   2.330814E-05   2.000000E-05   3.302606E-05   3.413953E-05
   1.200362E-04   7.772841E-05   3.985390E-05   4.581577E-05   2.000000E-04   2.000000E-04   1.633827E-04   2.000000E-04   4.462471E-05   2.967967E-05   9.584214E-05   2.000000E-05   7.335178E-05   2.854988E-05   4.822509E-05   2.667319E-05   3.121592E-05   2.000000E-05   2.000000E-05   2.016295E-05
   4.508808E-05   5.818141E-05   2.000000E-05   2.851282E-05   8.890490E-05   7.557193E-05   2.000000E-04   3.859585E-05   4.601164E-05   1.245541E-04   2.000000E-04   5.274949E-05   2.150356E-05   2.000000E-05   2.851845E-05   2.000000E-05   2.000000E-05   3.278074E-05   2.808877E-05   3.550566E-05
   4.508808E-05   4.508808E-05   9.564817E-05   3.589716E-05   2.000000E-04   1.195261E-04   9.206764E-05   1.564023E-04   4.680105E-05   5.198796E-05   2.509044E-05   4.160298E-05   3.049430E-05   9.228406E-05   2.000000E-04   1.084873E-04   5.896015E-05   2.000000E-05   8.441724E-05   2.995406E-05
   4.508808E-05   4.508808E-05   4.508808E-05   6.856777E-05   2.149115E-05   3.426993E-05   8.874848E-05   5.942540E-05   1.092503E-04   2.138400E-05   2.000000E-05   5.482215E-05   4.781739E-05   2.683433E-05   6.967752E-05   1.411055E-04   2.975886E-05   2.000000E-05   3.166081E-05   6.067286E-05
   4.508808E-05   4.508808E-05   4.508808E-05   4.508808E-05   2.347265E-05   6.880638E-05   2.000000E-04   6.770904E-05   1.466348E-04   5.117073E-05   2.933217E-05   1.148559E-04   1.677348E-04   1.810589E-04   6.135895E-05   1.314522E-04   6.613809E-05   5.667810E-05   4.813617E-05   4.508808E-05
   4.508808E-05   4.508808E-05   4.508808E-05   4.508808E-05   6.410461E-05   5.972286E-05   5.175790E-05   1.096473E-04   2.266705E-05   7.504135E-05   1.477135E-04   2.000000E-05   3.071056E-05   7.635181E-05   9.071286E-05   2.132877E-05   3.775668E-05   1.261702E-04   2.282946E-05   4.508808E-05
   4.508808E-05   4.508808E-05   4.508808E-05   4.508808E-05   4.508808E-05   2.000000E-04   5.155386E-05   2.000000E-04   6.665379E-05   9.805208E-05   2.000000E-05   2.453139E-05   5.533568E-05   2.000000E-05   2.000000E-04   3.901672E-05   1.400253E-04   6.891087E-05   4.508808E-05   4.508808E-05
   4.508808E-05   4.508808E-05   4.508808E-05   4.508808E-05   4.508808E-05   2.000000E-05   8.586129E-05   1.166262E-04   1.064533E-04   2.000000E-04   2.000000E-04   7.540018E-05   5.690093E-05   2.000000E-04   5.554676E-05   7.487874E-05   7.581093E-05   4.508808E-05   4.508808E-05   4.508808E-05
   4.508808E-05   4.508808E-05   4.508808E-05   4.508808E-05   4.508808E-05   2.532746E-05   2.000000E-05   6.033288E-05   4.640441E-05   4.295026E-05   1.347191E-04   4.298513E-05   1.237544E-04   2.148012E-05   7.505485E-05   2.000000E-05   4.508808E-05   4.508808E-05   4.508808E-05   4.508808E-05
