   1.000000E-02   1.000000E-02   1.885220E-02   1.000000E-02   1.000000E-02   1.000000E-02   1.000000E-02   1.000000E-02   1.000000E-02   1.000000E-02   3.428481E-02   1.000000E-02   1.094231E-02   1.000000E-02   1.000000E-02   1.000000E-02   1.000000E-02   1.000000E-02   1.000000E-02   1.000000E-02
   1.000000E-02   1.000000E-02   1.000000E-02   1.000000E-02   1.000000E-02   1.000000E-02   1.000000E-02   1.000000E-02   1.000000E-02   1.000000E-02   3.024668E-02   1.000000E-02   1.000000E-02   1.000000E-02   1.000000E-02   1.000000E-02   1.000000E-02   1.000000E-02   1.000000E-02   1.000000E-02
   1.000000E-02   1.000000E-02   1.525529E-02   1.000000E-02   1.000000E-02   1.000000E-02   1.000000E-02   1.000000E-02   1.000000E-02   1.193025E-02   1.447920E-02   2.146396E-02   1.000000E-02   1.000000E-02   1.000000E-02   1.000000E-02   1.000000E-02   1.000000E-02   1.895796E-02   1.000000E-02
   1.000000E-02   1.000000E-02   1.000000E-02   1.000000E-02   1.000000E-02   1.000000E-02   1.000000E-02   1.000000E-02   1.000000E-02   1.648662E-02   1.811795E-02   1.000000E-02   1.162032E-02   1.000000E-02   1.000000E-02   1.000000E-02   1.000000E-02   1.000000E-02   1.000000E-02   1.000000E-02
   1.000000E-02   1.000000E-02   1.000000E-02   1.000000E-02   1.000000E-02   1.000000E-02   1.000000E-02   1.000000E-02   1.000000E-02   1.000000E-02   1.000000E-02   1.000000E-02   1.000000E-02   1.000000E-02   1.000000E-02   1.000000E-02   1.000000E-02   1.000000E-02   1.261701E-02   1.000000E-02
   1.000000E-02   1.198752E-02   1.000000E-02   1.000000E-02   1.000000E-02   1.000000E-02   1.000000E-02   1.000000E-02   1.000000E-02   1.307376E-02   1.000000E-02   1.000000E-02   1.000000E-02   1.755418E-02   1.000000E-02   1.000000E-02   1.000000E-02   1.000000E-02   1.000000E-02   1.000000E-02
   3.627146E-02   3.570466E-02   2.045991E-02   1.000000E-02   1.000000E-02   1.000000E-02   1.000000E-02   1.000000E-02   1.000000E-02   1.016392E-02   1.000000E-02   1.000000E-02   1.000000E-02   1.000000E-02   1.000000E-02   1.081749E-02   1.000000E-02   1.000000E-02   1.000000E-02   1.000000E-02
   1.000000E-02   1.000000E-02   1.000000E-02   1.000000E-02   1.000000E-02   1.000000E-02   1.000000E-02   1.000000E-02   1.000000E-02   1.000000E-02   1.000000E-02   1.000000E-02   1.000000E-02   1.000000E-02   1.089144E-02   1.084917E-02   1.000000E-02   1.082659E-02   1.000000E-02   1.000000E-02
   1.000000E-02   1.000000E-02   1.153355E-02   1.000000E-02   1.000000E-02   1.000000E-02   1.000000E-02   1.000000E-02   1.000000E-02   1.000000E-02   1.000000E-02   1.000000E-02   1.000000E-02   1.000000E-02   1.000000E-02   1.000000E-02   1.000000E-02   1.000000E-02   1.000000E-02   1.000000E-02
   1.000000E-02   1.000000E-02   1.000000E-02   1.000000E-02   1.000000E-02   1.000000E-02   1.000000E-02   1.000000E-02   1.000000E-02   1.000000E-02   1.000000E-02   1.000000E-02   1.000000E-02   1.000000E-02   1.137233E-02   1.000000E-02   1.000000E-02   1.000000E-02   1.493472E-02   1.000000E-02
   1.000000E-02   1.502283E-02   1.000000E-02   1.000000E-02   1.000000E-02   1.000000E-02   1.000000E-02   1.000000E-02   1.000000E-02   1.000000E-02   1.000000E-02   1.000000E-02   1.000000E-02   1.000000E-02   1.258836E-02   1.412093E-02   1.000000E-02   1.000000E-02   1.034085E-02   1.000000E-02
   1.000000E-02   1.000000E-02   1.000000E-02   1.980319E-02   1.000000E-02   1.000000E-02   1.000000E-02   1.000000E-02   1.000000E-02   1.000000E-02   1.000000E-02   1.000000E-02   1.000000E-02   1.000000E-02   1.000000E-02   1.836527E-02   1.896570E-02   1.000000E-02   1.000000E-02   1.000000E-02
   1.068324E-02   1.000000E-02   1.000000E-02   1.000000E-02   1.000000E-02   1.000000E-02   1.000000E-02   1.000000E-02   1.000000E-02   1.000000E-02   1.087429E-02   1.422391E-02   1.000000E-02   1.000000E-02   1.915688E-02   1.947204E-02   1.000000E-02   1.000000E-02   1.000000E-02   1.823862E-02
   1.304077E-02   1.000000E-02   1.000000E-02   1.000000E-02   1.000000E-02   1.000000E-02   1.000000E-02   1.000000E-02   2.032011E-02   1.000000E-02   1.000000E-02   1.000000E-02   1.000000E-02   2.021148E-02   1.528792E-02   1.000000E-02   1.000000E-02   1.000000E-02   1.000000E-02   1.000000E-02
   2.330248E-02   1.445627E-02   2.571712E-02   1.000000E-02   1.000000E-02   1.000000E-02   1.000000E-02   1.000000E-02   2.749277E-02   1.460247E-02   1.000000E-02   1.777122E-02   2.390707E-02   1.000000E-02   1.000000E-02   4.158827E-02   1.122575E-02   1.000000E-02   2.495224E-02   1.036032E-02
   1.000000E-02   1.125458E-02   1.149814E-02   1.000000E-02   1.000000E-02   1.000000E-02   1.000000E-02   1.000000E-02   2.404563E-02   1.000000E-02   1.703475E-02   1.139255E-02   1.016149E-02   1.000000E-02   2.011346E-02   1.000000E-02   1.000000E-02   1.335060E-02   2.061384E-02   1.000000E-02
   1.000000E-02   1.000000E-02   1.041733E-02   1.272676E-02   1.000000E-02   1.000000E-02   1.000000E-02   1.000000E-02   1.000000E-02   2.024923E-02   1.000000E-02   2.604682E-02   1.000000E-02   1.000000E-02   1.000000E-02   1.000000E-02   1.000000E-02   1.000000E-02   1.000000E-02   1.000000E-02
   2.516506E-02   1.049482E-02   1.000000E-02   1.000000E-02   1.000000E-02   1.000000E-02   1.000000E-02   1.000000E-02   1.340332E-02   1.685915E-02   1.000000E-02   1.000000E-02   1.000000E-02   1.000000E-02   1.000000E-02   1.000000E-02   1.000000E-02   1.000000E-02   1.477586E-02   1.000000E-02
   1.000000E-02   1.000000E-02   2.140857E-02   1.443956E-02   1.000000E-02   1.000000E-02   1.000000E-02   1.000000E-02   1.334824E-02   4.171516E-02   1.763691E-02   1.000000E-02   1.000000E-02   1.878927E-02   1.000000E-02   1.000000E-02   1.000000E-02   1.000000E-02   1.000000E-02   1.000000E-02
   1.000000E-02   1.368970E-02   1.000000E-02   1.943490E-02   1.000000E-02   1.000000E-02   1.000000E-02   1.000000E-02   1.000000E-02   1.000000E-02   1.945706E-02   1.000000E-02   1.000000E-02   1.000000E-02   1.000000E-02   1.000000E-02   1.000000E-02   1.000000E-02   1.000000E-02   1.000000E-02
   1.000000E-02   1.000000E-02   1.000000E-02   4.620424E-02   1.000000E-02   1.000000E-02   1.000000E-02   1.000000E-02   3.767926E-02   1.000000E-02   1.487030E-02   1.000000E-02   1.000000E-02   1.000000E-02   1.000000E-02   1.000000E-02   1.000000E-02   1.000000E-02   1.000000E-02   1.000000E-02
   1.000000E-02   2.451079E-02   1.000000E-02   1.252887E-02   1.000000E-02   1.000000E-02   2.248100E-02   4.703606E-02   1.000000E-02   1.000000E-02   1.000000E-02   1.000000E-02   1.000000E-02   1.000000E-02   1.000000E-02   1.000000E-02   1.000000E-02   1.000000E-02   1.000000E-02   1.000000E-02
   1.000000E-02   1.000000E-02   1.000000E-02   1.779990E-02   1.000000E-02   1.000000E-02   4.455581E-02   3.882665E-02   1.000000E-02   1.000000E-02   1.176496E-02   1.000000E-02   1.000000E-02   1.000000E-02   1.000000E-02   1.000000E-02   1.000000E-02   1.000000E-02   1.385731E-02   1.000000E-02
   1.000000E-02   1.000000E-02   1.000000E-02   1.000000E-02   1.079018E-02   1.000000E-02   2.836680E-02   1.000000E-02   1.000000E-02   1.000000E-02   1.000000E-02   1.000000E-02   1.000000E-02   1.000000E-02   1.000000E-02   1.107903E-02   1.000000E-02   1.000000E-02   1.000000E-02   1.000000E-02
   1.000000E-02   1.000000E-02   1.000000E-02   1.000000E-02   1.000000E-02   1.000000E-02   1.000000E-02   1.305245E-02   1.000000E-02   1.000000E-02   1.000000E-02   1.000000E-02   1.718135E-02   1.000000E-02   1.000000E-02   1.000000E-02   1.000000E-02   1.000000E-02   1.000000E-02   1.000000E-02
   1.630635E-02   1.000000E-02   1.000000E-02   1.000000E-02   1.000000E-02   1.000000E-02   1.000000E-02   1.716152E-02   1.000000E-02   1.000000E-02   1.000000E-02   1.000000E-02   1.260160E-02   1.000000E-02   1.000000E-02   1.000000E-02   1.000000E-02   1.000000E-02   1.000000E-02   1.000000E-02
   1.000000E-02   1.000000E-02   1.000000E-02   1.000000E-02   1.000000E-02   1.000000E-02   1.000000E-02   1.000000E-02   1.000000E-02   1.000000E-02   1.000000E-02   1.000000E-02   1.000000E-02   1.000000E-02   1.000000E-02   1.000000E-02   1.106257E-02   1.000000E-02   1.000000E-02   1.000000E-02
   1.000000E-02   1.000000E-02   1.000000E-02   1.000000E-02   1.000000E-02   1.000000E-02   1.000000E-02   1.000000E-02   1.000000E-02   1.000000E-02   1.000000E-02   1.000000E-02   1.000000E-02   1.000000E-02   1.000000E-02   1.000000E-02   1.000000E-02   1.000000E-02   1.000000E-02   1.000000E-02
   1.000000E-02   1.000000E-02   1.000000E-02   1.286828E-02   1.000000E-02   1.018275E-02   1.000000E-02   1.000000E-02   1.000000E-02   1.000000E-02   1.000000E-02   1.000000E-02   1.000000E-02   1.000000E-02   1.000000E-02   1.000000E-02   1.465409E-02   1.000000E-02   1.000000E-02   1.000000E-02
   1.000000E-02   1.114849E-02   1.000000E-02   1.000000E-02   1.000000E-02   1.000000E-02   1.000000E-02   1.000000E-02   1.000000E-02   1.000000E-02   1.000000E-02   1.000000E-02   1.000000E-02   1.000000E-02   1.000000E-02   1.000000E-02   1.000000E-02   1.000000E-02   1.000000E-02   1.000000E-02
   1.000000E-02   1.000000E-02   1.000000E-02   1.000000E-02   1.000000E-02   1.000000E-02   1.000000E-02   1.000000E-02   1.030980E-02   1.000000E-02   1.000000E-02   1.809672E-02   1.000000E-02   1.000000E-02   1.000000E-02   1.000000E-02   1.000000E-02   1.000000E-02   1.000000E-02   1.000000E-02
   2.396112E-02   1.016621E-02   1.000000E-02   1.000000E-02   1.000000E-02   1.000000E-02   1.000000E-02   1.000000E-02   1.076727E-02   1.000000E-02   1.000000E-02   1.000000E-02   1.000000E-02   1.000000E-02   2.134404E-02   1.000000E-02   1.000000E-02   2.290334E-02   1.000000E-02   1.000000E-02
   1.000000E-02   1.000000E-02   1.000000E-02   1.000000E-02   1.353944E-02   1.000000E-02   1.000000E-02   1.000000E-02   1.000000E-02   1.033827E-02   1.000000E-02   1.000000E-02   1.000000E-02   1.000000E-02   1.005813E-02   1.000000E-02   1.000000E-02   1.000000E-02   1.000000E-02   1.000000E-02
   1.000000E-02   1.000000E-02   1.000000E-02   1.000000E-02   1.000000E-02   1.000000E-02   1.000000E-02   1.000000E-02   1.000000E-02   1.000000E-02   1.000000E-02   1.000000E-02   1.000000E-02   1.000000E-02   1.000000E-02   2.460114E-02   1.000000E-02   1.000000E-02   1.296014E-02   1.000000E-02
   1.000000E-02   1.000000E-02   1.000000E-02   1.000000E-02   1.000000E-02   1.000000E-02   1.000000E-02   1.000000E-02   1.000000E-02   1.000000E-02   1.000000E-02   1.000000E-02   1.000000E-02   1.000000E-02   4.238367E-02   1.000000E-02   1.000000E-02   1.000000E-02   1.000000E-02   1.000000E-02
   1.000000E-02   1.000000E-02   1.000000E-02   1.000000E-02   1.211843E-02   1.146908E-02   1.000000E-02   1.041630E-02   1.091345E-02   1.000000E-02   1.000000E-02   1.069401E-02   1.214363E-02   1.000000E-02   1.000000E-02   1.000000E-02   1.681729E-02   1.000000E-02   1.490590E-02   1.000000E-02
   1.000000E-02   1.000000E-02   1.000000E-02   1.000000E-02   1.000000E-02   1.000000E-02   1.223082E-02   2.531541E-02   1.000000E-02   1.000000E-02   1.000000E-02   1.000000E-02   1.000000E-02   1.000000E-02   1.000000E-02   1.823695E-02   1.000000E-02   1.000000E-02   1.000000E-02   1.000000E-02
   1.000000E-02   1.000000E-02   1.000000E-02   1.000000E-02   1.000000E-02   1.000000E-02   1.000000E-02   2.545567E-02   1.000000E-02   1.000000E-02   1.000000E-02   1.000000E-02   1.000000E-02   1.000000E-02   1.000000E-02   1.000000E-02   1.000000E-02   1.000000E-02   1.000000E-02   1.000000E-02
   1.000000E-02   1.000000E-02   1.000000E-02   1.000000E-02   1.000000E-02   1.090182E-02   1.000000E-02   1.184030E-02   1.503477E-02   1.000000E-02   1.000000E-02   1.000000E-02   1.000000E-02   1.000000E-02   1.000000E-02   1.000000E-02   1.210806E-02   1.000000E-02   1.000000E-02   1.000000E-02
   1.000000E-02   1.000000E-02   1.000000E-02   1.000000E-02   1.000000E-02   1.082004E-02   1.000000E-02   1.000000E-02   1.000000E-02   1.000000E-02   1.000000E-02   1.000000E-02   1.000000E-02   1.000000E-02   1.000000E-02   1.015027E-02   1.000000E-02   1.000000E-02   1.000000E-02   1.000000E-02
