   1.224826E-04   1.658995E-04   2.565075E-05   2.234922E-05   3.744157E-05   2.000000E-05   2.724268E-05   2.000000E-05   8.081821E-05   4.975326E-05   1.166543E-04   1.404612E-04   2.000000E-04   1.035166E-04   2.378851E-05   6.919808E-05   1.946046E-04   1.802017E-04   1.471829E-04   2.000000E-05
   9.436531E-05   1.671676E-04   5.819862E-05   4.008168E-05   2.506051E-05   2.877756E-05   2.000000E-05   6.760205E-05   2.000000E-05   1.719675E-04   1.049962E-04   1.924078E-04   1.224094E-04   2.000000E-04   5.925600E-05   5.487743E-05   5.408272E-05   2.000000E-04   1.869050E-04   8.438757E-05
   1.179750E-04   7.734064E-05   5.343770E-05   4.317645E-05   1.175647E-04   2.000000E-05   2.000000E-05   7.552035E-05   9.825123E-05   9.714970E-05   7.975421E-05   1.720873E-04   8.896840E-05   1.251876E-04   1.681560E-04   1.888302E-04   1.004176E-04   1.748750E-04   2.552666E-05   4.505670E-05
   6.916829E-05   2.000000E-04   3.290017E-05   1.653244E-04   3.633113E-05   3.837929E-05   2.000000E-05   7.908066E-05   2.000000E-05   8.444370E-05   2.937944E-05   7.236359E-05   4.033051E-05   2.000000E-04   2.000000E-04   5.613518E-05   1.036411E-04   1.572169E-04   1.899186E-04   4.267747E-05
   1.539976E-04   5.888519E-05   5.754853E-05   1.152475E-04   6.888718E-05   3.708719E-05   4.048603E-05   8.506535E-05   2.000000E-05   2.501051E-05   1.182455E-04   7.951860E-05   4.123369E-05   1.211104E-04   2.000000E-04   1.039820E-04   7.320986E-05   4.189659E-05   6.702389E-05   2.268996E-05
   3.529474E-05   1.714619E-04   6.954102E-05   3.078155E-05   2.000000E-04   1.089854E-04   5.523829E-05   3.736700E-05   3.502334E-05   2.326227E-05   7.006855E-05   2.000000E-05   4.915876E-05   5.643137E-05   2.000000E-05   5.458256E-05   7.009185E-05   1.267153E-04   1.500126E-04   2.036956E-05
   7.889307E-05   1.059062E-04   2.987841E-05   4.283012E-05   3.509897E-05   2.000000E-05   3.047460E-05   3.490311E-05   4.566956E-05   2.000000E-05   4.820896E-05   4.698837E-05   2.000000E-04   1.148181E-04   5.129244E-05   4.084629E-05   2.037136E-05   1.004852E-04   5.891855E-05   2.000000E-04
   5.807484E-05   5.163708E-05   2.000000E-05   1.072890E-04   2.000000E-04   2.000000E-04   2.824211E-05   9.439793E-05   2.000000E-04   2.000000E-05   2.950363E-05   6.411340E-05   1.280006E-04   5.780799E-05   5.299799E-05   1.939035E-04   7.359127E-05   1.099326E-04   3.132356E-05   1.268886E-04
   9.422068E-05   5.549965E-05   9.365440E-05   2.954525E-05   5.707746E-05   5.707746E-05   5.707746E-05   4.586407E-05   3.329857E-05   5.335879E-05   1.028676E-04   9.858373E-05   2.813559E-05   3.433073E-05   1.158444E-04   1.759020E-04   4.761228E-05   2.000000E-04   3.379779E-05   2.639635E-05
   1.343586E-04   4.241894E-05   4.019125E-05   7.639393E-05   5.707746E-05   5.707746E-05   5.707746E-05   5.707746E-05   2.887047E-05   4.996703E-05   2.000000E-05   1.521884E-04   5.348191E-05   9.114192E-05   2.000000E-04   7.402557E-05   3.839925E-05   2.000000E-04   2.000000E-04   2.437600E-05
   1.911589E-04   4.416036E-05   4.116087E-05   3.110235E-05   5.707746E-05   5.707746E-05   5.707746E-05   5.707746E-05   2.000000E-05   2.000000E-05   1.028886E-04   3.418001E-05   1.388838E-04   6.820046E-05   2.000000E-04   2.000000E-04   8.334789E-05   2.721978E-05   7.647170E-05   2.000000E-04
   3.926766E-05   2.635994E-05   1.499894E-04   3.295235E-05   5.707746E-05   5.707746E-05   5.707746E-05   5.707746E-05   1.766391E-04   8.329934E-05   2.000000E-05   5.382172E-05   1.475875E-04   1.470171E-04   2.000000E-04   5.064736E-05   1.564867E-04   2.507943E-05   3.918221E-05   1.040040E-04
   2.000000E-04   4.089436E-05   9.712683E-05   2.000000E-04   5.707746E-05   5.707746E-05   5.707746E-05   5.707746E-05   1.664420E-04   6.766086E-05   7.222622E-05   8.831835E-05   3.777728E-05   1.015054E-04   1.266326E-04   8.311719E-05   6.933358E-05   2.000000E-04   1.442134E-04   2.000000E-04
   2.000000E-04   1.351625E-04   2.000000E-04   2.000000E-04   5.707746E-05   5.707746E-05   5.707746E-05   5.707746E-05   9.891118E-05   2.000000E-04   5.848465E-05   2.000000E-05   7.000515E-05   2.000000E-04   7.057183E-05   1.321066E-04   3.997768E-05   1.078243E-04   2.000000E-05   2.000000E-04
   2.000000E-04   5.173404E-05   2.000000E-04   2.000000E-04   5.707746E-05   5.707746E-05   5.707746E-05   5.707746E-05   6.745631E-05   1.451005E-04   1.787805E-04   1.711155E-04   2.000000E-04   1.959494E-04   3.152555E-05   2.605401E-05   6.684054E-05   6.691464E-05   2.000000E-04   1.914510E-04
   3.297513E-05   1.767798E-04   1.223759E-04   8.797131E-05   5.707746E-05   5.707746E-05   5.707746E-05   5.707746E-05   3.397424E-05   3.488062E-05   1.843204E-04   7.858696E-05   2.000000E-05   4.068769E-05   3.560109E-05   2.000000E-05   6.889821E-05   1.912033E-04   2.000000E-05   2.900542E-05
   1.437716E-04   5.931704E-05   2.000000E-04   1.503011E-04   5.707746E-05   5.707746E-05   5.707746E-05   5.707746E-05   8.054175E-05   7.144575E-05   1.396409E-04   5.548413E-05   1.234527E-04   2.000000E-05   3.134957E-05   2.000000E-05   4.439991E-05   1.716887E-04   3.644974E-05   1.704882E-04
   7.819498E-05   4.430857E-05   1.470641E-04   2.000000E-04   5.707746E-05   5.707746E-05   5.707746E-05   5.707746E-05   7.691375E-05   5.588394E-05   7.723193E-05   9.686970E-05   2.000000E-04   7.301387E-05   3.148045E-05   1.176816E-04   2.707947E-05   9.937153E-05   2.000000E-04   6.344531E-05
   3.791719E-05   8.053678E-05   7.441584E-05   2.000000E-04   5.707746E-05   5.707746E-05   5.707746E-05   5.707746E-05   1.344448E-04   2.862224E-05   6.824579E-05   3.689064E-05   8.998844E-05   5.834636E-05   8.794423E-05   2.000000E-04   4.983070E-05   2.000000E-04   1.078739E-04   7.504910E-05
   4.246459E-05   2.000000E-04   5.273076E-05   2.294022E-05   5.707746E-05   5.707746E-05   5.707746E-05   5.707746E-05   2.422754E-05   2.000000E-04   6.937162E-05   6.925699E-05   4.871387E-05   5.893226E-05   1.229742E-04   8.994105E-05   9.334585E-05   1.269561E-04   1.282703E-04   4.555039E-05
   1.124860E-04   8.323430E-05   2.000000E-04   2.000000E-04   5.707746E-05   5.707746E-05   5.707746E-05   5.707746E-05   4.754543E-05   3.916635E-05   2.000000E-04   2.000000E-05   2.000000E-04   1.173243E-04   1.138000E-04   1.861998E-04   7.491022E-05   6.437587E-05   9.262729E-05   5.234292E-05
   1.478163E-04   5.013352E-05   3.762567E-05   1.239883E-04   5.707746E-05   5.707746E-05   7.178388E-05   2.000000E-04   2.000000E-04   6.619347E-05   1.091629E-04   4.221973E-05   3.281210E-05   7.230338E-05   1.301160E-04   4.631527E-05   1.127575E-04   4.726610E-05   1.590524E-04   1.088097E-04
   5.312154E-05   7.135080E-05   2.292756E-05   1.007000E-04   3.954321E-05   5.707746E-05   2.000000E-04   6.315967E-05   2.000000E-04   1.128565E-04   1.988816E-04   1.018259E-04   5.457662E-05   1.188861E-04   1.170215E-04   1.868672E-04   3.511315E-05   5.261653E-05   6.283346E-05   5.671796E-05
   1.039121E-04   4.492547E-05   3.452267E-05   2.164623E-05   2.169151E-05   1.269705E-04   2.000000E-04   8.499269E-05   2.000000E-04   1.152888E-04   2.000000E-04   6.128342E-05   2.000000E-05   4.026903E-05   3.374989E-05   1.654430E-04   3.754595E-05   3.676849E-05   2.000000E-04   3.172368E-05
   4.722893E-05   7.992892E-05   2.115340E-05   5.619270E-05   6.876546E-05   2.000000E-05   7.303865E-05   2.000000E-04   2.000000E-04   1.257778E-04   4.654733E-05   2.000000E-04   2.000000E-05   2.812025E-05   6.312971E-05   1.528001E-04   5.994009E-05   8.946224E-05   4.868930E-05   1.195447E-04
   6.064173E-05   3.254019E-05   4.838174E-05   2.000000E-04   6.830763E-05   4.323058E-05   1.463340E-04   8.836543E-05   5.330650E-05   9.386062E-05   2.000000E-04   1.684652E-04   1.035457E-04   8.389906E-05   2.775838E-05   2.731384E-05   7.425319E-05   2.000000E-05   4.127686E-05   9.012780E-05
   4.452542E-05   4.436812E-05   3.620564E-05   1.432101E-04   3.076781E-05   4.523407E-05   2.000000E-05   4.447633E-05   8.508447E-05   5.511359E-05   7.081288E-05   2.000000E-04   1.642055E-04   1.127235E-04   7.882028E-05   2.000000E-05   1.590234E-04   9.627083E-05   1.497038E-04   1.131825E-04
   1.368879E-04   2.848741E-05   2.114495E-05   2.928795E-05   1.686278E-04   7.579789E-05   2.412802E-05   1.502123E-04   2.000000E-04   8.972669E-05   5.246575E-05   5.378438E-05   6.094223E-05   1.196962E-04   4.686292E-05   6.474923E-05   3.136621E-05   1.159610E-04   1.237353E-04   1.083387E-04
   5.904242E-05   9.952445E-05   4.892124E-05   2.492219E-05   9.693306E-05   8.666348E-05   5.041793E-05   4.272131E-05   1.621636E-04   1.129766E-04   5.941298E-05   1.391295E-04   1.303156E-04   2.000000E-04   1.166276E-04   1.042858E-04   1.125486E-04   9.779871E-05   7.213125E-05   7.851150E-05
   8.380829E-05   6.968531E-05   1.026850E-04   2.096686E-05   6.838945E-05   1.023942E-04   9.400280E-05   3.291855E-05   2.000000E-04   9.205872E-05   8.614788E-05   4.179765E-05   2.000000E-04   2.000000E-04   2.000000E-04   1.064922E-04   2.000000E-04   8.905764E-05   1.494983E-04   9.742512E-05
   1.785180E-04   5.456044E-05   1.015615E-04   1.264433E-04   2.769211E-05   2.000000E-05   5.550103E-05   2.000000E-04   7.163380E-05   2.000000E-04   1.198994E-04   6.852984E-05   1.523395E-04   1.270621E-04   2.000000E-04   9.056383E-05   1.205495E-04   1.316467E-04   1.130816E-04   2.000000E-04
   2.000000E-05   1.426123E-04   5.028392E-05   8.375198E-05   5.436161E-05   7.602871E-05   8.411697E-05   1.935850E-04   2.000000E-04   4.540489E-05   1.051742E-04   2.000000E-04   1.625828E-04   2.000000E-04   7.831533E-05   1.052371E-04   2.000000E-04   2.000000E-04   1.590601E-04   8.252492E-05
   5.707746E-05   1.351888E-04   3.699723E-05   2.000000E-04   5.488312E-05   1.217020E-04   9.306140E-05   8.087117E-05   2.000000E-04   7.170718E-05   2.000000E-04   2.000000E-04   3.174647E-05   1.947932E-04   2.000000E-04   1.260627E-04   5.066245E-05   2.000000E-04   3.474869E-05   1.911116E-04
   5.707746E-05   5.707746E-05   1.056895E-04   2.000000E-04   1.161114E-04   8.284724E-05   5.243196E-05   6.623979E-05   1.710160E-04   1.374141E-04   7.791995E-05   5.940178E-05   3.033614E-05   2.000000E-04   2.000000E-04   2.000000E-04   6.676458E-05   2.000000E-04   5.562329E-05   2.000000E-04
   5.707746E-05   5.707746E-05   5.707746E-05   2.547052E-05   9.257524E-05   7.863655E-05   1.510570E-04   1.199724E-04   2.000000E-04   2.000000E-04   9.518461E-05   2.000000E-04   3.169990E-05   1.117347E-04   1.801282E-04   3.859657E-05   1.176982E-04   2.020336E-05   1.497861E-04   1.199952E-04
   5.707746E-05   5.707746E-05   5.707746E-05   5.707746E-05   6.317267E-05   7.841464E-05   6.397202E-05   1.597903E-04   2.000000E-04   5.946597E-05   1.996304E-04   1.181168E-04   6.472198E-05   2.888355E-05   2.000000E-04   9.829960E-05   3.254354E-05   9.051450E-05   3.992859E-05   5.707746E-05
   5.707746E-05   5.707746E-05   5.707746E-05   5.707746E-05   1.735527E-04   2.000000E-04   1.164680E-04   2.000000E-04   8.447664E-05   1.484792E-04   6.094352E-05   3.047165E-05   1.112398E-04   2.000000E-04   5.148086E-05   8.825587E-05   1.357434E-04   2.000000E-04   2.000000E-04   5.707746E-05
   5.707746E-05   5.707746E-05   5.707746E-05   5.707746E-05   5.707746E-05   4.555077E-05   2.000000E-04   9.221970E-05   1.438806E-04   1.563917E-04   5.478877E-05   2.819905E-05   2.000000E-04   6.182598E-05   1.097868E-04   1.434473E-04   8.480045E-05   2.000000E-05   5.707746E-05   5.707746E-05
   5.707746E-05   5.707746E-05   5.707746E-05   5.707746E-05   5.707746E-05   4.762309E-05   2.326849E-05   1.049592E-04   1.914668E-04   9.148311E-05   1.663873E-04   5.937712E-05   2.000000E-04   6.643569E-05   4.735288E-05   2.000000E-04   6.524593E-05   5.707746E-05   5.707746E-05   5.707746E-05
   5.707746E-05   5.707746E-05   5.707746E-05   5.707746E-05   5.707746E-05   1.552137E-04   2.000000E-04   7.182808E-05   4.999142E-05   5.172452E-05   2.000000E-04   1.437256E-04   6.701537E-05   2.000000E-04   1.879675E-04   1.189713E-04   5.707746E-05   5.707746E-05   5.707746E-05   5.707746E-05
