   5.766836E-05   2.230507E-05   4.923162E-05   2.000000E-05   2.086576E-05   4.670574E-05   2.780000E-05   1.011811E-04   5.702435E-05   2.000000E-04   2.502067E-05   1.497175E-04   3.485981E-05   7.050817E-05   2.446243E-05   1.909760E-04   2.000000E-05   1.003436E-04   3.462487E-05   2.999866E-05
   2.000000E-05   2.000000E-05   6.131335E-05   3.699099E-05   1.717950E-04   2.339421E-05   3.486512E-05   2.000000E-05   5.037781E-05   9.902538E-05   4.711312E-05   9.174628E-05   2.000000E-05   4.693107E-05   9.872377E-05   9.460848E-05   5.017743E-05   3.977652E-05   1.290679E-04   5.582419E-05
   4.907950E-05   2.783364E-05   2.532924E-05   2.951731E-05   6.147947E-05   2.202372E-05   7.423235E-05   1.364932E-04   7.581394E-05   9.585494E-05   8.644612E-05   2.000000E-04   9.567971E-05   5.792370E-05   2.217184E-05   2.000618E-05   3.458815E-05   3.101320E-05   3.951980E-05   9.689234E-05
   4.202493E-05   2.000000E-05   2.000000E-05   6.974921E-05   5.710137E-05   1.484809E-04   4.785918E-05   8.468553E-05   2.000000E-04   3.111451E-05   2.000000E-04   4.471022E-05   1.521864E-04   4.515738E-05   6.811502E-05   1.359815E-04   5.055089E-05   2.000000E-05   2.000000E-04   2.000000E-05
   2.000000E-05   2.000000E-05   4.974727E-05   2.982668E-05   9.045752E-05   1.097147E-04   3.622779E-05   9.050161E-05   7.029218E-05   5.704117E-05   2.000000E-05   2.000000E-05   4.839712E-05   7.739001E-05   2.000000E-05   2.965169E-05   4.330990E-05   2.000000E-05   3.218553E-05   2.792131E-05
   2.000000E-05   3.974051E-05   2.000000E-05   1.131186E-04   6.321131E-05   2.583889E-05   2.000000E-04   1.456145E-04   1.696242E-04   4.521768E-05   6.697704E-05   2.000000E-05   5.641623E-05   1.501629E-04   2.000000E-05   2.000000E-05   2.000000E-05   4.437249E-05   5.626991E-05   3.128305E-05
   7.040577E-05   8.701038E-05   6.996423E-05   2.000000E-04   2.748104E-05   7.491880E-05   1.442014E-04   3.408124E-05   9.603949E-05   1.490717E-04   2.000000E-05   3.363225E-05   2.000000E-05   1.542606E-04   2.022000E-05   1.186523E-04   1.220975E-04   1.457451E-04   6.300955E-05   2.304912E-05
   2.049000E-05   4.915803E-05   2.000000E-05   2.907197E-05   3.019116E-05   2.000000E-04   3.637828E-05   7.811379E-05   3.165025E-05   2.000000E-05   7.940761E-05   1.646231E-04   6.580670E-05   9.877992E-05   3.018944E-05   4.517105E-05   5.850796E-05   9.237852E-05   6.649169E-05   5.136861E-05
   5.391302E-05   7.974553E-05   4.939982E-05   2.000000E-05   6.560599E-05   6.560599E-05   6.560599E-05   5.356424E-05   3.081855E-05   2.158875E-05   3.309280E-05   7.772060E-05   2.000000E-05   1.449270E-04   2.000000E-04   8.775341E-05   5.131080E-05   8.076338E-05   1.553562E-04   2.606811E-05
   8.813689E-05   2.324899E-05   2.000000E-05   3.775644E-05   6.560599E-05   6.560599E-05   6.560599E-05   6.560599E-05   3.849599E-05   2.000000E-05   9.001967E-05   9.874262E-05   2.000000E-05   5.555043E-05   1.189481E-04   2.629105E-05   2.000000E-04   1.292423E-04   4.555235E-05   1.142554E-04
   1.600342E-04   2.000000E-05   2.393580E-05   2.000000E-05   6.560599E-05   6.560599E-05   6.560599E-05   6.560599E-05   3.020133E-05   3.257771E-05   2.385336E-05   4.865063E-05   5.949970E-05   1.086743E-04   2.000000E-04   2.000000E-04   5.139195E-05   1.254900E-04   2.000000E-04   2.000000E-04
   1.379304E-04   2.485657E-05   2.480917E-05   2.000000E-05   6.560599E-05   6.560599E-05   6.560599E-05   6.560599E-05   2.000000E-05   8.573259E-05   2.000000E-05   7.801806E-05   8.841113E-05   2.000000E-04   9.603387E-05   6.701319E-05   1.245560E-04   9.026879E-05   1.743953E-04   2.498409E-05
   2.000000E-05   3.560971E-05   1.183116E-04   3.032301E-05   6.560599E-05   6.560599E-05   6.560599E-05   6.560599E-05   2.000000E-05   9.449830E-05   6.367181E-05   5.284802E-05   4.191904E-05   2.000000E-04   5.717966E-05   2.000000E-04   9.032676E-05   3.512875E-05   2.000000E-04   1.572397E-04
   2.000000E-04   2.000000E-04   2.373085E-05   1.176845E-04   6.560599E-05   6.560599E-05   6.560599E-05   6.560599E-05   3.865042E-05   4.224748E-05   2.000000E-05   4.320989E-05   2.000000E-05   6.619278E-05   1.089455E-04   2.000000E-04   1.124793E-04   2.000000E-05   6.089510E-05   1.426886E-04
   7.571227E-05   1.447402E-04   8.352086E-05   6.741021E-05   6.560599E-05   6.560599E-05   6.560599E-05   6.560599E-05   4.163363E-05   2.000000E-05   2.000000E-05   5.385785E-05   7.401263E-05   4.138949E-05   9.254367E-05   1.758593E-04   9.715840E-05   9.209456E-05   1.357588E-04   2.000000E-05
   5.211995E-05   7.000485E-05   2.000000E-04   1.024973E-04   6.560599E-05   6.560599E-05   6.560599E-05   6.560599E-05   6.946923E-05   2.432027E-05   8.458305E-05   5.289117E-05   6.845865E-05   1.181414E-04   3.256354E-05   1.154040E-04   6.527429E-05   4.981148E-05   7.232700E-05   1.031222E-04
   6.350297E-05   2.000000E-05   4.867357E-05   8.249010E-05   6.560599E-05   6.560599E-05   6.560599E-05   6.560599E-05   2.000000E-04   4.761269E-05   3.804552E-05   1.644112E-04   4.136244E-05   4.348572E-05   2.975211E-05   2.000000E-05   5.177229E-05   4.515368E-05   3.763058E-05   2.000000E-05
   1.104106E-04   1.367187E-04   2.000000E-04   4.928544E-05   6.560599E-05   6.560599E-05   6.560599E-05   6.560599E-05   7.208087E-05   2.000000E-04   3.104894E-05   8.775044E-05   3.615581E-05   1.566324E-04   4.284239E-05   2.791041E-05   2.424927E-05   2.707651E-05   1.290220E-04   6.762990E-05
   2.710648E-05   6.538070E-05   1.942819E-04   2.000000E-04   6.560599E-05   6.560599E-05   6.560599E-05   6.560599E-05   2.000000E-04   1.214876E-04   1.470256E-04   1.092076E-04   8.030045E-05   5.934861E-05   2.000000E-05   4.960532E-05   2.000000E-05   2.000000E-05   1.623605E-04   4.613569E-05
   5.034783E-05   4.003861E-05   6.609841E-05   2.510980E-05   6.560599E-05   6.560599E-05   6.560599E-05   6.560599E-05   6.925146E-05   5.680123E-05   5.440220E-05   1.203216E-04   2.737805E-05   2.000000E-05   2.000000E-05   5.490630E-05   2.000000E-05   2.954623E-05   5.350045E-05   6.023008E-05
   4.100344E-05   2.636276E-05   2.000000E-05   3.285777E-05   6.560599E-05   6.560599E-05   6.560599E-05   6.560599E-05   5.256167E-05   6.440581E-05   1.042718E-04   2.881393E-05   1.264703E-04   2.153392E-05   3.169192E-05   2.000000E-05   5.125799E-05   9.906987E-05   9.127337E-05   4.375913E-05
   3.830980E-05   4.525969E-05   2.724497E-05   2.000000E-05   6.560599E-05   6.560599E-05   1.039397E-04   8.857817E-05   1.591796E-04   7.027391E-05   1.195099E-04   3.642684E-05   2.000000E-05   2.000000E-05   6.884825E-05   3.365158E-05   9.005266E-05   4.032793E-05   5.821898E-05   8.905955E-05
   1.144967E-04   3.182951E-05   2.000000E-05   2.000000E-05   2.697244E-05   6.560599E-05   1.690777E-04   1.286031E-04   3.505939E-05   7.390436E-05   3.396288E-05   2.887253E-05   3.848395E-05   5.357698E-05   2.000000E-04   6.723786E-05   5.235071E-05   1.527541E-04   1.570806E-04   4.583801E-05
   3.302519E-05   4.453193E-05   4.118519E-05   5.142348E-05   2.000000E-04   4.686620E-05   1.472371E-04   1.879981E-04   1.665259E-04   5.404820E-05   4.200914E-05   2.000000E-04   6.960094E-05   1.185019E-04   5.105845E-05   2.000000E-04   1.191918E-04   4.293042E-05   7.998467E-05   1.068721E-04
   5.129877E-05   1.493414E-04   2.960358E-05   1.182054E-04   5.031557E-05   5.556546E-05   3.373998E-05   3.441375E-05   4.478207E-05   2.614175E-05   1.136946E-04   4.863465E-05   2.011497E-05   9.309266E-05   7.136627E-05   2.732633E-05   8.720931E-05   3.964563E-05   1.330940E-04   9.980383E-05
   8.433088E-05   5.077413E-05   8.527345E-05   8.302080E-05   5.123824E-05   1.081215E-04   3.621291E-05   5.961732E-05   1.115159E-04   9.386355E-05   2.000000E-04   2.000000E-04   5.327097E-05   4.984064E-05   6.235867E-05   2.000000E-05   2.364103E-05   3.122198E-05   3.403102E-05   1.016415E-04
   2.264851E-05   1.765050E-04   4.137514E-05   4.214412E-05   3.080450E-05   2.398708E-05   2.228440E-05   2.854851E-05   3.117289E-05   4.370603E-05   8.775637E-05   2.000000E-05   5.205060E-05   3.501909E-05   2.000000E-05   3.793182E-05   2.617292E-05   3.157153E-05   5.260574E-05   2.000000E-05
   1.168731E-04   3.978673E-05   1.028728E-04   9.528461E-05   3.163257E-05   3.552116E-05   2.000000E-05   2.000000E-05   4.381586E-05   1.509352E-04   1.731484E-04   2.818302E-05   4.642783E-05   2.890679E-05   2.000000E-05   2.000000E-05   2.000000E-05   6.223583E-05   1.059999E-04   8.979330E-05
   3.696920E-05   1.212365E-04   8.229447E-05   3.355954E-05   2.592847E-05   2.737368E-05   8.613390E-05   1.864022E-04   3.580884E-05   2.193779E-05   4.939005E-05   1.012062E-04   4.834934E-05   2.000000E-05   2.541242E-05   2.000000E-05   4.826758E-05   9.492410E-05   6.211543E-05   8.250722E-05
   2.622681E-05   1.068312E-04   5.374143E-05   5.757238E-05   1.295241E-04   1.182508E-04   7.246180E-05   9.815816E-05   2.253271E-05   4.301777E-05   2.000000E-05   2.000000E-05   6.767254E-05   4.844966E-05   2.000000E-05   4.923568E-05   2.000000E-05   2.000000E-04   2.615930E-05   2.113517E-05
   8.401341E-05   3.431037E-05   4.070561E-05   5.082251E-05   9.757453E-05   2.670350E-05   1.224101E-04   2.000000E-04   2.380822E-05   2.000000E-05   4.815188E-05   7.052856E-05   2.000000E-05   9.706873E-05   2.462076E-05   2.000000E-05   5.660905E-05   1.497076E-04   3.510159E-05   1.255210E-04
   5.575360E-05   1.578725E-04   4.170780E-05   7.358694E-05   6.761183E-05   4.853569E-05   3.052334E-05   1.324337E-04   3.874096E-05   4.049239E-05   2.000000E-05   2.512352E-05   2.000000E-05   9.678247E-05   3.801221E-05   5.656579E-05   5.019690E-05   2.435747E-05   2.000000E-04   2.198731E-05
   6.560599E-05   3.099528E-05   2.903987E-05   6.571996E-05   1.738294E-04   1.526963E-04   1.534061E-04   6.366214E-05   9.520612E-05   3.776305E-05   2.000000E-05   3.366695E-05   3.817546E-05   3.396823E-05   7.884874E-05   7.188287E-05   7.244895E-05   6.489163E-05   3.226165E-05   5.970768E-05
   6.560599E-05   6.560599E-05   2.000000E-05   2.000000E-05   7.488234E-05   5.256753E-05   4.259220E-05   8.101287E-05   2.318984E-05   2.000000E-05   2.000000E-05   4.375309E-05   9.317893E-05   8.052972E-05   2.000000E-04   6.331935E-05   2.000000E-04   2.000000E-04   3.232879E-05   1.349582E-04
   6.560599E-05   6.560599E-05   6.560599E-05   8.083377E-05   1.168939E-04   2.000000E-05   4.714537E-05   3.812772E-05   2.632156E-05   3.574172E-05   2.000000E-05   7.752652E-05   2.515483E-05   2.000000E-04   2.000000E-04   1.221330E-04   7.207217E-05   6.904206E-05   3.369886E-05   1.542474E-04
   6.560599E-05   6.560599E-05   6.560599E-05   6.560599E-05   8.304344E-05   7.927173E-05   3.249711E-05   3.541797E-05   7.998234E-05   3.116325E-05   3.812771E-05   3.037451E-05   2.072997E-05   1.940161E-04   1.163647E-04   2.000000E-04   2.000000E-04   7.342319E-05   7.110974E-05   6.560599E-05
   6.560599E-05   6.560599E-05   6.560599E-05   6.560599E-05   2.000000E-04   2.323746E-05   2.177645E-05   8.914615E-05   1.650962E-04   2.634490E-05   2.000000E-04   1.188846E-04   6.527621E-05   1.153951E-04   6.823333E-05   1.605474E-04   2.975389E-05   4.984861E-05   1.081017E-04   6.560599E-05
   6.560599E-05   6.560599E-05   6.560599E-05   6.560599E-05   6.560599E-05   8.604795E-05   2.000000E-04   2.985920E-05   2.204649E-05   2.000000E-05   3.501715E-05   5.506950E-05   3.924139E-05   4.759935E-05   1.173147E-04   2.000000E-04   1.355688E-04   1.921479E-04   6.560599E-05   6.560599E-05
   6.560599E-05   6.560599E-05   6.560599E-05   6.560599E-05   6.560599E-05   2.000000E-04   2.000000E-05   1.219703E-04   8.214782E-05   2.000000E-05   1.187098E-04   1.006983E-04   1.242017E-04   2.000000E-04   9.116573E-05   1.011483E-04   1.066981E-04   6.560599E-05   6.560599E-05   6.560599E-05
   6.560599E-05   6.560599E-05   6.560599E-05   6.560599E-05   6.560599E-05   2.123729E-05   3.435020E-05   7.518802E-05   1.651808E-04   5.906136E-05   2.274272E-05   2.000000E-05   4.458669E-05   1.379205E-04   9.154335E-05   6.394192E-05   6.560599E-05   6.560599E-05   6.560599E-05   6.560599E-05
