   3.129872E-05   5.327793E-05   2.988958E-05   1.334160E-04   3.957179E-05   2.000000E-04   1.220589E-04   1.046353E-04   2.000000E-04   2.000000E-04   3.594754E-05   2.000000E-04   1.050726E-04   2.000000E-04   1.612829E-04   1.868642E-04   1.102782E-04   2.000000E-04   5.645667E-05   1.567673E-04
   1.928748E-04   1.568684E-04   1.512257E-04   1.203233E-04   5.701423E-05   1.329426E-04   2.000000E-04   2.000000E-04   8.209846E-05   1.743402E-04   2.000000E-04   1.554093E-04   9.042960E-05   2.000000E-04   2.000000E-04   2.000000E-04   1.519721E-04   6.914133E-05   2.000000E-04   2.000000E-04
   8.426868E-05   2.768001E-05   1.703988E-04   3.287825E-05   3.063303E-05   2.000000E-04   4.903486E-05   2.000000E-04   2.000000E-04   6.234875E-05   2.000000E-04   2.000000E-04   1.833816E-04   2.000000E-04   1.706197E-04   1.238321E-04   1.940502E-04   6.972847E-05   1.200073E-04   6.238105E-05
   1.827658E-04   1.019568E-04   8.937674E-05   1.125296E-04   1.928709E-04   2.000000E-04   8.607226E-05   2.000000E-04   1.760823E-04   1.682340E-04   2.000000E-04   8.679368E-05   1.150722E-04   6.727367E-05   3.398552E-05   2.000000E-04   6.358060E-05   2.000000E-04   2.000000E-04   1.052493E-04
   4.851873E-05   1.110883E-04   4.376615E-05   1.423693E-04   7.008457E-05   3.556367E-05   3.275065E-05   2.000000E-04   2.000000E-04   2.000000E-04   2.000000E-04   2.000000E-04   1.640203E-04   2.000000E-04   1.280346E-04   4.725667E-05   2.923606E-05   2.278213E-05   7.304374E-05   2.195252E-05
   1.263074E-04   1.376684E-04   1.529401E-04   1.133589E-04   2.814366E-05   9.135524E-05   2.000000E-05   1.698349E-04   1.161508E-04   2.000000E-04   1.738034E-04   8.082457E-05   2.000000E-04   4.812152E-05   1.328512E-04   7.208274E-05   2.000000E-04   2.000000E-04   2.000000E-04   2.000000E-04
   1.846729E-04   7.969325E-05   1.909013E-04   1.193265E-04   1.642960E-04   2.000000E-04   6.332708E-05   9.215330E-05   2.000000E-04   1.259893E-04   2.000000E-04   2.000000E-04   1.193679E-04   3.285414E-05   1.316155E-04   1.171569E-04   2.000000E-05   4.791665E-05   2.000000E-04   1.813111E-04
   7.109205E-05   2.000000E-04   6.306779E-05   5.376502E-05   1.993749E-04   9.379630E-05   6.080096E-05   1.162960E-04   6.849882E-05   2.000000E-04   1.739954E-04   8.232983E-05   7.176733E-05   1.469677E-04   2.000000E-05   2.000000E-05   2.000000E-04   2.086875E-05   1.530727E-04   2.720444E-05
   9.846904E-05   2.000000E-04   1.618325E-04   3.651320E-05   9.576539E-05   9.576539E-05   9.576539E-05   3.590477E-05   3.903773E-05   2.000000E-04   1.180486E-04   8.303335E-05   7.934559E-05   6.446134E-05   1.368520E-04   2.490529E-05   3.866170E-05   2.000000E-05   2.000000E-04   4.667923E-05
   2.000000E-04   1.209392E-04   2.000000E-04   1.941396E-04   9.576539E-05   9.576539E-05   9.576539E-05   9.576539E-05   1.724301E-04   2.000000E-04   1.437880E-04   1.394333E-04   9.199696E-05   2.996179E-05   2.648960E-05   1.344571E-04   6.142221E-05   5.245204E-05   2.000000E-04   1.589726E-04
   2.000000E-04   5.697514E-05   1.288968E-04   5.931730E-05   9.576539E-05   9.576539E-05   9.576539E-05   9.576539E-05   2.000000E-04   2.000000E-04   2.000000E-04   1.698493E-04   8.536145E-05   5.327229E-05   3.577801E-05   7.512080E-05   3.251701E-05   4.380699E-05   7.215772E-05   2.000000E-05
   3.066512E-05   9.738846E-05   8.858940E-05   1.736616E-04   9.576539E-05   9.576539E-05   9.576539E-05   9.576539E-05   6.535809E-05   1.046192E-04   1.851393E-04   2.000000E-04   9.872427E-05   4.388655E-05   3.009749E-05   5.091234E-05   1.100018E-04   7.623527E-05   1.287449E-04   8.997856E-05
   1.685859E-04   1.687316E-04   1.645607E-04   1.108456E-04   9.576539E-05   9.576539E-05   9.576539E-05   9.576539E-05   8.790513E-05   1.059685E-04   2.000000E-04   8.468106E-05   1.668333E-04   1.980167E-04   2.000000E-05   1.859954E-04   2.000000E-04   9.370409E-05   2.000000E-05   1.075871E-04
   7.472869E-05   2.000000E-04   2.825922E-05   6.913340E-05   9.576539E-05   9.576539E-05   9.576539E-05   9.576539E-05   1.411656E-04   6.589549E-05   2.000000E-04   2.000000E-04   2.921377E-05   1.044190E-04   9.569657E-05   1.292563E-04   1.558328E-04   4.524172E-05   2.000000E-04   3.215826E-05
   1.094096E-04   1.142321E-04   2.366630E-05   4.548941E-05   9.576539E-05   9.576539E-05   9.576539E-05   9.576539E-05   5.749554E-05   2.099918E-05   3.749449E-05   6.474821E-05   2.000000E-04   2.000000E-04   2.000000E-04   2.789746E-05   1.695735E-04   9.426273E-05   9.143600E-05   2.527883E-05
   1.180309E-04   1.081117E-04   1.138149E-04   6.780115E-05   9.576539E-05   9.576539E-05   9.576539E-05   9.576539E-05   2.894042E-05   4.681279E-05   4.484853E-05   8.398310E-05   6.235999E-05   2.000000E-04   8.284828E-05   6.915574E-05   1.163977E-04   4.003761E-05   4.527440E-05   1.058878E-04
   3.113964E-05   6.526268E-05   1.783756E-04   1.057905E-04   9.576539E-05   9.576539E-05   9.576539E-05   9.576539E-05   7.028358E-05   4.712099E-05   2.000000E-04   2.000000E-04   2.000000E-04   8.384687E-05   8.091504E-05   2.000000E-04   7.307256E-05   1.154921E-04   1.430533E-04   1.748690E-04
   7.675642E-05   3.764740E-05   4.119458E-05   2.000000E-04   9.576539E-05   9.576539E-05   9.576539E-05   9.576539E-05   3.447353E-05   2.996648E-05   1.360561E-04   2.000000E-04   1.130172E-04   3.212764E-05   2.000000E-04   1.279039E-04   2.000000E-04   1.403596E-04   1.390378E-04   2.000000E-04
   2.000000E-04   1.922876E-04   1.058116E-04   2.000000E-04   9.576539E-05   9.576539E-05   9.576539E-05   9.576539E-05   9.554577E-05   1.760509E-04   5.569576E-05   6.090453E-05   1.295129E-04   4.362205E-05   2.000000E-04   2.000000E-04   2.000000E-04   2.000000E-04   5.720103E-05   6.357192E-05
   9.914201E-05   2.000000E-05   6.592911E-05   4.311490E-05   9.576539E-05   9.576539E-05   9.576539E-05   9.576539E-05   1.555556E-04   6.809261E-05   2.844262E-05   2.000000E-04   5.746941E-05   1.943133E-04   2.000000E-04   9.095920E-05   1.050436E-04   1.587831E-04   1.231087E-04   1.028734E-04
   2.000000E-04   3.611600E-05   2.000000E-04   2.000000E-04   9.576539E-05   9.576539E-05   9.576539E-05   9.576539E-05   2.042741E-05   1.357632E-04   1.563738E-04   1.159036E-04   4.756914E-05   1.818092E-04   2.000000E-04   1.985881E-04   1.093729E-04   7.315080E-05   2.000000E-04   8.972324E-05
   2.000000E-04   3.986150E-05   3.379490E-05   4.547835E-05   9.576539E-05   9.576539E-05   4.293426E-05   2.000000E-04   2.000000E-04   2.000000E-04   2.000000E-04   2.000000E-04   9.530024E-05   2.304267E-05   2.000000E-04   1.171142E-04   2.000000E-04   6.964712E-05   2.000000E-04   2.000000E-04
   4.854320E-05   2.397441E-05   5.625814E-05   9.498564E-05   8.045473E-05   9.576539E-05   1.236024E-04   8.067527E-05   2.000000E-04   2.000000E-04   2.000000E-04   2.000000E-04   2.000000E-04   7.153311E-05   7.963624E-05   1.373741E-04   2.000000E-04   1.159761E-04   2.000000E-04   2.378683E-05
   7.743651E-05   1.833903E-04   8.487503E-05   1.264931E-04   2.000000E-04   4.623162E-05   3.661660E-05   3.074721E-05   1.095894E-04   3.872019E-05   1.867439E-04   2.000000E-04   1.316413E-04   6.480081E-05   4.483109E-05   3.206185E-05   1.022234E-04   2.620843E-05   2.000000E-04   1.778968E-04
   8.269436E-05   2.221168E-05   7.975948E-05   2.944187E-05   1.129297E-04   2.326519E-05   1.259599E-04   1.260665E-04   2.000000E-04   1.492264E-04   1.002598E-04   4.571046E-05   6.683782E-05   3.308499E-05   1.210423E-04   4.945690E-05   9.612216E-05   1.592326E-04   6.880635E-05   1.679490E-04
   1.958132E-04   2.000000E-04   2.000000E-04   7.077106E-05   2.000000E-04   8.876498E-05   1.882412E-04   1.329898E-04   2.000000E-04   1.670935E-04   8.699879E-05   7.610890E-05   2.000000E-04   2.305307E-05   1.922271E-04   1.048586E-04   1.640757E-04   2.000000E-04   2.000000E-04   2.000000E-04
   2.000000E-04   2.000000E-04   1.321531E-04   8.730936E-05   1.509522E-04   1.693663E-04   6.875369E-05   2.000000E-04   5.852994E-05   2.000000E-04   2.000000E-04   1.989500E-04   2.000000E-04   4.160409E-05   6.741263E-05   1.277316E-04   2.000000E-04   8.788053E-05   1.597932E-04   1.605497E-04
   6.006384E-05   9.725714E-05   1.324971E-04   2.000000E-04   1.040733E-04   3.201239E-05   2.000000E-04   2.000000E-04   3.378768E-05   6.880556E-05   1.551207E-04   9.191868E-05   3.558759E-05   9.906606E-05   6.092407E-05   1.040250E-04   2.000000E-04   2.000000E-04   8.248937E-05   4.830873E-05
   1.046780E-04   2.000000E-04   1.717875E-04   1.336142E-04   2.000000E-04   3.876028E-05   1.025852E-04   2.000000E-04   2.000000E-04   1.926158E-04   2.371634E-05   1.940144E-04   7.355688E-05   1.616606E-04   2.000000E-04   2.000000E-04   2.000000E-04   1.304396E-04   1.768763E-04   1.976730E-04
   2.000000E-04   2.000000E-04   1.596406E-04   2.000000E-04   2.000000E-04   2.000000E-04   2.000000E-04   1.529512E-04   2.000000E-04   3.356293E-05   2.000000E-04   1.601254E-04   2.000000E-04   1.660291E-04   1.088442E-04   2.000000E-04   2.000000E-04   1.864456E-04   2.000000E-04   2.000000E-04
   2.000000E-04   2.000000E-04   1.837775E-04   1.258609E-04   2.000000E-04   2.000000E-04   2.000000E-04   2.000000E-04   1.368171E-04   1.151696E-04   7.922597E-05   2.000000E-04   2.000000E-04   1.063182E-04   2.000000E-04   2.000000E-04   2.000000E-04   1.857759E-04   1.038782E-04   8.819762E-05
   2.000000E-04   2.000000E-04   1.422499E-04   4.685143E-05   2.000000E-04   2.000000E-04   2.000000E-04   9.854942E-05   8.675691E-05   1.292519E-04   9.471073E-05   6.661409E-05   1.541843E-04   1.097828E-04   2.000000E-04   2.000000E-04   1.090782E-04   2.000000E-04   2.000000E-04   2.000000E-04
   9.576539E-05   1.817436E-04   1.233837E-04   2.000000E-04   2.000000E-04   1.597264E-04   2.000000E-04   1.038409E-04   8.529004E-05   1.051851E-04   2.000000E-04   1.854340E-04   2.000000E-04   1.735310E-04   2.000000E-04   1.773440E-04   2.000000E-04   2.000000E-04   2.000000E-04   1.991771E-04
   9.576539E-05   9.576539E-05   6.151349E-05   1.941098E-04   8.573545E-05   5.960576E-05   2.000000E-04   1.972532E-04   1.069071E-04   2.000000E-04   1.617521E-04   2.000000E-04   2.000000E-04   2.000000E-04   1.240592E-04   1.291474E-04   9.991407E-05   2.000000E-04   1.751211E-04   9.589097E-05
   9.576539E-05   9.576539E-05   9.576539E-05   6.782253E-05   1.378941E-04   1.030135E-04   8.962332E-05   4.757610E-05   1.600057E-04   1.347929E-04   1.719441E-04   4.681303E-05   1.827138E-04   2.000000E-04   2.000000E-04   2.000000E-04   2.000000E-04   2.000000E-04   1.834540E-04   2.000000E-04
   9.576539E-05   9.576539E-05   9.576539E-05   9.576539E-05   1.371113E-04   1.043398E-04   5.515216E-05   2.000000E-04   2.000000E-04   1.215648E-04   6.243049E-05   1.441625E-04   1.136749E-04   2.000000E-04   2.000000E-04   2.000000E-04   2.000000E-04   2.000000E-04   9.289983E-05   9.576539E-05
   9.576539E-05   9.576539E-05   9.576539E-05   9.576539E-05   2.000000E-04   1.260461E-04   4.801448E-05   6.791356E-05   6.848966E-05   1.498998E-04   1.710172E-04   2.000000E-04   2.000000E-04   2.000000E-04   2.000000E-04   2.000000E-04   7.520016E-05   2.000000E-04   1.141037E-04   9.576539E-05
   9.576539E-05   9.576539E-05   9.576539E-05   9.576539E-05   9.576539E-05   2.572856E-05   1.681733E-04   1.167934E-04   5.160625E-05   1.678607E-04   5.446539E-05   5.678509E-05   1.825035E-04   1.177022E-04   2.000000E-04   2.000000E-04   2.000000E-04   2.000000E-04   9.576539E-05   9.576539E-05
   9.576539E-05   9.576539E-05   9.576539E-05   9.576539E-05   9.576539E-05   1.276411E-04   3.079736E-05   2.000000E-04   6.719001E-05   3.092295E-05   2.000000E-04   2.000000E-04   1.296466E-04   1.703057E-04   2.000000E-04   2.000000E-04   2.000000E-04   9.576539E-05   9.576539E-05   9.576539E-05
   9.576539E-05   9.576539E-05   9.576539E-05   9.576539E-05   9.576539E-05   9.985073E-05   2.000000E-04   1.317015E-04   2.000000E-04   1.037712E-04   2.000000E-04   1.487233E-04   3.966591E-05   2.000000E-04   5.852837E-05   1.044684E-04   9.576539E-05   9.576539E-05   9.576539E-05   9.576539E-05
