   2.816318E-01   6.034845E-02   3.758004E-01   1.181128E-01   2.666500E-01   9.707982E-01   1.407371E-01   5.956644E-01   3.791529E-01   3.242983E-01   1.100666E+00   5.635409E-01   2.172415E-01   2.900223E-01   1.742847E-01   4.129275E-01   9.270655E-01   1.693714E-01   2.672398E-01   8.280984E-01
   1.935182E-01   4.758422E-02   1.937044E-01   1.102951E-01   2.670881E-01   3.029564E-01   1.997185E-01   7.157965E-02   1.282978E-01   2.176005E+00   6.797358E-01   1.531914E-01   1.461308E+00   2.671163E-01   6.007607E-01   5.188449E-01   2.674333E-01   2.952018E-01   2.940891E-01   9.604681E-01
   1.462670E-01   4.384945E-02   1.223154E-01   1.183013E-01   2.255918E-01   2.573156E-01   1.155884E-01   4.112327E-02   2.363614E-01   3.191199E-01   2.524354E-01   2.610825E+00   4.315800E-01   1.157764E-01   8.709765E-01   4.005594E-01   1.672542E-01   1.778657E-01   2.833914E-01   5.512476E-01
   1.589255E-01   2.783412E-01   8.744147E-02   3.902305E-01   1.795279E-01   1.389937E-01   1.491402E-01   1.994793E-01   3.369181E-01   3.394021E-01   2.269158E-01   2.405649E-01   8.035201E-01   2.674245E-01   4.735640E-01   1.435843E-01   5.232334E-01   8.131544E-02   1.572878E+00   8.290443E-01
   8.888541E-01   4.464365E-01   1.652724E-01   1.003219E+00   1.232380E-01   8.013698E-02   7.308044E-01   3.253590E-01   1.910335E-01   3.128164E-01   2.156310E-01   3.654193E-01   1.504441E+00   1.547197E+00   9.582494E-02   1.286149E-01   9.696671E-02   1.394066E+00   2.635828E-01   4.129469E-01
   2.349536E-01   4.524917E-01   1.262910E-01   2.552097E-01   6.523114E-02   3.960164E-01   1.070493E-01   4.310040E-01   5.288833E-01   1.761404E-01   2.315926E-01   7.556749E-01   1.137313E-01   5.401150E-01   1.827131E-01   8.286224E-01   1.362676E-01   5.711713E-01   1.848569E-01   1.786283E-01
   3.197804E-01   1.644343E-01   7.699968E-01   7.031728E-01   8.042021E-01   1.843084E-01   3.351403E-01   7.094486E-01   8.200061E-01   7.941312E-01   4.022249E-02   1.202187E-01   7.589520E-02   2.924776E-01   7.923283E-01   5.609248E-01   5.561578E-01   1.295141E+00   4.399670E-01   6.600052E-02
   1.111528E+00   1.435548E+00   3.899300E-01   2.719625E-01   6.297677E-01   2.277513E+00   3.571347E-01   1.283600E+00   6.382781E-01   2.185720E-01   4.626619E-02   1.754261E-01   1.898581E-01   5.997556E-01   5.373476E-01   3.710892E-01   6.722736E-01   1.091617E-01   1.746782E-01   1.136099E-01
   4.328641E-01   5.533132E-01   5.099386E-01   5.634713E-01   3.000000E-01   3.000000E-01   3.000000E-01   3.010260E-01   3.514202E-01   1.669842E-01   1.008758E+00   1.575053E-01   2.321805E-01   3.312310E-01   2.095784E+00   3.511542E-01   1.554572E-01   6.997285E-01   2.949374E-01   3.890185E-01
   1.828095E-01   1.913282E-01   4.574301E-01   7.880661E-01   3.000000E-01   3.000000E-01   3.000000E-01   3.000000E-01   8.147650E-01   3.671165E-01   1.426317E-01   3.065125E-01   1.153949E+00   9.023161E-01   5.161352E-01   4.855391E-01   7.948657E-01   2.221500E-01   1.596509E-01   9.344986E-02
   2.261672E-01   1.856118E-01   3.491074E-01   3.524740E-01   3.000000E-01   3.000000E-01   3.000000E-01   3.000000E-01   5.232730E-01   8.772068E-01   1.204950E+00   8.978811E-01   2.092022E+00   2.129580E-01   2.261105E-01   4.000354E-01   1.411388E-01   6.344532E-02   1.118982E-01   3.221935E-01
   2.485070E-01   2.278235E-01   4.941052E-01   3.054078E-01   3.000000E-01   3.000000E-01   3.000000E-01   3.000000E-01   1.457282E+00   1.729894E-01   3.043423E-01   1.835375E+00   2.821457E+00   6.727845E-01   5.099583E-01   1.088244E+00   2.812810E-01   8.033211E-01   9.587077E-02   5.511284E-02
   2.903577E-01   4.128458E-01   8.543415E-01   2.249263E-01   3.000000E-01   3.000000E-01   3.000000E-01   3.000000E-01   4.149586E-01   8.704987E-01   5.550532E-01   1.554512E-01   5.922041E-01   3.324879E-01   7.151731E-01   4.617505E-01   2.935762E-01   6.565586E-01   1.848548E-01   8.065847E-01
   4.644774E-01   1.649074E-01   4.094122E-01   1.307299E-01   3.000000E-01   3.000000E-01   3.000000E-01   3.000000E-01   7.011659E-01   8.102304E-01   4.411911E-01   6.618554E-01   3.495389E-01   2.092691E-01   1.287580E-01   4.791244E-01   3.957752E-01   3.145348E-01   1.329759E-01   2.508345E-01
   3.441101E-01   6.719798E-02   7.799441E-02   3.917096E-01   3.000000E-01   3.000000E-01   3.000000E-01   3.000000E-01   7.339252E-01   2.284815E+00   4.666208E-01   2.261644E-01   1.783340E-01   1.972047E-01   2.528494E-01   1.559021E-01   8.311741E-02   3.564767E-01   5.220557E-01   1.002703E+00
   4.563210E-02   3.065500E-01   2.198594E-01   3.823254E-01   3.000000E-01   3.000000E-01   3.000000E-01   3.000000E-01   5.763342E-01   3.433144E-01   9.661489E-01   5.230085E-01   4.013034E-01   1.348395E-01   4.537950E-02   5.807284E-02   1.682269E-01   1.000878E-01   3.136584E-01   8.722598E-02
   1.465013E-01   2.732407E-01   1.858529E-01   1.298258E-01   3.000000E-01   3.000000E-01   3.000000E-01   3.000000E-01   3.823361E-01   2.768505E-01   6.912834E-01   1.892811E-01   1.530834E-01   5.941136E-02   8.827563E-02   6.537267E-02   2.225886E-01   6.500388E-02   6.768642E-02   1.046342E-01
   2.887874E-01   1.353049E-01   8.604438E-01   2.048519E-01   3.000000E-01   3.000000E-01   3.000000E-01   3.000000E-01   1.892805E-01   1.549694E-01   2.351980E-01   1.359650E-01   2.926510E-01   5.992397E-02   1.672989E-01   8.882891E-02   6.350828E-02   6.243943E-01   4.753992E-02   3.207673E-01
   2.089931E-01   2.914524E-01   1.498896E+00   5.945466E-01   3.000000E-01   3.000000E-01   3.000000E-01   3.000000E-01   7.361060E-02   8.519030E-01   3.031065E-01   4.556220E-02   6.679338E-01   1.077300E-01   5.369630E-01   2.268872E-01   7.858183E-02   1.158606E+00   6.474392E-01   6.487257E-02
   1.000894E+00   9.662254E-01   1.271036E+00   1.139795E-01   3.000000E-01   3.000000E-01   3.000000E-01   3.000000E-01   5.203041E-01   1.365795E-01   3.617929E-01   5.113521E-02   8.866272E-01   4.730363E-01   7.975564E-02   3.594114E-01   1.288537E-01   2.921143E-01   1.006007E+00   8.448447E-02
   2.829177E-01   6.767914E-01   1.996018E-01   7.561001E-01   3.000000E-01   3.000000E-01   3.000000E-01   3.000000E-01   2.300076E-01   3.880255E-01   9.301945E-02   4.758214E-01   1.204319E-01   4.677437E-01   1.469592E-01   4.219831E-01   7.187594E-01   5.008170E-01   2.751750E-01   1.579277E-01
   6.707293E-02   4.045757E-01   2.151003E-01   2.356843E-01   3.000000E-01   3.000000E-01   1.535841E-01   2.646721E-01   8.601123E-01   5.439744E-02   5.121069E-01   8.301420E-01   6.603744E-01   6.888402E-01   5.011811E-01   2.479578E-01   7.480103E-01   3.710097E-01   1.251234E+00   4.790983E-01
   2.154256E-01   4.433064E-01   3.384057E-01   2.190729E-01   3.021693E-01   3.000000E-01   5.862165E-01   5.671826E-01   2.608322E-01   2.548327E-01   3.763318E-01   2.579899E-01   3.908322E-01   9.599940E-01   3.651699E-01   7.983409E-01   8.747025E-01   3.410737E-01   5.348159E-01   2.578416E-01
   4.385840E-01   1.870710E-01   7.422986E-01   1.455098E-01   2.869989E-01   1.701316E-01   4.163588E-01   1.548945E-01   4.405525E-01   3.317058E-01   4.268161E-01   3.384639E-01   2.485344E-01   4.226884E-01   1.839846E+00   1.377622E+00   2.538364E+00   1.192121E+00   8.714070E-01   5.113546E-01
   7.850715E-02   7.655139E-01   3.053796E-01   4.694997E-01   1.444828E-01   5.962302E-02   3.120158E-01   2.180742E-01   2.545581E-01   1.802479E-01   2.826430E-01   1.089892E+00   1.036225E-01   1.539426E-01   1.392391E+00   1.308251E+00   1.229340E-01   7.878729E-01   1.158552E+00   1.406143E-01
   7.433203E-01   5.369118E-01   1.756377E-01   3.479416E-01   3.496058E-01   1.530953E-01   1.511673E-01   2.719021E-01   1.312727E-01   1.092637E+00   1.202614E-01   1.206352E-01   3.114431E-01   2.837543E-01   2.537457E-01   3.534839E-01   4.482549E-01   2.431325E-01   1.040338E+00   1.148647E+00
   3.533100E-01   9.184223E-02   1.034505E+00   1.258769E-01   2.268047E-01   3.459009E-01   3.094634E-02   1.693479E-01   3.890721E-02   1.998111E-01   2.533883E-01   2.743119E-01   6.194433E-01   9.636883E-01   1.344736E-01   5.020788E-01   1.032453E+00   5.011303E-01   1.752421E-01   1.274346E+00
   2.887699E-01   2.418034E-01   1.821554E+00   3.614198E-01   1.101206E-01   1.739826E-01   3.882963E-01   4.385888E-01   2.732879E-01   5.224207E-02   8.099494E-02   4.460212E-01   6.790607E-01   1.535101E-01   1.497338E-01   1.715413E-01   7.365392E-01   8.040308E-02   2.564430E-01   6.323577E-02
   4.061468E-01   1.189276E-01   3.051446E-01   9.267569E-02   1.936386E-01   4.636248E-02   9.075827E-02   7.969732E-02   4.049786E-02   3.387792E-01   1.276018E+00   4.131531E-01   9.516935E-02   3.437775E-01   1.090634E-01   1.063520E-01   2.957959E-01   3.985928E-01   3.714010E-01   1.509066E+00
   2.491552E-01   6.265772E-02   3.354517E-01   8.032513E-02   3.795668E-02   1.565164E-01   2.041605E-01   1.192813E-01   4.325968E-02   1.658682E-01   4.078182E-01   8.586592E-01   5.635522E-02   2.641931E-01   1.111638E-01   1.374909E-01   1.441250E-01   2.100216E-01   2.111605E-01   5.870465E-02
   1.712379E-01   1.697152E-01   7.414457E-02   8.742374E-02   7.827305E-02   1.175033E-01   4.792141E-02   1.667441E-01   1.692174E-01   3.247275E-01   3.698116E-01   7.758909E-02   1.395320E+00   3.125887E-01   8.066524E-02   1.265906E-01   9.027924E-01   8.690667E-02   3.144428E-01   3.546992E-01
   1.684267E-01   4.881223E-02   3.104506E-02   2.715989E-02   2.067054E-01   3.139659E-01   1.758957E-01   1.760425E-01   9.847224E-02   8.897709E-01   5.909035E-01   1.122199E+00   1.408468E-01   4.523961E-01   3.102646E-01   4.515095E-01   6.125660E-01   5.224207E-02   8.127471E-02   2.004668E-01
   3.000000E-01   2.611055E-01   1.502270E-01   1.639446E-01   9.166254E-02   3.555925E-01   3.761677E-01   5.147338E-01   1.338812E-01   6.625227E-01   5.361184E-01   1.604189E-01   1.248922E+00   1.632733E+00   3.511898E-01   4.834392E-01   5.427631E-01   7.482928E-01   3.617482E-01   9.488161E-02
   3.000000E-01   3.000000E-01   1.943995E-01   4.838677E-01   3.277824E-01   2.114173E-01   5.410197E-01   3.643076E-01   1.403760E-01   4.391298E-01   4.063134E-01   4.558735E-01   2.497351E-01   7.848804E-01   1.142079E+00   8.911724E-01   9.551222E-02   5.369431E-01   1.186988E-01   1.311797E-01
   3.000000E-01   3.000000E-01   3.000000E-01   3.995721E-01   2.743478E-01   1.452894E+00   7.608184E-01   3.392591E-01   3.364841E-01   8.307638E-01   8.206475E-01   1.525752E+00   4.717704E-01   7.594392E-01   2.731238E+00   9.672416E-01   3.241760E-01   8.516357E-01   5.580106E-01   9.682161E-01
   3.000000E-01   3.000000E-01   3.000000E-01   3.000000E-01   5.631615E-01   3.209349E-01   3.372454E-01   1.421144E+00   4.240322E-01   4.352363E-01   2.587868E-01   1.293009E-01   2.542676E-01   5.299317E-01   1.536673E-01   1.982585E+00   1.490368E-01   5.202331E-01   4.036880E-01   3.000000E-01
   3.000000E-01   3.000000E-01   3.000000E-01   3.000000E-01   1.102334E-01   2.246614E-01   8.819347E-01   2.484906E-01   7.878249E-01   1.990487E-01   2.158624E-01   2.398916E-01   1.084429E+00   1.069550E+00   3.207665E-01   3.576939E-01   2.792392E-01   5.778367E-01   5.784517E-01   3.000000E-01
   3.000000E-01   3.000000E-01   3.000000E-01   3.000000E-01   3.000000E-01   1.357151E-01   2.845146E-01   2.551616E-01   3.583621E-01   3.626323E-01   4.228505E-01   2.256755E-01   6.440291E-01   4.664344E-01   4.457685E-01   1.046195E+00   5.061832E-01   1.327815E+00   3.000000E-01   3.000000E-01
   3.000000E-01   3.000000E-01   3.000000E-01   3.000000E-01   3.000000E-01   9.736544E-02   1.834387E+00   1.899272E+00   2.328624E-01   2.001330E-01   1.316936E-01   2.478176E-01   2.843391E-01   3.981082E-01   2.481802E-01   2.787322E-01   3.448063E-01   3.000000E-01   3.000000E-01   3.000000E-01
   3.000000E-01   3.000000E-01   3.000000E-01   3.000000E-01   3.000000E-01   9.311237E-02   5.313929E-01   3.602174E-01   3.446500E-01   5.360070E-01   1.077602E+00   3.623323E-01   9.415544E-01   5.002191E-01   5.123497E-01   7.141315E-01   3.000000E-01   3.000000E-01   3.000000E-01   3.000000E-01
