   1.698329E-04   4.906700E-05   2.000000E-04   5.229407E-05   9.716169E-05   2.601987E-05   7.520716E-05   1.760922E-04   2.000000E-04   1.234226E-04   5.867541E-05   6.498398E-05   5.567094E-05   2.000000E-05   2.000000E-05   3.121769E-05   1.233428E-04   5.662317E-05   7.711539E-05   2.898252E-05
   4.484510E-05   1.161136E-04   3.648930E-05   5.375404E-05   1.369430E-04   1.025138E-04   1.250359E-04   2.000000E-04   2.230500E-05   2.000000E-04   2.000000E-05   5.965916E-05   8.495894E-05   2.000000E-05   9.666139E-05   4.120785E-05   6.411675E-05   2.324249E-05   2.000000E-05   2.000000E-05
   1.276213E-04   4.280871E-05   6.865205E-05   7.231421E-05   2.000000E-04   1.593827E-04   2.000000E-04   4.851576E-05   1.773058E-04   1.290330E-04   2.644300E-05   3.328497E-05   2.000000E-04   1.999330E-04   5.648830E-05   3.581239E-05   3.808612E-05   2.000000E-04   2.000000E-04   4.103646E-05
   1.355757E-04   4.275275E-05   1.342836E-04   1.461923E-04   6.914099E-05   2.000000E-04   2.000000E-04   4.919620E-05   1.003348E-04   2.988316E-05   1.213568E-04   7.214875E-05   4.240238E-05   4.572758E-05   1.643334E-04   1.696929E-04   1.120768E-04   6.593702E-05   5.856272E-05   1.497334E-04
   1.372861E-04   7.741471E-05   5.007294E-05   7.260881E-05   1.723862E-04   2.000000E-04   2.000000E-04   9.820697E-05   8.406059E-05   1.222814E-04   2.000000E-04   3.086895E-05   1.364279E-04   2.000000E-04   3.415006E-05   2.000000E-04   2.000000E-04   1.370372E-04   3.715793E-05   2.000000E-04
   7.256551E-05   2.000000E-04   2.000000E-04   2.000000E-04   2.000000E-04   7.960835E-05   5.843700E-05   8.885837E-05   2.000000E-04   6.490722E-05   1.229608E-04   2.000000E-04   3.055937E-05   6.813253E-05   1.660287E-04   9.631952E-05   1.085045E-04   1.496435E-04   6.014267E-05   1.059081E-04
   2.000000E-04   2.000000E-04   9.359287E-05   2.000000E-04   7.361155E-05   2.000000E-04   2.000000E-04   2.000000E-04   2.000000E-04   2.000000E-04   2.000000E-04   2.000000E-04   7.399613E-05   2.000000E-04   1.534857E-04   1.802749E-04   1.877790E-04   7.778411E-05   1.146804E-04   6.243470E-05
   1.909795E-04   1.722635E-04   2.000000E-04   1.488868E-04   2.000000E-04   1.099762E-04   1.020318E-04   8.676072E-05   2.000000E-04   2.000000E-04   6.931525E-05   2.000000E-04   2.000000E-04   2.000000E-04   2.000000E-04   7.730920E-05   1.219666E-04   3.919916E-05   1.776574E-04   1.453728E-04
   1.746983E-04   8.473162E-05   2.000000E-04   5.870786E-05   8.412827E-05   8.412827E-05   8.412827E-05   1.313217E-04   1.890830E-04   6.624350E-05   4.068583E-05   1.926080E-04   2.000000E-04   1.006925E-04   1.878413E-04   2.000000E-04   1.178336E-04   2.000000E-04   2.412201E-05   2.000000E-04
   1.220683E-04   9.686661E-05   5.653925E-05   9.196799E-05   8.412827E-05   8.412827E-05   8.412827E-05   8.412827E-05   5.159099E-05   1.265676E-04   1.386910E-04   1.655214E-04   1.506347E-04   6.586466E-05   1.668494E-04   9.142232E-05   7.252987E-05   6.416761E-05   3.487116E-05   1.292876E-04
   3.621845E-05   1.019472E-04   1.702646E-04   5.840713E-05   8.412827E-05   8.412827E-05   8.412827E-05   8.412827E-05   1.121636E-04   1.453656E-04   9.071892E-05   5.080613E-05   8.411423E-05   7.427158E-05   2.000000E-05   4.702326E-05   2.464804E-05   6.383721E-05   2.000000E-04   4.551573E-05
   2.000000E-04   5.038886E-05   3.688534E-05   1.485296E-04   8.412827E-05   8.412827E-05   8.412827E-05   8.412827E-05   9.340924E-05   2.000000E-04   2.000000E-04   6.152683E-05   2.000000E-04   3.205899E-05   7.331091E-05   6.109213E-05   6.680706E-05   1.527480E-04   3.925921E-05   9.356675E-05
   4.962765E-05   1.716885E-04   5.188473E-05   8.814202E-05   8.412827E-05   8.412827E-05   8.412827E-05   8.412827E-05   1.398098E-04   1.556189E-04   2.000000E-04   9.976679E-05   5.200553E-05   2.000000E-04   5.947211E-05   3.050480E-05   2.000000E-05   6.132970E-05   1.113304E-04   2.000000E-04
   6.578858E-05   1.824676E-04   5.175085E-05   1.847165E-04   8.412827E-05   8.412827E-05   8.412827E-05   8.412827E-05   2.000000E-04   2.000000E-04   2.000000E-04   2.000000E-04   4.934580E-05   4.528254E-05   5.378432E-05   2.000000E-05   1.224357E-04   4.482534E-05   7.109502E-05   3.565813E-05
   6.532721E-05   1.132039E-04   7.064199E-05   2.000000E-04   8.412827E-05   8.412827E-05   8.412827E-05   8.412827E-05   8.049187E-05   2.000000E-04   2.000000E-04   2.000000E-04   2.000000E-04   7.394045E-05   2.583531E-05   8.884386E-05   8.229108E-05   4.601060E-05   2.941100E-05   5.598377E-05
   3.186595E-05   3.990244E-05   2.000000E-04   1.234069E-04   8.412827E-05   8.412827E-05   8.412827E-05   8.412827E-05   9.582903E-05   8.751993E-05   2.000000E-04   1.889474E-04   1.341191E-04   1.182518E-04   8.563486E-05   6.673118E-05   2.860665E-05   1.143612E-04   2.000000E-04   1.660925E-04
   2.000000E-04   9.164779E-05   5.436699E-05   1.617488E-04   8.412827E-05   8.412827E-05   8.412827E-05   8.412827E-05   2.000000E-04   2.000000E-04   1.080080E-04   2.000000E-04   2.000000E-04   2.000000E-04   1.446731E-04   1.305383E-04   5.389130E-05   8.925153E-05   1.135111E-04   1.773417E-04
   4.678864E-05   1.582284E-04   7.762283E-05   3.521795E-05   8.412827E-05   8.412827E-05   8.412827E-05   8.412827E-05   1.746359E-04   9.051733E-05   2.000000E-05   9.827119E-05   6.829321E-05   1.332258E-04   2.000000E-04   2.000000E-04   7.105296E-05   2.000000E-04   8.579360E-05   2.000000E-04
   1.756659E-04   2.036659E-05   1.978356E-04   3.513259E-05   8.412827E-05   8.412827E-05   8.412827E-05   8.412827E-05   5.026653E-05   3.900648E-05   6.167892E-05   9.941372E-05   2.000000E-04   1.218687E-04   2.000000E-04   2.000000E-04   2.000000E-04   9.774388E-05   2.000000E-04   3.344268E-05
   1.014953E-04   1.084219E-04   5.057493E-05   2.000000E-05   8.412827E-05   8.412827E-05   8.412827E-05   8.412827E-05   2.000000E-05   4.407683E-05   4.839587E-05   1.175706E-04   1.563640E-04   1.148297E-04   2.000000E-04   1.368922E-04   2.000000E-04   7.448503E-05   1.471737E-04   3.895725E-05
   1.112418E-04   2.000000E-04   1.639935E-04   1.228632E-04   8.412827E-05   8.412827E-05   8.412827E-05   8.412827E-05   3.255463E-05   1.030845E-04   1.183567E-04   5.169383E-05   6.180909E-05   9.748360E-05   2.000000E-04   2.000000E-04   4.446021E-05   2.000000E-04   1.362901E-04   5.551623E-05
   2.000000E-04   3.243021E-05   2.000000E-04   1.204139E-04   8.412827E-05   8.412827E-05   2.891403E-05   1.836294E-04   2.000000E-05   1.679462E-04   2.553433E-05   2.000000E-05   2.069384E-05   8.683318E-05   4.570061E-05   9.274499E-05   2.000000E-04   1.134742E-04   1.298039E-04   5.928246E-05
   4.955532E-05   2.000000E-04   2.000000E-04   2.988372E-05   8.683644E-05   8.412827E-05   2.000000E-04   5.927402E-05   4.046187E-05   2.401339E-05   8.880724E-05   3.603649E-05   7.779143E-05   9.743616E-05   2.367599E-05   2.694757E-05   1.020783E-04   2.000000E-04   7.612923E-05   2.000000E-04
   2.000000E-04   5.371715E-05   3.141231E-05   2.000000E-04   7.464590E-05   1.954492E-04   1.249880E-04   1.060042E-04   2.000000E-04   2.000000E-05   2.082807E-05   5.196062E-05   3.250914E-05   8.066820E-05   8.114258E-05   5.506519E-05   7.297867E-05   6.675292E-05   2.000000E-04   1.344178E-04
   2.000000E-04   1.593336E-04   2.000000E-04   1.140861E-04   2.000000E-04   1.743847E-04   9.667734E-05   8.339201E-05   2.000000E-04   5.356749E-05   4.931342E-05   4.866501E-05   5.741520E-05   7.156839E-05   9.996235E-05   3.967773E-05   8.445618E-05   1.267600E-04   2.000000E-04   2.000000E-04
   2.000000E-04   2.000000E-04   9.203364E-05   1.075333E-04   1.325203E-04   1.122147E-04   3.752585E-05   1.270359E-04   6.957934E-05   9.341720E-05   1.469355E-04   5.538368E-05   6.655998E-05   2.000000E-04   7.402904E-05   1.061487E-04   4.642033E-05   2.000000E-04   2.000000E-04   2.000000E-04
   1.125706E-04   1.938813E-04   1.059455E-04   2.000000E-04   7.972987E-05   5.203353E-05   2.000000E-05   3.847637E-05   9.298243E-05   1.446843E-04   4.941653E-05   2.983697E-05   6.690372E-05   2.000000E-04   2.000000E-04   1.620295E-04   1.059223E-04   1.775075E-04   8.130791E-05   3.534304E-05
   8.136207E-05   2.000000E-04   2.000000E-04   2.000000E-04   5.285467E-05   4.713484E-05   2.000000E-05   2.953936E-05   3.418717E-05   1.221579E-04   7.383140E-05   1.993153E-04   2.000000E-04   1.059974E-04   2.000000E-04   1.986081E-04   2.000000E-04   1.206411E-04   8.071951E-05   3.626611E-05
   2.000000E-04   8.273105E-05   1.005660E-04   9.147023E-05   1.158233E-04   2.397946E-05   7.936417E-05   2.000000E-05   4.088434E-05   2.000000E-04   7.315634E-05   2.000000E-04   5.898086E-05   3.239763E-05   5.088581E-05   2.000000E-04   2.000000E-04   2.839905E-05   7.702145E-05   2.000000E-04
   6.380390E-05   3.993513E-05   2.000000E-04   3.713633E-05   6.863413E-05   7.156809E-05   2.000000E-05   6.448803E-05   5.894347E-05   2.000000E-04   2.000000E-04   4.243056E-05   1.715599E-04   1.727129E-04   1.106619E-04   2.000000E-04   2.785800E-05   1.025301E-04   5.466859E-05   7.843481E-05
   2.338471E-05   2.000000E-04   1.868756E-04   2.000000E-04   1.319758E-04   1.298441E-04   1.037220E-04   1.179523E-04   8.983955E-05   2.000000E-04   2.000000E-04   2.000000E-04   1.748696E-04   3.683726E-05   8.290420E-05   3.174521E-05   8.298377E-05   3.006428E-05   1.207599E-04   2.000000E-04
   7.318628E-05   6.585476E-05   5.136045E-05   8.261489E-05   1.041640E-04   1.776964E-04   1.768406E-04   5.248691E-05   1.339476E-04   1.548178E-04   1.256290E-04   8.610822E-05   2.755314E-05   2.000000E-04   2.000000E-04   1.738480E-04   4.196539E-05   1.460954E-04   9.382693E-05   1.304163E-04
   8.412827E-05   2.000000E-04   2.000000E-04   2.000000E-04   1.812634E-04   1.024675E-04   2.000000E-04   2.000000E-04   2.266475E-05   1.762335E-04   7.114630E-05   2.000000E-04   1.277252E-04   8.095326E-05   1.845231E-04   2.000000E-04   1.874941E-04   6.688210E-05   2.000000E-04   2.000000E-04
   8.412827E-05   8.412827E-05   1.412621E-04   2.000000E-04   2.000000E-04   2.000000E-04   1.776813E-04   1.302397E-04   1.092813E-04   4.185953E-05   1.446178E-04   2.000000E-04   5.788661E-05   1.728334E-04   2.000000E-04   7.110182E-05   2.000000E-04   8.904048E-05   8.694712E-05   1.573856E-04
   8.412827E-05   8.412827E-05   8.412827E-05   2.000000E-04   2.000000E-04   9.962625E-05   1.356417E-04   2.000000E-04   7.226459E-05   4.728136E-05   6.663763E-05   1.738128E-04   4.927952E-05   2.000000E-04   1.079961E-04   9.233221E-05   2.000000E-04   1.116832E-04   2.502707E-05   4.740872E-05
   8.412827E-05   8.412827E-05   8.412827E-05   8.412827E-05   8.799582E-05   1.389501E-04   1.052577E-04   2.000000E-04   2.000000E-04   2.000000E-05   7.798661E-05   2.000000E-05   2.000000E-04   2.000000E-04   1.661538E-04   2.000000E-04   1.113622E-04   1.441213E-04   1.465743E-04   8.412827E-05
   8.412827E-05   8.412827E-05   8.412827E-05   8.412827E-05   1.605330E-04   1.062354E-04   2.000000E-04   9.254212E-05   9.918041E-05   1.157550E-04   1.680068E-04   8.618325E-05   8.736402E-05   8.576638E-05   1.193276E-04   1.075786E-04   1.968034E-04   3.917121E-05   2.000000E-04   8.412827E-05
   8.412827E-05   8.412827E-05   8.412827E-05   8.412827E-05   8.412827E-05   6.205170E-05   2.718328E-05   4.624733E-05   4.502875E-05   1.617763E-04   5.673860E-05   1.291770E-04   7.928308E-05   9.138961E-05   5.768835E-05   2.259610E-05   7.613436E-05   8.911936E-05   8.412827E-05   8.412827E-05
   8.412827E-05   8.412827E-05   8.412827E-05   8.412827E-05   8.412827E-05   6.491956E-05   7.184332E-05   1.338316E-04   4.860753E-05   9.934435E-05   1.056361E-04   4.950236E-05   1.697846E-04   7.234358E-05   7.695229E-05   2.749037E-05   3.003759E-05   8.412827E-05   8.412827E-05   8.412827E-05
   8.412827E-05   8.412827E-05   8.412827E-05   8.412827E-05   8.412827E-05   4.362910E-05   2.000000E-04   2.000000E-04   6.558143E-05   4.860790E-05   1.691635E-04   4.795529E-05   7.168610E-05   4.845414E-05   2.000000E-04   1.636907E-04   8.412827E-05   8.412827E-05   8.412827E-05   8.412827E-05
