   2.000000E-05   2.000000E-05   2.000000E-05   7.557305E-05   1.115256E-04   4.246387E-05   5.112895E-05   7.327397E-05   2.000000E-05   3.476400E-05   2.000000E-05   2.000000E-05   2.000000E-05   2.000000E-05   2.000000E-05   2.036548E-05   2.000000E-05   2.000000E-05   2.000000E-05   2.000000E-05
   5.852942E-05   2.000000E-05   3.496606E-05   2.000000E-05   2.758154E-05   2.000000E-05   2.000000E-05   2.000000E-05   2.710928E-05   2.000000E-05   2.000000E-05   2.000000E-05   2.000000E-05   2.000000E-05   2.000000E-05   3.189815E-05   2.000000E-05   2.000000E-05   2.531706E-05   2.685479E-05
   3.351046E-05   5.311716E-05   5.279603E-05   6.654829E-05   3.518346E-05   2.000000E-05   5.175112E-05   2.000000E-05   2.507059E-05   2.000000E-05   2.000000E-05   2.000000E-05   2.579698E-05   2.000000E-05   2.000000E-05   2.000000E-05   2.000000E-05   2.000000E-05   5.138373E-05   2.000000E-05
   2.443668E-05   2.000000E-05   2.291495E-05   2.000000E-05   3.471065E-05   2.704949E-05   4.383448E-05   2.000000E-05   2.034655E-05   3.611907E-05   2.000000E-05   3.767392E-05   2.000000E-05   2.000000E-05   2.000000E-05   2.000000E-05   2.000000E-05   3.925700E-05   2.000000E-05   2.000000E-05
   3.408209E-05   2.000000E-05   8.561303E-05   5.089735E-05   2.042674E-05   5.611680E-05   2.507299E-05   2.000000E-05   2.000000E-05   3.527834E-05   2.461590E-05   4.979419E-05   4.205996E-05   2.000000E-05   2.000000E-05   2.000000E-05   3.967288E-05   2.000000E-05   2.476060E-05   2.490137E-05
   7.929866E-05   4.872811E-05   2.000000E-05   2.797089E-05   3.404004E-05   3.289626E-05   2.649518E-05   4.034239E-05   2.000000E-05   2.000000E-05   2.965504E-05   9.416954E-05   2.000000E-05   2.000000E-05   2.000000E-05   2.000000E-05   2.000000E-05   2.000000E-05   2.000000E-05   6.207579E-05
   2.000000E-05   2.000000E-05   2.000000E-05   2.122693E-05   2.386283E-05   3.975798E-05   2.000000E-05   5.970996E-05   2.376993E-05   2.669516E-05   3.268534E-05   4.115158E-05   2.000000E-05   2.000000E-05   2.087177E-05   3.657866E-05   2.262375E-05   6.480144E-05   2.000000E-05   5.783659E-05
   6.134863E-05   2.000000E-05   2.000000E-05   2.000000E-05   2.000000E-05   2.000000E-05   3.623689E-05   2.000000E-05   2.865747E-05   8.538002E-05   2.690252E-05   2.000000E-05   2.000000E-05   2.000000E-05   2.000000E-05   2.000000E-05   2.000000E-05   2.000000E-05   2.312652E-05   2.000000E-05
   2.053721E-05   2.117198E-05   3.574153E-05   2.156256E-05   2.336357E-05   2.336357E-05   2.336357E-05   2.000000E-05   2.000000E-05   3.612002E-05   2.021442E-05   3.988746E-05   5.940993E-05   2.000000E-05   2.000000E-05   2.000000E-05   5.598743E-05   2.000000E-05   2.000000E-05   2.000000E-05
   2.000000E-05   7.605638E-05   4.711701E-05   8.514460E-05   2.336357E-05   2.336357E-05   2.336357E-05   2.336357E-05   2.000000E-05   2.534379E-05   4.127364E-05   2.000000E-05   2.000000E-05   2.261081E-05   3.872209E-05   2.000000E-05   2.000000E-05   2.000000E-05   2.474531E-05   6.717744E-05
   3.527087E-05   3.576210E-05   8.788020E-05   2.000000E-05   2.336357E-05   2.336357E-05   2.336357E-05   2.336357E-05   2.000000E-05   2.000000E-05   2.000000E-05   2.000000E-05   2.000000E-05   2.591826E-05   2.000000E-05   2.000000E-05   2.000000E-05   2.000000E-05   2.000000E-05   2.001223E-05
   7.821589E-05   2.863372E-05   3.131334E-05   1.332072E-04   2.336357E-05   2.336357E-05   2.336357E-05   2.336357E-05   2.000000E-05   2.000000E-05   2.000000E-05   2.000000E-05   2.480388E-05   2.000000E-05   2.000000E-05   2.000000E-05   2.000000E-05   2.000000E-05   2.000000E-05   2.000000E-05
   2.000000E-05   2.000000E-05   3.674711E-05   4.270588E-05   2.336357E-05   2.336357E-05   2.336357E-05   2.336357E-05   2.919011E-05   2.739846E-05   2.939876E-05   2.900903E-05   2.000000E-05   2.000000E-05   2.000000E-05   2.000000E-05   2.000000E-05   2.000000E-05   2.646272E-05   2.000000E-05
   3.553447E-05   6.678898E-05   4.719466E-05   3.070378E-05   2.336357E-05   2.336357E-05   2.336357E-05   2.336357E-05   4.792091E-05   2.000000E-05   2.118730E-05   2.000000E-05   2.000000E-05   2.000000E-05   2.000000E-05   2.000000E-05   2.000000E-05   2.000000E-05   2.000000E-05   2.000000E-05
   2.000000E-05   3.028007E-05   2.911649E-05   3.255132E-05   2.336357E-05   2.336357E-05   2.336357E-05   2.336357E-05   5.435103E-05   2.000000E-05   3.122088E-05   6.736028E-05   2.449370E-05   2.000000E-05   2.000000E-05   3.548581E-05   2.000000E-05   2.000000E-05   2.000000E-05   2.000000E-05
   2.000000E-05   2.898465E-05   2.000000E-05   2.313713E-05   2.336357E-05   2.336357E-05   2.336357E-05   2.336357E-05   1.166182E-04   4.631884E-05   3.524350E-05   2.652178E-05   2.793615E-05   2.000000E-05   3.796671E-05   2.000000E-05   2.000000E-05   2.000000E-05   2.000000E-05   2.000000E-05
   2.000000E-05   3.934575E-05   2.000000E-05   2.180508E-05   2.336357E-05   2.336357E-05   2.336357E-05   2.336357E-05   2.765988E-05   2.000000E-05   2.000000E-05   3.141249E-05   2.000000E-05   2.267694E-05   2.000000E-05   2.000000E-05   2.000000E-05   2.000000E-05   2.000000E-05   3.013683E-05
   2.000000E-05   2.309083E-05   2.000000E-05   2.000000E-05   2.336357E-05   2.336357E-05   2.336357E-05   2.336357E-05   3.217104E-05   4.783262E-05   6.538492E-05   5.586795E-05   2.420860E-05   2.181590E-05   2.000000E-05   2.000000E-05   2.000000E-05   3.513681E-05   2.000000E-05   2.000000E-05
   2.000000E-05   2.000000E-05   2.000000E-05   3.263605E-05   2.336357E-05   2.336357E-05   2.336357E-05   2.336357E-05   3.427008E-05   8.274291E-05   2.904499E-05   5.265881E-05   2.000000E-05   2.000000E-05   2.000000E-05   2.000000E-05   5.143855E-05   2.000000E-05   2.081384E-05   2.000000E-05
   2.000000E-05   2.000000E-05   2.000000E-05   2.000000E-05   2.336357E-05   2.336357E-05   2.336357E-05   2.336357E-05   2.000000E-05   6.250886E-05   3.020683E-05   5.330029E-05   2.077069E-05   3.294278E-05   2.000000E-05   2.000000E-05   2.000000E-05   2.000000E-05   2.000000E-05   2.000000E-05
   2.000000E-05   2.066930E-05   2.000000E-05   2.000000E-05   2.336357E-05   2.336357E-05   2.336357E-05   2.336357E-05   4.514066E-05   2.000000E-05   6.298435E-05   6.732988E-05   2.000000E-05   2.000000E-05   5.468770E-05   2.000000E-05   2.000000E-05   2.000000E-05   2.777690E-05   2.000000E-05
   2.000000E-05   2.000000E-05   2.000000E-05   2.707322E-05   2.336357E-05   2.336357E-05   2.000000E-05   2.000000E-05   5.942440E-05   1.789124E-04   4.715146E-05   2.000000E-05   2.108086E-05   2.000000E-05   2.000000E-05   2.000000E-05   7.592876E-05   2.000000E-05   2.000000E-05   2.000000E-05
   3.188856E-05   2.000000E-05   2.000000E-05   2.000000E-05   2.501741E-05   2.336357E-05   2.000000E-05   2.000000E-05   2.000000E-05   2.000000E-05   2.000000E-05   5.448651E-05   2.000000E-05   3.113601E-05   2.000000E-05   7.921067E-05   2.000000E-05   2.000000E-05   2.000000E-05   2.000000E-05
   2.737879E-05   2.617977E-05   3.390668E-05   2.000000E-05   2.000000E-05   4.826843E-05   2.000000E-05   2.000000E-05   2.000000E-05   2.000000E-05   9.031855E-05   2.713002E-05   7.602261E-05   2.000000E-05   2.000000E-05   2.505886E-05   6.091747E-05   2.000000E-05   2.771108E-05   2.073203E-05
   4.184895E-05   4.407953E-05   2.000000E-05   2.000000E-05   3.977527E-05   2.000000E-05   4.720568E-05   2.000000E-05   2.000000E-05   2.574952E-05   2.543462E-05   2.680457E-05   2.000000E-05   3.795125E-05   2.000000E-05   2.000000E-05   2.000000E-05   2.000000E-05   9.059708E-05   2.000000E-05
   2.741189E-05   2.000000E-05   2.000000E-05   2.000000E-05   3.132458E-05   2.332386E-05   3.209119E-05   2.000000E-05   2.000000E-05   3.272764E-05   2.000000E-05   2.000000E-05   4.148248E-05   2.937735E-05   9.955561E-05   2.000000E-05   3.700917E-05   4.964863E-05   2.000000E-05   2.073376E-05
   2.000000E-05   3.751273E-05   5.762270E-05   2.000000E-05   8.780173E-05   2.000000E-05   9.609347E-05   2.000000E-05   8.342843E-05   2.402249E-05   2.000000E-05   2.853469E-05   2.000000E-05   3.326216E-05   6.259271E-05   1.430166E-04   2.000000E-05   2.000000E-05   7.756221E-05   2.000000E-05
   3.178388E-05   2.000000E-05   2.555852E-05   6.137371E-05   2.000000E-05   2.168095E-05   2.000000E-05   2.000000E-05   2.000000E-05   2.000000E-05   2.000000E-05   2.000000E-05   2.000000E-05   2.380941E-05   3.756151E-05   2.000000E-05   2.914772E-05   2.000000E-05   3.368850E-05   3.394596E-05
   3.461364E-05   2.653443E-05   2.000000E-05   2.000000E-05   3.580948E-05   3.151880E-05   2.527950E-05   2.000000E-05   2.000000E-05   2.000000E-05   3.039186E-05   3.122238E-05   2.000000E-05   2.000000E-05   2.000000E-05   2.000000E-05   2.988746E-05   2.000000E-05   2.000000E-05   2.000000E-05
   2.000000E-05   2.000000E-05   2.000000E-05   2.298698E-05   2.000000E-05   2.000000E-05   2.000000E-05   2.000000E-05   2.000000E-05   2.000000E-05   2.000000E-05   2.000000E-05   2.000000E-05   2.000000E-05   3.099507E-05   5.247124E-05   3.683066E-05   2.000000E-05   2.000000E-05   2.000000E-05
   2.000000E-05   2.000000E-05   2.000000E-05   2.000000E-05   3.438529E-05   2.000000E-05   2.000000E-05   2.000000E-05   2.000000E-05   2.000000E-05   2.000000E-05   2.000000E-05   2.018269E-05   2.000000E-05   2.000000E-05   2.000000E-05   2.000000E-05   2.000000E-05   2.000000E-05   2.000000E-05
   2.050757E-05   2.000000E-05   2.000000E-05   2.000000E-05   2.000000E-05   2.000000E-05   2.000000E-05   2.000000E-05   2.000000E-05   2.000000E-05   2.000000E-05   2.000000E-05   2.000000E-05   2.000000E-05   2.000000E-05   2.805432E-05   2.000000E-05   2.000000E-05   2.074126E-05   2.000000E-05
   2.336357E-05   2.496736E-05   2.381842E-05   2.000000E-05   2.000000E-05   2.000000E-05   2.000000E-05   2.000000E-05   2.000000E-05   2.797040E-05   2.000000E-05   4.301526E-05   2.000000E-05   2.000000E-05   2.000000E-05   2.000000E-05   2.000000E-05   2.000000E-05   2.000000E-05   5.426286E-05
   2.336357E-05   2.336357E-05   2.000000E-05   2.000000E-05   2.000000E-05   2.000000E-05   2.000000E-05   2.000000E-05   2.349420E-05   2.000000E-05   2.000000E-05   2.000000E-05   2.000000E-05   2.000000E-05   2.000000E-05   2.000000E-05   2.000000E-05   2.000000E-05   2.000000E-05   2.000000E-05
   2.336357E-05   2.336357E-05   2.336357E-05   2.000000E-05   2.000000E-05   2.000000E-05   2.000000E-05   2.000000E-05   2.000000E-05   2.000000E-05   2.000000E-05   2.000000E-05   4.030585E-05   2.045393E-05   2.000000E-05   2.000000E-05   2.000000E-05   2.000000E-05   2.000000E-05   2.000000E-05
   2.336357E-05   2.336357E-05   2.336357E-05   2.336357E-05   2.000000E-05   2.000000E-05   2.000000E-05   2.000000E-05   2.000000E-05   2.000000E-05   2.000000E-05   2.000000E-05   2.487331E-05   2.038142E-05   6.659160E-05   3.742719E-05   2.000000E-05   2.000000E-05   2.000000E-05   2.336357E-05
   2.336357E-05   2.336357E-05   2.336357E-05   2.336357E-05   2.000000E-05   4.895222E-05   2.000000E-05   2.000000E-05   2.000000E-05   2.000000E-05   3.153773E-05   2.000000E-05   2.000000E-05   2.000000E-05   2.000000E-05   7.080403E-05   5.892394E-05   2.000000E-05   2.387671E-05   2.336357E-05
   2.336357E-05   2.336357E-05   2.336357E-05   2.336357E-05   2.336357E-05   2.000000E-05   2.000000E-05   2.000000E-05   2.000000E-05   2.000000E-05   2.285887E-05   2.000000E-05   2.000000E-05   2.000000E-05   2.000000E-05   2.000000E-05   2.000000E-05   2.000000E-05   2.336357E-05   2.336357E-05
   2.336357E-05   2.336357E-05   2.336357E-05   2.336357E-05   2.336357E-05   2.000000E-05   5.743856E-05   2.000000E-05   2.000000E-05   2.000000E-05   2.553498E-05   2.000000E-05   2.000000E-05   2.975927E-05   2.000000E-05   2.157877E-05   5.004110E-05   2.336357E-05   2.336357E-05   2.336357E-05
   2.336357E-05   2.336357E-05   2.336357E-05   2.336357E-05   2.336357E-05   2.000000E-05   2.000000E-05   2.000000E-05   2.000000E-05   2.000000E-05   5.850522E-05   2.000000E-05   3.398538E-05   2.000000E-05   2.000000E-05   2.000000E-05   2.336357E-05   2.336357E-05   2.336357E-05   2.336357E-05
