   8.565246E-05   5.385318E-05   1.413081E-04   5.227577E-05   5.156907E-05   2.000000E-05   4.963379E-05   4.196123E-05   1.345270E-04   2.000000E-04   1.228837E-04   1.606075E-04   6.547235E-05   7.416351E-05   7.742228E-05   3.076252E-05   7.855583E-05   2.000000E-04   9.450099E-05   2.000000E-04
   4.388356E-05   4.354951E-05   3.653963E-05   3.090328E-05   1.325724E-04   4.077063E-05   1.627325E-04   1.624724E-04   1.139893E-04   2.000000E-04   9.756543E-05   1.639278E-04   6.651923E-05   5.469717E-05   9.058628E-05   5.904482E-05   2.619809E-05   9.856533E-05   2.673000E-05   6.378614E-05
   7.954194E-05   2.000000E-05   1.786086E-04   5.148310E-05   6.755286E-05   5.997472E-05   2.000000E-05   1.527169E-04   2.813782E-05   2.000000E-04   1.668121E-04   1.424158E-04   2.000000E-04   7.165157E-05   2.000000E-04   1.673323E-04   1.199124E-04   2.919528E-05   5.285396E-05   2.000000E-05
   6.379511E-05   1.141940E-04   3.098528E-05   1.448296E-04   1.715280E-04   8.575157E-05   4.627208E-05   6.118562E-05   1.104600E-04   9.610625E-05   8.672852E-05   2.000000E-04   7.152412E-05   7.185508E-05   2.000000E-05   2.000000E-05   9.835410E-05   5.981134E-05   2.000000E-04   4.420241E-05
   1.253862E-04   3.828838E-05   1.374014E-04   1.868336E-04   1.525952E-04   4.122042E-05   1.087219E-04   7.779280E-05   5.213526E-05   6.481528E-05   2.000000E-04   2.000000E-04   9.724681E-05   2.398411E-05   2.534009E-05   2.000000E-04   1.242606E-04   3.038135E-05   8.916857E-05   2.000000E-04
   2.000000E-04   2.000000E-05   3.841756E-05   9.376403E-05   6.601877E-05   1.004860E-04   1.985033E-04   3.363525E-05   1.913513E-04   2.000000E-04   1.472775E-04   2.000000E-04   1.436918E-04   2.163998E-05   9.812218E-05   3.179656E-05   1.289021E-04   8.103037E-05   2.047347E-05   2.000000E-05
   7.054028E-05   5.737242E-05   5.308649E-05   3.432256E-05   2.000000E-04   2.000000E-04   1.514153E-04   2.000000E-04   2.000000E-04   2.000000E-04   9.851789E-05   8.928042E-05   3.098243E-05   1.951296E-04   6.807098E-05   8.037119E-05   2.000000E-05   8.038753E-05   6.928876E-05   5.182299E-05
   1.703583E-04   2.000000E-04   1.787717E-04   1.257611E-04   2.000000E-04   2.297258E-05   5.855533E-05   1.533209E-04   2.000000E-04   3.201907E-05   2.000000E-04   7.848255E-05   1.014805E-04   1.289169E-04   2.964178E-05   1.054037E-04   2.166691E-05   1.771543E-04   2.000000E-05   5.291454E-05
   2.000000E-04   3.898722E-05   1.241612E-04   1.020669E-04   5.875200E-05   5.875200E-05   5.875200E-05   1.831907E-04   1.129045E-04   1.095863E-04   1.279081E-04   6.109979E-05   9.952091E-05   1.105994E-04   2.243218E-05   7.881951E-05   9.082791E-05   6.927696E-05   4.143345E-05   7.103682E-05
   9.792683E-05   1.895444E-04   9.376123E-05   2.000000E-04   5.875200E-05   5.875200E-05   5.875200E-05   5.875200E-05   1.004789E-04   5.863896E-05   7.768635E-05   8.706410E-05   4.582854E-05   2.000000E-05   8.430993E-05   9.774404E-05   2.687463E-05   6.236345E-05   7.056290E-05   1.404860E-04
   6.937928E-05   2.000000E-04   2.000000E-04   2.000000E-04   5.875200E-05   5.875200E-05   5.875200E-05   5.875200E-05   7.132675E-05   2.000000E-04   2.000000E-05   2.403068E-05   2.000000E-04   2.000000E-04   2.000000E-04   6.673204E-05   8.031095E-05   1.464851E-04   4.971734E-05   1.181773E-04
   2.000000E-04   1.958652E-04   2.000000E-04   6.864443E-05   5.875200E-05   5.875200E-05   5.875200E-05   5.875200E-05   1.674352E-04   1.821016E-04   2.000000E-05   2.000000E-04   4.970835E-05   5.286826E-05   4.674855E-05   1.399561E-04   4.319937E-05   2.961307E-05   1.151716E-04   2.000000E-04
   2.000000E-04   2.000000E-04   2.000000E-04   2.000000E-04   5.875200E-05   5.875200E-05   5.875200E-05   5.875200E-05   1.999517E-04   4.661214E-05   1.208957E-04   7.668398E-05   5.262058E-05   2.000000E-04   9.772153E-05   6.664979E-05   2.000000E-05   3.939518E-05   1.281753E-04   1.217914E-04
   1.477350E-04   1.133296E-04   2.812385E-05   1.756592E-04   5.875200E-05   5.875200E-05   5.875200E-05   5.875200E-05   2.000000E-04   5.940934E-05   4.778980E-05   8.419504E-05   1.606690E-04   4.133989E-05   2.000000E-04   1.983143E-04   1.051768E-04   6.338085E-05   6.966279E-05   1.473653E-04
   4.348838E-05   1.406518E-04   3.123806E-05   4.906536E-05   5.875200E-05   5.875200E-05   5.875200E-05   5.875200E-05   9.335444E-05   4.756076E-05   2.000000E-04   2.000000E-04   4.960455E-05   1.677426E-04   1.487774E-04   4.577735E-05   3.298038E-05   2.000000E-05   1.683381E-04   1.405624E-04
   4.453462E-05   7.556738E-05   4.009922E-05   5.950395E-05   5.875200E-05   5.875200E-05   5.875200E-05   5.875200E-05   2.000000E-04   1.004880E-04   1.005689E-04   1.071213E-04   2.000000E-05   3.420275E-05   3.643661E-05   5.652947E-05   9.828289E-05   1.158303E-04   2.215962E-05   4.754529E-05
   3.068448E-05   8.189861E-05   4.117310E-05   2.795780E-05   5.875200E-05   5.875200E-05   5.875200E-05   5.875200E-05   8.380575E-05   1.765376E-04   2.000000E-04   2.668957E-05   2.777546E-05   8.667527E-05   4.954611E-05   2.000000E-05   4.080688E-05   4.685976E-05   4.224327E-05   2.000000E-05
   1.658434E-04   4.722319E-05   2.444166E-05   8.260313E-05   5.875200E-05   5.875200E-05   5.875200E-05   5.875200E-05   2.000000E-04   2.000000E-04   8.493256E-05   5.707288E-05   2.031703E-05   1.290733E-04   1.480140E-04   7.557082E-05   2.000000E-05   1.564885E-04   2.718611E-05   3.372880E-05
   5.656690E-05   6.547877E-05   4.109642E-05   1.747366E-04   5.875200E-05   5.875200E-05   5.875200E-05   5.875200E-05   1.262637E-04   7.856196E-05   7.692342E-05   2.000000E-04   1.534687E-04   3.607047E-05   2.000000E-05   7.627266E-05   7.014801E-05   2.000000E-05   1.366288E-04   2.205653E-05
   5.415343E-05   5.153872E-05   2.502610E-05   8.586197E-05   5.875200E-05   5.875200E-05   5.875200E-05   5.875200E-05   1.748599E-04   2.000000E-04   2.000000E-04   1.186919E-04   1.544766E-04   5.903569E-05   1.260851E-04   6.208456E-05   1.137921E-04   2.000000E-05   3.766973E-05   2.000000E-04
   3.408309E-05   2.000000E-05   3.494732E-05   4.248731E-05   5.875200E-05   5.875200E-05   5.875200E-05   5.875200E-05   6.939968E-05   5.385141E-05   2.000000E-04   2.000000E-04   2.000000E-04   6.715304E-05   7.010758E-05   2.022327E-05   2.000000E-04   8.297919E-05   2.000000E-05   3.638828E-05
   3.172478E-05   2.000000E-05   2.000000E-05   3.382146E-05   5.875200E-05   5.875200E-05   7.958090E-05   2.000000E-04   7.625816E-05   2.000000E-04   2.000000E-05   1.247084E-04   1.745174E-04   2.000000E-05   1.712461E-04   9.320578E-05   4.485413E-05   6.821591E-05   3.916241E-05   3.024097E-05
   3.647213E-05   2.000000E-05   2.000000E-05   5.223860E-05   2.085851E-05   5.875200E-05   1.554326E-04   2.602541E-05   8.673410E-05   1.872191E-04   1.353015E-04   1.057108E-04   4.222617E-05   7.301487E-05   2.000000E-05   4.213749E-05   2.000000E-05   7.065132E-05   6.477532E-05   1.259817E-04
   8.924157E-05   7.527096E-05   5.681040E-05   7.475652E-05   6.597439E-05   9.279432E-05   8.424705E-05   5.535709E-05   3.181245E-05   6.322816E-05   5.073943E-05   5.809186E-05   4.193505E-05   7.512577E-05   2.000000E-04   1.319189E-04   1.779098E-04   7.114199E-05   2.000000E-05   2.000000E-04
   3.501795E-05   6.296341E-05   2.000000E-04   1.163713E-04   2.381969E-05   1.081416E-04   3.375164E-05   2.000000E-04   6.841896E-05   2.980440E-05   2.314521E-05   3.202296E-05   1.026934E-04   1.298624E-04   3.330113E-05   7.675989E-05   1.094986E-04   7.863983E-05   2.759570E-05   1.701498E-04
   1.179648E-04   6.992450E-05   1.643708E-04   1.138290E-04   4.292931E-05   6.009240E-05   6.461947E-05   7.600147E-05   3.117253E-05   7.943651E-05   5.498917E-05   2.000000E-04   1.054957E-04   2.000000E-04   2.000000E-04   2.000000E-04   2.000000E-04   1.571298E-04   8.652655E-05   2.000000E-04
   7.932001E-05   2.998353E-05   2.000000E-04   6.003029E-05   1.042244E-04   1.704245E-04   5.255333E-05   4.240529E-05   2.000000E-04   1.566806E-04   1.114864E-04   6.973777E-05   1.689743E-04   2.000000E-04   1.288350E-04   2.000000E-04   1.425707E-04   2.869271E-05   8.067861E-05   7.135489E-05
   2.000000E-05   7.538451E-05   4.770464E-05   1.865740E-04   1.428390E-04   7.805547E-05   5.553750E-05   2.385408E-05   4.488160E-05   4.254272E-05   8.129720E-05   2.131703E-05   1.554385E-04   2.000000E-04   2.000000E-04   2.000000E-04   8.894113E-05   1.418741E-04   3.181520E-05   5.898035E-05
   2.000000E-04   1.151746E-04   2.000000E-04   6.462372E-05   1.010556E-04   1.062165E-04   1.152887E-04   7.519350E-05   5.919002E-05   1.377351E-04   6.929566E-05   5.538226E-05   5.638112E-05   1.215927E-04   6.955084E-05   1.401606E-04   2.000000E-04   3.755885E-05   6.530470E-05   1.281245E-04
   1.497116E-04   2.000000E-04   2.000000E-04   2.027756E-05   8.163008E-05   2.066646E-05   3.619384E-05   2.302700E-05   6.826002E-05   2.867146E-05   2.000000E-05   7.400622E-05   1.605063E-04   1.923041E-04   2.000000E-04   1.271176E-04   5.347934E-05   5.173540E-05   1.003392E-04   3.398089E-05
   4.134601E-05   1.126206E-04   2.000000E-05   3.344312E-05   3.946484E-05   4.980509E-05   2.239873E-05   5.709328E-05   2.794226E-05   2.000000E-05   3.778963E-05   2.000000E-05   5.847048E-05   2.000000E-04   1.136651E-04   6.099090E-05   2.000000E-04   4.116247E-05   9.013899E-05   6.321134E-05
   2.000000E-04   2.000000E-04   4.042314E-05   4.088719E-05   5.591736E-05   8.812944E-05   8.955590E-05   2.430680E-05   4.805099E-05   3.511119E-05   2.000000E-05   3.918833E-05   1.751934E-04   1.289653E-04   4.448957E-05   7.397874E-05   2.000000E-04   6.017469E-05   7.754887E-05   2.000000E-04
   5.875200E-05   3.750299E-05   1.571753E-04   2.000000E-05   2.032102E-05   7.371992E-05   6.503707E-05   9.381411E-05   1.682944E-04   1.203394E-04   1.084045E-04   4.597389E-05   8.029788E-05   7.572064E-05   1.433665E-04   8.860505E-05   1.175778E-04   6.505730E-05   5.309908E-05   1.112774E-04
   5.875200E-05   5.875200E-05   2.000000E-04   7.014178E-05   3.976204E-05   2.000000E-04   1.428846E-04   2.042282E-05   2.442554E-05   7.895972E-05   2.539779E-05   1.013412E-04   2.573781E-05   1.004163E-04   3.662418E-05   8.135757E-05   7.088977E-05   2.000000E-05   2.945485E-05   2.297806E-05
   5.875200E-05   5.875200E-05   5.875200E-05   4.214316E-05   1.615607E-04   1.104712E-04   2.000000E-04   4.375230E-05   2.333325E-05   1.112555E-04   1.099658E-04   8.183577E-05   4.588864E-05   2.000000E-04   3.194071E-05   7.159848E-05   2.000000E-04   2.000000E-04   5.610188E-05   1.455760E-04
   5.875200E-05   5.875200E-05   5.875200E-05   5.875200E-05   2.000000E-04   1.337852E-04   3.932694E-05   6.315352E-05   9.173741E-05   5.188155E-05   3.072489E-05   3.276045E-05   4.580226E-05   7.304832E-05   1.814765E-04   8.877533E-05   8.455859E-05   2.000000E-04   3.266807E-05   5.875200E-05
   5.875200E-05   5.875200E-05   5.875200E-05   5.875200E-05   7.484586E-05   4.364828E-05   2.000000E-04   9.377270E-05   3.252536E-05   2.000000E-05   2.744806E-05   1.415375E-04   1.483054E-04   1.007302E-04   1.124170E-04   2.873622E-05   2.000000E-04   1.203207E-04   5.643223E-05   5.875200E-05
   5.875200E-05   5.875200E-05   5.875200E-05   5.875200E-05   5.875200E-05   1.089317E-04   5.745429E-05   2.000000E-04   8.742236E-05   6.411891E-05   4.372812E-05   5.519196E-05   1.516002E-04   2.919815E-05   3.292346E-05   4.500627E-05   1.602593E-04   7.060562E-05   5.875200E-05   5.875200E-05
   5.875200E-05   5.875200E-05   5.875200E-05   5.875200E-05   5.875200E-05   1.106321E-04   2.000000E-04   1.016135E-04   2.000000E-04   1.674872E-04   5.175799E-05   2.548883E-05   1.222001E-04   2.590875E-05   9.529948E-05   5.798360E-05   2.000000E-04   5.875200E-05   5.875200E-05   5.875200E-05
   5.875200E-05   5.875200E-05   5.875200E-05   5.875200E-05   5.875200E-05   2.000000E-04   5.861077E-05   7.973963E-05   2.000000E-04   6.296869E-05   3.835121E-05   6.119179E-05   1.251190E-04   2.000000E-04   8.711005E-05   2.000000E-04   5.875200E-05   5.875200E-05   5.875200E-05   5.875200E-05
