   1.568493E-04   2.411495E-05   1.186325E-04   2.000000E-05   3.420673E-05   1.224548E-04   2.000000E-05   2.349031E-05   3.689668E-05   3.356832E-05   2.000000E-05   3.188596E-05   2.518064E-05   3.545380E-05   4.632342E-05   2.642207E-05   1.369229E-04   2.000000E-05   2.000000E-05   6.945259E-05
   5.811890E-05   2.000000E-05   2.131648E-05   4.615321E-05   4.281442E-05   1.930168E-04   2.000000E-05   3.833254E-05   6.800500E-05   4.791043E-05   9.565774E-05   4.344586E-05   1.574158E-04   1.864356E-04   7.096320E-05   1.579942E-04   3.303765E-05   3.867835E-05   5.340967E-05   2.000000E-05
   2.000000E-05   5.308168E-05   2.000000E-05   3.478161E-05   3.799776E-05   3.864326E-05   1.079454E-04   4.445273E-05   7.905655E-05   5.610828E-05   5.299473E-05   2.000000E-05   3.625388E-05   4.871929E-05   2.000000E-04   2.360381E-05   3.952045E-05   3.181418E-05   1.369042E-04   3.185031E-05
   2.784717E-05   6.010426E-05   2.140722E-05   1.231366E-04   2.000000E-05   6.339885E-05   7.390423E-05   7.409888E-05   3.070384E-05   4.036113E-05   3.487050E-05   2.257239E-05   2.000000E-04   1.444552E-04   6.379263E-05   5.599072E-05   2.000000E-05   5.337192E-05   3.678114E-05   2.000000E-05
   4.251762E-05   1.091323E-04   2.000000E-05   1.230259E-04   4.518600E-05   4.820645E-05   1.323755E-04   7.921924E-05   1.266963E-04   2.000000E-05   6.947393E-05   4.166007E-05   8.113315E-05   5.392451E-05   1.376437E-04   2.665693E-05   2.862824E-05   3.920256E-05   2.000000E-05   1.176128E-04
   3.753541E-05   4.444119E-05   6.445684E-05   3.407499E-05   2.000000E-05   1.460214E-04   2.000000E-04   1.784991E-04   2.038506E-05   6.371521E-05   5.029204E-05   3.471215E-05   4.319997E-05   4.019491E-05   2.000000E-05   2.296337E-05   7.925867E-05   2.155812E-05   3.020212E-05   2.000000E-05
   2.000000E-05   2.000000E-05   2.000000E-05   3.647141E-05   5.136811E-05   2.308565E-05   2.000000E-04   8.287478E-05   6.053824E-05   4.856597E-05   3.275706E-05   2.000000E-05   2.000000E-05   2.000000E-05   3.045916E-05   8.947599E-05   2.226840E-05   2.000000E-05   5.126031E-05   4.874022E-05
   2.973134E-05   4.162096E-05   1.189897E-04   2.573494E-05   3.097543E-05   1.107222E-04   1.621852E-04   1.186006E-04   1.204562E-04   2.000000E-04   2.000000E-05   3.043973E-05   2.000000E-05   2.000000E-05   2.303906E-05   2.254651E-05   2.000000E-05   2.000000E-05   3.682355E-05   5.531553E-05
   2.000000E-05   2.000000E-05   3.535616E-05   3.325280E-05   4.684625E-05   4.684625E-05   4.684625E-05   2.000000E-04   1.504038E-04   6.132732E-05   2.000000E-05   8.617166E-05   2.109124E-05   2.000000E-05   3.149342E-05   2.000000E-05   2.344660E-05   2.513475E-05   6.101095E-05   2.949526E-05
   2.000000E-05   3.548386E-05   2.138502E-05   2.000000E-05   4.684625E-05   4.684625E-05   4.684625E-05   4.684625E-05   7.275753E-05   3.119451E-05   8.806018E-05   3.339952E-05   2.000000E-05   2.000000E-05   2.000000E-05   2.000000E-05   4.350090E-05   7.859459E-05   2.828563E-05   3.867276E-05
   2.000000E-05   2.000000E-05   5.216890E-05   9.516608E-05   4.684625E-05   4.684625E-05   4.684625E-05   4.684625E-05   2.927677E-05   8.090316E-05   2.000000E-05   3.695780E-05   5.485068E-05   2.000000E-05   2.000000E-05   4.113665E-05   5.250139E-05   1.064408E-04   3.410229E-05   2.000000E-05
   3.153238E-05   3.030329E-05   2.652130E-05   3.360822E-05   4.684625E-05   4.684625E-05   4.684625E-05   4.684625E-05   5.643621E-05   1.082192E-04   2.000000E-05   8.137825E-05   4.038260E-05   4.929228E-05   5.981722E-05   2.000000E-05   2.000000E-05   2.000000E-05   4.235314E-05   3.439965E-05
   2.000000E-05   2.285126E-05   4.270478E-05   2.177331E-05   4.684625E-05   4.684625E-05   4.684625E-05   4.684625E-05   1.527485E-04   5.973319E-05   3.342768E-05   2.027233E-05   8.739394E-05   2.000000E-05   2.000000E-05   2.000000E-05   4.951535E-05   4.282850E-05   2.964824E-05   3.351431E-05
   9.063599E-05   1.216797E-04   7.720782E-05   8.205471E-05   4.684625E-05   4.684625E-05   4.684625E-05   4.684625E-05   2.000000E-05   3.666810E-05   2.000000E-04   2.000000E-05   2.563913E-05   1.324126E-04   2.131785E-05   1.406085E-04   7.992406E-05   7.939222E-05   2.000000E-05   2.000000E-05
   1.797008E-04   1.339636E-04   4.823695E-05   4.287345E-05   4.684625E-05   4.684625E-05   4.684625E-05   4.684625E-05   3.329627E-05   1.460500E-04   1.610361E-04   2.000000E-05   2.000000E-05   9.565643E-05   4.753899E-05   2.000000E-04   6.127238E-05   7.209198E-05   2.000000E-05   2.000000E-05
   8.084563E-05   2.000000E-05   3.615929E-05   3.934643E-05   4.684625E-05   4.684625E-05   4.684625E-05   4.684625E-05   7.774001E-05   7.360096E-05   1.406442E-04   7.099995E-05   2.900246E-05   6.667838E-05   4.504847E-05   1.092920E-04   4.401081E-05   2.000000E-05   2.607441E-05   2.000000E-05
   2.913761E-05   1.215907E-04   3.434907E-05   2.000000E-05   4.684625E-05   4.684625E-05   4.684625E-05   4.684625E-05   2.000000E-05   4.067929E-05   7.542531E-05   2.000000E-05   4.374890E-05   6.017379E-05   2.179751E-05   5.074598E-05   2.000000E-05   1.431054E-04   1.054807E-04   2.000000E-05
   3.528717E-05   3.376505E-05   5.727910E-05   2.000000E-05   4.684625E-05   4.684625E-05   4.684625E-05   4.684625E-05   3.884634E-05   2.862667E-05   3.814709E-05   2.138613E-05   3.604733E-05   2.000000E-05   2.000000E-05   2.000000E-05   2.000000E-05   2.000000E-05   5.117633E-05   5.191072E-05
   7.281862E-05   7.749103E-05   1.319646E-04   2.177880E-05   4.684625E-05   4.684625E-05   4.684625E-05   4.684625E-05   2.000000E-05   2.058030E-05   2.000000E-05   2.000000E-05   2.000000E-05   2.000000E-05   2.000000E-05   2.660645E-05   2.591259E-05   2.662823E-05   2.000000E-05   2.417618E-05
   2.107097E-05   4.616718E-05   2.000000E-05   2.000000E-05   4.684625E-05   4.684625E-05   4.684625E-05   4.684625E-05   2.000000E-05   3.326095E-05   2.000000E-05   2.000000E-05   2.000000E-05   2.000000E-05   2.000000E-05   2.000000E-05   3.247375E-05   2.000000E-05   2.000000E-05   2.000000E-05
   5.724075E-05   4.855561E-05   2.000000E-05   9.836643E-05   4.684625E-05   4.684625E-05   4.684625E-05   4.684625E-05   2.000000E-05   2.000000E-05   2.000000E-05   2.652717E-05   2.000000E-05   7.283346E-05   2.000000E-05   2.000000E-05   3.223607E-05   5.597869E-05   4.227229E-05   2.000000E-05
   2.818160E-05   5.938152E-05   4.688855E-05   2.014322E-05   4.684625E-05   4.684625E-05   2.000000E-05   2.000000E-05   2.000000E-05   3.268562E-05   2.965057E-05   2.000000E-05   2.000000E-05   2.000000E-05   2.000000E-05   9.199312E-05   1.055246E-04   2.571019E-05   2.925823E-05   5.113862E-05
   6.219033E-05   2.856154E-05   1.320107E-04   2.000000E-05   4.025786E-05   4.684625E-05   2.000000E-05   2.000000E-05   2.028085E-05   3.116802E-05   2.360993E-05   2.689868E-05   4.103384E-05   2.215027E-05   2.377634E-05   2.000000E-05   2.947610E-05   3.836021E-05   2.000000E-05   2.000000E-05
   9.897549E-05   4.221494E-05   5.341888E-05   3.741872E-05   3.185626E-05   2.000000E-05   2.000000E-05   5.112805E-05   2.000000E-05   3.752747E-05   6.585504E-05   4.850141E-05   4.928736E-05   2.000000E-05   2.000000E-05   2.000000E-05   6.202703E-05   2.000000E-05   3.480665E-05   6.496315E-05
   2.579558E-05   3.521908E-05   5.030703E-05   2.000000E-05   1.185717E-04   2.589854E-05   2.000000E-05   2.000000E-05   2.000000E-05   7.748008E-05   2.000000E-05   2.254666E-05   5.895550E-05   2.000000E-05   2.000000E-05   4.802107E-05   2.594535E-05   3.143960E-05   2.312696E-05   2.000000E-05
   2.000000E-05   2.000000E-05   2.712491E-05   4.356538E-05   1.154885E-04   2.000000E-05   2.045750E-05   4.240360E-05   6.847330E-05   4.583123E-05   2.575731E-05   2.000000E-05   6.670799E-05   6.461513E-05   5.722915E-05   2.000000E-05   3.359323E-05   3.901328E-05   2.000000E-05   5.585207E-05
   7.601928E-05   2.000000E-05   5.246073E-05   2.000000E-05   3.773458E-05   5.204907E-05   2.000000E-05   2.000000E-05   2.717502E-05   3.069805E-05   2.000000E-05   2.000000E-05   2.275070E-05   2.704821E-05   2.000000E-05   2.000000E-05   2.000000E-05   2.161386E-05   2.000000E-05   2.000000E-05
   5.064358E-05   2.171734E-05   3.393662E-05   2.366506E-05   2.000000E-05   2.000000E-05   4.540369E-05   4.109427E-05   2.665715E-05   2.000000E-05   3.693468E-05   2.000000E-05   3.179770E-05   4.987295E-05   2.000000E-05   2.000000E-05   2.000000E-05   2.768803E-05   2.000000E-05   2.000000E-05
   7.117706E-05   7.100994E-05   3.450020E-05   1.720891E-04   2.386792E-05   2.000000E-05   3.672843E-05   2.000000E-05   2.000000E-05   4.129421E-05   4.267949E-05   2.725447E-05   2.887477E-05   2.433284E-05   2.722438E-05   2.226199E-05   2.856741E-05   1.550047E-04   7.052624E-05   2.378869E-05
   2.000000E-05   6.748119E-05   4.491186E-05   2.000000E-05   1.205715E-04   2.486573E-05   2.000000E-05   2.000000E-05   2.000000E-05   2.000000E-05   2.000000E-05   3.997126E-05   7.773108E-05   7.869555E-05   2.000000E-05   2.000000E-05   6.057134E-05   4.519778E-05   8.226503E-05   2.000000E-05
   2.000000E-05   2.568267E-05   5.335224E-05   2.478529E-05   2.000000E-05   2.000000E-05   2.000000E-05   2.000000E-05   2.000000E-05   2.000000E-05   1.156514E-04   1.069751E-04   2.000000E-05   1.831376E-04   2.000000E-05   3.095566E-05   2.000000E-05   2.863193E-05   5.673953E-05   1.615067E-04
   5.063457E-05   2.949189E-05   2.203000E-05   3.927074E-05   2.207959E-05   2.000000E-05   2.000000E-05   2.000000E-05   3.043398E-05   2.000000E-05   2.000000E-05   4.630834E-05   2.000000E-05   4.602162E-05   4.243358E-05   2.000000E-05   2.462347E-05   1.194023E-04   4.722789E-05   4.763220E-05
   4.684625E-05   2.000000E-05   2.000000E-05   1.070900E-04   2.261352E-05   2.000000E-05   3.913557E-05   3.954386E-05   2.217422E-05   4.204110E-05   2.567322E-05   2.000000E-05   8.337455E-05   6.420743E-05   5.438377E-05   1.084398E-04   2.345374E-05   1.903324E-04   3.102615E-05   3.198021E-05
   4.684625E-05   4.684625E-05   1.399252E-04   4.566513E-05   7.259976E-05   4.383853E-05   2.766078E-05   2.014825E-05   2.492626E-05   2.000000E-05   2.000000E-05   2.260411E-05   2.072691E-05   7.403877E-05   2.000000E-05   3.909981E-05   2.000000E-05   4.969301E-05   2.000000E-05   2.000000E-05
   4.684625E-05   4.684625E-05   4.684625E-05   4.074755E-05   2.000000E-05   5.205274E-05   3.087418E-05   7.154230E-05   2.000000E-05   2.000000E-05   2.000000E-05   2.000000E-05   3.089595E-05   1.012251E-04   2.000000E-05   2.000000E-05   1.913815E-04   2.000000E-05   2.127343E-05   4.917099E-05
   4.684625E-05   4.684625E-05   4.684625E-05   4.684625E-05   2.000000E-05   4.308077E-05   4.958323E-05   2.000000E-05   2.912664E-05   3.589756E-05   4.426511E-05   2.000000E-05   4.406981E-05   3.416340E-05   2.000000E-05   1.836138E-04   6.505591E-05   3.467015E-05   2.790235E-05   4.684625E-05
   4.684625E-05   4.684625E-05   4.684625E-05   4.684625E-05   5.991821E-05   2.000000E-05   2.000000E-05   2.901722E-05   2.027637E-05   2.770935E-05   2.000000E-05   8.149105E-05   2.000000E-05   7.798453E-05   2.543692E-05   4.170249E-05   2.925195E-05   9.123950E-05   2.893386E-05   4.684625E-05
   4.684625E-05   4.684625E-05   4.684625E-05   4.684625E-05   4.684625E-05   3.319641E-05   2.000000E-05   2.684827E-05   2.000000E-05   2.000000E-05   6.363544E-05   2.000000E-05   5.261847E-05   5.567125E-05   2.000000E-05   3.415024E-05   1.117557E-04   3.395050E-05   4.684625E-05   4.684625E-05
   4.684625E-05   4.684625E-05   4.684625E-05   4.684625E-05   4.684625E-05   2.000000E-05   5.137606E-05   1.314108E-04   6.133916E-05   2.000000E-05   2.000000E-05   2.000000E-05   2.000000E-05   1.468851E-04   1.021843E-04   4.687934E-05   2.000000E-05   4.684625E-05   4.684625E-05   4.684625E-05
   4.684625E-05   4.684625E-05   4.684625E-05   4.684625E-05   4.684625E-05   2.000000E-05   4.819526E-05   6.553525E-05   2.759234E-05   2.000000E-05   2.000000E-05   6.786065E-05   2.000000E-05   6.771435E-05   2.000000E-05   6.195411E-05   4.684625E-05   4.684625E-05   4.684625E-05   4.684625E-05
