   1.000000E-06   1.000000E-06   1.000000E-06   1.000000E-06   1.000000E-06   1.000000E-06   1.000000E-06   1.322967E-06   1.041421E-06   1.000000E-06   1.000000E-06   1.000000E-06   1.000000E-06   1.143543E-06   1.000000E-06   1.000000E-06   1.000000E-06   1.000000E-06   1.000000E-06   1.000000E-06
   1.000000E-06   1.000000E-06   1.000000E-06   1.000000E-06   1.000000E-06   1.000000E-06   1.000000E-06   1.000000E-06   1.000000E-06   1.000000E-06   1.000000E-06   1.000000E-06   1.000000E-06   1.000000E-06   1.000000E-06   1.000000E-06   1.000000E-06   1.000000E-06   1.000000E-06   1.000000E-06
   1.000000E-06   1.000000E-06   1.000000E-06   1.000000E-06   1.000000E-06   1.909018E-06   1.000000E-06   1.000000E-06   1.000000E-06   1.000000E-06   1.000000E-06   1.000000E-06   1.000000E-06   1.000000E-06   1.000000E-06   1.000000E-06   1.182768E-06   1.000000E-06   1.000000E-06   1.000000E-06
   1.000000E-06   1.000000E-06   1.000000E-06   1.000000E-06   1.118567E-06   1.000000E-06   1.949251E-06   1.000000E-06   1.000000E-06   1.000000E-06   1.000000E-06   1.000000E-06   1.000000E-06   1.000000E-06   1.000000E-06   1.000000E-06   1.000000E-06   1.000000E-06   1.000000E-06   1.000000E-06
   1.000000E-06   1.000000E-06   1.000000E-06   1.000000E-06   1.000000E-06   3.963760E-06   1.155154E-06   1.000000E-06   1.546056E-06   1.000000E-06   1.000000E-06   1.000000E-06   1.603968E-06   1.000000E-06   1.000000E-06   1.000000E-06   1.000000E-06   1.000000E-06   1.000000E-06   1.000000E-06
   1.000000E-06   1.000000E-06   1.000000E-06   1.000000E-06   3.242416E-06   1.340628E-06   1.180980E-06   1.374211E-06   1.000000E-06   1.000000E-06   1.647063E-06   1.000000E-06   1.000000E-06   1.326388E-06   1.000000E-06   1.000000E-06   2.821606E-06   1.000000E-06   1.016607E-06   1.000000E-06
   1.000000E-06   1.000000E-06   1.000000E-06   1.000000E-06   1.000000E-06   1.347654E-06   3.468010E-06   1.000000E-06   1.000000E-06   1.000000E-06   1.000000E-06   1.000000E-06   1.000000E-06   1.016347E-06   1.000000E-06   1.000000E-06   1.000000E-06   1.378178E-06   1.000000E-06   1.000000E-06
   1.000000E-06   1.000000E-06   1.000000E-06   1.000000E-06   1.000000E-06   1.000000E-06   2.711948E-06   1.000000E-06   1.188589E-06   3.146895E-06   1.000000E-06   1.000000E-06   1.000000E-06   1.012136E-06   1.000000E-06   1.859327E-06   1.368873E-06   1.000000E-06   1.000000E-06   1.893361E-06
   1.000000E-06   1.000000E-06   1.385086E-06   1.000000E-06   1.000000E-06   1.000000E-06   1.000000E-06   1.543323E-06   1.000000E-06   1.000000E-06   1.254672E-06   1.392256E-06   1.313021E-06   1.458988E-06   1.022070E-06   1.000000E-06   1.000000E-06   1.666385E-06   1.000000E-06   1.265019E-06
   1.753362E-06   1.000000E-06   1.000000E-06   1.000000E-06   1.000000E-06   1.000000E-06   1.000000E-06   1.000000E-06   1.000000E-06   1.170999E-06   1.000000E-06   1.000000E-06   1.000000E-06   1.000000E-06   1.000000E-06   1.352591E-06   1.000000E-06   1.000000E-06   1.000000E-06   1.000000E-06
   1.000000E-06   1.000000E-06   1.000000E-06   1.000000E-06   1.000000E-06   1.000000E-06   1.000000E-06   1.000000E-06   2.944144E-06   1.000000E-06   1.000000E-06   1.814161E-06   1.000000E-06   1.000000E-06   1.000000E-06   1.000000E-06   1.127523E-06   1.163950E-06   1.702166E-06   1.000000E-06
   1.000000E-06   1.000000E-06   1.000000E-06   1.000000E-06   1.000000E-06   1.000000E-06   1.000000E-06   1.000000E-06   1.176155E-06   1.000000E-06   1.000000E-06   1.365760E-06   1.000000E-06   1.008793E-06   1.648138E-06   1.000000E-06   1.000000E-06   1.181113E-06   1.000000E-06   1.000000E-06
   1.215662E-06   1.000000E-06   1.000000E-06   2.090826E-06   1.000000E-06   1.000000E-06   1.000000E-06   1.000000E-06   1.000000E-06   1.000000E-06   1.000000E-06   1.788473E-06   1.000000E-06   1.241894E-06   1.000000E-06   1.000000E-06   2.242089E-06   1.000000E-06   1.000000E-06   1.000000E-06
   1.000000E-06   1.396396E-06   1.000000E-06   1.000000E-06   1.000000E-06   1.000000E-06   1.000000E-06   1.000000E-06   1.000000E-06   1.000000E-06   1.000000E-06   1.000000E-06   1.000000E-06   1.370881E-06   3.153808E-06   1.891178E-06   1.000000E-06   1.814954E-06   1.000000E-06   1.000000E-06
   1.000000E-06   1.000000E-06   1.000000E-06   1.000000E-06   1.000000E-06   1.000000E-06   1.000000E-06   1.000000E-06   1.000000E-06   1.000000E-06   1.726971E-06   2.146232E-06   1.152253E-06   1.000000E-06   2.610307E-06   2.148386E-06   2.063833E-06   1.190802E-06   4.141128E-06   1.000000E-06
   1.000000E-06   1.000000E-06   1.000000E-06   1.000000E-06   1.000000E-06   1.000000E-06   1.000000E-06   1.000000E-06   1.012419E-06   1.085359E-06   1.557105E-06   1.000000E-06   1.000000E-06   1.000000E-06   1.175448E-06   3.923600E-06   1.000000E-06   1.000000E-06   1.000000E-06   1.000000E-06
   1.000000E-06   1.000000E-06   1.000000E-06   1.000000E-06   1.000000E-06   1.000000E-06   1.000000E-06   1.000000E-06   2.617633E-06   1.000000E-06   1.000000E-06   1.000000E-06   1.319840E-06   1.000000E-06   1.236729E-06   5.032234E-06   1.000000E-06   3.819751E-06   1.519448E-06   1.965062E-06
   1.000000E-06   1.000000E-06   1.000000E-06   1.000000E-06   1.000000E-06   1.000000E-06   1.000000E-06   1.000000E-06   1.537365E-06   1.000000E-06   3.793891E-06   2.978715E-06   1.000000E-06   1.259269E-06   1.000000E-06   1.041036E-06   1.000000E-06   2.175760E-06   1.000000E-06   1.000000E-06
   1.000000E-06   1.000000E-06   1.000000E-06   1.000000E-06   1.000000E-06   1.000000E-06   1.000000E-06   1.000000E-06   2.334893E-06   1.000000E-06   1.000000E-06   1.514792E-06   1.000000E-06   1.000000E-06   1.062008E-06   1.000000E-06   1.000000E-06   1.428046E-06   1.566813E-06   1.380231E-06
   1.000000E-06   1.000000E-06   1.000000E-06   1.000000E-06   1.000000E-06   1.000000E-06   1.000000E-06   1.000000E-06   1.060466E-06   1.000000E-06   1.000000E-06   1.000000E-06   1.000000E-06   1.000000E-06   1.000000E-06   1.000000E-06   1.000000E-06   1.493017E-06   1.000000E-06   1.000000E-06
   1.000000E-06   1.000000E-06   1.000000E-06   1.000000E-06   1.000000E-06   1.000000E-06   1.000000E-06   1.000000E-06   1.852472E-06   1.457874E-06   2.051743E-06   1.147387E-06   1.000000E-06   1.000000E-06   1.000000E-06   1.000000E-06   1.000000E-06   1.000000E-06   1.000000E-06   1.052378E-06
   3.777981E-06   1.000000E-06   2.142235E-06   1.000000E-06   1.000000E-06   1.000000E-06   1.000000E-06   1.000000E-06   1.000000E-06   1.000000E-06   1.000000E-06   1.000000E-06   1.000000E-06   1.000000E-06   1.000000E-06   1.000000E-06   1.096956E-06   1.000000E-06   1.000000E-06   1.000000E-06
   1.172530E-06   1.000000E-06   6.365968E-06   4.250763E-06   1.000000E-06   1.000000E-06   1.000000E-06   1.000000E-06   1.000000E-06   1.000000E-06   1.000000E-06   1.000000E-06   1.000000E-06   1.000000E-06   1.000000E-06   1.000000E-06   1.000000E-06   1.000000E-06   1.771584E-06   1.000000E-06
   1.952509E-06   1.000000E-06   6.385906E-06   1.000000E-06   1.000000E-06   1.000000E-06   1.000000E-06   1.000000E-06   1.000000E-06   1.000000E-06   1.000000E-06   1.000000E-06   1.000000E-06   1.000000E-06   1.375744E-06   1.673999E-06   1.000000E-06   1.000000E-06   1.000000E-06   1.000000E-06
   1.436312E-06   1.000000E-06   1.000000E-06   1.000000E-06   1.000000E-06   1.000000E-06   1.000000E-06   1.000000E-06   1.365064E-06   1.000000E-06   1.000000E-06   1.000000E-06   1.000000E-06   1.000000E-06   1.000000E-06   2.662519E-06   1.000000E-06   1.000000E-06   1.000000E-06   1.000000E-06
   1.000000E-06   1.270655E-06   1.549727E-06   1.000000E-06   1.000000E-06   1.000000E-06   1.000000E-06   4.311569E-06   1.308261E-06   1.000000E-06   1.000000E-06   1.000000E-06   1.000000E-06   1.000000E-06   1.000000E-06   1.431630E-06   2.965495E-06   1.053032E-06   2.279838E-06   2.166674E-06
   1.000000E-06   1.473090E-06   1.000000E-06   1.000000E-06   1.000000E-06   1.000000E-06   1.000000E-06   1.143090E-06   1.000000E-06   1.000000E-06   1.000000E-06   1.000000E-06   1.000000E-06   1.827369E-06   4.228854E-06   1.000000E-06   1.000000E-06   1.000000E-06   1.000000E-06   1.000000E-06
   1.000000E-06   1.000000E-06   1.000000E-06   1.000000E-06   1.099017E-06   1.210883E-06   1.089505E-06   1.737302E-06   1.000000E-06   1.000000E-06   1.000000E-06   1.690148E-06   1.251423E-06   1.116870E-06   1.800343E-06   1.399975E-06   1.000000E-06   1.000000E-06   1.000000E-06   1.000000E-06
   1.000000E-06   1.000000E-06   1.579854E-06   1.000000E-06   1.328777E-06   1.000000E-06   1.103503E-06   2.864216E-06   1.000000E-06   1.000000E-06   1.000000E-06   1.332123E-06   1.012503E-06   1.232460E-06   1.000000E-06   1.338480E-06   1.000000E-06   1.000000E-06   1.000000E-06   1.000000E-06
   1.000000E-06   1.000000E-06   1.000000E-06   1.000000E-06   1.000000E-06   1.000000E-06   3.964359E-06   1.000000E-06   1.000000E-06   1.000000E-06   2.643541E-06   1.000000E-06   1.000000E-06   1.371094E-06   1.308226E-06   2.132685E-06   1.000000E-06   1.000000E-06   1.000000E-06   1.000000E-06
   1.000000E-06   1.000000E-06   1.000000E-06   1.000000E-06   1.000000E-06   1.000000E-06   1.000000E-06   1.000000E-06   1.000000E-06   1.378640E-06   1.000000E-06   1.123263E-06   1.469088E-06   2.476021E-06   2.450134E-06   1.163766E-06   2.479962E-06   1.000000E-06   1.000000E-06   1.027535E-06
   1.000000E-06   1.000000E-06   1.172273E-06   1.000000E-06   1.000000E-06   1.000000E-06   1.000000E-06   1.000000E-06   1.000000E-06   1.004527E-06   1.000000E-06   1.000000E-06   3.077792E-06   1.147808E-06   1.000000E-06   1.000000E-06   3.074738E-06   1.000000E-06   1.000000E-06   1.000000E-06
   1.000000E-06   1.000000E-06   1.207902E-06   1.000000E-06   1.000000E-06   1.000000E-06   1.000000E-06   1.000000E-06   1.000000E-06   1.000000E-06   1.284379E-06   1.458887E-06   1.526053E-06   1.000000E-06   1.440635E-06   1.912197E-06   1.000000E-06   1.000000E-06   1.000000E-06   1.000000E-06
   1.000000E-06   1.000000E-06   1.000000E-06   1.000000E-06   1.000000E-06   1.000000E-06   1.000000E-06   1.000000E-06   1.000000E-06   1.077284E-06   1.000000E-06   1.088784E-06   1.000000E-06   1.000000E-06   1.104037E-06   1.034696E-06   1.000000E-06   1.000000E-06   1.000000E-06   3.515524E-06
   1.000000E-06   1.000000E-06   1.000000E-06   1.000000E-06   1.000000E-06   1.000000E-06   1.000000E-06   1.000000E-06   1.000000E-06   1.000000E-06   1.058987E-06   1.000000E-06   1.000000E-06   1.000000E-06   1.000000E-06   1.390175E-06   1.000000E-06   1.000000E-06   1.000000E-06   1.000000E-06
   1.000000E-06   1.000000E-06   1.000000E-06   1.000000E-06   1.000000E-06   1.000000E-06   1.000000E-06   1.000000E-06   1.730277E-06   1.000000E-06   1.567364E-06   1.000000E-06   3.305393E-06   1.000000E-06   1.000000E-06   1.582976E-06   2.861169E-06   1.000000E-06   2.157115E-06   1.000000E-06
   1.000000E-06   1.000000E-06   1.000000E-06   1.000000E-06   1.000000E-06   1.000000E-06   1.000000E-06   1.000000E-06   1.000000E-06   1.000000E-06   2.255278E-06   1.000000E-06   1.558618E-06   1.000000E-06   1.601614E-06   1.000000E-06   1.000000E-06   1.497670E-06   3.123236E-06   1.000000E-06
   1.000000E-06   1.000000E-06   1.000000E-06   1.000000E-06   1.000000E-06   1.000000E-06   1.000000E-06   1.000000E-06   1.000000E-06   1.000000E-06   1.000000E-06   1.000000E-06   1.952959E-06   1.000000E-06   1.000000E-06   1.000000E-06   1.000000E-06   1.793436E-06   1.000000E-06   1.000000E-06
   1.000000E-06   1.000000E-06   1.000000E-06   1.000000E-06   1.000000E-06   1.000000E-06   1.000000E-06   1.000000E-06   1.000000E-06   3.072129E-06   1.187061E-06   1.000000E-06   1.215094E-06   1.000000E-06   1.548547E-06   1.000000E-06   1.669378E-06   1.000000E-06   1.000000E-06   1.000000E-06
   1.000000E-06   1.000000E-06   1.000000E-06   1.000000E-06   1.000000E-06   1.000000E-06   1.000000E-06   2.469752E-06   1.000000E-06   1.000000E-06   1.157358E-06   1.000000E-06   1.000000E-06   1.745074E-06   1.000000E-06   1.000000E-06   1.000000E-06   1.000000E-06   1.000000E-06   1.000000E-06
