   2.433032E-05   2.000000E-05   4.213118E-05   3.587142E-05   1.287602E-04   2.000000E-05   2.000000E-05   4.367849E-05   2.456643E-05   3.968346E-05   2.000000E-05   2.000000E-05   4.807374E-05   2.000000E-05   3.988263E-05   2.000000E-05   2.062140E-05   2.376390E-05   2.200924E-05   1.299599E-04
   2.562451E-05   2.000000E-05   7.331837E-05   3.830100E-05   2.517738E-05   2.000000E-05   2.142347E-05   2.000000E-05   8.520084E-05   5.363648E-05   8.411679E-05   2.000000E-05   2.000000E-05   2.000000E-05   2.469448E-05   2.000000E-05   4.993411E-05   2.000000E-05   3.188227E-05   1.518658E-04
   2.000000E-05   2.000000E-05   1.377877E-04   4.122684E-05   6.421573E-05   2.000000E-05   2.000000E-05   2.000000E-05   2.000000E-05   5.736966E-05   1.245092E-04   6.230595E-05   3.083474E-05   2.000000E-05   2.000000E-05   2.000000E-05   2.545471E-05   2.000000E-05   2.397769E-05   1.012786E-04
   8.035618E-05   2.241164E-05   4.629275E-05   2.000000E-05   2.000000E-05   4.056732E-05   7.995193E-05   2.831682E-05   2.592977E-05   2.728776E-05   7.543025E-05   5.038541E-05   3.816931E-05   5.713931E-05   2.000000E-05   2.000000E-05   2.000000E-05   6.332056E-05   2.000000E-05   5.984285E-05
   7.102835E-05   1.032934E-04   4.016312E-05   1.047916E-04   2.980034E-05   3.493096E-05   3.169857E-05   4.199146E-05   5.246962E-05   2.000000E-05   2.000000E-05   6.757755E-05   2.000000E-05   2.000000E-05   8.850718E-05   3.780330E-05   2.609048E-05   3.493870E-05   2.000000E-05   7.422878E-05
   1.412389E-04   3.237689E-05   6.592866E-05   3.671639E-05   2.000000E-05   2.000000E-05   1.046687E-04   5.062701E-05   2.000000E-05   2.000000E-05   2.240495E-05   4.042273E-05   2.000000E-05   2.581200E-05   7.156469E-05   6.699653E-05   2.000000E-05   5.959709E-05   4.162980E-05   2.000000E-05
   2.000000E-05   2.563016E-05   3.804181E-05   1.368084E-04   3.667162E-05   4.058609E-05   2.000000E-05   2.774797E-05   2.000000E-05   2.000000E-05   2.000000E-05   2.000000E-05   4.029689E-05   8.056310E-05   2.000000E-04   9.901632E-05   6.324441E-05   2.000000E-05   2.000000E-05   1.940551E-04
   5.315322E-05   8.385764E-05   7.373255E-05   8.693466E-05   3.687174E-05   2.000000E-05   2.000000E-05   2.023553E-05   2.000000E-05   2.000000E-05   4.817500E-05   2.103284E-05   2.000000E-05   2.000000E-05   1.551026E-04   5.728769E-05   2.000000E-04   4.023844E-05   2.000000E-05   3.446856E-05
   2.156440E-05   4.141353E-05   2.034911E-05   6.802462E-05   6.743286E-05   6.743286E-05   6.743286E-05   2.000000E-05   2.000000E-05   4.042707E-05   2.091207E-05   2.220215E-05   1.940532E-04   6.394995E-05   7.532558E-05   1.313193E-04   2.000000E-04   2.089224E-05   1.326564E-04   3.758318E-05
   5.213914E-05   3.688431E-05   3.251981E-05   2.295698E-05   6.743286E-05   6.743286E-05   6.743286E-05   6.743286E-05   2.000000E-05   7.843615E-05   1.721859E-04   3.015131E-05   2.399104E-05   2.343367E-05   2.000000E-05   2.063009E-05   2.496737E-05   5.737797E-05   2.000000E-05   1.842885E-04
   2.000000E-05   2.000000E-05   2.000000E-05   2.000000E-05   6.743286E-05   6.743286E-05   6.743286E-05   6.743286E-05   2.000000E-04   5.690832E-05   2.566579E-05   5.046838E-05   4.021830E-05   4.817326E-05   2.000000E-05   2.026333E-05   3.351835E-05   3.831905E-05   2.000000E-05   1.248286E-04
   2.702244E-05   2.000000E-05   2.693799E-05   2.000000E-05   6.743286E-05   6.743286E-05   6.743286E-05   6.743286E-05   1.389267E-04   2.000000E-05   2.337837E-05   2.000000E-05   2.085441E-05   5.254120E-05   2.837701E-05   2.000000E-05   5.172924E-05   3.581397E-05   2.000000E-05   3.179619E-05
   2.000000E-05   6.322790E-05   3.216395E-05   2.198268E-05   6.743286E-05   6.743286E-05   6.743286E-05   6.743286E-05   2.000000E-05   6.967527E-05   1.642431E-04   1.001923E-04   8.506484E-05   5.364784E-05   2.059242E-05   1.239330E-04   3.920582E-05   6.304742E-05   2.000000E-05   3.513161E-05
   2.555347E-05   2.000000E-05   2.000000E-05   8.360696E-05   6.743286E-05   6.743286E-05   6.743286E-05   6.743286E-05   2.496288E-05   9.925403E-05   9.035401E-05   7.211456E-05   2.000000E-05   2.574222E-05   3.930019E-05   2.000000E-05   2.000000E-05   2.000000E-05   6.286502E-05   7.415527E-05
   2.000000E-05   2.000646E-05   7.082388E-05   5.850162E-05   6.743286E-05   6.743286E-05   6.743286E-05   6.743286E-05   2.573510E-05   7.096981E-05   4.626020E-05   3.553820E-05   2.000000E-05   1.354204E-04   3.440534E-05   7.114057E-05   2.650043E-05   8.822626E-05   7.782400E-05   2.290344E-05
   4.081861E-05   3.675321E-05   2.000000E-05   9.597222E-05   6.743286E-05   6.743286E-05   6.743286E-05   6.743286E-05   1.780799E-04   6.852048E-05   1.743908E-04   6.839139E-05   9.824623E-05   1.351309E-04   2.000000E-05   9.478425E-05   5.926299E-05   2.260718E-05   4.498694E-05   2.069209E-05
   1.907956E-04   1.173415E-04   2.413788E-05   5.385168E-05   6.743286E-05   6.743286E-05   6.743286E-05   6.743286E-05   1.060368E-04   4.829129E-05   4.469743E-05   4.506035E-05   1.303708E-04   2.054781E-05   2.299087E-05   1.629763E-04   4.514365E-05   5.694770E-05   3.262069E-05   6.302393E-05
   1.363651E-04   5.874917E-05   3.038804E-05   6.220879E-05   6.743286E-05   6.743286E-05   6.743286E-05   6.743286E-05   2.422720E-05   3.238300E-05   1.097433E-04   9.288837E-05   2.000000E-05   4.779012E-05   1.780965E-04   1.873052E-04   7.437772E-05   3.118487E-05   8.058406E-05   1.353542E-04
   8.090419E-05   2.000000E-05   7.531053E-05   6.938923E-05   6.743286E-05   6.743286E-05   6.743286E-05   6.743286E-05   8.627596E-05   2.000000E-05   2.932205E-05   6.938904E-05   1.128106E-04   8.792002E-05   2.000000E-04   1.907089E-04   6.709307E-05   1.382422E-04   3.117224E-05   6.247182E-05
   2.000000E-05   2.000000E-05   6.031009E-05   2.000000E-05   6.743286E-05   6.743286E-05   6.743286E-05   6.743286E-05   1.518449E-04   2.000000E-04   4.532143E-05   2.829327E-05   4.607314E-05   5.298200E-05   2.000000E-04   5.566898E-05   3.966417E-05   2.000000E-05   4.622892E-05   2.000000E-05
   3.820886E-05   2.908683E-05   2.808000E-05   7.578198E-05   6.743286E-05   6.743286E-05   6.743286E-05   6.743286E-05   1.045893E-04   2.703539E-05   4.542709E-05   9.828482E-05   2.585348E-05   6.363470E-05   2.000000E-05   3.471063E-05   6.185460E-05   8.703909E-05   1.590409E-04   6.130700E-05
   2.000000E-05   2.000000E-05   9.338779E-05   7.222400E-05   6.743286E-05   6.743286E-05   7.871765E-05   4.134227E-05   1.100723E-04   1.166354E-04   1.519454E-04   2.390734E-05   1.721022E-04   5.019918E-05   2.555404E-05   2.000000E-05   2.000000E-05   3.554622E-05   2.000000E-05   1.213660E-04
   2.455977E-05   2.000000E-05   2.000000E-05   3.330973E-05   4.668451E-05   6.743286E-05   2.000000E-05   2.442930E-05   2.000000E-04   4.021247E-05   1.128655E-04   9.105892E-05   2.591184E-05   2.000000E-05   2.000000E-05   2.000000E-05   2.000000E-05   2.000000E-05   8.212635E-05   4.772418E-05
   2.000000E-05   2.000000E-05   2.000000E-05   2.000000E-05   2.000000E-05   2.000000E-05   4.605957E-05   5.102346E-05   6.897490E-05   3.572613E-05   1.046206E-04   1.842031E-04   5.403781E-05   2.038071E-05   2.000000E-05   2.000000E-05   2.518549E-05   2.000000E-05   3.060706E-05   3.973469E-05
   2.000000E-05   2.088728E-05   2.973008E-05   2.540554E-05   2.000000E-05   1.424302E-04   3.091204E-05   2.716281E-05   2.000000E-05   2.522475E-05   4.684352E-05   2.976331E-05   2.000000E-05   2.000000E-05   2.053561E-05   2.000000E-05   9.381316E-05   3.565333E-05   2.000000E-05   4.057314E-05
   2.000000E-05   3.475523E-05   2.000000E-05   2.000000E-05   3.436584E-05   2.000000E-05   2.000000E-05   2.000000E-05   4.215223E-05   6.727457E-05   2.000000E-05   5.497966E-05   4.375390E-05   2.000000E-05   2.494970E-05   2.000000E-05   2.000000E-05   2.000000E-05   2.000000E-05   2.000000E-05
   4.616988E-05   2.000000E-05   4.036010E-05   3.478287E-05   2.000000E-05   5.011710E-05   2.000000E-05   2.436197E-05   2.346132E-05   4.228293E-05   1.305180E-04   6.060425E-05   2.691776E-05   4.120230E-05   2.000000E-05   4.569738E-05   2.000000E-05   7.344735E-05   2.000000E-05   5.711343E-05
   2.000000E-05   3.767856E-05   7.593767E-05   2.000000E-05   2.401509E-05   2.000000E-05   2.000000E-05   2.410525E-05   2.000000E-05   1.546248E-04   7.744361E-05   2.000000E-05   8.497341E-05   2.865531E-05   7.099496E-05   5.547853E-05   2.000000E-05   1.144148E-04   2.456259E-05   2.000000E-05
   2.000000E-05   4.525900E-05   2.000000E-05   2.200422E-05   2.000000E-05   2.000000E-05   4.709377E-05   2.577242E-05   2.000000E-05   7.203059E-05   2.412682E-05   2.121687E-05   4.254590E-05   1.032332E-04   2.000000E-05   2.632420E-05   7.990961E-05   5.225050E-05   2.000000E-05   2.874813E-05
   2.000000E-05   2.000000E-05   9.939380E-05   2.000000E-05   2.000000E-05   2.000000E-05   1.413539E-04   4.273516E-05   4.211932E-05   2.869504E-05   6.327889E-05   6.339019E-05   4.679617E-05   2.729036E-05   4.009130E-05   1.056142E-04   1.552406E-04   2.515077E-05   1.486437E-04   6.300853E-05
   2.788575E-05   9.364405E-05   2.900134E-05   5.069496E-05   2.000000E-05   2.018902E-05   8.609856E-05   2.000000E-05   3.763777E-05   2.000000E-05   2.074550E-05   1.096830E-04   2.522196E-05   2.538218E-05   3.186940E-05   7.054406E-05   2.000000E-05   3.020353E-05   2.000000E-05   2.000000E-05
   2.220077E-05   2.000000E-05   2.000000E-05   2.482789E-05   3.480804E-05   2.765558E-05   3.351992E-05   2.534618E-05   2.000000E-05   2.000000E-05   2.772818E-05   4.673646E-05   2.000000E-05   3.007028E-05   2.233069E-05   5.828004E-05   2.884247E-05   5.121523E-05   3.091848E-05   5.188546E-05
   6.743286E-05   3.671286E-05   2.000000E-05   2.000000E-05   2.000000E-05   3.826002E-05   2.000000E-05   2.000000E-05   2.000000E-05   2.000000E-05   2.000000E-05   5.149807E-05   2.000000E-05   1.716684E-04   2.000000E-04   6.430643E-05   2.000000E-05   2.000000E-05   2.000000E-05   2.825126E-05
   6.743286E-05   6.743286E-05   2.000000E-05   2.000000E-05   2.000000E-05   2.000000E-05   2.210192E-05   5.536512E-05   2.000000E-05   2.000000E-05   2.000000E-05   2.000000E-05   2.934711E-05   3.659580E-05   5.759680E-05   3.245605E-05   3.881811E-05   4.775038E-05   6.211352E-05   2.000000E-05
   6.743286E-05   6.743286E-05   6.743286E-05   4.294577E-05   2.149211E-05   2.292178E-05   3.994780E-05   2.000000E-05   2.000000E-05   2.351810E-05   3.910015E-05   2.000000E-05   3.643872E-05   5.372158E-05   9.635904E-05   2.000000E-05   2.000000E-04   3.157954E-05   2.305534E-05   4.460767E-05
   6.743286E-05   6.743286E-05   6.743286E-05   6.743286E-05   2.000000E-05   2.000000E-05   2.000000E-05   2.423101E-05   2.377104E-05   2.000000E-05   2.000000E-05   3.400765E-05   1.435788E-04   2.000000E-05   1.136297E-04   2.000000E-05   8.884055E-05   3.824964E-05   6.092574E-05   6.743286E-05
   6.743286E-05   6.743286E-05   6.743286E-05   6.743286E-05   4.120569E-05   2.000000E-05   2.458719E-05   5.295415E-05   2.000000E-05   4.762411E-05   2.277297E-05   6.504441E-05   4.064191E-05   2.000000E-05   3.955768E-05   1.061583E-04   5.394183E-05   5.894602E-05   3.252421E-05   6.743286E-05
   6.743286E-05   6.743286E-05   6.743286E-05   6.743286E-05   6.743286E-05   2.609561E-05   2.000000E-05   2.000000E-05   2.335791E-05   2.000000E-05   3.246121E-05   2.000000E-05   3.958736E-05   2.000000E-05   6.897696E-05   8.797563E-05   2.000000E-05   2.000000E-05   6.743286E-05   6.743286E-05
   6.743286E-05   6.743286E-05   6.743286E-05   6.743286E-05   6.743286E-05   7.612143E-05   2.000000E-05   2.000000E-05   2.000000E-05   2.751604E-05   2.000000E-05   2.000000E-05   2.053282E-05   2.000000E-05   2.359634E-05   2.000000E-05   2.033525E-05   6.743286E-05   6.743286E-05   6.743286E-05
   6.743286E-05   6.743286E-05   6.743286E-05   6.743286E-05   6.743286E-05   2.368462E-05   3.895734E-05   4.032476E-05   2.498154E-05   2.000000E-05   2.000000E-05   2.000000E-05   2.000000E-05   7.898449E-05   9.727075E-05   2.314507E-05   6.743286E-05   6.743286E-05   6.743286E-05   6.743286E-05
