 pp_0000  625.0 9375.0 1.0  3.488731745116106175430559233063831925392150878906250000000000000000000000000000000 
 pp_0001  1625.0 9375.0 1.0  2.867297352882186345368609181605279445648193359375000000000000000000000000000000000 
 pp_0002  2625.0 9375.0 1.0  0.3830254031148364601833122833340894430875778198242187500000000000000000000000000000 
 pp_0003  3625.0 9375.0 1.0  2.0591135179609425520652621344197541475296020507812500000000000000000000000000000000 
 pp_0004  625.0 8375.0 1.0  0.753077391350995717367311499401694163680076599121093750000000000000000000000000000 
 pp_0005  1625.0 8375.0 1.0  0.847337726036664795614683498570229858160018920898437500000000000000000000000000000 
 pp_0006  2625.0 8375.0 1.0  1.9054006713579778597988934052409604191780090332031250000000000000000000000000000000 
 pp_0007  3625.0 8375.0 1.0  1.6857353125351013378718789681443013250827789306640625000000000000000000000000000000 
 pp_0008  625.0 7375.0 1.0  0.8367196223303497992773714031500276178121566772460937500000000000000000000000000000 
 pp_0009  2625.0 7375.0 1.0  2.02452894793657911520767811452969908714294433593750000000000000000000000000000000000 
 pp_0010  3625.0 7375.0 1.0  0.91203512751804094449425974744372069835662841796875000000000000000000000000000000000 
 pp_0011  625.0 6375.0 1.0  1.5859839099630979042387934896396473050117492675781250000000000000000000000000000000 
 pp_0012  2625.0 6375.0 1.0  5.00000000000000088817841970012523233890533447265625000000000000000000000000000000000 
 pp_0013  3625.0 6375.0 1.0  1.95034658334948285407506318733794614672660827636718750000000000000000000000000000000 
 pp_0014  625.0 5375.0 1.0  0.5782936841510892822526557210949249565601348876953125000000000000000000000000000000 
 pp_0015  2625.0 5375.0 1.0  1.14027494179698374310305553080979734659194946289062500000000000000000000000000000000 
 pp_0016  3625.0 5375.0 1.0  0.56072186084590025512142119623604230582714080810546875000000000000000000000000000000 
 pp_0017  625.0 4375.0 1.0  0.5671460180242109405668315957882441580295562744140625000000000000000000000000000000 
 pp_0018  1625.0 4375.0 1.0  0.9964224064026631078050399992207530885934829711914062500000000000000000000000000000 
 pp_0019  2625.0 4375.0 1.0  5.00000000000000088817841970012523233890533447265625000000000000000000000000000000000 
 pp_0020  3625.0 4375.0 1.0  2.46236623258418552140369683911558240652084350585937500000000000000000000000000000000 
 pp_0021  625.0 3375.0 1.0  0.4333067345775954426478904224495636299252510070800781250000000000000000000000000000 
 pp_0022  1625.0 3375.0 1.0  2.7146735561407560055613430449739098548889160156250000000000000000000000000000000000 
 pp_0023  2625.0 3375.0 1.0  0.46741564602790375282381774013629183173179626464843750000000000000000000000000000000 
 pp_0024  3625.0 3375.0 1.0  0.20000000000000003885780586188047891482710838317871093750000000000000000000000000000 
 pp_0025  625.0 2375.0 1.0  1.0039458370787857077743865374941378831863403320312500000000000000000000000000000000 
 pp_0026  1625.0 2375.0 1.0  1.7874269521474368538349608570570126175880432128906250000000000000000000000000000000 
 pp_0027  2625.0 2375.0 1.0  0.81609341219684328194716727011837065219879150390625000000000000000000000000000000000 
 pp_0028  3625.0 2375.0 1.0  0.94406051262123225065181486570509150624275207519531250000000000000000000000000000000 
 pp_0029  1625.0 1375.0 1.0  0.6887079524172154965100389745202846825122833251953125000000000000000000000000000000 
 pp_0030  2625.0 1375.0 1.0  2.40818530909801875594666853430680930614471435546875000000000000000000000000000000000 
 pp_0031  3625.0 1375.0 1.0  0.90566990122715385069795956951566040515899658203125000000000000000000000000000000000 
