   2.860418E-05    2.860418E-05    2.860418E-05    2.860418E-05    2.860418E-05    2.860418E-05    2.860418E-05    2.860418E-05    2.860418E-05    2.860418E-05    2.860418E-05    2.860418E-05    2.860418E-05    2.860418E-05    2.860418E-05    2.860418E-05    2.860418E-05    2.860418E-05    2.860418E-05    2.860418E-05
   2.860418E-05    2.860418E-05    2.860418E-05    2.860418E-05    2.860418E-05    2.860418E-05    2.860418E-05    2.860418E-05    2.860418E-05    2.860418E-05    2.860418E-05    2.860418E-05    2.860418E-05    2.860418E-05    2.860418E-05    2.860418E-05    2.860418E-05    2.860418E-05    2.860418E-05    2.860418E-05
   2.860418E-05    2.860418E-05    2.860418E-05    2.860418E-05    2.860418E-05    2.860418E-05    2.860418E-05    2.860418E-05    2.860418E-05    2.860418E-05    2.860418E-05    2.860418E-05    2.860418E-05    2.860418E-05    2.860418E-05    2.860418E-05    2.860418E-05    2.860418E-05    2.860418E-05    2.860418E-05
   2.860418E-05    2.860418E-05    2.860418E-05    2.860418E-05    2.860418E-05    2.860418E-05    2.860418E-05    2.860418E-05    2.860418E-05    2.860418E-05    2.860418E-05    2.860418E-05    2.860418E-05    2.860418E-05    2.860418E-05    2.860418E-05    2.860418E-05    2.860418E-05    2.860418E-05    2.860418E-05
   2.860418E-05    2.860418E-05    2.860418E-05    2.860418E-05    2.860418E-05    2.860418E-05    2.860418E-05    2.860418E-05    2.860418E-05    2.860418E-05    2.860418E-05    2.860418E-05    2.860418E-05    2.860418E-05    2.860418E-05    2.860418E-05    2.860418E-05    2.860418E-05    2.860418E-05    2.860418E-05
   2.860418E-05    2.860418E-05    2.860418E-05    2.860418E-05    2.860418E-05    2.860418E-05    2.860418E-05    2.860418E-05    2.860418E-05    2.860418E-05    2.860418E-05    2.860418E-05    2.860418E-05    2.860418E-05    2.860418E-05    2.860418E-05    2.860418E-05    2.860418E-05    2.860418E-05    2.860418E-05
   2.860418E-05    2.860418E-05    2.860418E-05    2.860418E-05    2.860418E-05    2.860418E-05    2.860418E-05    2.860418E-05    2.860418E-05    2.860418E-05    2.860418E-05    2.860418E-05    2.860418E-05    2.860418E-05    2.860418E-05    2.860418E-05    2.860418E-05    2.860418E-05    2.860418E-05    2.860418E-05
   2.860418E-05    2.860418E-05    2.860418E-05    2.860418E-05    2.860418E-05    2.860418E-05    2.860418E-05    2.860418E-05    2.860418E-05    2.860418E-05    2.860418E-05    2.860418E-05    2.860418E-05    2.860418E-05    2.860418E-05    2.860418E-05    2.860418E-05    2.860418E-05    2.860418E-05    2.860418E-05
   2.860418E-05    2.860418E-05    2.860418E-05    2.860418E-05    2.860418E-05    2.860418E-05    2.860418E-05    2.860418E-05    2.860418E-05    2.860418E-05    2.860418E-05    2.860418E-05    2.860418E-05    2.860418E-05    2.860418E-05    2.860418E-05    2.860418E-05    2.860418E-05    2.860418E-05    2.860418E-05
   2.860418E-05    2.860418E-05    2.860418E-05    2.860418E-05    2.860418E-05    2.860418E-05    2.860418E-05    2.860418E-05    2.860418E-05    2.860418E-05    2.860418E-05    2.860418E-05    2.860418E-05    2.860418E-05    2.860418E-05    2.860418E-05    2.860418E-05    2.860418E-05    2.860418E-05    2.860418E-05
   2.860418E-05    2.860418E-05    2.860418E-05    2.860418E-05    2.860418E-05    2.860418E-05    2.860418E-05    2.860418E-05    2.860418E-05    2.860418E-05    2.860418E-05    2.860418E-05    2.860418E-05    2.860418E-05    2.860418E-05    2.860418E-05    2.860418E-05    2.860418E-05    2.860418E-05    2.860418E-05
   2.860418E-05    2.860418E-05    2.860418E-05    2.860418E-05    2.860418E-05    2.860418E-05    2.860418E-05    2.860418E-05    2.860418E-05    2.860418E-05    2.860418E-05    2.860418E-05    2.860418E-05    2.860418E-05    2.860418E-05    2.860418E-05    2.860418E-05    2.860418E-05    2.860418E-05    2.860418E-05
   2.860418E-05    2.860418E-05    2.860418E-05    2.860418E-05    2.860418E-05    2.860418E-05    2.860418E-05    2.860418E-05    2.860418E-05    2.860418E-05    2.860418E-05    2.860418E-05    2.860418E-05    2.860418E-05    2.860418E-05    2.860418E-05    2.860418E-05    2.860418E-05    2.860418E-05    2.860418E-05
   2.860418E-05    2.860418E-05    2.860418E-05    2.860418E-05    2.860418E-05    2.860418E-05    2.860418E-05    2.860418E-05    2.860418E-05    2.860418E-05    2.860418E-05    2.860418E-05    2.860418E-05    2.860418E-05    2.860418E-05    2.860418E-05    2.860418E-05    2.860418E-05    2.860418E-05    2.860418E-05
   2.860418E-05    2.860418E-05    2.860418E-05    2.860418E-05    2.860418E-05    2.860418E-05    2.860418E-05    2.860418E-05    2.860418E-05    2.860418E-05    2.860418E-05    2.860418E-05    2.860418E-05    2.860418E-05    2.860418E-05    2.860418E-05    2.860418E-05    2.860418E-05    2.860418E-05    2.860418E-05
   2.860418E-05    2.860418E-05    2.860418E-05    2.860418E-05    2.860418E-05    2.860418E-05    2.860418E-05    2.860418E-05    2.860418E-05    2.860418E-05    2.860418E-05    2.860418E-05    2.860418E-05    2.860418E-05    2.860418E-05    2.860418E-05    2.860418E-05    2.860418E-05    2.860418E-05    2.860418E-05
   2.860418E-05    2.860418E-05    2.860418E-05    2.860418E-05    2.860418E-05    2.860418E-05    2.860418E-05    2.860418E-05    2.860418E-05    2.860418E-05    2.860418E-05    2.860418E-05    2.860418E-05    2.860418E-05    2.860418E-05    2.860418E-05    2.860418E-05    2.860418E-05    2.860418E-05    2.860418E-05
   2.860418E-05    2.860418E-05    2.860418E-05    2.860418E-05    2.860418E-05    2.860418E-05    2.860418E-05    2.860418E-05    2.860418E-05    2.860418E-05    2.860418E-05    2.860418E-05    2.860418E-05    2.860418E-05    2.860418E-05    2.860418E-05    2.860418E-05    2.860418E-05    2.860418E-05    2.860418E-05
   2.860418E-05    2.860418E-05    2.860418E-05    2.860418E-05    2.860418E-05    2.860418E-05    2.860418E-05    2.860418E-05    2.860418E-05    2.860418E-05    2.860418E-05    2.860418E-05    2.860418E-05    2.860418E-05    2.860418E-05    2.860418E-05    2.860418E-05    2.860418E-05    2.860418E-05    2.860418E-05
   2.860418E-05    2.860418E-05    2.860418E-05    2.860418E-05    2.860418E-05    2.860418E-05    2.860418E-05    2.860418E-05    2.860418E-05    2.860418E-05    2.860418E-05    2.860418E-05    2.860418E-05    2.860418E-05    2.860418E-05    2.860418E-05    2.860418E-05    2.860418E-05    2.860418E-05    2.860418E-05
   2.860418E-05    2.860418E-05    2.860418E-05    2.860418E-05    2.860418E-05    2.860418E-05    2.860418E-05    2.860418E-05    2.860418E-05    2.860418E-05    2.860418E-05    2.860418E-05    2.860418E-05    2.860418E-05    2.860418E-05    2.860418E-05    2.860418E-05    2.860418E-05    2.860418E-05    2.860418E-05
   2.860418E-05    2.860418E-05    2.860418E-05    2.860418E-05    2.860418E-05    2.860418E-05    2.860418E-05    2.860418E-05    2.860418E-05    2.860418E-05    2.860418E-05    2.860418E-05    2.860418E-05    2.860418E-05    2.860418E-05    2.860418E-05    2.860418E-05    2.860418E-05    2.860418E-05    2.860418E-05
   2.860418E-05    2.860418E-05    2.860418E-05    2.860418E-05    2.860418E-05    2.860418E-05    2.860418E-05    2.860418E-05    2.860418E-05    2.860418E-05    2.860418E-05    2.860418E-05    2.860418E-05    2.860418E-05    2.860418E-05    2.860418E-05    2.860418E-05    2.860418E-05    2.860418E-05    2.860418E-05
   2.860418E-05    2.860418E-05    2.860418E-05    2.860418E-05    2.860418E-05    2.860418E-05    2.860418E-05    2.860418E-05    2.860418E-05    2.860418E-05    2.860418E-05    2.860418E-05    2.860418E-05    2.860418E-05    2.860418E-05    2.860418E-05    2.860418E-05    2.860418E-05    2.860418E-05    2.860418E-05
   2.860418E-05    2.860418E-05    2.860418E-05    2.860418E-05    2.860418E-05    2.860418E-05    2.860418E-05    2.860418E-05    2.860418E-05    2.860418E-05    2.860418E-05    2.860418E-05    2.860418E-05    2.860418E-05    2.860418E-05    2.860418E-05    2.860418E-05    2.860418E-05    2.860418E-05    2.860418E-05
   2.860418E-05    2.860418E-05    2.860418E-05    2.860418E-05    2.860418E-05    2.860418E-05    2.860418E-05    2.860418E-05    2.860418E-05    2.860418E-05    2.860418E-05    2.860418E-05    2.860418E-05    2.860418E-05    2.860418E-05    2.860418E-05    2.860418E-05    2.860418E-05    2.860418E-05    2.860418E-05
   2.860418E-05    2.860418E-05    2.860418E-05    2.860418E-05    2.860418E-05    2.860418E-05    2.860418E-05    2.860418E-05    2.860418E-05    2.860418E-05    2.860418E-05    2.860418E-05    2.860418E-05    2.860418E-05    2.860418E-05    2.860418E-05    2.860418E-05    2.860418E-05    2.860418E-05    2.860418E-05
   2.860418E-05    2.860418E-05    2.860418E-05    2.860418E-05    2.860418E-05    2.860418E-05    2.860418E-05    2.860418E-05    2.860418E-05    2.860418E-05    2.860418E-05    2.860418E-05    2.860418E-05    2.860418E-05    2.860418E-05    2.860418E-05    2.860418E-05    2.860418E-05    2.860418E-05    2.860418E-05
   2.860418E-05    2.860418E-05    2.860418E-05    2.860418E-05    2.860418E-05    2.860418E-05    2.860418E-05    2.860418E-05    2.860418E-05    2.860418E-05    2.860418E-05    2.860418E-05    2.860418E-05    2.860418E-05    2.860418E-05    2.860418E-05    2.860418E-05    2.860418E-05    2.860418E-05    2.860418E-05
   2.860418E-05    2.860418E-05    2.860418E-05    2.860418E-05    2.860418E-05    2.860418E-05    2.860418E-05    2.860418E-05    2.860418E-05    2.860418E-05    2.860418E-05    2.860418E-05    2.860418E-05    2.860418E-05    2.860418E-05    2.860418E-05    2.860418E-05    2.860418E-05    2.860418E-05    2.860418E-05
   2.860418E-05    2.860418E-05    2.860418E-05    2.860418E-05    2.860418E-05    2.860418E-05    2.860418E-05    2.860418E-05    2.860418E-05    2.860418E-05    2.860418E-05    2.860418E-05    2.860418E-05    2.860418E-05    2.860418E-05    2.860418E-05    2.860418E-05    2.860418E-05    2.860418E-05    2.860418E-05
   2.860418E-05    2.860418E-05    2.860418E-05    2.860418E-05    2.860418E-05    2.860418E-05    2.860418E-05    2.860418E-05    2.860418E-05    2.860418E-05    2.860418E-05    2.860418E-05    2.860418E-05    2.860418E-05    2.860418E-05    2.860418E-05    2.860418E-05    2.860418E-05    2.860418E-05    2.860418E-05
   2.860418E-05    2.860418E-05    2.860418E-05    2.860418E-05    2.860418E-05    2.860418E-05    2.860418E-05    2.860418E-05    2.860418E-05    2.860418E-05    2.860418E-05    2.860418E-05    2.860418E-05    2.860418E-05    2.860418E-05    2.860418E-05    2.860418E-05    2.860418E-05    2.860418E-05    2.860418E-05
   2.860418E-05    2.860418E-05    2.860418E-05    2.860418E-05    2.860418E-05    2.860418E-05    2.860418E-05    2.860418E-05    2.860418E-05    2.860418E-05    2.860418E-05    2.860418E-05    2.860418E-05    2.860418E-05    2.860418E-05    2.860418E-05    2.860418E-05    2.860418E-05    2.860418E-05    2.860418E-05
   2.860418E-05    2.860418E-05    2.860418E-05    2.860418E-05    2.860418E-05    2.860418E-05    2.860418E-05    2.860418E-05    2.860418E-05    2.860418E-05    2.860418E-05    2.860418E-05    2.860418E-05    2.860418E-05    2.860418E-05    2.860418E-05    2.860418E-05    2.860418E-05    2.860418E-05    2.860418E-05
   2.860418E-05    2.860418E-05    2.860418E-05    2.860418E-05    2.860418E-05    2.860418E-05    2.860418E-05    2.860418E-05    2.860418E-05    2.860418E-05    2.860418E-05    2.860418E-05    2.860418E-05    2.860418E-05    2.860418E-05    2.860418E-05    2.860418E-05    2.860418E-05    2.860418E-05    2.860418E-05
   2.860418E-05    2.860418E-05    2.860418E-05    2.860418E-05    2.860418E-05    2.860418E-05    2.860418E-05    2.860418E-05    2.860418E-05    2.860418E-05    2.860418E-05    2.860418E-05    2.860418E-05    2.860418E-05    2.860418E-05    2.860418E-05    2.860418E-05    2.860418E-05    2.860418E-05    2.860418E-05
   2.860418E-05    2.860418E-05    2.860418E-05    2.860418E-05    2.860418E-05    2.860418E-05    2.860418E-05    2.860418E-05    2.860418E-05    2.860418E-05    2.860418E-05    2.860418E-05    2.860418E-05    2.860418E-05    2.860418E-05    2.860418E-05    2.860418E-05    2.860418E-05    2.860418E-05    2.860418E-05
   2.860418E-05    2.860418E-05    2.860418E-05    2.860418E-05    2.860418E-05    2.860418E-05    2.860418E-05    2.860418E-05    2.860418E-05    2.860418E-05    2.860418E-05    2.860418E-05    2.860418E-05    2.860418E-05    2.860418E-05    2.860418E-05    2.860418E-05    2.860418E-05    2.860418E-05    2.860418E-05
   2.860418E-05    2.860418E-05    2.860418E-05    2.860418E-05    2.860418E-05    2.860418E-05    2.860418E-05    2.860418E-05    2.860418E-05    2.860418E-05    2.860418E-05    2.860418E-05    2.860418E-05    2.860418E-05    2.860418E-05    2.860418E-05    2.860418E-05    2.860418E-05    2.860418E-05    2.860418E-05
