   9.926175E-05    9.926175E-05    9.926175E-05    9.926175E-05    9.926175E-05    9.926175E-05    9.926175E-05    9.926175E-05    9.926175E-05    9.926175E-05    9.926175E-05    9.926175E-05    9.926175E-05    9.926175E-05    9.926175E-05    9.926175E-05    9.926175E-05    9.926175E-05    9.926175E-05    9.926175E-05
   9.926175E-05    9.926175E-05    9.926175E-05    9.926175E-05    9.926175E-05    9.926175E-05    9.926175E-05    9.926175E-05    9.926175E-05    9.926175E-05    9.926175E-05    9.926175E-05    9.926175E-05    9.926175E-05    9.926175E-05    9.926175E-05    9.926175E-05    9.926175E-05    9.926175E-05    9.926175E-05
   9.926175E-05    9.926175E-05    9.926175E-05    9.926175E-05    9.926175E-05    9.926175E-05    9.926175E-05    9.926175E-05    9.926175E-05    9.926175E-05    9.926175E-05    9.926175E-05    9.926175E-05    9.926175E-05    9.926175E-05    9.926175E-05    9.926175E-05    9.926175E-05    9.926175E-05    9.926175E-05
   9.926175E-05    9.926175E-05    9.926175E-05    9.926175E-05    9.926175E-05    9.926175E-05    9.926175E-05    9.926175E-05    9.926175E-05    9.926175E-05    9.926175E-05    9.926175E-05    9.926175E-05    9.926175E-05    9.926175E-05    9.926175E-05    9.926175E-05    9.926175E-05    9.926175E-05    9.926175E-05
   9.926175E-05    9.926175E-05    9.926175E-05    9.926175E-05    9.926175E-05    9.926175E-05    9.926175E-05    9.926175E-05    9.926175E-05    9.926175E-05    9.926175E-05    9.926175E-05    9.926175E-05    9.926175E-05    9.926175E-05    9.926175E-05    9.926175E-05    9.926175E-05    9.926175E-05    9.926175E-05
   9.926175E-05    9.926175E-05    9.926175E-05    9.926175E-05    9.926175E-05    9.926175E-05    9.926175E-05    9.926175E-05    9.926175E-05    9.926175E-05    9.926175E-05    9.926175E-05    9.926175E-05    9.926175E-05    9.926175E-05    9.926175E-05    9.926175E-05    9.926175E-05    9.926175E-05    9.926175E-05
   9.926175E-05    9.926175E-05    9.926175E-05    9.926175E-05    9.926175E-05    9.926175E-05    9.926175E-05    9.926175E-05    9.926175E-05    9.926175E-05    9.926175E-05    9.926175E-05    9.926175E-05    9.926175E-05    9.926175E-05    9.926175E-05    9.926175E-05    9.926175E-05    9.926175E-05    9.926175E-05
   9.926175E-05    9.926175E-05    9.926175E-05    9.926175E-05    9.926175E-05    9.926175E-05    9.926175E-05    9.926175E-05    9.926175E-05    9.926175E-05    9.926175E-05    9.926175E-05    9.926175E-05    9.926175E-05    9.926175E-05    9.926175E-05    9.926175E-05    9.926175E-05    9.926175E-05    9.926175E-05
   9.926175E-05    9.926175E-05    9.926175E-05    9.926175E-05    9.926175E-05    9.926175E-05    9.926175E-05    9.926175E-05    9.926175E-05    9.926175E-05    9.926175E-05    9.926175E-05    9.926175E-05    9.926175E-05    9.926175E-05    9.926175E-05    9.926175E-05    9.926175E-05    9.926175E-05    9.926175E-05
   9.926175E-05    9.926175E-05    9.926175E-05    9.926175E-05    9.926175E-05    9.926175E-05    9.926175E-05    9.926175E-05    9.926175E-05    9.926175E-05    9.926175E-05    9.926175E-05    9.926175E-05    9.926175E-05    9.926175E-05    9.926175E-05    9.926175E-05    9.926175E-05    9.926175E-05    9.926175E-05
   9.926175E-05    9.926175E-05    9.926175E-05    9.926175E-05    9.926175E-05    9.926175E-05    9.926175E-05    9.926175E-05    9.926175E-05    9.926175E-05    9.926175E-05    9.926175E-05    9.926175E-05    9.926175E-05    9.926175E-05    9.926175E-05    9.926175E-05    9.926175E-05    9.926175E-05    9.926175E-05
   9.926175E-05    9.926175E-05    9.926175E-05    9.926175E-05    9.926175E-05    9.926175E-05    9.926175E-05    9.926175E-05    9.926175E-05    9.926175E-05    9.926175E-05    9.926175E-05    9.926175E-05    9.926175E-05    9.926175E-05    9.926175E-05    9.926175E-05    9.926175E-05    9.926175E-05    9.926175E-05
   9.926175E-05    9.926175E-05    9.926175E-05    9.926175E-05    9.926175E-05    9.926175E-05    9.926175E-05    9.926175E-05    9.926175E-05    9.926175E-05    9.926175E-05    9.926175E-05    9.926175E-05    9.926175E-05    9.926175E-05    9.926175E-05    9.926175E-05    9.926175E-05    9.926175E-05    9.926175E-05
   9.926175E-05    9.926175E-05    9.926175E-05    9.926175E-05    9.926175E-05    9.926175E-05    9.926175E-05    9.926175E-05    9.926175E-05    9.926175E-05    9.926175E-05    9.926175E-05    9.926175E-05    9.926175E-05    9.926175E-05    9.926175E-05    9.926175E-05    9.926175E-05    9.926175E-05    9.926175E-05
   9.926175E-05    9.926175E-05    9.926175E-05    9.926175E-05    9.926175E-05    9.926175E-05    9.926175E-05    9.926175E-05    9.926175E-05    9.926175E-05    9.926175E-05    9.926175E-05    9.926175E-05    9.926175E-05    9.926175E-05    9.926175E-05    9.926175E-05    9.926175E-05    9.926175E-05    9.926175E-05
   9.926175E-05    9.926175E-05    9.926175E-05    9.926175E-05    9.926175E-05    9.926175E-05    9.926175E-05    9.926175E-05    9.926175E-05    9.926175E-05    9.926175E-05    9.926175E-05    9.926175E-05    9.926175E-05    9.926175E-05    9.926175E-05    9.926175E-05    9.926175E-05    9.926175E-05    9.926175E-05
   9.926175E-05    9.926175E-05    9.926175E-05    9.926175E-05    9.926175E-05    9.926175E-05    9.926175E-05    9.926175E-05    9.926175E-05    9.926175E-05    9.926175E-05    9.926175E-05    9.926175E-05    9.926175E-05    9.926175E-05    9.926175E-05    9.926175E-05    9.926175E-05    9.926175E-05    9.926175E-05
   9.926175E-05    9.926175E-05    9.926175E-05    9.926175E-05    9.926175E-05    9.926175E-05    9.926175E-05    9.926175E-05    9.926175E-05    9.926175E-05    9.926175E-05    9.926175E-05    9.926175E-05    9.926175E-05    9.926175E-05    9.926175E-05    9.926175E-05    9.926175E-05    9.926175E-05    9.926175E-05
   9.926175E-05    9.926175E-05    9.926175E-05    9.926175E-05    9.926175E-05    9.926175E-05    9.926175E-05    9.926175E-05    9.926175E-05    9.926175E-05    9.926175E-05    9.926175E-05    9.926175E-05    9.926175E-05    9.926175E-05    9.926175E-05    9.926175E-05    9.926175E-05    9.926175E-05    9.926175E-05
   9.926175E-05    9.926175E-05    9.926175E-05    9.926175E-05    9.926175E-05    9.926175E-05    9.926175E-05    9.926175E-05    9.926175E-05    9.926175E-05    9.926175E-05    9.926175E-05    9.926175E-05    9.926175E-05    9.926175E-05    9.926175E-05    9.926175E-05    9.926175E-05    9.926175E-05    9.926175E-05
   9.926175E-05    9.926175E-05    9.926175E-05    9.926175E-05    9.926175E-05    9.926175E-05    9.926175E-05    9.926175E-05    9.926175E-05    9.926175E-05    9.926175E-05    9.926175E-05    9.926175E-05    9.926175E-05    9.926175E-05    9.926175E-05    9.926175E-05    9.926175E-05    9.926175E-05    9.926175E-05
   9.926175E-05    9.926175E-05    9.926175E-05    9.926175E-05    9.926175E-05    9.926175E-05    9.926175E-05    9.926175E-05    9.926175E-05    9.926175E-05    9.926175E-05    9.926175E-05    9.926175E-05    9.926175E-05    9.926175E-05    9.926175E-05    9.926175E-05    9.926175E-05    9.926175E-05    9.926175E-05
   9.926175E-05    9.926175E-05    9.926175E-05    9.926175E-05    9.926175E-05    9.926175E-05    9.926175E-05    9.926175E-05    9.926175E-05    9.926175E-05    9.926175E-05    9.926175E-05    9.926175E-05    9.926175E-05    9.926175E-05    9.926175E-05    9.926175E-05    9.926175E-05    9.926175E-05    9.926175E-05
   9.926175E-05    9.926175E-05    9.926175E-05    9.926175E-05    9.926175E-05    9.926175E-05    9.926175E-05    9.926175E-05    9.926175E-05    9.926175E-05    9.926175E-05    9.926175E-05    9.926175E-05    9.926175E-05    9.926175E-05    9.926175E-05    9.926175E-05    9.926175E-05    9.926175E-05    9.926175E-05
   9.926175E-05    9.926175E-05    9.926175E-05    9.926175E-05    9.926175E-05    9.926175E-05    9.926175E-05    9.926175E-05    9.926175E-05    9.926175E-05    9.926175E-05    9.926175E-05    9.926175E-05    9.926175E-05    9.926175E-05    9.926175E-05    9.926175E-05    9.926175E-05    9.926175E-05    9.926175E-05
   9.926175E-05    9.926175E-05    9.926175E-05    9.926175E-05    9.926175E-05    9.926175E-05    9.926175E-05    9.926175E-05    9.926175E-05    9.926175E-05    9.926175E-05    9.926175E-05    9.926175E-05    9.926175E-05    9.926175E-05    9.926175E-05    9.926175E-05    9.926175E-05    9.926175E-05    9.926175E-05
   9.926175E-05    9.926175E-05    9.926175E-05    9.926175E-05    9.926175E-05    9.926175E-05    9.926175E-05    9.926175E-05    9.926175E-05    9.926175E-05    9.926175E-05    9.926175E-05    9.926175E-05    9.926175E-05    9.926175E-05    9.926175E-05    9.926175E-05    9.926175E-05    9.926175E-05    9.926175E-05
   9.926175E-05    9.926175E-05    9.926175E-05    9.926175E-05    9.926175E-05    9.926175E-05    9.926175E-05    9.926175E-05    9.926175E-05    9.926175E-05    9.926175E-05    9.926175E-05    9.926175E-05    9.926175E-05    9.926175E-05    9.926175E-05    9.926175E-05    9.926175E-05    9.926175E-05    9.926175E-05
   9.926175E-05    9.926175E-05    9.926175E-05    9.926175E-05    9.926175E-05    9.926175E-05    9.926175E-05    9.926175E-05    9.926175E-05    9.926175E-05    9.926175E-05    9.926175E-05    9.926175E-05    9.926175E-05    9.926175E-05    9.926175E-05    9.926175E-05    9.926175E-05    9.926175E-05    9.926175E-05
   9.926175E-05    9.926175E-05    9.926175E-05    9.926175E-05    9.926175E-05    9.926175E-05    9.926175E-05    9.926175E-05    9.926175E-05    9.926175E-05    9.926175E-05    9.926175E-05    9.926175E-05    9.926175E-05    9.926175E-05    9.926175E-05    9.926175E-05    9.926175E-05    9.926175E-05    9.926175E-05
   9.926175E-05    9.926175E-05    9.926175E-05    9.926175E-05    9.926175E-05    9.926175E-05    9.926175E-05    9.926175E-05    9.926175E-05    9.926175E-05    9.926175E-05    9.926175E-05    9.926175E-05    9.926175E-05    9.926175E-05    9.926175E-05    9.926175E-05    9.926175E-05    9.926175E-05    9.926175E-05
   9.926175E-05    9.926175E-05    9.926175E-05    9.926175E-05    9.926175E-05    9.926175E-05    9.926175E-05    9.926175E-05    9.926175E-05    9.926175E-05    9.926175E-05    9.926175E-05    9.926175E-05    9.926175E-05    9.926175E-05    9.926175E-05    9.926175E-05    9.926175E-05    9.926175E-05    9.926175E-05
   9.926175E-05    9.926175E-05    9.926175E-05    9.926175E-05    9.926175E-05    9.926175E-05    9.926175E-05    9.926175E-05    9.926175E-05    9.926175E-05    9.926175E-05    9.926175E-05    9.926175E-05    9.926175E-05    9.926175E-05    9.926175E-05    9.926175E-05    9.926175E-05    9.926175E-05    9.926175E-05
   9.926175E-05    9.926175E-05    9.926175E-05    9.926175E-05    9.926175E-05    9.926175E-05    9.926175E-05    9.926175E-05    9.926175E-05    9.926175E-05    9.926175E-05    9.926175E-05    9.926175E-05    9.926175E-05    9.926175E-05    9.926175E-05    9.926175E-05    9.926175E-05    9.926175E-05    9.926175E-05
   9.926175E-05    9.926175E-05    9.926175E-05    9.926175E-05    9.926175E-05    9.926175E-05    9.926175E-05    9.926175E-05    9.926175E-05    9.926175E-05    9.926175E-05    9.926175E-05    9.926175E-05    9.926175E-05    9.926175E-05    9.926175E-05    9.926175E-05    9.926175E-05    9.926175E-05    9.926175E-05
   9.926175E-05    9.926175E-05    9.926175E-05    9.926175E-05    9.926175E-05    9.926175E-05    9.926175E-05    9.926175E-05    9.926175E-05    9.926175E-05    9.926175E-05    9.926175E-05    9.926175E-05    9.926175E-05    9.926175E-05    9.926175E-05    9.926175E-05    9.926175E-05    9.926175E-05    9.926175E-05
   9.926175E-05    9.926175E-05    9.926175E-05    9.926175E-05    9.926175E-05    9.926175E-05    9.926175E-05    9.926175E-05    9.926175E-05    9.926175E-05    9.926175E-05    9.926175E-05    9.926175E-05    9.926175E-05    9.926175E-05    9.926175E-05    9.926175E-05    9.926175E-05    9.926175E-05    9.926175E-05
   9.926175E-05    9.926175E-05    9.926175E-05    9.926175E-05    9.926175E-05    9.926175E-05    9.926175E-05    9.926175E-05    9.926175E-05    9.926175E-05    9.926175E-05    9.926175E-05    9.926175E-05    9.926175E-05    9.926175E-05    9.926175E-05    9.926175E-05    9.926175E-05    9.926175E-05    9.926175E-05
   9.926175E-05    9.926175E-05    9.926175E-05    9.926175E-05    9.926175E-05    9.926175E-05    9.926175E-05    9.926175E-05    9.926175E-05    9.926175E-05    9.926175E-05    9.926175E-05    9.926175E-05    9.926175E-05    9.926175E-05    9.926175E-05    9.926175E-05    9.926175E-05    9.926175E-05    9.926175E-05
   9.926175E-05    9.926175E-05    9.926175E-05    9.926175E-05    9.926175E-05    9.926175E-05    9.926175E-05    9.926175E-05    9.926175E-05    9.926175E-05    9.926175E-05    9.926175E-05    9.926175E-05    9.926175E-05    9.926175E-05    9.926175E-05    9.926175E-05    9.926175E-05    9.926175E-05    9.926175E-05
