  1 120 16      33.50000000     23.3333
  1 120 17      33.50000000     23.3333
  1 120 18      33.50000000     23.3333
  1 120 19      33.50000000     23.3333
  1 120 20      33.50000000     23.3333
  1 120 21      33.50000000     23.3333
  1 120 22      33.50000000     23.3333
  1 120 23      33.50000000     23.3333
  1 120 24      33.50000000     23.3333
  1 120 25      33.50000000     23.3333
  1 120 26      33.50000000     23.3333
  1 120 27      33.50000000     23.3333
  1 120 28      33.50000000     23.3333
  1 120 29      33.50000000     23.3333
  1 120 30      33.50000000     23.3333
  1 120 31      33.50000000     23.3333
  1 120 32      33.50000000     23.3333
  1 120 33      33.50000000     23.3333
  1 120 34      33.50000000     23.3333
  1 120 35      33.50000000     23.3333
  1 120 36      33.50000000     23.3333
  1 120 37      33.50000000     23.3333
  1 120 38      33.50000000     23.3333
  1 120 39      33.50000000     23.3333
  1 120 40      33.50000000     23.3333
  1 120 41      33.50000000     23.3333
  1 120 42      33.50000000     23.3333
  1 120 43      33.50000000     23.3333
  1 120 44      33.50000000     23.3333
  1 120 45      33.50000000     23.3333
  1 120 46      33.50000000     23.3333
  1 120 47      33.50000000     23.3333
  1 120 48      33.50000000     23.3333
