7.714443999999999555e-05 7.714443999999999555e-05 7.714443999999999555e-05 7.714443999999999555e-05 7.714443999999999555e-05 7.714443999999999555e-05 7.714443999999999555e-05 7.714443999999999555e-05 7.714443999999999555e-05 7.714443999999999555e-05 7.714443999999999555e-05 7.714443999999999555e-05 7.714443999999999555e-05 7.714443999999999555e-05 7.714443999999999555e-05 7.714443999999999555e-05 7.714443999999999555e-05 7.714443999999999555e-05 7.714443999999999555e-05 7.714443999999999555e-05
7.714443999999999555e-05 7.714443999999999555e-05 7.714443999999999555e-05 7.714443999999999555e-05 7.714443999999999555e-05 7.714443999999999555e-05 7.714443999999999555e-05 7.714443999999999555e-05 7.714443999999999555e-05 7.714443999999999555e-05 7.714443999999999555e-05 7.714443999999999555e-05 7.714443999999999555e-05 7.714443999999999555e-05 7.714443999999999555e-05 7.714443999999999555e-05 7.714443999999999555e-05 7.714443999999999555e-05 7.714443999999999555e-05 7.714443999999999555e-05
7.714443999999999555e-05 7.714443999999999555e-05 7.714443999999999555e-05 7.714443999999999555e-05 7.714443999999999555e-05 7.714443999999999555e-05 7.714443999999999555e-05 7.714443999999999555e-05 7.714443999999999555e-05 7.714443999999999555e-05 7.714443999999999555e-05 7.714443999999999555e-05 7.714443999999999555e-05 7.714443999999999555e-05 7.714443999999999555e-05 7.714443999999999555e-05 7.714443999999999555e-05 7.714443999999999555e-05 7.714443999999999555e-05 7.714443999999999555e-05
7.714443999999999555e-05 7.714443999999999555e-05 7.714443999999999555e-05 7.714443999999999555e-05 7.714443999999999555e-05 7.714443999999999555e-05 7.714443999999999555e-05 7.714443999999999555e-05 7.714443999999999555e-05 7.714443999999999555e-05 7.714443999999999555e-05 7.714443999999999555e-05 7.714443999999999555e-05 7.714443999999999555e-05 7.714443999999999555e-05 7.714443999999999555e-05 7.714443999999999555e-05 7.714443999999999555e-05 7.714443999999999555e-05 7.714443999999999555e-05
7.714443999999999555e-05 7.714443999999999555e-05 7.714443999999999555e-05 7.714443999999999555e-05 7.714443999999999555e-05 7.714443999999999555e-05 7.714443999999999555e-05 7.714443999999999555e-05 7.714443999999999555e-05 7.714443999999999555e-05 7.714443999999999555e-05 7.714443999999999555e-05 7.714443999999999555e-05 7.714443999999999555e-05 7.714443999999999555e-05 7.714443999999999555e-05 7.714443999999999555e-05 7.714443999999999555e-05 7.714443999999999555e-05 7.714443999999999555e-05
7.714443999999999555e-05 7.714443999999999555e-05 7.714443999999999555e-05 7.714443999999999555e-05 7.714443999999999555e-05 7.714443999999999555e-05 7.714443999999999555e-05 7.714443999999999555e-05 7.714443999999999555e-05 7.714443999999999555e-05 7.714443999999999555e-05 7.714443999999999555e-05 7.714443999999999555e-05 7.714443999999999555e-05 7.714443999999999555e-05 7.714443999999999555e-05 7.714443999999999555e-05 7.714443999999999555e-05 7.714443999999999555e-05 7.714443999999999555e-05
7.714443999999999555e-05 7.714443999999999555e-05 7.714443999999999555e-05 7.714443999999999555e-05 7.714443999999999555e-05 7.714443999999999555e-05 7.714443999999999555e-05 7.714443999999999555e-05 7.714443999999999555e-05 7.714443999999999555e-05 7.714443999999999555e-05 7.714443999999999555e-05 7.714443999999999555e-05 7.714443999999999555e-05 7.714443999999999555e-05 7.714443999999999555e-05 7.714443999999999555e-05 7.714443999999999555e-05 7.714443999999999555e-05 7.714443999999999555e-05
7.714443999999999555e-05 7.714443999999999555e-05 7.714443999999999555e-05 7.714443999999999555e-05 7.714443999999999555e-05 7.714443999999999555e-05 7.714443999999999555e-05 7.714443999999999555e-05 7.714443999999999555e-05 7.714443999999999555e-05 7.714443999999999555e-05 7.714443999999999555e-05 7.714443999999999555e-05 7.714443999999999555e-05 7.714443999999999555e-05 7.714443999999999555e-05 7.714443999999999555e-05 7.714443999999999555e-05 7.714443999999999555e-05 7.714443999999999555e-05
7.714443999999999555e-05 7.714443999999999555e-05 7.714443999999999555e-05 7.714443999999999555e-05 7.714443999999999555e-05 7.714443999999999555e-05 7.714443999999999555e-05 7.714443999999999555e-05 7.714443999999999555e-05 7.714443999999999555e-05 7.714443999999999555e-05 7.714443999999999555e-05 7.714443999999999555e-05 7.714443999999999555e-05 7.714443999999999555e-05 7.714443999999999555e-05 7.714443999999999555e-05 7.714443999999999555e-05 7.714443999999999555e-05 7.714443999999999555e-05
7.714443999999999555e-05 7.714443999999999555e-05 7.714443999999999555e-05 7.714443999999999555e-05 7.714443999999999555e-05 7.714443999999999555e-05 7.714443999999999555e-05 7.714443999999999555e-05 7.714443999999999555e-05 7.714443999999999555e-05 7.714443999999999555e-05 7.714443999999999555e-05 7.714443999999999555e-05 7.714443999999999555e-05 7.714443999999999555e-05 7.714443999999999555e-05 7.714443999999999555e-05 7.714443999999999555e-05 7.714443999999999555e-05 7.714443999999999555e-05
7.714443999999999555e-05 7.714443999999999555e-05 7.714443999999999555e-05 7.714443999999999555e-05 7.714443999999999555e-05 7.714443999999999555e-05 7.714443999999999555e-05 7.714443999999999555e-05 7.714443999999999555e-05 7.714443999999999555e-05 7.714443999999999555e-05 7.714443999999999555e-05 7.714443999999999555e-05 7.714443999999999555e-05 7.714443999999999555e-05 7.714443999999999555e-05 7.714443999999999555e-05 7.714443999999999555e-05 7.714443999999999555e-05 7.714443999999999555e-05
7.714443999999999555e-05 7.714443999999999555e-05 7.714443999999999555e-05 7.714443999999999555e-05 7.714443999999999555e-05 7.714443999999999555e-05 7.714443999999999555e-05 7.714443999999999555e-05 7.714443999999999555e-05 7.714443999999999555e-05 7.714443999999999555e-05 7.714443999999999555e-05 7.714443999999999555e-05 7.714443999999999555e-05 7.714443999999999555e-05 7.714443999999999555e-05 7.714443999999999555e-05 7.714443999999999555e-05 7.714443999999999555e-05 7.714443999999999555e-05
7.714443999999999555e-05 7.714443999999999555e-05 7.714443999999999555e-05 7.714443999999999555e-05 7.714443999999999555e-05 7.714443999999999555e-05 7.714443999999999555e-05 7.714443999999999555e-05 7.714443999999999555e-05 7.714443999999999555e-05 7.714443999999999555e-05 7.714443999999999555e-05 7.714443999999999555e-05 7.714443999999999555e-05 7.714443999999999555e-05 7.714443999999999555e-05 7.714443999999999555e-05 7.714443999999999555e-05 7.714443999999999555e-05 7.714443999999999555e-05
7.714443999999999555e-05 7.714443999999999555e-05 7.714443999999999555e-05 7.714443999999999555e-05 7.714443999999999555e-05 7.714443999999999555e-05 7.714443999999999555e-05 7.714443999999999555e-05 7.714443999999999555e-05 7.714443999999999555e-05 7.714443999999999555e-05 7.714443999999999555e-05 7.714443999999999555e-05 7.714443999999999555e-05 7.714443999999999555e-05 7.714443999999999555e-05 7.714443999999999555e-05 7.714443999999999555e-05 7.714443999999999555e-05 7.714443999999999555e-05
7.714443999999999555e-05 7.714443999999999555e-05 7.714443999999999555e-05 7.714443999999999555e-05 7.714443999999999555e-05 7.714443999999999555e-05 7.714443999999999555e-05 7.714443999999999555e-05 7.714443999999999555e-05 7.714443999999999555e-05 7.714443999999999555e-05 7.714443999999999555e-05 7.714443999999999555e-05 7.714443999999999555e-05 7.714443999999999555e-05 7.714443999999999555e-05 7.714443999999999555e-05 7.714443999999999555e-05 7.714443999999999555e-05 7.714443999999999555e-05
7.714443999999999555e-05 7.714443999999999555e-05 7.714443999999999555e-05 7.714443999999999555e-05 7.714443999999999555e-05 7.714443999999999555e-05 7.714443999999999555e-05 7.714443999999999555e-05 7.714443999999999555e-05 7.714443999999999555e-05 7.714443999999999555e-05 7.714443999999999555e-05 7.714443999999999555e-05 7.714443999999999555e-05 7.714443999999999555e-05 7.714443999999999555e-05 7.714443999999999555e-05 7.714443999999999555e-05 7.714443999999999555e-05 7.714443999999999555e-05
7.714443999999999555e-05 7.714443999999999555e-05 7.714443999999999555e-05 7.714443999999999555e-05 7.714443999999999555e-05 7.714443999999999555e-05 7.714443999999999555e-05 7.714443999999999555e-05 7.714443999999999555e-05 7.714443999999999555e-05 7.714443999999999555e-05 7.714443999999999555e-05 7.714443999999999555e-05 7.714443999999999555e-05 7.714443999999999555e-05 7.714443999999999555e-05 7.714443999999999555e-05 7.714443999999999555e-05 7.714443999999999555e-05 7.714443999999999555e-05
7.714443999999999555e-05 7.714443999999999555e-05 7.714443999999999555e-05 7.714443999999999555e-05 7.714443999999999555e-05 7.714443999999999555e-05 7.714443999999999555e-05 7.714443999999999555e-05 7.714443999999999555e-05 7.714443999999999555e-05 7.714443999999999555e-05 7.714443999999999555e-05 7.714443999999999555e-05 7.714443999999999555e-05 7.714443999999999555e-05 7.714443999999999555e-05 7.714443999999999555e-05 7.714443999999999555e-05 7.714443999999999555e-05 7.714443999999999555e-05
7.714443999999999555e-05 7.714443999999999555e-05 7.714443999999999555e-05 7.714443999999999555e-05 7.714443999999999555e-05 7.714443999999999555e-05 7.714443999999999555e-05 7.714443999999999555e-05 7.714443999999999555e-05 7.714443999999999555e-05 7.714443999999999555e-05 7.714443999999999555e-05 7.714443999999999555e-05 7.714443999999999555e-05 7.714443999999999555e-05 7.714443999999999555e-05 7.714443999999999555e-05 7.714443999999999555e-05 7.714443999999999555e-05 7.714443999999999555e-05
7.714443999999999555e-05 7.714443999999999555e-05 7.714443999999999555e-05 7.714443999999999555e-05 7.714443999999999555e-05 7.714443999999999555e-05 7.714443999999999555e-05 7.714443999999999555e-05 7.714443999999999555e-05 7.714443999999999555e-05 7.714443999999999555e-05 7.714443999999999555e-05 7.714443999999999555e-05 7.714443999999999555e-05 7.714443999999999555e-05 7.714443999999999555e-05 7.714443999999999555e-05 7.714443999999999555e-05 7.714443999999999555e-05 7.714443999999999555e-05
7.714443999999999555e-05 7.714443999999999555e-05 7.714443999999999555e-05 7.714443999999999555e-05 7.714443999999999555e-05 7.714443999999999555e-05 7.714443999999999555e-05 7.714443999999999555e-05 7.714443999999999555e-05 7.714443999999999555e-05 7.714443999999999555e-05 7.714443999999999555e-05 7.714443999999999555e-05 7.714443999999999555e-05 7.714443999999999555e-05 7.714443999999999555e-05 7.714443999999999555e-05 7.714443999999999555e-05 7.714443999999999555e-05 7.714443999999999555e-05
7.714443999999999555e-05 7.714443999999999555e-05 7.714443999999999555e-05 7.714443999999999555e-05 7.714443999999999555e-05 7.714443999999999555e-05 7.714443999999999555e-05 7.714443999999999555e-05 7.714443999999999555e-05 7.714443999999999555e-05 7.714443999999999555e-05 7.714443999999999555e-05 7.714443999999999555e-05 7.714443999999999555e-05 7.714443999999999555e-05 7.714443999999999555e-05 7.714443999999999555e-05 7.714443999999999555e-05 7.714443999999999555e-05 7.714443999999999555e-05
7.714443999999999555e-05 7.714443999999999555e-05 7.714443999999999555e-05 7.714443999999999555e-05 7.714443999999999555e-05 7.714443999999999555e-05 7.714443999999999555e-05 7.714443999999999555e-05 7.714443999999999555e-05 7.714443999999999555e-05 7.714443999999999555e-05 7.714443999999999555e-05 7.714443999999999555e-05 7.714443999999999555e-05 7.714443999999999555e-05 7.714443999999999555e-05 7.714443999999999555e-05 7.714443999999999555e-05 7.714443999999999555e-05 7.714443999999999555e-05
7.714443999999999555e-05 7.714443999999999555e-05 7.714443999999999555e-05 7.714443999999999555e-05 7.714443999999999555e-05 7.714443999999999555e-05 7.714443999999999555e-05 7.714443999999999555e-05 7.714443999999999555e-05 7.714443999999999555e-05 7.714443999999999555e-05 7.714443999999999555e-05 7.714443999999999555e-05 7.714443999999999555e-05 7.714443999999999555e-05 7.714443999999999555e-05 7.714443999999999555e-05 7.714443999999999555e-05 7.714443999999999555e-05 7.714443999999999555e-05
7.714443999999999555e-05 7.714443999999999555e-05 7.714443999999999555e-05 7.714443999999999555e-05 7.714443999999999555e-05 7.714443999999999555e-05 7.714443999999999555e-05 7.714443999999999555e-05 7.714443999999999555e-05 7.714443999999999555e-05 7.714443999999999555e-05 7.714443999999999555e-05 7.714443999999999555e-05 7.714443999999999555e-05 7.714443999999999555e-05 7.714443999999999555e-05 7.714443999999999555e-05 7.714443999999999555e-05 7.714443999999999555e-05 7.714443999999999555e-05
7.714443999999999555e-05 7.714443999999999555e-05 7.714443999999999555e-05 7.714443999999999555e-05 7.714443999999999555e-05 7.714443999999999555e-05 7.714443999999999555e-05 7.714443999999999555e-05 7.714443999999999555e-05 7.714443999999999555e-05 7.714443999999999555e-05 7.714443999999999555e-05 7.714443999999999555e-05 7.714443999999999555e-05 7.714443999999999555e-05 7.714443999999999555e-05 7.714443999999999555e-05 7.714443999999999555e-05 7.714443999999999555e-05 7.714443999999999555e-05
7.714443999999999555e-05 7.714443999999999555e-05 7.714443999999999555e-05 7.714443999999999555e-05 7.714443999999999555e-05 7.714443999999999555e-05 7.714443999999999555e-05 7.714443999999999555e-05 7.714443999999999555e-05 7.714443999999999555e-05 7.714443999999999555e-05 7.714443999999999555e-05 7.714443999999999555e-05 7.714443999999999555e-05 7.714443999999999555e-05 7.714443999999999555e-05 7.714443999999999555e-05 7.714443999999999555e-05 7.714443999999999555e-05 7.714443999999999555e-05
7.714443999999999555e-05 7.714443999999999555e-05 7.714443999999999555e-05 7.714443999999999555e-05 7.714443999999999555e-05 7.714443999999999555e-05 7.714443999999999555e-05 7.714443999999999555e-05 7.714443999999999555e-05 7.714443999999999555e-05 7.714443999999999555e-05 7.714443999999999555e-05 7.714443999999999555e-05 7.714443999999999555e-05 7.714443999999999555e-05 7.714443999999999555e-05 7.714443999999999555e-05 7.714443999999999555e-05 7.714443999999999555e-05 7.714443999999999555e-05
7.714443999999999555e-05 7.714443999999999555e-05 7.714443999999999555e-05 7.714443999999999555e-05 7.714443999999999555e-05 7.714443999999999555e-05 7.714443999999999555e-05 7.714443999999999555e-05 7.714443999999999555e-05 7.714443999999999555e-05 7.714443999999999555e-05 7.714443999999999555e-05 7.714443999999999555e-05 7.714443999999999555e-05 7.714443999999999555e-05 7.714443999999999555e-05 7.714443999999999555e-05 7.714443999999999555e-05 7.714443999999999555e-05 7.714443999999999555e-05
7.714443999999999555e-05 7.714443999999999555e-05 7.714443999999999555e-05 7.714443999999999555e-05 7.714443999999999555e-05 7.714443999999999555e-05 7.714443999999999555e-05 7.714443999999999555e-05 7.714443999999999555e-05 7.714443999999999555e-05 7.714443999999999555e-05 7.714443999999999555e-05 7.714443999999999555e-05 7.714443999999999555e-05 7.714443999999999555e-05 7.714443999999999555e-05 7.714443999999999555e-05 7.714443999999999555e-05 7.714443999999999555e-05 7.714443999999999555e-05
7.714443999999999555e-05 7.714443999999999555e-05 7.714443999999999555e-05 7.714443999999999555e-05 7.714443999999999555e-05 7.714443999999999555e-05 7.714443999999999555e-05 7.714443999999999555e-05 7.714443999999999555e-05 7.714443999999999555e-05 7.714443999999999555e-05 7.714443999999999555e-05 7.714443999999999555e-05 7.714443999999999555e-05 7.714443999999999555e-05 7.714443999999999555e-05 7.714443999999999555e-05 7.714443999999999555e-05 7.714443999999999555e-05 7.714443999999999555e-05
7.714443999999999555e-05 7.714443999999999555e-05 7.714443999999999555e-05 7.714443999999999555e-05 7.714443999999999555e-05 7.714443999999999555e-05 7.714443999999999555e-05 7.714443999999999555e-05 7.714443999999999555e-05 7.714443999999999555e-05 7.714443999999999555e-05 7.714443999999999555e-05 7.714443999999999555e-05 7.714443999999999555e-05 7.714443999999999555e-05 7.714443999999999555e-05 7.714443999999999555e-05 7.714443999999999555e-05 7.714443999999999555e-05 7.714443999999999555e-05
7.714443999999999555e-05 7.714443999999999555e-05 7.714443999999999555e-05 7.714443999999999555e-05 7.714443999999999555e-05 7.714443999999999555e-05 7.714443999999999555e-05 7.714443999999999555e-05 7.714443999999999555e-05 7.714443999999999555e-05 7.714443999999999555e-05 7.714443999999999555e-05 7.714443999999999555e-05 7.714443999999999555e-05 7.714443999999999555e-05 7.714443999999999555e-05 7.714443999999999555e-05 7.714443999999999555e-05 7.714443999999999555e-05 7.714443999999999555e-05
7.714443999999999555e-05 7.714443999999999555e-05 7.714443999999999555e-05 7.714443999999999555e-05 7.714443999999999555e-05 7.714443999999999555e-05 7.714443999999999555e-05 7.714443999999999555e-05 7.714443999999999555e-05 7.714443999999999555e-05 7.714443999999999555e-05 7.714443999999999555e-05 7.714443999999999555e-05 7.714443999999999555e-05 7.714443999999999555e-05 7.714443999999999555e-05 7.714443999999999555e-05 7.714443999999999555e-05 7.714443999999999555e-05 7.714443999999999555e-05
7.714443999999999555e-05 7.714443999999999555e-05 7.714443999999999555e-05 7.714443999999999555e-05 7.714443999999999555e-05 7.714443999999999555e-05 7.714443999999999555e-05 7.714443999999999555e-05 7.714443999999999555e-05 7.714443999999999555e-05 7.714443999999999555e-05 7.714443999999999555e-05 7.714443999999999555e-05 7.714443999999999555e-05 7.714443999999999555e-05 7.714443999999999555e-05 7.714443999999999555e-05 7.714443999999999555e-05 7.714443999999999555e-05 7.714443999999999555e-05
7.714443999999999555e-05 7.714443999999999555e-05 7.714443999999999555e-05 7.714443999999999555e-05 7.714443999999999555e-05 7.714443999999999555e-05 7.714443999999999555e-05 7.714443999999999555e-05 7.714443999999999555e-05 7.714443999999999555e-05 7.714443999999999555e-05 7.714443999999999555e-05 7.714443999999999555e-05 7.714443999999999555e-05 7.714443999999999555e-05 7.714443999999999555e-05 7.714443999999999555e-05 7.714443999999999555e-05 7.714443999999999555e-05 7.714443999999999555e-05
7.714443999999999555e-05 7.714443999999999555e-05 7.714443999999999555e-05 7.714443999999999555e-05 7.714443999999999555e-05 7.714443999999999555e-05 7.714443999999999555e-05 7.714443999999999555e-05 7.714443999999999555e-05 7.714443999999999555e-05 7.714443999999999555e-05 7.714443999999999555e-05 7.714443999999999555e-05 7.714443999999999555e-05 7.714443999999999555e-05 7.714443999999999555e-05 7.714443999999999555e-05 7.714443999999999555e-05 7.714443999999999555e-05 7.714443999999999555e-05
7.714443999999999555e-05 7.714443999999999555e-05 7.714443999999999555e-05 7.714443999999999555e-05 7.714443999999999555e-05 7.714443999999999555e-05 7.714443999999999555e-05 7.714443999999999555e-05 7.714443999999999555e-05 7.714443999999999555e-05 7.714443999999999555e-05 7.714443999999999555e-05 7.714443999999999555e-05 7.714443999999999555e-05 7.714443999999999555e-05 7.714443999999999555e-05 7.714443999999999555e-05 7.714443999999999555e-05 7.714443999999999555e-05 7.714443999999999555e-05
7.714443999999999555e-05 7.714443999999999555e-05 7.714443999999999555e-05 7.714443999999999555e-05 7.714443999999999555e-05 7.714443999999999555e-05 7.714443999999999555e-05 7.714443999999999555e-05 7.714443999999999555e-05 7.714443999999999555e-05 7.714443999999999555e-05 7.714443999999999555e-05 7.714443999999999555e-05 7.714443999999999555e-05 7.714443999999999555e-05 7.714443999999999555e-05 7.714443999999999555e-05 7.714443999999999555e-05 7.714443999999999555e-05 7.714443999999999555e-05
7.714443999999999555e-05 7.714443999999999555e-05 7.714443999999999555e-05 7.714443999999999555e-05 7.714443999999999555e-05 7.714443999999999555e-05 7.714443999999999555e-05 7.714443999999999555e-05 7.714443999999999555e-05 7.714443999999999555e-05 7.714443999999999555e-05 7.714443999999999555e-05 7.714443999999999555e-05 7.714443999999999555e-05 7.714443999999999555e-05 7.714443999999999555e-05 7.714443999999999555e-05 7.714443999999999555e-05 7.714443999999999555e-05 7.714443999999999555e-05
