   2.000000E-05   3.641358E-05   5.103058E-05   2.000000E-05   2.000000E-05   2.000000E-05   2.063297E-05   2.000000E-05   2.000000E-05   2.000000E-05   2.000000E-05   7.324251E-05   2.000000E-05   2.000000E-05   6.137900E-05   2.000000E-05   2.000000E-05   2.000000E-05   3.205967E-05   2.000000E-05
   2.000000E-05   2.000000E-05   4.111800E-05   2.000000E-05   3.646091E-05   2.000000E-05   2.000000E-05   2.000000E-05   2.000000E-05   2.000000E-05   2.031573E-05   2.178108E-05   2.036869E-05   4.675612E-05   2.000000E-05   2.516230E-05   2.000000E-05   2.000000E-05   2.000000E-05   2.000000E-05
   2.000000E-05   2.998847E-05   2.000000E-05   3.598557E-05   2.000000E-05   7.188408E-05   2.000000E-05   2.314197E-05   2.000000E-05   2.000000E-05   2.000000E-05   2.069645E-05   2.000000E-05   2.000000E-05   2.000000E-05   3.233465E-05   3.005815E-05   2.000000E-05   2.000000E-05   9.774007E-05
   2.000000E-05   5.889426E-05   2.000000E-05   2.019709E-05   2.000000E-05   6.125294E-05   2.000000E-05   7.164231E-05   2.000000E-05   2.000000E-05   2.000000E-05   2.000000E-05   2.000000E-05   2.222074E-05   2.619208E-05   3.612471E-05   3.161492E-05   3.556349E-05   2.130508E-05   2.247464E-05
   2.000000E-05   2.132942E-05   2.000000E-05   8.115296E-05   8.011433E-05   6.208193E-05   2.000000E-05   2.000000E-05   2.000000E-05   2.000000E-05   2.000000E-05   2.000000E-05   2.000000E-05   2.000000E-05   2.904304E-05   3.225236E-05   2.000000E-05   3.785200E-05   2.174653E-05   1.066004E-04
   6.646985E-05   3.858306E-05   2.000000E-05   2.000000E-05   2.889137E-05   6.571467E-05   5.431966E-05   2.186720E-05   2.037260E-05   2.070900E-05   2.000000E-05   2.000000E-05   3.974504E-05   2.000000E-05   2.000000E-05   2.000000E-05   2.000000E-05   2.000000E-05   2.092531E-05   2.000000E-05
   3.565298E-05   3.624991E-05   2.795074E-05   4.433849E-05   5.831976E-05   1.433899E-04   4.993982E-05   3.693515E-05   2.081892E-05   2.000000E-05   2.000000E-05   2.000000E-05   2.899814E-05   2.000000E-05   5.271033E-05   2.934458E-05   3.958394E-05   9.690924E-05   2.000000E-05   2.000000E-05
   2.000000E-05   2.000000E-05   3.765205E-05   2.620874E-05   2.000000E-05   2.000000E-05   3.380230E-05   6.206057E-05   2.000000E-05   2.315533E-05   3.437060E-05   4.722633E-05   6.183415E-05   6.455257E-05   3.330808E-05   2.000000E-05   3.852090E-05   2.000000E-05   2.802716E-05   2.538333E-05
   5.388634E-05   1.879490E-04   4.033905E-05   2.000000E-05   2.336357E-05   2.336357E-05   2.336357E-05   2.037797E-05   2.420677E-05   2.000000E-05   2.000000E-05   2.372746E-05   3.061712E-05   2.000000E-05   2.531824E-05   2.000000E-05   2.000000E-05   2.495384E-05   7.700947E-05   2.000000E-05
   3.482955E-05   5.190473E-05   2.271204E-05   6.248290E-05   2.336357E-05   2.336357E-05   2.336357E-05   2.336357E-05   2.000000E-05   2.000000E-05   2.000000E-05   3.205033E-05   5.062459E-05   2.325384E-05   2.000000E-05   2.000000E-05   9.370911E-05   2.000000E-05   2.702237E-05   3.254624E-05
   2.732031E-05   2.000000E-04   7.096836E-05   6.134205E-05   2.336357E-05   2.336357E-05   2.336357E-05   2.336357E-05   2.000000E-05   2.485343E-05   3.718034E-05   2.000000E-05   2.000000E-05   2.000000E-05   2.000000E-05   2.000000E-05   2.564739E-05   2.000000E-05   2.000000E-05   2.321651E-05
   2.000000E-05   2.232108E-05   2.000000E-05   1.372463E-04   2.336357E-05   2.336357E-05   2.336357E-05   2.336357E-05   3.519734E-05   2.000000E-05   2.184856E-05   2.094940E-05   2.222762E-05   2.000000E-05   4.612222E-05   4.699269E-05   5.901192E-05   2.462267E-05   2.000000E-05   7.002807E-05
   5.714370E-05   9.976119E-05   2.000000E-05   2.204075E-05   2.336357E-05   2.336357E-05   2.336357E-05   2.336357E-05   2.000000E-05   9.236918E-05   1.320847E-04   2.032276E-05   2.000000E-05   2.000000E-05   2.000000E-05   2.000000E-05   2.511113E-05   2.000000E-05   2.905263E-05   4.133201E-05
   2.000000E-05   2.000000E-05   2.000000E-05   2.000000E-05   2.336357E-05   2.336357E-05   2.336357E-05   2.336357E-05   4.895149E-05   5.733631E-05   2.000000E-05   2.000000E-05   2.000000E-05   2.534347E-05   2.000000E-05   2.000000E-05   2.000000E-05   2.000000E-05   2.374457E-05   2.000000E-05
   2.000000E-05   2.000000E-05   2.000000E-05   2.000000E-05   2.336357E-05   2.336357E-05   2.336357E-05   2.336357E-05   2.686953E-05   3.663816E-05   2.000000E-04   7.092540E-05   2.000000E-05   2.780360E-05   2.000000E-05   2.000000E-05   2.000000E-05   5.943814E-05   2.000000E-05   2.000000E-05
   5.567305E-05   2.000000E-05   2.000000E-05   3.132929E-05   2.336357E-05   2.336357E-05   2.336357E-05   2.336357E-05   2.252022E-05   5.817423E-05   2.000000E-05   3.833736E-05   2.000000E-05   2.000000E-05   2.000000E-05   2.000000E-05   2.000000E-05   2.000000E-05   2.000000E-05   2.000000E-05
   2.960511E-05   2.000000E-05   2.000000E-05   2.536840E-05   2.336357E-05   2.336357E-05   2.336357E-05   2.336357E-05   2.000000E-05   2.523800E-05   2.704179E-05   2.000000E-05   8.023848E-05   2.000000E-05   2.000000E-05   4.473226E-05   2.000000E-05   2.000000E-05   2.871151E-05   8.486720E-05
   9.489624E-05   2.498848E-05   2.000000E-05   2.000000E-05   2.336357E-05   2.336357E-05   2.336357E-05   2.336357E-05   3.088202E-05   2.000000E-05   3.602882E-05   4.479269E-05   2.000000E-05   3.837588E-05   2.140456E-05   2.000000E-05   2.000000E-05   2.000000E-05   3.511953E-05   2.932095E-05
   4.604407E-05   2.000000E-05   4.888180E-05   2.672534E-05   2.336357E-05   2.336357E-05   2.336357E-05   2.336357E-05   2.069168E-05   2.000000E-05   2.000000E-05   2.000000E-05   2.876474E-05   5.265720E-05   8.151018E-05   2.000000E-05   2.000000E-05   5.542851E-05   2.000000E-05   2.000000E-05
   2.000000E-05   5.363905E-05   2.000000E-05   2.000000E-05   2.336357E-05   2.336357E-05   2.336357E-05   2.336357E-05   2.253367E-05   2.000000E-05   2.000000E-05   6.157944E-05   2.755418E-05   2.000000E-05   2.000000E-05   6.983837E-05   9.845369E-05   2.314415E-05   2.252580E-05   2.000000E-05
   2.000000E-05   7.650728E-05   3.017108E-05   2.211822E-05   2.336357E-05   2.336357E-05   2.336357E-05   2.336357E-05   2.000000E-05   2.000000E-05   2.000000E-05   2.000000E-05   6.479363E-05   2.000000E-05   2.000000E-05   2.000000E-05   5.328808E-05   2.000000E-05   2.000000E-05   2.000000E-05
   2.443906E-05   2.000000E-05   2.000000E-05   3.153416E-05   2.336357E-05   2.336357E-05   2.000000E-05   2.000000E-05   3.497220E-05   2.000000E-05   2.285569E-05   2.000000E-05   2.000000E-05   2.137552E-05   2.000000E-05   2.000000E-05   2.000000E-05   2.000000E-05   2.000000E-05   4.325462E-05
   2.417318E-05   7.256352E-05   2.430918E-05   4.399666E-05   2.000000E-05   2.336357E-05   2.083216E-05   2.000000E-05   3.715669E-05   2.000000E-05   2.000000E-05   4.041429E-05   2.000000E-05   2.818373E-05   2.000000E-05   2.000000E-05   3.792757E-05   3.818492E-05   2.000000E-05   2.389702E-05
   2.000000E-05   2.000000E-05   2.082530E-05   2.479780E-05   4.285524E-05   1.104401E-04   2.734802E-05   2.169985E-05   2.000000E-05   2.000000E-05   2.000000E-05   8.240314E-05   2.000000E-05   2.000000E-05   2.000000E-05   4.823391E-05   3.249697E-05   4.226402E-05   2.000000E-05   2.000000E-05
   2.000000E-05   2.789198E-05   2.000000E-05   2.913257E-05   3.561343E-05   2.000000E-05   2.000000E-05   3.614410E-05   2.000000E-05   4.869531E-05   4.412228E-05   4.738440E-05   2.000000E-05   2.000000E-05   3.325746E-05   2.841770E-05   2.000000E-05   2.000000E-05   2.623547E-05   3.307014E-05
   2.000000E-05   3.798166E-05   2.304316E-05   2.204392E-05   2.000000E-05   2.760044E-05   3.708156E-05   2.000000E-05   2.000000E-05   2.000000E-05   2.000000E-05   2.000000E-05   8.044279E-05   9.156607E-05   2.744227E-05   6.241442E-05   2.000000E-05   2.529939E-05   2.000000E-05   2.181737E-05
   2.000000E-05   2.589255E-05   2.000000E-05   2.000000E-05   2.000000E-05   2.000000E-05   2.000000E-05   2.463510E-05   3.701234E-05   2.118396E-05   6.404191E-05   3.020084E-05   2.897096E-05   5.211200E-05   5.485033E-05   2.000000E-05   2.000000E-05   3.896084E-05   8.287674E-05   2.798883E-05
   2.000000E-05   2.687115E-05   4.232972E-05   4.486650E-05   6.184137E-05   3.803130E-05   2.275864E-05   2.443188E-05   2.000000E-05   4.420439E-05   2.000000E-05   2.097225E-05   2.000000E-05   2.000000E-05   3.567398E-05   2.000000E-05   2.000000E-05   4.286411E-05   2.630011E-05   2.000000E-05
   2.000000E-05   2.103788E-05   2.000000E-05   2.000000E-05   2.644770E-05   5.910945E-05   2.086094E-05   4.944765E-05   2.000000E-05   2.000000E-05   2.115774E-05   2.000000E-05   2.346928E-05   4.067046E-05   4.397885E-05   3.734928E-05   2.000000E-05   6.031692E-05   9.017721E-05   3.843898E-05
   4.005387E-05   3.233814E-05   2.000000E-05   2.000000E-05   2.000000E-05   1.036468E-04   1.041172E-04   4.202042E-05   2.000000E-05   2.000000E-05   2.000000E-05   2.000000E-05   2.911820E-05   3.592365E-05   5.614738E-05   2.000000E-05   3.216408E-05   4.347008E-05   3.711249E-05   2.146440E-05
   2.021703E-05   2.000000E-05   2.000000E-05   2.136997E-05   2.000000E-05   5.373126E-05   3.841170E-05   2.000000E-05   2.000000E-05   2.238598E-05   2.000000E-05   2.000000E-05   2.000000E-05   4.071675E-05   1.626665E-04   2.000000E-05   2.000000E-05   5.253779E-05   2.000000E-05   2.000000E-05
   2.298170E-05   4.683168E-05   2.366285E-05   2.020396E-05   2.084765E-05   3.468151E-05   2.000000E-05   2.000000E-05   2.000000E-05   2.000000E-05   2.000000E-05   2.000000E-05   2.000000E-05   3.398646E-05   4.366923E-05   5.611473E-05   2.452886E-05   2.426358E-05   4.500599E-05   2.981100E-05
   2.336357E-05   2.000000E-05   2.000000E-05   2.000000E-05   2.000000E-05   2.653086E-05   2.032587E-05   2.819680E-05   2.721768E-05   2.000000E-05   2.000000E-05   2.000000E-05   2.000000E-05   2.000000E-05   8.328289E-05   2.000000E-05   2.000000E-05   3.622408E-05   2.000000E-05   2.000000E-05
   2.336357E-05   2.336357E-05   2.000000E-05   2.000000E-05   2.267225E-05   2.000000E-05   2.281928E-05   2.614373E-05   2.000000E-05   2.501273E-05   2.000000E-05   2.000000E-05   5.012317E-05   2.000000E-05   2.000000E-05   2.314126E-05   7.932697E-05   2.991632E-05   3.203510E-05   2.000000E-05
   2.336357E-05   2.336357E-05   2.336357E-05   2.000000E-05   2.816382E-05   2.000000E-05   2.000000E-05   2.000000E-05   2.000000E-05   2.000000E-05   2.000000E-05   2.000000E-05   2.512331E-05   2.000000E-05   4.829817E-05   2.000000E-05   2.000000E-05   3.445305E-05   6.885120E-05   2.000000E-05
   2.336357E-05   2.336357E-05   2.336357E-05   2.336357E-05   8.456432E-05   2.026107E-05   2.000000E-05   4.256426E-05   2.000000E-05   2.000000E-05   2.000000E-05   2.000000E-05   2.000000E-05   2.099598E-05   2.658100E-05   3.601744E-05   2.134738E-05   5.279803E-05   2.339512E-05   2.336357E-05
   2.336357E-05   2.336357E-05   2.336357E-05   2.336357E-05   3.598642E-05   4.242041E-05   2.000000E-05   2.000000E-05   2.749250E-05   2.000000E-05   2.000000E-05   2.000000E-05   2.000000E-05   2.000000E-05   2.427566E-05   2.000000E-05   2.000000E-05   3.235123E-05   3.508165E-05   2.336357E-05
   2.336357E-05   2.336357E-05   2.336357E-05   2.336357E-05   2.336357E-05   4.242551E-05   4.807894E-05   2.502764E-05   2.667224E-05   2.000000E-05   2.000000E-05   2.000000E-05   2.000000E-05   4.545378E-05   2.000000E-05   2.000000E-05   3.387429E-05   2.000000E-05   2.336357E-05   2.336357E-05
   2.336357E-05   2.336357E-05   2.336357E-05   2.336357E-05   2.336357E-05   4.062091E-05   2.000000E-05   2.000000E-05   3.107178E-05   2.000000E-05   2.000000E-05   2.000000E-05   2.000000E-05   7.142838E-05   3.792132E-05   3.098954E-05   2.000000E-05   2.336357E-05   2.336357E-05   2.336357E-05
   2.336357E-05   2.336357E-05   2.336357E-05   2.336357E-05   2.336357E-05   3.932991E-05   2.000000E-05   3.000769E-05   3.639053E-05   2.093310E-05   4.706965E-05   2.000000E-05   5.234563E-05   2.000000E-05   5.038801E-05   2.000000E-05   2.336357E-05   2.336357E-05   2.336357E-05   2.336357E-05
