   6.461988E-01   4.656283E-01   4.457251E-01   7.801310E-01   4.288295E-01   1.080802E+00   7.985282E-01   1.121338E+00   2.403066E-01   1.018012E+00   1.545092E-01   1.723688E-01   1.963195E+00   2.789911E+00   4.085570E-01   5.238990E-01   7.050309E-01   1.638591E+00   2.536673E-01   4.022928E+00
   1.545777E+00   1.170236E+00   1.592748E+00   1.455292E-01   9.306114E-01   1.159515E+00   6.191941E-01   2.824893E-01   3.194298E+00   1.394067E-01   1.053171E+00   1.162470E+00   4.426624E-01   1.133689E+00   2.028408E-01   4.461924E-01   5.361020E-01   1.738409E+00   4.831521E-01   3.018970E+00
   1.448327E+00   7.727569E-01   4.357822E-01   6.673584E-01   2.229060E-01   7.866001E-01   5.757872E-01   6.072190E-01   3.003829E-01   1.554751E-01   1.385058E-01   1.122667E-01   2.504472E-01   1.904900E-01   6.124193E-01   8.204772E-01   2.528171E-01   1.507532E-01   1.248982E+00   1.501591E+00
   5.040422E-01   1.918600E+00   2.177319E+00   1.646653E+00   1.430872E+00   8.858890E-01   6.863381E-01   2.298218E+00   1.387789E+00   6.143617E-01   7.402226E-01   9.811603E-01   1.750079E-01   1.787040E-01   9.034450E-01   1.104581E+00   4.491554E-01   1.244724E+00   1.721869E+00   2.379508E-01
   1.825158E+00   2.816324E+00   2.897912E+00   2.366433E+00   9.964118E-01   5.336283E-01   8.411142E-01   5.014677E-01   2.960150E-01   5.618293E-01   1.703202E+00   1.885348E-01   1.012111E+00   4.916124E-01   1.658543E+00   1.756769E+00   3.532427E-01   2.394344E+00   2.200616E+00   9.624624E-01
   1.834150E+00   3.073810E+00   1.104647E+00   4.532882E-01   4.153143E-01   1.252461E+00   1.277493E+00   4.037114E-01   6.003092E-01   4.052335E+00   7.360443E-01   5.363183E-01   2.314722E+00   4.289158E-01   3.866982E-01   6.380759E-01   3.889011E-01   9.202043E-01   2.245202E-01   4.057300E-01
   2.079816E+00   4.275084E+00   8.308158E-01   5.979687E+00   1.177122E+00   2.684972E+00   2.368758E-01   6.593909E-01   9.401875E-01   7.557194E-01   1.149518E+00   8.827524E-01   4.727926E+00   1.937613E+00   1.278016E+00   5.701035E+00   3.490076E-01   5.787449E-01   2.640440E+00   8.040148E-01
   2.538604E+00   1.017813E+00   2.696565E-01   1.099456E+00   7.110012E-01   1.415572E+00   7.209599E-01   3.635492E-01   2.444546E+00   8.050157E-01   2.486705E+00   8.196250E-01   2.703371E-01   1.428347E+00   3.953523E+00   1.358258E+00   4.545774E+00   3.317594E+00   7.826981E-01   5.801118E+00
   8.990926E-01   1.018388E+00   2.421092E+00   2.515055E+00   3.000000E-01   3.000000E-01   3.000000E-01   1.279274E+00   8.620130E-01   7.266981E-01   3.091435E-01   1.209164E+00   1.686167E+00   8.545660E+00   7.454936E+00   8.092459E+00   2.330813E+00   4.527270E+00   1.847334E+00   2.072422E+00
   1.103798E+00   1.161955E+00   2.750013E-01   2.604887E-01   3.000000E-01   3.000000E-01   3.000000E-01   3.000000E-01   1.013446E+00   1.452802E+00   2.912414E+00   2.398333E-01   3.371529E+00   8.010976E+00   6.245037E+00   3.146878E+00   2.509702E+00   6.449532E-01   5.168207E-01   9.041704E-01
   1.157107E+00   1.345014E+00   1.295715E-01   2.806252E-01   3.000000E-01   3.000000E-01   3.000000E-01   3.000000E-01   1.773599E+00   7.309122E-01   1.496389E+00   3.062795E+00   7.166533E-01   2.289577E+00   6.915031E+00   6.113328E-01   7.103334E-01   5.068453E-01   2.943778E-01   3.916281E-01
   1.812832E+00   1.366764E+00   5.948974E-01   4.962942E-01   3.000000E-01   3.000000E-01   3.000000E-01   3.000000E-01   4.974164E+00   4.411518E-01   2.387924E-01   3.031542E+00   1.081993E+00   2.968375E-01   9.795388E-01   2.992293E+00   1.043651E+00   7.489708E-01   3.374072E+00   1.218186E+00
   2.692584E-01   9.371426E-01   1.416356E+00   3.625541E-01   3.000000E-01   3.000000E-01   3.000000E-01   3.000000E-01   1.139062E+00   1.697301E+00   1.109651E+00   4.436632E+00   1.694789E+00   3.133258E-01   7.193922E-01   3.570832E-01   2.397000E+00   1.364375E+00   1.527071E+00   9.769977E-01
   7.674548E-01   1.494466E+00   6.739824E-01   1.427218E+00   3.000000E-01   3.000000E-01   3.000000E-01   3.000000E-01   2.309632E+00   1.924348E+00   4.840174E+00   1.881605E+00   8.349350E-01   2.961613E-01   9.378546E-01   1.064648E+00   5.536294E-01   3.406674E-01   2.029213E+00   5.129710E-01
   1.480099E+00   1.057084E+00   8.419452E-01   1.286185E+00   3.000000E-01   3.000000E-01   3.000000E-01   3.000000E-01   4.370982E+00   4.544189E+00   1.224479E+00   1.832183E+00   4.091754E-01   9.377993E-01   3.703610E-01   9.697202E-01   1.454471E-01   1.387795E+00   1.300657E+00   2.270764E+00
   8.247876E-01   4.569093E-01   1.336579E+00   1.944297E+00   3.000000E-01   3.000000E-01   3.000000E-01   3.000000E-01   2.453129E+00   1.300966E+00   1.221406E+00   2.270209E+00   4.439128E-01   5.166736E-01   2.205179E+00   1.350234E-01   1.195052E+00   1.136152E+00   5.074289E+00   3.051343E+00
   2.679018E+00   1.976022E+00   4.954278E+00   3.631416E+00   3.000000E-01   3.000000E-01   3.000000E-01   3.000000E-01   3.309663E+00   3.592257E+00   1.163075E+00   1.387851E+00   2.402524E+00   2.365016E+00   1.225058E+00   2.236249E+00   1.150950E+00   2.093098E-01   1.158556E+00   4.903391E+00
   1.082610E+00   5.029705E+00   3.390370E+00   1.056715E+01   3.000000E-01   3.000000E-01   3.000000E-01   3.000000E-01   3.443344E+00   2.545751E+00   3.295551E+00   1.424012E+00   3.540248E+00   2.211117E+00   3.478432E-01   1.524733E+00   5.835998E+00   1.260059E+00   2.206237E-01   2.546989E+00
   2.050740E+00   2.696562E+00   2.161717E+00   2.869037E+00   3.000000E-01   3.000000E-01   3.000000E-01   3.000000E-01   7.829560E-01   2.812470E-01   7.875622E-01   1.388039E+00   3.176748E-01   1.893236E+00   1.273952E+00   9.927412E-01   1.456912E+00   1.637475E+00   1.384660E+00   1.378493E+00
   2.027200E+00   4.906156E+00   1.017508E+00   2.152215E+00   3.000000E-01   3.000000E-01   3.000000E-01   3.000000E-01   2.172787E+00   8.281257E-01   6.184326E-01   3.139391E+00   7.689439E-01   9.918224E-01   4.117282E+00   8.440317E-01   7.218426E-01   5.377978E-01   2.912975E+00   1.154641E+00
   1.688910E+00   2.964623E-01   1.479549E+00   7.353303E-01   3.000000E-01   3.000000E-01   3.000000E-01   3.000000E-01   9.776971E-01   5.457876E-01   1.637699E+00   5.891997E-01   9.327914E-01   5.396401E-01   6.164949E-01   2.136061E+00   1.690193E+00   4.990799E+00   2.363867E+00   1.957713E+00
   7.469727E-01   1.344454E+00   5.022612E-01   1.294340E+00   3.000000E-01   3.000000E-01   1.180666E+00   3.730277E+00   6.516610E-01   8.399878E-01   3.165857E-01   1.472416E+00   9.934669E-01   5.991615E-01   2.288229E-01   2.002182E-01   6.044001E-01   9.002960E-01   4.027408E+00   1.749260E+00
   2.037385E+00   5.426531E-01   2.575194E-01   4.922758E+00   7.835934E-01   3.000000E-01   8.421411E-01   1.026851E+00   8.612572E-01   4.301920E-01   1.277448E+00   1.573120E+00   2.891359E-01   2.755422E-01   3.217991E-01   3.180698E-01   3.147330E+00   4.149109E-01   2.027691E-01   1.323721E+00
   9.583159E-01   1.208586E+00   2.990177E+00   4.595821E-01   1.262712E+00   6.559685E-01   1.251180E+00   1.076930E+00   4.508937E+00   2.532079E-01   5.060077E-01   2.864945E-01   4.669776E-01   1.928617E+00   1.493850E-01   5.237938E-01   1.063862E+00   3.068941E+00   1.984871E+00   3.890815E-01
   5.259612E-01   8.443477E-01   2.318819E+00   2.124031E+00   5.340543E-01   4.172944E-01   4.097123E-01   1.178517E+00   9.711741E-01   1.462458E+00   1.883571E-01   6.294150E-01   1.899798E+00   6.779977E-01   1.505875E+00   6.603159E-01   2.285464E-01   1.124185E+00   8.807550E-01   2.428624E+00
   2.838865E-01   2.158091E+00   1.539264E+00   2.692826E+00   7.125209E-01   5.160846E-01   9.117362E-01   1.037409E+00   1.105649E+00   3.466297E-01   9.228369E-01   7.702336E-01   4.305699E-01   1.749315E+00   3.917322E-01   5.313171E-01   7.066008E-01   3.910216E+00   7.744925E-01   1.387203E+00
   3.282358E-01   1.203001E+00   1.393475E+00   1.085473E+00   1.050062E+00   5.124611E-01   1.134726E+00   1.872088E+00   6.110399E+00   1.385347E+00   3.340699E+00   5.638240E-01   4.428012E-01   7.805708E-01   1.399991E+00   4.522941E+00   3.179683E+00   5.570583E-01   2.710690E+00   6.264527E-01
   7.332827E-01   1.091563E+00   1.821153E+00   7.002339E-01   7.096137E-01   4.090298E-01   1.134334E+00   2.084548E+00   1.485821E+00   2.278276E+00   8.569075E-01   4.508817E-01   1.914607E+00   1.043084E+00   9.380614E-01   4.320370E-01   1.198651E+00   1.646907E+00   1.811764E+00   1.204895E+00
   2.600361E-01   9.734428E-01   2.486013E-01   2.097338E+00   2.181071E-01   2.056381E+00   4.034349E-01   3.620737E+00   1.753119E+00   4.523908E+00   3.573326E+00   1.475311E+00   2.036817E+00   1.180965E+00   1.417223E+00   9.871487E-01   6.995153E-01   1.009222E+00   2.783741E+00   4.195437E+00
   9.796341E-01   1.106043E+00   1.333898E-01   1.045215E+00   1.231254E+00   2.969382E-01   1.654937E-01   8.168581E-01   2.372494E+00   1.701514E+00   6.304414E+00   1.857697E+00   1.425736E+00   7.710224E-01   4.419387E+00   2.947066E+00   5.192145E+00   3.797376E+00   1.703904E+00   2.691259E+00
   9.271825E-01   1.616018E-01   3.763513E-01   3.709670E-01   5.124355E-01   1.611912E-01   2.565646E-01   6.828259E-01   3.171854E-01   2.509670E+00   2.301126E+00   5.235441E-01   9.427577E-01   5.504617E+00   6.716286E+00   5.293103E+00   2.806238E+00   6.546663E+00   3.082403E+00   1.989812E+00
   2.756976E-01   1.498963E+00   3.344494E-01   2.390724E+00   1.072054E+00   8.003248E-01   6.054856E-01   2.505074E-01   1.476697E+00   1.483527E+00   5.859353E-01   1.946908E+00   1.266346E+00   3.539130E+00   6.714294E+00   5.404465E+00   2.240151E+00   1.300282E+00   5.340355E+00   9.805759E-01
   3.000000E-01   5.426556E-01   5.956458E-01   3.012854E+00   4.642855E-01   2.977038E-01   9.329690E-01   5.719601E-01   7.093357E-01   4.203758E+00   8.405360E-01   1.178533E+00   4.502117E+00   6.259372E-01   3.115480E+00   1.764809E+00   7.930306E-01   1.073206E+00   6.390713E-01   1.326438E+00
   3.000000E-01   3.000000E-01   8.492174E-01   4.690222E-01   6.490583E-01   3.475931E-01   8.329377E-01   1.830455E+00   1.536214E+00   1.262343E+00   9.718328E-01   8.626226E-01   1.936890E+00   4.298488E+00   3.973075E+00   1.349518E+01   8.174523E-01   3.225322E+00   2.264350E+00   2.456054E+00
   3.000000E-01   3.000000E-01   3.000000E-01   5.772712E-01   3.012030E+00   1.299395E+00   5.970203E-01   1.401374E+00   3.131472E+00   1.602067E+00   1.394713E+00   1.822612E+00   4.899450E+00   1.829052E+00   7.106377E-01   5.111273E+00   8.805760E-01   4.779558E-01   4.703865E+00   8.536307E+00
   3.000000E-01   3.000000E-01   3.000000E-01   3.000000E-01   6.868225E-01   1.610250E-01   5.278937E-01   2.681220E-01   1.680835E+00   5.191422E+00   2.838246E+00   1.147551E+00   2.194118E+00   8.178756E-01   1.300530E+01   2.218451E+00   6.839631E-01   2.334248E+00   8.970749E+00   3.000000E-01
   3.000000E-01   3.000000E-01   3.000000E-01   3.000000E-01   7.297119E-01   1.637746E-01   1.398559E+00   1.266095E+00   2.018471E+00   2.892990E-01   8.290638E-01   1.059160E+00   1.740955E+00   1.478908E+00   1.959726E+00   4.861792E+00   1.744902E+00   1.616797E+00   9.411882E-01   3.000000E-01
   3.000000E-01   3.000000E-01   3.000000E-01   3.000000E-01   3.000000E-01   1.776088E-01   6.431750E-01   1.833428E+00   6.544890E-01   1.012098E+00   1.120029E+00   3.054941E+00   1.121850E+00   2.742058E+00   3.308441E+00   1.229168E+00   4.622773E+00   1.413472E+00   3.000000E-01   3.000000E-01
   3.000000E-01   3.000000E-01   3.000000E-01   3.000000E-01   3.000000E-01   8.459076E-01   8.980335E-01   3.510265E-01   4.149904E+00   2.000858E+00   3.687831E+00   1.762184E+00   5.626713E+00   3.559918E-01   6.656405E-01   4.059511E-01   4.324635E+00   3.000000E-01   3.000000E-01   3.000000E-01
   3.000000E-01   3.000000E-01   3.000000E-01   3.000000E-01   3.000000E-01   9.495778E-01   1.813797E+00   5.383770E-01   5.490693E-01   2.117716E+00   2.213583E+00   6.393697E-01   1.376767E+00   5.627297E+00   1.470615E+00   2.206032E+00   3.000000E-01   3.000000E-01   3.000000E-01   3.000000E-01
