   1.237395E-04   2.000000E-04   2.000000E-04   2.000000E-04   1.133538E-04   5.065423E-05   2.000000E-05   9.440898E-05   9.224606E-05   2.000000E-04   6.503423E-05   2.000000E-05   2.000000E-04   1.305493E-04   1.520907E-04   7.708237E-05   7.556924E-05   1.484527E-04   1.062557E-04   5.901905E-05
   2.000000E-04   2.380912E-05   1.825987E-04   2.698766E-05   2.000000E-04   9.329784E-05   2.011792E-05   2.662727E-05   4.545998E-05   2.000000E-04   3.441127E-05   3.317657E-05   1.226427E-04   1.540958E-04   1.249857E-04   4.351090E-05   5.224903E-05   2.384309E-05   2.000000E-04   8.760382E-05
   9.906110E-05   1.133409E-04   7.216887E-05   4.409016E-05   1.303388E-04   2.000000E-04   2.000000E-04   1.444066E-04   7.235915E-05   3.378778E-05   9.943665E-05   3.527291E-05   6.805346E-05   1.472863E-04   2.000000E-04   9.442497E-05   4.584920E-05   5.301360E-05   3.263815E-05   4.547652E-05
   6.986417E-05   2.000000E-04   3.650717E-05   1.588003E-04   4.397521E-05   1.250233E-04   2.000000E-05   4.857479E-05   2.000000E-04   2.000000E-05   6.224937E-05   8.976871E-05   6.107457E-05   8.827255E-05   2.000000E-04   7.136841E-05   3.590447E-05   4.819653E-05   6.030808E-05   4.679357E-05
   6.126744E-05   7.030599E-05   6.836917E-05   9.491145E-05   2.731221E-05   3.994439E-05   2.000000E-05   2.424472E-05   7.568726E-05   1.127269E-04   8.489311E-05   7.044191E-05   1.234284E-04   1.528155E-04   6.474768E-05   8.955194E-05   2.000000E-04   8.755119E-05   1.579111E-04   2.000000E-04
   1.124187E-04   1.350889E-04   1.181159E-04   2.000000E-05   2.000000E-05   2.383833E-05   9.004433E-05   3.912765E-05   2.000000E-04   1.000888E-04   3.599448E-05   3.220707E-05   5.195864E-05   1.465327E-04   5.376120E-05   7.717554E-05   5.223066E-05   3.344934E-05   6.047736E-05   9.976949E-05
   8.205306E-05   4.748389E-05   2.741199E-05   7.491248E-05   1.035162E-04   1.086714E-04   7.421878E-05   5.272381E-05   2.000000E-05   2.000000E-04   2.205153E-05   1.497538E-04   1.475097E-04   4.695695E-05   1.914975E-04   2.000000E-05   2.978020E-05   5.450613E-05   1.581456E-04   1.031989E-04
   2.937447E-05   1.037870E-04   4.433151E-05   5.618707E-05   5.011927E-05   1.522914E-04   6.244094E-05   2.269059E-05   1.172228E-04   5.125383E-05   7.655762E-05   4.729457E-05   8.549287E-05   4.470827E-05   2.305288E-05   1.065622E-04   5.452269E-05   2.378733E-05   1.349064E-04   1.195526E-04
   2.000000E-05   1.243401E-04   3.744340E-05   5.863192E-05   7.548773E-05   7.548773E-05   7.548773E-05   1.129385E-04   2.467660E-05   9.257249E-05   4.835476E-05   5.508868E-05   8.485766E-05   4.740128E-05   1.771296E-04   5.101050E-05   8.173406E-05   9.389886E-05   6.171689E-05   8.478889E-05
   2.635297E-05   2.000823E-05   2.280893E-05   3.639026E-05   7.548773E-05   7.548773E-05   7.548773E-05   7.548773E-05   3.477564E-05   1.496908E-04   1.800759E-04   3.706293E-05   1.002095E-04   3.772077E-05   1.245579E-04   1.708837E-04   2.000000E-04   5.325088E-05   7.226309E-05   1.751193E-04
   4.922532E-05   2.000000E-05   2.543998E-05   2.000000E-04   7.548773E-05   7.548773E-05   7.548773E-05   7.548773E-05   9.762700E-05   2.000000E-05   3.797949E-05   8.712498E-05   1.612849E-04   4.560635E-05   1.643222E-04   2.000000E-04   1.205548E-04   1.265244E-04   1.190349E-04   1.492164E-04
   5.108634E-05   2.207952E-05   1.092820E-04   3.618412E-05   7.548773E-05   7.548773E-05   7.548773E-05   7.548773E-05   5.450433E-05   7.469922E-05   7.534965E-05   2.877908E-05   2.643272E-05   1.159270E-04   1.018917E-04   1.065515E-04   1.465690E-04   1.814459E-04   7.352893E-05   9.710850E-05
   2.000000E-04   6.768284E-05   6.480592E-05   6.477022E-05   7.548773E-05   7.548773E-05   7.548773E-05   7.548773E-05   4.470363E-05   3.564729E-05   9.509880E-05   2.000000E-04   4.981102E-05   5.432885E-05   6.178954E-05   2.000000E-04   2.000000E-04   1.395157E-04   2.000000E-05   5.814241E-05
   1.666185E-04   2.117445E-05   6.264917E-05   1.460061E-04   7.548773E-05   7.548773E-05   7.548773E-05   7.548773E-05   2.068324E-05   4.010185E-05   9.193257E-05   4.704602E-05   5.353871E-05   1.746660E-04   8.735527E-05   1.795304E-04   2.000000E-04   2.000000E-04   3.369822E-05   2.000000E-04
   5.252703E-05   1.575926E-04   8.027794E-05   2.909297E-05   7.548773E-05   7.548773E-05   7.548773E-05   7.548773E-05   6.294819E-05   9.508553E-05   1.300534E-04   2.793890E-05   7.931856E-05   2.000000E-04   2.000000E-04   1.509902E-04   2.553670E-05   8.188665E-05   7.525070E-05   1.528448E-04
   2.000000E-04   8.241988E-05   1.095317E-04   9.237980E-05   7.548773E-05   7.548773E-05   7.548773E-05   7.548773E-05   1.590146E-04   3.176811E-05   2.000000E-05   7.140084E-05   2.000000E-05   4.833158E-05   1.180398E-04   1.422184E-04   4.767435E-05   1.223289E-04   8.374460E-05   5.505223E-05
   2.000000E-05   6.889687E-05   4.374717E-05   5.008229E-05   7.548773E-05   7.548773E-05   7.548773E-05   7.548773E-05   7.126765E-05   7.650158E-05   7.485960E-05   6.297007E-05   1.008738E-04   3.836743E-05   5.438995E-05   1.198487E-04   5.102113E-05   1.173907E-04   1.111570E-04   2.880400E-05
   9.252420E-05   7.923898E-05   2.692579E-05   1.660754E-04   7.548773E-05   7.548773E-05   7.548773E-05   7.548773E-05   1.818684E-04   4.281068E-05   8.689502E-05   2.495443E-05   7.442398E-05   3.313112E-05   2.000000E-04   4.338387E-05   3.252154E-05   1.450407E-04   1.997052E-04   2.756501E-05
   2.000000E-05   5.471606E-05   2.000000E-05   2.000000E-05   7.548773E-05   7.548773E-05   7.548773E-05   7.548773E-05   3.525843E-05   2.000000E-05   5.272476E-05   2.703987E-05   1.294124E-04   9.562893E-05   2.000000E-04   3.713597E-05   3.020372E-05   2.000000E-05   2.863425E-05   1.707307E-04
   1.033090E-04   2.000000E-05   2.252485E-05   3.875661E-05   7.548773E-05   7.548773E-05   7.548773E-05   7.548773E-05   4.291372E-05   4.402419E-05   2.995650E-05   8.101293E-05   1.500903E-04   2.170934E-05   2.034690E-05   5.758020E-05   6.253761E-05   3.296977E-05   2.000000E-04   6.178453E-05
   7.212471E-05   2.951717E-05   5.992166E-05   2.000000E-05   7.548773E-05   7.548773E-05   7.548773E-05   7.548773E-05   2.908715E-05   2.000000E-04   7.488674E-05   2.067046E-05   1.258587E-04   3.470300E-05   2.000000E-05   4.868389E-05   1.205242E-04   2.910871E-05   2.000000E-05   9.692374E-05
   6.706677E-05   2.000000E-05   7.180474E-05   2.000000E-05   7.548773E-05   7.548773E-05   2.993437E-05   2.000000E-05   2.419314E-05   5.268050E-05   2.000000E-04   2.000000E-05   1.288423E-04   5.360183E-05   1.437362E-04   3.669533E-05   3.872957E-05   2.303741E-05   5.598159E-05   2.870178E-05
   2.000000E-05   2.000000E-04   8.507853E-05   4.646574E-05   2.000000E-05   7.548773E-05   3.583792E-05   4.589267E-05   3.050152E-05   4.333807E-05   6.027309E-05   1.359625E-04   3.314625E-05   5.352429E-05   2.103664E-05   1.194426E-04   2.000000E-05   2.000000E-04   6.366265E-05   3.398766E-05
   3.690767E-05   3.489381E-05   3.824741E-05   5.595958E-05   2.000000E-05   3.084625E-05   2.000000E-05   4.294518E-05   1.621013E-04   2.527416E-05   9.194780E-05   7.623722E-05   7.901617E-05   2.000000E-05   1.670357E-04   6.659581E-05   1.167267E-04   1.614246E-04   3.645180E-05   9.341702E-05
   9.874054E-05   4.651217E-05   3.150028E-05   4.137603E-05   7.667236E-05   6.365565E-05   4.324440E-05   2.000000E-05   2.058688E-05   3.530762E-05   3.534103E-05   2.976256E-05   1.172447E-04   2.289004E-05   2.590669E-05   7.020940E-05   2.231413E-05   6.986519E-05   2.636093E-05   2.000000E-05
   7.005786E-05   4.979197E-05   2.764692E-05   2.017424E-05   2.000000E-05   4.251101E-05   2.000000E-05   2.977767E-05   8.749838E-05   2.000000E-05   6.671882E-05   5.349087E-05   2.000000E-05   2.000000E-05   2.000000E-05   1.482547E-04   1.421797E-04   4.478416E-05   3.953857E-05   1.229061E-04
   2.336801E-05   2.182317E-05   2.000000E-05   3.612709E-05   6.889467E-05   2.000000E-05   2.000000E-05   4.119619E-05   2.000000E-05   4.292614E-05   2.946746E-05   5.101645E-05   2.000000E-05   2.409533E-05   2.980758E-05   1.200548E-04   2.941207E-05   2.000000E-04   1.761710E-04   2.000000E-05
   3.349998E-05   2.422318E-05   1.954070E-04   7.552336E-05   2.000000E-05   2.000000E-05   3.053884E-05   8.363892E-05   3.238186E-05   1.718788E-04   5.439243E-05   5.545000E-05   6.842117E-05   5.765852E-05   8.308331E-05   2.000000E-05   5.397423E-05   2.089068E-05   1.297423E-04   6.963332E-05
   6.730463E-05   2.454810E-05   6.203235E-05   2.000000E-04   2.000000E-05   7.728100E-05   1.381664E-04   5.160351E-05   2.074386E-05   1.285805E-04   7.434467E-05   8.062971E-05   2.000000E-05   2.265036E-05   2.711179E-05   1.024684E-04   1.134765E-04   2.000000E-05   9.347909E-05   1.607873E-04
   8.596217E-05   2.579232E-05   1.196000E-04   1.811424E-04   1.206475E-04   2.000000E-04   2.000000E-04   2.466675E-05   9.398596E-05   2.442180E-05   1.325464E-04   2.000000E-04   2.000000E-05   7.311483E-05   3.869062E-05   1.032145E-04   2.000000E-05   3.013629E-05   4.246530E-05   2.000000E-05
   9.587856E-05   1.808944E-04   1.435558E-04   7.799711E-05   9.135380E-05   2.634534E-05   2.000000E-04   6.319076E-05   6.644701E-05   1.470921E-04   1.644273E-04   2.000000E-04   1.172544E-04   4.555482E-05   7.167434E-05   5.472186E-05   5.674559E-05   2.000000E-04   2.079557E-05   1.647617E-04
   2.488629E-05   1.041752E-04   4.847206E-05   5.158041E-05   2.000000E-04   1.019161E-04   6.379296E-05   1.383706E-04   4.577244E-05   2.268334E-05   2.725773E-05   8.024473E-05   2.000000E-05   1.725132E-04   8.976739E-05   2.000000E-05   7.056128E-05   3.192648E-05   2.000000E-05   2.000000E-05
   7.548773E-05   1.461839E-04   4.178777E-05   8.167029E-05   3.574206E-05   4.282635E-05   1.331853E-04   2.000000E-05   2.688689E-05   2.559964E-05   4.244990E-05   2.000000E-04   2.125942E-05   2.000000E-04   2.000000E-05   1.686550E-04   2.191032E-05   4.030205E-05   6.355746E-05   7.112892E-05
   7.548773E-05   7.548773E-05   2.000000E-05   4.969046E-05   2.000000E-05   2.000000E-05   2.000000E-05   8.783400E-05   2.000000E-05   7.182429E-05   3.047831E-05   2.000000E-05   6.868233E-05   2.052300E-05   5.781285E-05   6.885203E-05   2.590532E-05   8.200879E-05   7.185759E-05   8.000163E-05
   7.548773E-05   7.548773E-05   7.548773E-05   2.000000E-04   7.817111E-05   2.000000E-05   2.000000E-05   2.786141E-05   2.737255E-05   2.000000E-05   8.950423E-05   2.000000E-05   2.000000E-05   2.718861E-05   2.000000E-05   1.882170E-04   1.266573E-04   4.110306E-05   6.220220E-05   2.000000E-04
   7.548773E-05   7.548773E-05   7.548773E-05   7.548773E-05   1.070349E-04   4.668059E-05   2.000000E-05   2.000000E-05   2.000000E-05   3.230382E-05   2.000000E-05   3.979107E-05   2.976214E-05   2.402924E-05   6.253327E-05   5.594878E-05   3.675576E-05   4.936156E-05   6.963706E-05   7.548773E-05
   7.548773E-05   7.548773E-05   7.548773E-05   7.548773E-05   1.461862E-04   2.000000E-05   2.000000E-05   3.467506E-05   2.000000E-05   2.000000E-05   2.000000E-05   4.088489E-05   5.468667E-05   1.424304E-04   2.000000E-05   2.000888E-05   6.445830E-05   4.177569E-05   2.869121E-05   7.548773E-05
   7.548773E-05   7.548773E-05   7.548773E-05   7.548773E-05   7.548773E-05   4.415159E-05   3.087746E-05   7.284267E-05   6.111222E-05   2.000000E-05   2.000000E-05   2.000000E-05   2.217584E-05   4.468730E-05   9.560860E-05   2.000000E-05   3.653989E-05   1.187583E-04   7.548773E-05   7.548773E-05
   7.548773E-05   7.548773E-05   7.548773E-05   7.548773E-05   7.548773E-05   2.000000E-05   2.558630E-05   2.546855E-05   8.210283E-05   2.000000E-05   2.000000E-05   2.000000E-05   2.892770E-05   2.902068E-05   3.004487E-05   7.207978E-05   4.132954E-05   7.548773E-05   7.548773E-05   7.548773E-05
   7.548773E-05   7.548773E-05   7.548773E-05   7.548773E-05   7.548773E-05   4.131385E-05   3.678229E-05   2.000000E-05   3.626070E-05   2.000000E-05   2.000000E-05   3.968701E-05   2.000000E-05   3.447388E-05   2.832338E-05   1.522950E-04   7.548773E-05   7.548773E-05   7.548773E-05   7.548773E-05
