   2.000000E-05   3.752271E-05   2.000000E-05   5.277307E-05   2.887972E-05   3.171757E-05   2.000000E-05   2.000000E-05   2.000000E-05   4.163665E-05   4.024011E-05   5.136361E-05   1.445679E-04   4.369616E-05   2.000000E-04   6.399312E-05   4.610192E-05   2.000000E-05   4.723324E-05   2.000000E-05
   2.000000E-05   6.470744E-05   2.000000E-05   1.118671E-04   2.000000E-05   9.590396E-05   3.531648E-05   2.437350E-05   3.935512E-05   2.000000E-05   2.002198E-05   2.971356E-05   4.830001E-05   3.276836E-05   2.000000E-04   2.000000E-04   1.892999E-04   7.715494E-05   7.783687E-05   5.500039E-05
   2.000000E-05   2.000000E-05   2.029099E-05   2.354336E-05   2.723622E-05   8.893846E-05   2.000000E-05   3.201130E-05   2.000000E-05   2.000000E-05   8.507030E-05   2.000000E-05   5.048188E-05   2.555883E-05   3.409651E-05   8.027397E-05   7.991414E-05   2.000000E-04   5.897382E-05   2.000000E-04
   2.000000E-05   3.714141E-05   2.474319E-05   2.038065E-05   2.000000E-05   5.594091E-05   2.000000E-05   5.722508E-05   6.005716E-05   4.118450E-05   2.000000E-05   2.000000E-05   1.032526E-04   4.492386E-05   1.692185E-04   4.127441E-05   4.699928E-05   6.088765E-05   6.689239E-05   2.000000E-04
   1.063494E-04   2.736767E-05   4.756455E-05   2.306395E-05   3.260619E-05   1.062200E-04   2.000000E-05   2.000000E-05   5.974759E-05   2.468325E-05   2.000000E-05   2.000000E-05   8.839209E-05   4.724328E-05   6.443248E-05   2.171761E-05   2.000000E-05   1.029390E-04   1.355774E-04   3.161354E-05
   3.608510E-05   2.249840E-05   2.000000E-05   2.000000E-05   2.000000E-05   2.611783E-05   2.974650E-05   2.000000E-05   2.000000E-05   2.000000E-05   2.986245E-05   5.558462E-05   8.518595E-05   4.565637E-05   5.194373E-05   1.376562E-04   5.119817E-05   5.637639E-05   5.520358E-05   2.000000E-05
   2.000000E-05   2.000000E-05   2.000000E-05   3.113189E-05   4.458412E-05   2.000000E-05   5.460785E-05   2.325453E-05   2.000000E-05   2.000000E-05   8.086518E-05   2.000000E-05   2.425102E-05   2.000000E-05   2.703695E-05   8.601668E-05   1.053269E-04   3.209799E-05   2.000000E-05   3.622498E-05
   2.000000E-05   3.675071E-05   2.000000E-05   2.000000E-05   2.000000E-05   4.081449E-05   7.383938E-05   6.923961E-05   1.155996E-04   5.278328E-05   3.824735E-05   1.286801E-04   3.638932E-05   3.046917E-05   1.053103E-04   2.740407E-05   2.147590E-05   4.060306E-05   2.583516E-05   1.223627E-04
   2.000798E-05   5.698944E-05   2.000000E-05   2.000000E-05   2.854858E-05   2.854858E-05   2.854858E-05   2.621917E-05   4.100954E-05   3.263318E-05   2.000000E-05   2.000000E-05   3.578162E-05   5.864954E-05   2.000000E-05   2.000000E-05   1.362187E-04   7.635897E-05   2.000000E-05   2.119298E-05
   2.000000E-05   5.292115E-05   2.000000E-05   2.825899E-05   2.854858E-05   2.854858E-05   2.854858E-05   2.854858E-05   2.000000E-05   4.275547E-05   2.977856E-05   2.000000E-05   1.361687E-04   2.000000E-05   4.983539E-05   2.000000E-05   4.991959E-05   1.733006E-04   3.154358E-05   1.925794E-04
   2.000000E-05   3.493718E-05   2.000000E-05   2.000000E-05   2.854858E-05   2.854858E-05   2.854858E-05   2.854858E-05   2.000000E-05   2.000000E-05   3.603649E-05   2.000000E-04   7.786898E-05   7.694537E-05   2.000000E-05   7.204953E-05   1.020428E-04   1.085858E-04   9.729483E-05   2.000000E-05
   3.603504E-05   4.510778E-05   3.027295E-05   3.982553E-05   2.854858E-05   2.854858E-05   2.854858E-05   2.854858E-05   1.318910E-04   4.649632E-05   4.396467E-05   3.982573E-05   3.923322E-05   3.713787E-05   1.666955E-04   5.199577E-05   8.642353E-05   2.000000E-05   2.944279E-05   2.149518E-05
   2.114401E-05   1.509452E-04   2.000000E-05   8.101938E-05   2.854858E-05   2.854858E-05   2.854858E-05   2.854858E-05   6.275352E-05   3.788373E-05   3.041091E-05   1.899157E-04   1.801732E-04   3.024414E-05   2.422319E-05   7.144639E-05   5.404173E-05   3.442291E-05   4.812631E-05   5.750197E-05
   3.684474E-05   2.540533E-05   3.261990E-05   2.000000E-05   2.854858E-05   2.854858E-05   2.854858E-05   2.854858E-05   8.992000E-05   9.036389E-05   1.314700E-04   2.197008E-05   2.261150E-05   5.247785E-05   7.674194E-05   2.000000E-04   9.455845E-05   2.550906E-05   4.657988E-05   2.450580E-05
   2.000000E-05   1.505687E-04   2.309428E-05   4.009323E-05   2.854858E-05   2.854858E-05   2.854858E-05   2.854858E-05   2.000000E-05   1.209401E-04   2.000000E-05   2.000000E-04   2.000000E-05   6.068576E-05   1.054657E-04   3.243776E-05   2.000000E-04   3.267625E-05   3.698292E-05   3.072919E-05
   2.000000E-04   4.507939E-05   1.500306E-04   1.360877E-04   2.854858E-05   2.854858E-05   2.854858E-05   2.854858E-05   2.000000E-04   2.000000E-05   2.000000E-05   2.896687E-05   4.828406E-05   2.000000E-04   3.714006E-05   3.368687E-05   4.939438E-05   1.106474E-04   4.888481E-05   1.038872E-04
   6.659808E-05   1.153347E-04   1.204979E-04   2.000000E-04   2.854858E-05   2.854858E-05   2.854858E-05   2.854858E-05   6.440373E-05   2.000000E-05   2.612760E-05   3.066024E-05   1.030314E-04   4.228999E-05   5.457839E-05   9.230084E-05   4.871319E-05   7.090831E-05   4.475656E-05   1.024859E-04
   1.276119E-04   4.864690E-05   2.000000E-05   2.000000E-05   2.854858E-05   2.854858E-05   2.854858E-05   2.854858E-05   2.634206E-05   1.382345E-04   6.519820E-05   3.258202E-05   4.205918E-05   5.038210E-05   2.000000E-05   2.000000E-05   3.736510E-05   1.003890E-04   2.000000E-05   3.903087E-05
   9.793210E-05   1.034264E-04   7.607290E-05   4.288234E-05   2.854858E-05   2.854858E-05   2.854858E-05   2.854858E-05   2.603243E-05   1.564644E-04   4.978507E-05   2.854870E-05   2.611588E-05   1.161151E-04   2.416769E-05   1.443574E-04   5.976992E-05   4.294539E-05   7.526342E-05   4.106173E-05
   9.242939E-05   6.678086E-05   7.420169E-05   3.308585E-05   2.854858E-05   2.854858E-05   2.854858E-05   2.854858E-05   2.000000E-05   5.767898E-05   4.251698E-05   2.000000E-05   1.850304E-04   2.735012E-05   1.391210E-04   3.813184E-05   2.000000E-05   1.257648E-04   7.461088E-05   8.485069E-05
   1.603318E-04   2.000000E-04   2.000000E-04   2.000000E-04   2.854858E-05   2.854858E-05   2.854858E-05   2.854858E-05   3.314074E-05   2.000000E-04   3.966031E-05   8.872896E-05   1.728626E-04   2.000000E-04   3.393837E-05   1.053336E-04   2.000000E-05   8.633951E-05   5.834835E-05   2.000000E-05
   5.501575E-05   5.662163E-05   1.097444E-04   5.590882E-05   2.854858E-05   2.854858E-05   7.147769E-05   4.987792E-05   5.959498E-05   5.838943E-05   4.814059E-05   2.248524E-05   2.000000E-04   2.000000E-04   1.054949E-04   3.848101E-05   2.000000E-04   2.000000E-05   3.479795E-05   2.916035E-05
   4.189800E-05   2.000000E-04   3.731609E-05   6.357410E-05   1.134744E-04   2.854858E-05   3.901223E-05   5.372689E-05   4.404227E-05   9.586724E-05   9.078053E-05   9.744357E-05   1.031914E-04   2.000000E-05   5.527852E-05   6.389533E-05   2.000000E-05   2.000000E-04   9.790769E-05   4.650025E-05
   3.040070E-05   7.864359E-05   2.000000E-05   6.814158E-05   7.405641E-05   2.810746E-05   2.000000E-05   2.714131E-05   6.133767E-05   2.000000E-04   2.000000E-05   5.768316E-05   8.343476E-05   6.623176E-05   3.979647E-05   2.000000E-04   1.398296E-04   1.126728E-04   2.953348E-05   6.699461E-05
   5.169423E-05   2.000000E-05   1.618390E-04   5.440989E-05   4.644865E-05   2.000000E-05   2.000000E-05   6.052820E-05   2.222721E-05   9.381148E-05   5.416513E-05   4.854143E-05   2.000000E-04   2.000000E-05   5.404375E-05   3.192533E-05   1.442428E-04   4.852060E-05   8.476180E-05   1.144875E-04
   2.000000E-05   2.000000E-05   4.051435E-05   7.523909E-05   2.595412E-05   5.199551E-05   2.142902E-05   2.293715E-05   2.000000E-05   2.582322E-05   2.000000E-05   7.180573E-05   2.455750E-05   2.000000E-04   2.255386E-05   2.546862E-05   2.982486E-05   1.173479E-04   2.000000E-05   3.472423E-05
   4.641273E-05   2.337576E-05   3.032828E-05   5.965647E-05   2.317696E-05   2.170943E-05   6.176430E-05   2.241954E-05   3.901222E-05   8.992639E-05   2.000000E-04   1.011678E-04   8.429567E-05   2.000000E-05   7.307753E-05   2.000000E-04   2.404706E-05   2.000000E-05   3.176143E-05   1.358753E-04
   9.295988E-05   7.631597E-05   2.691579E-05   2.677956E-05   2.000000E-05   3.158143E-05   7.364823E-05   7.857161E-05   1.291655E-04   4.385692E-05   2.000000E-05   5.369598E-05   6.461349E-05   9.397234E-05   4.713190E-05   5.408648E-05   2.729800E-05   9.615221E-05   2.000000E-05   9.659451E-05
   2.000000E-05   2.180263E-05   2.287194E-05   2.000000E-05   5.624421E-05   2.483785E-05   2.781467E-05   2.634561E-05   2.498778E-05   4.637258E-05   2.000000E-05   4.806636E-05   3.972631E-05   4.164164E-05   2.000000E-05   5.814439E-05   3.569639E-05   3.937090E-05   4.567303E-05   2.000000E-05
   2.000000E-05   4.233944E-05   2.000000E-05   3.056486E-05   2.545390E-05   3.273424E-05   3.601640E-05   2.464912E-05   4.490773E-05   6.070272E-05   3.028670E-05   2.000000E-05   9.277530E-05   1.027562E-04   2.174940E-05   1.490937E-04   6.452363E-05   3.060220E-05   2.000000E-04   4.230123E-05
   2.000000E-05   3.183791E-05   2.000000E-05   4.988842E-05   2.000000E-05   7.414231E-05   4.095527E-05   2.000000E-05   3.449500E-05   7.054908E-05   8.139316E-05   5.922552E-05   1.121399E-04   2.000000E-04   2.638345E-05   8.758704E-05   2.000000E-05   3.277565E-05   2.000000E-05   2.976365E-05
   5.948284E-05   2.000000E-05   4.588789E-05   2.496359E-05   2.000000E-05   2.000000E-05   3.083377E-05   5.735814E-05   3.820856E-05   5.056754E-05   7.224432E-05   1.053105E-04   2.063086E-05   8.933966E-05   9.546757E-05   5.278672E-05   3.575977E-05   3.271490E-05   3.224372E-05   3.233130E-05
   2.854858E-05   6.259945E-05   2.000000E-05   3.559969E-05   6.136053E-05   2.000000E-05   2.000000E-05   2.000000E-05   3.199227E-05   4.607467E-05   2.000000E-05   5.616528E-05   2.000000E-05   2.444341E-05   9.355289E-05   9.975171E-05   3.207811E-05   2.576130E-05   3.318008E-05   1.101208E-04
   2.854858E-05   2.854858E-05   2.000000E-05   5.504790E-05   3.734054E-05   2.000000E-05   4.001136E-05   5.788364E-05   3.921382E-05   2.215619E-05   7.921272E-05   2.539662E-05   4.967050E-05   3.387875E-05   3.241161E-05   2.521919E-05   7.244456E-05   3.188995E-05   7.438295E-05   4.853483E-05
   2.854858E-05   2.854858E-05   2.854858E-05   2.000000E-05   8.744321E-05   1.013456E-04   2.000000E-05   2.805808E-05   2.507385E-05   2.152934E-05   9.527589E-05   4.927125E-05   8.414304E-05   6.512624E-05   6.665321E-05   1.083746E-04   2.138171E-05   3.034624E-05   3.810253E-05   3.336798E-05
   2.854858E-05   2.854858E-05   2.854858E-05   2.854858E-05   2.000000E-05   2.000000E-05   4.469254E-05   8.525407E-05   4.602146E-05   6.156928E-05   2.000000E-05   1.172332E-04   3.300331E-05   3.142278E-05   5.640631E-05   2.000000E-04   5.133412E-05   2.660115E-05   1.493259E-04   2.854858E-05
   2.854858E-05   2.854858E-05   2.854858E-05   2.854858E-05   3.032124E-05   2.370201E-05   2.610366E-05   2.000000E-05   2.000000E-05   4.137616E-05   7.623987E-05   2.000000E-04   2.000000E-05   9.025112E-05   6.842762E-05   3.785806E-05   4.962100E-05   7.803738E-05   3.540332E-05   2.854858E-05
   2.854858E-05   2.854858E-05   2.854858E-05   2.854858E-05   2.854858E-05   2.000000E-05   2.218036E-05   2.085304E-05   5.803752E-05   2.636243E-05   6.091728E-05   3.484356E-05   2.000000E-05   7.711454E-05   4.835579E-05   8.799975E-05   4.411499E-05   5.939106E-05   2.854858E-05   2.854858E-05
   2.854858E-05   2.854858E-05   2.854858E-05   2.854858E-05   2.854858E-05   2.000000E-05   6.872564E-05   2.302013E-05   8.086533E-05   2.414344E-05   3.772637E-05   7.322276E-05   2.000000E-05   7.555970E-05   8.254272E-05   2.000000E-05   8.296973E-05   2.854858E-05   2.854858E-05   2.854858E-05
   2.854858E-05   2.854858E-05   2.854858E-05   2.854858E-05   2.854858E-05   2.000000E-05   3.644009E-05   3.793014E-05   2.000000E-05   2.000000E-05   4.721710E-05   1.395845E-04   4.379419E-05   2.000000E-05   2.460974E-05   3.204522E-05   2.854858E-05   2.854858E-05   2.854858E-05   2.854858E-05
