   7.693525E-05   1.732589E-04   7.591438E-05   6.312723E-05   3.733257E-05   5.393449E-05   1.044844E-04   7.360839E-05   2.000000E-04   2.000000E-04   1.044998E-04   1.978944E-04   4.648292E-05   7.827006E-05   7.417331E-05   5.327959E-05   4.827596E-05   4.888403E-05   7.093521E-05   9.444421E-05
   3.891337E-05   2.000000E-04   1.091841E-04   1.599613E-04   3.603078E-05   1.301982E-04   8.370473E-05   2.000000E-04   1.879786E-04   2.000000E-04   1.955954E-04   2.000000E-05   7.332385E-05   4.172253E-05   2.000000E-04   6.482532E-05   5.935437E-05   2.000000E-04   1.402328E-04   2.000000E-04
   1.296362E-04   3.629863E-05   2.000000E-05   2.000000E-04   7.056955E-05   8.048389E-05   1.193491E-04   2.000000E-04   1.681956E-04   2.000000E-04   1.278766E-04   4.597825E-05   1.086735E-04   1.244229E-04   2.000000E-05   9.569580E-05   1.435661E-04   7.937597E-05   5.983559E-05   4.272017E-05
   3.403926E-05   6.283998E-05   6.095651E-05   4.713493E-05   7.649079E-05   2.000000E-04   6.420963E-05   2.000000E-04   9.361368E-05   1.127712E-04   2.000000E-04   8.226029E-05   2.000000E-04   3.604474E-05   2.000000E-04   1.935839E-04   2.000000E-05   8.109635E-05   8.327931E-05   5.294416E-05
   8.277959E-05   2.000000E-05   6.690905E-05   2.060994E-05   2.599129E-05   5.271297E-05   8.270164E-05   3.455984E-05   2.000000E-05   2.000000E-04   1.552069E-04   8.017994E-05   1.225773E-04   1.635072E-04   2.000000E-04   2.999130E-05   3.742641E-05   1.423087E-04   2.000000E-05   2.000000E-04
   3.293157E-05   2.000000E-05   2.000000E-05   2.000000E-05   5.687955E-05   1.059831E-04   4.050565E-05   2.000000E-05   4.758430E-05   8.271605E-05   1.398784E-04   2.000000E-04   7.534047E-05   4.916277E-05   5.059283E-05   2.579666E-05   7.758264E-05   1.904460E-04   3.091057E-05   4.557788E-05
   2.126710E-05   2.108777E-05   3.185779E-05   5.112528E-05   4.261694E-05   3.490128E-05   7.893924E-05   4.959112E-05   5.948757E-05   1.417094E-04   1.125721E-04   1.432230E-04   3.639056E-05   1.917217E-04   9.896190E-05   1.559947E-04   1.996310E-04   3.214648E-05   6.059016E-05   2.000000E-04
   2.000000E-05   1.153160E-04   2.000000E-05   2.000000E-05   6.180896E-05   1.080591E-04   1.093373E-04   3.597760E-05   8.368486E-05   1.335868E-04   2.018100E-05   6.144816E-05   2.024377E-05   1.486695E-04   2.000000E-04   9.235861E-05   6.718337E-05   5.509622E-05   7.133493E-05   4.204308E-05
   6.553764E-05   1.276376E-04   7.087504E-05   2.000000E-05   5.521591E-05   5.521591E-05   5.521591E-05   3.885944E-05   6.889181E-05   2.638502E-05   9.748486E-05   8.110964E-05   2.000000E-04   9.998712E-05   2.000000E-04   4.486439E-05   1.647156E-04   2.000000E-04   2.000000E-04   1.354950E-04
   2.000000E-04   1.403648E-04   5.026348E-05   2.000000E-05   5.521591E-05   5.521591E-05   5.521591E-05   5.521591E-05   1.010760E-04   1.279781E-04   2.000000E-04   4.156941E-05   7.693765E-05   4.674609E-05   3.720862E-05   6.200234E-05   2.114331E-05   1.267479E-04   2.000000E-04   2.000000E-04
   1.960556E-04   1.900587E-04   1.651662E-04   8.416903E-05   5.521591E-05   5.521591E-05   5.521591E-05   5.521591E-05   3.418558E-05   3.136430E-05   2.953161E-05   2.000000E-04   1.077565E-04   2.040032E-05   2.000000E-04   1.404398E-04   7.914838E-05   1.654347E-04   8.991954E-05   3.906891E-05
   2.944907E-05   2.723297E-05   1.488052E-04   1.415322E-04   5.521591E-05   5.521591E-05   5.521591E-05   5.521591E-05   2.000000E-04   2.000000E-04   5.025113E-05   4.659693E-05   4.177208E-05   1.518362E-04   2.000000E-04   5.239208E-05   3.036210E-05   2.000000E-04   2.000000E-04   2.000000E-05
   3.308623E-05   2.390853E-05   8.641007E-05   2.000000E-05   5.521591E-05   5.521591E-05   5.521591E-05   5.521591E-05   2.000000E-05   5.557201E-05   7.359843E-05   7.684405E-05   5.315033E-05   6.896014E-05   1.916786E-04   2.000000E-04   2.739733E-05   6.171913E-05   3.152013E-05   2.000000E-04
   2.000000E-05   2.213503E-05   2.702850E-05   3.687405E-05   5.521591E-05   5.521591E-05   5.521591E-05   5.521591E-05   4.135018E-05   1.533750E-04   1.738960E-04   2.000000E-05   1.492473E-04   1.040773E-04   2.000000E-04   4.350009E-05   7.682348E-05   5.622575E-05   1.224938E-04   2.000000E-04
   2.030449E-05   2.000000E-05   2.000000E-05   2.000000E-05   5.521591E-05   5.521591E-05   5.521591E-05   5.521591E-05   1.004045E-04   2.000000E-04   6.364811E-05   3.059504E-05   4.557859E-05   2.663441E-05   5.085072E-05   4.040939E-05   9.918596E-05   5.555140E-05   1.128346E-04   1.193746E-04
   5.229486E-05   2.060204E-05   2.000000E-05   2.065662E-05   5.521591E-05   5.521591E-05   5.521591E-05   5.521591E-05   6.159533E-05   2.000000E-05   7.811502E-05   9.778346E-05   8.390618E-05   5.930672E-05   2.000000E-04   9.553850E-05   8.124335E-05   2.717147E-05   6.170792E-05   1.801859E-04
   5.652272E-05   2.000000E-05   2.219240E-05   2.000000E-05   5.521591E-05   5.521591E-05   5.521591E-05   5.521591E-05   1.125761E-04   1.772002E-04   5.629454E-05   2.000000E-04   5.881534E-05   2.000000E-04   2.000000E-04   2.000000E-05   1.193813E-04   1.618811E-04   1.400803E-04   5.955148E-05
   4.398822E-05   4.447219E-05   2.000000E-05   2.433567E-05   5.521591E-05   5.521591E-05   5.521591E-05   5.521591E-05   1.074441E-04   6.754410E-05   2.495037E-05   4.339864E-05   2.000000E-04   4.261580E-05   1.552525E-04   2.000000E-04   4.169061E-05   4.276965E-05   4.459305E-05   1.358779E-04
   2.373954E-05   2.000000E-05   4.077716E-05   8.820414E-05   5.521591E-05   5.521591E-05   5.521591E-05   5.521591E-05   2.000000E-04   1.308910E-04   3.087509E-05   1.247759E-04   8.350060E-05   2.953239E-05   4.447038E-05   1.071960E-04   2.000000E-05   4.012307E-05   1.535010E-04   3.032014E-05
   3.051661E-05   4.833407E-05   1.169834E-04   8.675177E-05   5.521591E-05   5.521591E-05   5.521591E-05   5.521591E-05   3.334028E-05   2.650540E-05   2.000000E-04   7.636418E-05   3.161504E-05   8.152002E-05   6.482541E-05   3.203014E-05   5.711882E-05   1.037521E-04   2.623403E-05   7.895750E-05
   7.518318E-05   2.430670E-05   2.000000E-04   1.643245E-04   5.521591E-05   5.521591E-05   5.521591E-05   5.521591E-05   3.737353E-05   4.650944E-05   2.020977E-05   8.178218E-05   5.934759E-05   7.409292E-05   2.118805E-05   2.000000E-05   4.371636E-05   7.314202E-05   3.081674E-05   9.047708E-05
   1.034771E-04   2.000000E-04   9.845663E-05   3.076964E-05   5.521591E-05   5.521591E-05   2.000000E-04   3.593964E-05   3.503245E-05   5.567069E-05   2.000000E-05   2.000000E-05   2.000000E-05   2.000000E-05   3.322272E-05   2.000000E-05   6.971597E-05   1.017755E-04   2.000000E-04   9.217144E-05
   1.420336E-04   1.083735E-04   2.000000E-04   2.541317E-05   2.000000E-04   5.521591E-05   1.454299E-04   2.000000E-04   2.000000E-05   5.287350E-05   2.137969E-05   3.622379E-05   2.224598E-05   3.439549E-05   6.739169E-05   6.329790E-05   3.275115E-05   2.000000E-04   1.048984E-04   8.582563E-05
   1.731509E-04   4.624972E-05   4.680121E-05   4.627403E-05   1.870672E-04   2.000000E-04   6.834651E-05   3.125041E-05   1.159768E-04   2.000000E-05   2.000000E-05   2.000000E-05   2.000000E-05   2.000000E-05   3.408448E-05   2.000000E-05   4.243213E-05   2.887408E-05   2.000000E-05   4.556228E-05
   6.576652E-05   7.012157E-05   1.251765E-04   4.563908E-05   1.014543E-04   3.880263E-05   1.313434E-04   7.135912E-05   2.000000E-05   6.956749E-05   3.282179E-05   4.934243E-05   2.000000E-04   5.275285E-05   2.000000E-04   4.997113E-05   2.046577E-05   4.652470E-05   2.345183E-05   2.000000E-04
   9.125271E-05   7.530789E-05   2.000000E-04   1.673190E-04   1.207007E-04   3.137116E-05   7.843858E-05   1.427372E-04   2.000000E-04   1.377994E-04   1.217146E-04   7.715812E-05   1.864382E-04   2.000000E-04   1.691648E-04   1.341541E-04   3.837570E-05   5.376576E-05   4.693211E-05   1.250178E-04
   8.479762E-05   1.298722E-04   2.910947E-05   9.793282E-05   2.000000E-04   5.872284E-05   2.000000E-04   6.272162E-05   3.336101E-05   1.029733E-04   1.359317E-04   1.119231E-04   7.864241E-05   2.000000E-04   1.587333E-04   1.991761E-04   8.254382E-05   4.095692E-05   5.922476E-05   5.232758E-05
   2.000000E-05   6.938491E-05   2.000000E-04   2.000000E-04   7.189150E-05   1.815092E-04   4.156382E-05   4.000701E-05   4.434610E-05   1.906712E-04   1.211329E-04   2.000000E-04   2.413883E-05   5.731310E-05   2.000000E-04   1.223414E-04   3.504334E-05   1.070829E-04   6.635886E-05   9.173143E-05
   6.886793E-05   9.330581E-05   1.731275E-04   4.795545E-05   9.861616E-05   2.000000E-04   2.000000E-04   2.000000E-04   1.684598E-04   1.196526E-04   5.944045E-05   2.000000E-05   1.191873E-04   5.920482E-05   5.155415E-05   6.744591E-05   3.535659E-05   4.622229E-05   6.943051E-05   1.023349E-04
   1.356408E-04   9.452930E-05   2.000541E-05   6.607674E-05   1.703018E-04   7.446974E-05   1.324615E-04   7.250329E-05   2.000000E-04   1.980201E-04   4.870632E-05   1.696921E-04   1.834108E-04   2.000000E-04   2.000000E-05   4.071323E-05   3.630762E-05   3.990835E-05   2.000000E-05   1.178049E-04
   2.000000E-05   2.000000E-05   2.489843E-05   1.204500E-04   1.114707E-04   3.240051E-05   2.000000E-04   2.000000E-04   1.900068E-04   8.615926E-05   4.957263E-05   8.638745E-05   3.588271E-05   5.022528E-05   5.805018E-05   5.391787E-05   5.587703E-05   5.249995E-05   5.176356E-05   6.848698E-05
   6.629405E-05   3.016636E-05   9.629002E-05   4.701564E-05   7.277733E-05   1.005694E-04   1.137061E-04   1.006043E-04   5.278569E-05   6.174959E-05   1.104784E-04   2.000000E-05   5.856644E-05   9.375797E-05   2.000000E-05   5.286204E-05   7.405506E-05   2.000000E-04   6.183296E-05   6.642501E-05
   5.521591E-05   1.921994E-04   8.920005E-05   7.107998E-05   4.775078E-05   2.047137E-05   9.483201E-05   8.759811E-05   8.752276E-05   2.000000E-05   9.324817E-05   6.098623E-05   5.180005E-05   2.703134E-05   2.000000E-05   2.419490E-05   2.000000E-05   5.469423E-05   1.402437E-04   3.568150E-05
   5.521591E-05   5.521591E-05   2.000000E-05   2.000000E-05   1.433920E-04   4.758425E-05   5.167106E-05   2.287783E-05   8.125282E-05   3.551279E-05   2.000000E-05   2.000000E-05   2.000000E-05   5.393599E-05   2.000000E-05   3.046706E-05   5.208225E-05   2.000000E-05   5.467627E-05   1.070260E-04
   5.521591E-05   5.521591E-05   5.521591E-05   7.559059E-05   1.942655E-04   4.383719E-05   1.052572E-04   2.000000E-04   2.000000E-05   4.815789E-05   2.000000E-05   1.399621E-04   3.561632E-05   2.902878E-05   2.000000E-05   2.000000E-05   2.000000E-05   2.000000E-05   3.498874E-05   2.931615E-05
   5.521591E-05   5.521591E-05   5.521591E-05   5.521591E-05   1.021250E-04   1.049184E-04   2.286398E-05   1.529249E-04   7.645656E-05   2.000000E-04   1.408523E-04   6.211699E-05   1.426114E-04   2.000000E-05   2.241697E-05   2.000000E-05   3.626926E-05   2.798549E-05   5.762464E-05   5.521591E-05
   5.521591E-05   5.521591E-05   5.521591E-05   5.521591E-05   2.000000E-05   2.000000E-05   3.331208E-05   3.476254E-05   3.040956E-05   8.030100E-05   2.000000E-05   4.592670E-05   3.093745E-05   2.871892E-05   9.606504E-05   4.255436E-05   4.402866E-05   4.184118E-05   2.768009E-05   5.521591E-05
   5.521591E-05   5.521591E-05   5.521591E-05   5.521591E-05   5.521591E-05   6.941528E-05   2.850564E-05   8.766493E-05   8.373130E-05   6.890549E-05   7.912966E-05   4.063721E-05   3.221275E-05   6.504760E-05   2.000000E-05   2.000000E-05   6.081745E-05   4.056550E-05   5.521591E-05   5.521591E-05
   5.521591E-05   5.521591E-05   5.521591E-05   5.521591E-05   5.521591E-05   3.370202E-05   2.919514E-05   9.233443E-05   2.000000E-04   8.846011E-05   3.918332E-05   1.017857E-04   2.101620E-05   2.000000E-05   1.958954E-04   3.893554E-05   1.396101E-04   5.521591E-05   5.521591E-05   5.521591E-05
   5.521591E-05   5.521591E-05   5.521591E-05   5.521591E-05   5.521591E-05   1.805131E-04   1.660251E-04   1.013631E-04   2.992315E-05   1.119882E-04   7.545675E-05   2.000000E-05   2.000000E-05   3.492357E-05   4.614763E-05   5.096694E-05   5.521591E-05   5.521591E-05   5.521591E-05   5.521591E-05
