   2.147930E-05   5.608432E-05   2.081912E-05   1.506641E-04   2.000000E-04   3.822614E-05   2.000000E-04   2.000000E-04   9.627741E-05   1.293452E-04   6.550859E-05   3.005349E-05   2.000000E-04   2.654093E-05   1.380359E-04   8.058041E-05   4.808268E-05   1.560997E-04   1.380308E-04   3.565780E-05
   6.041462E-05   2.000000E-05   2.000000E-05   4.836361E-05   1.054950E-04   3.536826E-05   1.564289E-04   5.948297E-05   2.000000E-04   4.529497E-05   8.048462E-05   5.083693E-05   3.236504E-05   3.550121E-05   4.145080E-05   1.071432E-04   7.848973E-05   4.883489E-05   3.470075E-05   9.661660E-05
   4.880788E-05   6.689792E-05   6.341467E-05   6.615649E-05   1.038332E-04   2.000000E-04   2.000000E-04   8.035330E-05   1.220295E-04   2.000000E-04   4.791253E-05   4.239051E-05   1.207807E-04   6.148909E-05   2.000000E-04   1.202432E-04   1.019475E-04   4.490922E-05   2.000000E-05   4.726829E-05
   7.765625E-05   2.000000E-05   2.000000E-05   3.797422E-05   2.838469E-05   1.749647E-04   1.305057E-04   6.765031E-05   1.871881E-04   5.619079E-05   6.537006E-05   8.444818E-05   6.962611E-05   6.997876E-05   7.601498E-05   6.189935E-05   5.307482E-05   4.623355E-05   1.172334E-04   2.000000E-05
   4.044431E-05   2.000000E-05   2.000000E-05   3.572681E-05   2.402554E-05   2.490639E-05   7.312091E-05   2.000000E-04   2.000000E-04   8.225268E-05   6.874702E-05   2.000000E-05   4.878179E-05   2.000000E-05   1.759477E-04   8.738468E-05   6.968098E-05   2.000000E-05   2.000000E-04   2.405434E-05
   1.065225E-04   2.000000E-05   1.610286E-04   4.785573E-05   5.110613E-05   2.049894E-05   5.233457E-05   2.000000E-04   6.806838E-05   4.469742E-05   2.732479E-05   4.481587E-05   8.358543E-05   1.106957E-04   7.281167E-05   2.883330E-05   5.950066E-05   1.112237E-04   3.687779E-05   2.689184E-05
   2.000000E-05   1.954667E-04   2.422504E-05   4.514561E-05   1.227916E-04   1.740138E-04   3.629621E-05   1.357263E-04   2.000000E-05   2.055235E-05   5.649925E-05   1.526307E-04   2.897474E-05   7.069024E-05   5.369153E-05   4.617388E-05   2.000000E-05   8.124981E-05   5.454095E-05   6.944580E-05
   6.329385E-05   2.000000E-05   7.109352E-05   1.760865E-04   2.000000E-04   2.000000E-04   8.281661E-05   1.118739E-04   2.000000E-05   3.131175E-05   2.135223E-05   2.154160E-05   3.313153E-05   7.886237E-05   2.644872E-05   3.024676E-05   7.100348E-05   7.153300E-05   4.307279E-05   4.934140E-05
   2.000000E-05   4.191772E-05   1.208902E-04   2.881103E-05   7.714444E-05   7.714444E-05   7.714444E-05   6.710089E-05   5.182895E-05   8.314159E-05   7.054031E-05   4.387023E-05   1.113957E-04   1.317323E-04   1.044666E-04   3.123768E-05   1.430056E-04   7.903511E-05   4.263443E-05   2.000000E-04
   1.944340E-04   2.439959E-05   2.000000E-04   4.339931E-05   7.714444E-05   7.714444E-05   7.714444E-05   7.714444E-05   8.511780E-05   8.295746E-05   2.000000E-05   4.194421E-05   1.662258E-04   2.000000E-04   1.257906E-04   1.531110E-04   5.428331E-05   1.113199E-04   1.598121E-04   6.232759E-05
   8.469889E-05   4.749167E-05   3.913486E-05   2.728337E-05   7.714444E-05   7.714444E-05   7.714444E-05   7.714444E-05   3.086435E-05   2.000000E-05   5.712698E-05   4.521645E-05   3.240423E-05   5.255430E-05   2.000000E-04   7.032790E-05   9.390947E-05   2.000000E-04   2.000000E-04   8.495531E-05
   4.647112E-05   9.843400E-05   4.910203E-05   2.239695E-05   7.714444E-05   7.714444E-05   7.714444E-05   7.714444E-05   7.580044E-05   4.645884E-05   8.449640E-05   9.744141E-05   6.479139E-05   2.000000E-04   2.000000E-04   7.664421E-05   2.000000E-04   3.825734E-05   1.195714E-04   1.459974E-04
   3.361983E-05   6.277446E-05   2.000000E-05   3.495655E-05   7.714444E-05   7.714444E-05   7.714444E-05   7.714444E-05   2.663727E-05   6.770930E-05   3.752157E-05   7.526113E-05   6.036630E-05   3.311008E-05   8.556305E-05   1.275877E-04   2.000000E-04   1.106523E-04   2.023871E-05   3.100513E-05
   2.000000E-05   2.137819E-05   4.732937E-05   2.000000E-05   7.714444E-05   7.714444E-05   7.714444E-05   7.714444E-05   8.535180E-05   1.327454E-04   2.000000E-05   3.491901E-05   5.679812E-05   8.163355E-05   3.242733E-05   2.132931E-05   8.319287E-05   1.650434E-04   3.981644E-05   4.900237E-05
   6.710704E-05   5.419691E-05   6.749819E-05   3.091702E-05   7.714444E-05   7.714444E-05   7.714444E-05   7.714444E-05   5.897276E-05   1.365404E-04   9.114040E-05   7.677721E-05   7.234365E-05   1.275071E-04   3.534394E-05   2.722298E-05   4.017584E-05   4.642519E-05   1.124427E-04   8.025097E-05
   2.000000E-05   3.036174E-05   8.246921E-05   2.778729E-05   7.714444E-05   7.714444E-05   7.714444E-05   7.714444E-05   2.000000E-04   1.012228E-04   3.200252E-05   5.826046E-05   5.248667E-05   4.933389E-05   2.681283E-05   5.698751E-05   2.439693E-05   1.733780E-04   6.426346E-05   1.374909E-04
   1.144809E-04   2.000000E-05   2.000000E-05   4.296707E-05   7.714444E-05   7.714444E-05   7.714444E-05   7.714444E-05   1.074134E-04   1.541749E-04   1.753509E-04   3.484202E-05   2.000000E-05   6.181691E-05   1.893204E-04   2.000000E-05   7.946938E-05   1.800617E-04   1.204754E-04   4.919116E-05
   4.654866E-05   2.000000E-05   8.348381E-05   3.641283E-05   7.714444E-05   7.714444E-05   7.714444E-05   7.714444E-05   2.000000E-04   6.621687E-05   3.479721E-05   2.000000E-04   2.000000E-05   2.000000E-05   6.254005E-05   5.255203E-05   4.876692E-05   3.285998E-05   4.976232E-05   1.410719E-04
   1.451615E-04   1.989667E-04   7.470711E-05   1.330301E-04   7.714444E-05   7.714444E-05   7.714444E-05   7.714444E-05   3.245611E-05   9.342336E-05   9.310048E-05   2.000000E-05   2.234983E-05   8.725153E-05   2.000000E-05   2.000000E-05   7.343061E-05   3.108511E-05   2.000000E-04   2.802043E-05
   3.538341E-05   3.367279E-05   2.832453E-05   5.431615E-05   7.714444E-05   7.714444E-05   7.714444E-05   7.714444E-05   8.657920E-05   1.341247E-04   6.037456E-05   3.415229E-05   5.173955E-05   2.000000E-05   2.976590E-05   7.842651E-05   3.020747E-05   6.658952E-05   5.772347E-05   2.000000E-05
   8.429304E-05   9.515610E-05   2.203277E-05   4.324730E-05   7.714444E-05   7.714444E-05   7.714444E-05   7.714444E-05   9.235597E-05   7.657533E-05   3.405603E-05   2.390697E-05   3.668236E-05   2.000000E-05   1.420083E-04   6.136265E-05   4.199745E-05   8.017174E-05   2.046708E-05   3.240954E-05
   4.368271E-05   7.299215E-05   8.291321E-05   3.292540E-05   7.714444E-05   7.714444E-05   8.554628E-05   4.873673E-05   4.826927E-05   5.952940E-05   2.000000E-05   2.481823E-05   1.109948E-04   8.121354E-05   8.582233E-05   8.201279E-05   6.181603E-05   3.211115E-05   3.934333E-05   2.920341E-05
   1.573540E-04   1.118335E-04   9.383353E-05   2.000000E-04   2.000000E-05   7.714444E-05   2.000000E-04   2.000000E-04   4.774187E-05   1.062808E-04   2.000000E-05   2.000000E-05   2.438038E-05   5.234442E-05   2.000000E-05   3.757733E-05   1.829795E-04   2.000000E-05   2.000000E-05   2.000000E-05
   2.124757E-05   3.655479E-05   9.931212E-05   9.192162E-05   4.672955E-05   2.000000E-04   2.000000E-04   5.127288E-05   2.000000E-04   2.815525E-05   1.204395E-04   2.000000E-05   2.000000E-05   2.000000E-05   7.245805E-05   2.000000E-05   9.050224E-05   3.182953E-05   2.000000E-05   5.073811E-05
   7.206823E-05   9.112234E-05   4.328718E-05   1.346898E-04   2.000000E-04   2.000000E-04   5.337771E-05   1.131917E-04   2.431735E-05   4.034599E-05   4.386246E-05   2.000000E-05   2.126586E-05   2.268978E-05   2.452288E-05   2.000000E-05   1.523666E-04   2.000000E-05   1.442253E-04   7.779071E-05
   1.929977E-04   2.000000E-04   2.000000E-04   1.283042E-04   1.111161E-04   4.165478E-05   4.104065E-05   3.702714E-05   1.219321E-04   7.759947E-05   2.440044E-05   8.179597E-05   2.201092E-05   6.133228E-05   2.263710E-05   4.525411E-05   8.830302E-05   4.028538E-05   5.996333E-05   2.000000E-05
   2.974553E-05   1.678206E-04   6.820152E-05   1.152818E-04   8.425940E-05   6.475086E-05   2.863169E-05   2.000000E-05   2.057306E-05   2.000000E-05   2.000000E-05   4.846670E-05   1.281974E-04   2.285837E-05   2.167579E-05   3.697863E-05   6.952776E-05   8.936672E-05   1.033341E-04   2.961575E-05
   1.071030E-04   7.557159E-05   5.699040E-05   1.082069E-04   8.291697E-05   2.586064E-05   7.489406E-05   3.593333E-05   3.235802E-05   2.000000E-05   2.000000E-05   4.963553E-05   2.000000E-05   2.009305E-05   3.585509E-05   1.143553E-04   3.686709E-05   8.972960E-05   1.527256E-04   5.525295E-05
   2.000000E-04   7.604041E-05   1.104539E-04   2.782153E-05   2.000000E-05   2.000000E-05   2.000000E-05   4.767275E-05   2.000000E-05   2.161426E-05   2.717723E-05   2.000000E-05   2.000000E-05   1.972750E-04   2.000000E-05   2.685362E-05   2.000000E-05   7.259729E-05   2.000000E-05   8.168712E-05
   1.755231E-04   1.702502E-04   2.000000E-05   3.871324E-05   2.373236E-05   2.000000E-05   2.000000E-05   2.000000E-05   3.941832E-05   2.439468E-05   2.000000E-05   2.000000E-05   1.057975E-04   4.765922E-05   4.096678E-05   8.337622E-05   9.167991E-05   5.024959E-05   2.000000E-04   2.392925E-05
   7.601292E-05   1.469945E-04   1.830006E-04   3.906198E-05   3.393651E-05   2.000000E-05   2.000000E-05   2.326376E-05   2.000000E-05   2.087401E-05   2.000000E-05   4.120401E-05   2.000000E-05   9.259057E-05   7.449421E-05   8.087468E-05   8.834202E-05   2.000000E-04   7.584384E-05   8.531138E-05
   6.348100E-05   2.000000E-04   5.048445E-05   2.000000E-05   2.000000E-04   2.000000E-05   2.072872E-05   4.586290E-05   5.426982E-05   3.233132E-05   2.000000E-05   2.182051E-05   1.155473E-04   3.035409E-05   1.025094E-04   2.212889E-05   9.878816E-05   1.903889E-04   1.085482E-04   5.470328E-05
   7.714444E-05   6.699566E-05   2.000000E-04   7.194646E-05   5.551099E-05   5.155527E-05   6.255023E-05   7.138755E-05   2.000000E-05   7.787781E-05   7.722459E-05   2.000000E-05   2.533362E-05   3.949439E-05   2.000000E-05   7.122661E-05   1.830844E-04   3.429405E-05   5.035780E-05   6.381791E-05
   7.714444E-05   7.714444E-05   1.480099E-04   6.501324E-05   1.165971E-04   7.958805E-05   3.879009E-05   4.491596E-05   2.818170E-05   1.066397E-04   3.836605E-05   3.886183E-05   1.784861E-04   8.763514E-05   2.725413E-05   2.000000E-05   4.270267E-05   9.911643E-05   6.650161E-05   5.779455E-05
   7.714444E-05   7.714444E-05   7.714444E-05   3.602604E-05   2.000000E-05   8.515915E-05   2.657041E-05   2.480908E-05   3.970308E-05   1.025394E-04   4.237493E-05   2.000000E-05   1.669550E-04   5.760357E-05   3.022608E-05   2.986482E-05   2.995432E-05   7.590947E-05   2.524940E-05   4.508502E-05
   7.714444E-05   7.714444E-05   7.714444E-05   7.714444E-05   4.990576E-05   2.473439E-05   2.445969E-05   3.558350E-05   7.760449E-05   1.103810E-04   2.000000E-05   2.000000E-05   7.934706E-05   6.701547E-05   1.402889E-04   1.218160E-04   3.544494E-05   2.000000E-05   4.666956E-05   7.714444E-05
   7.714444E-05   7.714444E-05   7.714444E-05   7.714444E-05   4.239510E-05   5.672061E-05   5.363356E-05   5.621463E-05   7.149239E-05   5.459775E-05   1.173307E-04   5.555713E-05   2.728530E-05   2.000000E-05   9.452548E-05   2.366844E-05   2.000000E-05   2.472305E-05   9.757452E-05   7.714444E-05
   7.714444E-05   7.714444E-05   7.714444E-05   7.714444E-05   7.714444E-05   5.652892E-05   6.879925E-05   1.221623E-04   3.739537E-05   2.000000E-05   2.726674E-05   2.000000E-05   3.173790E-05   2.477599E-05   2.000000E-05   2.930361E-05   3.997829E-05   2.000000E-05   7.714444E-05   7.714444E-05
   7.714444E-05   7.714444E-05   7.714444E-05   7.714444E-05   7.714444E-05   6.531750E-05   7.198047E-05   1.674852E-04   1.041033E-04   2.827995E-05   4.571362E-05   3.768673E-05   2.982012E-05   1.583117E-04   2.813708E-05   4.270246E-05   6.572435E-05   7.714444E-05   7.714444E-05   7.714444E-05
   7.714444E-05   7.714444E-05   7.714444E-05   7.714444E-05   7.714444E-05   5.245848E-05   1.213491E-04   4.767698E-05   2.000000E-05   4.741683E-05   2.000000E-05   4.344490E-05   3.933119E-05   3.403860E-05   9.760910E-05   2.000000E-05   7.714444E-05   7.714444E-05   7.714444E-05   7.714444E-05
