   2.000000E-05   6.782484E-05   4.838542E-05   3.041280E-05   4.505869E-05   2.000000E-04   7.826760E-05   8.013487E-05   7.920686E-05   3.295924E-05   1.987406E-04   4.851800E-05   7.614156E-05   2.000000E-04   2.000000E-04   6.777808E-05   5.483402E-05   2.000000E-04   8.154201E-05   1.665087E-04
   2.689997E-05   2.797744E-05   3.898648E-05   7.224352E-05   2.000000E-04   6.822161E-05   1.158494E-04   2.000000E-04   2.000000E-04   7.516891E-05   4.409686E-05   6.516967E-05   2.000000E-04   1.357845E-04   2.000000E-04   5.078108E-05   1.320198E-04   7.394859E-05   3.603642E-05   5.119170E-05
   3.894593E-05   2.902880E-05   7.387482E-05   3.254906E-05   7.759808E-05   2.000000E-04   1.518766E-04   2.000000E-04   1.103097E-04   2.000000E-04   1.732103E-04   5.558599E-05   2.000000E-04   2.000000E-04   6.496027E-05   9.439677E-05   1.151786E-04   4.917189E-05   1.660192E-04   2.000000E-04
   5.289827E-05   1.394585E-04   5.120800E-05   2.000000E-04   7.247928E-05   4.381082E-05   1.665781E-04   2.000000E-04   9.248306E-05   2.000000E-04   2.000000E-04   1.417214E-04   9.240068E-05   2.587181E-05   2.000000E-04   6.459460E-05   1.262868E-04   2.000000E-04   1.300979E-04   2.000000E-04
   6.177401E-05   2.509962E-05   1.009155E-04   1.262586E-04   8.241036E-05   1.756649E-04   4.765924E-05   2.000000E-04   7.268733E-05   1.529459E-04   6.226862E-05   2.000000E-04   6.614927E-05   2.000000E-04   3.545277E-05   1.704478E-04   1.045698E-04   8.961603E-05   1.933371E-04   1.389771E-04
   2.000000E-04   2.000000E-05   8.439680E-05   9.762440E-05   8.046384E-05   1.382755E-04   2.000000E-04   1.748112E-04   1.253447E-04   5.078348E-05   1.962057E-04   1.238675E-04   2.000000E-04   1.023217E-04   5.453535E-05   1.490080E-04   1.511095E-04   2.000000E-04   4.939413E-05   8.152146E-05
   2.237541E-05   6.786986E-05   5.556340E-05   2.000000E-05   8.057671E-05   1.737215E-04   2.000000E-04   8.975498E-05   2.000000E-04   1.091128E-04   3.049883E-05   1.783855E-04   1.326682E-04   1.612126E-04   9.713890E-05   6.675746E-05   1.046032E-04   7.302691E-05   2.000000E-04   9.798987E-05
   4.390348E-05   8.494908E-05   2.000000E-05   1.336485E-04   1.170424E-04   5.274978E-05   9.435923E-05   3.316665E-05   1.808285E-04   2.000000E-04   2.000000E-04   2.000000E-04   2.000000E-04   2.000000E-04   1.292260E-04   3.673733E-05   9.298969E-05   2.000000E-04   7.583313E-05   5.284587E-05
   9.352862E-05   1.535061E-04   2.000000E-04   2.661066E-05   9.692941E-05   9.692941E-05   9.692941E-05   1.607318E-04   2.000000E-04   2.000000E-04   7.515665E-05   2.000000E-04   1.669918E-04   4.540408E-05   2.000000E-04   2.000000E-04   2.000000E-04   2.000000E-04   2.000000E-04   2.000000E-04
   1.661909E-04   1.154106E-04   2.000000E-04   1.250743E-04   9.692941E-05   9.692941E-05   9.692941E-05   9.692941E-05   2.000000E-04   2.000000E-04   2.000000E-04   2.000000E-04   2.000000E-04   1.125700E-04   2.000000E-04   2.000000E-04   1.295289E-04   1.740446E-04   2.000000E-04   8.157373E-05
   2.000000E-04   5.779283E-05   2.000000E-04   2.000000E-04   9.692941E-05   9.692941E-05   9.692941E-05   9.692941E-05   9.296876E-05   7.535802E-05   9.786406E-05   2.000000E-04   1.276730E-04   5.578949E-05   2.000000E-04   2.000000E-04   2.000000E-04   1.375608E-04   1.502546E-04   1.690266E-04
   2.000000E-04   7.548052E-05   6.118651E-05   1.718154E-04   9.692941E-05   9.692941E-05   9.692941E-05   9.692941E-05   2.000000E-04   9.011124E-05   1.643813E-04   1.046263E-04   2.000000E-04   2.000000E-04   2.000000E-04   2.000000E-04   2.000000E-04   2.000000E-04   1.444155E-04   2.000000E-04
   5.439739E-05   5.546514E-05   1.827408E-04   1.121087E-04   9.692941E-05   9.692941E-05   9.692941E-05   9.692941E-05   3.867722E-05   5.851224E-05   2.996963E-05   2.000000E-04   1.007047E-04   7.776174E-05   2.000000E-04   1.411756E-04   1.595660E-04   2.000000E-04   2.000000E-04   2.000000E-04
   9.023101E-05   1.085669E-04   6.533771E-05   6.995237E-05   9.692941E-05   9.692941E-05   9.692941E-05   9.692941E-05   1.178036E-04   5.477979E-05   2.000000E-05   8.187854E-05   2.000000E-04   1.564573E-04   6.444177E-05   8.054488E-05   9.448150E-05   2.000000E-04   2.000000E-04   1.373750E-04
   4.924804E-05   5.932864E-05   5.444907E-05   1.611171E-04   9.692941E-05   9.692941E-05   9.692941E-05   9.692941E-05   7.704103E-05   1.185099E-04   2.414395E-05   1.942728E-04   9.148001E-05   2.000000E-04   4.306655E-05   2.000000E-04   2.000000E-04   1.238886E-04   1.380706E-04   7.365170E-05
   2.000000E-04   8.829235E-05   3.710256E-05   1.735420E-04   9.692941E-05   9.692941E-05   9.692941E-05   9.692941E-05   6.524355E-05   9.579849E-05   1.703730E-04   7.786627E-05   2.000000E-04   1.132637E-04   1.317786E-04   1.497091E-04   9.328578E-05   2.000000E-04   8.572442E-05   2.000000E-04
   5.996231E-05   1.072390E-04   3.391921E-05   4.201604E-05   9.692941E-05   9.692941E-05   9.692941E-05   9.692941E-05   2.000000E-04   4.016787E-05   3.226852E-05   8.674791E-05   1.085117E-04   2.000000E-04   1.424817E-04   5.769438E-05   2.635185E-05   1.382768E-04   1.935877E-04   1.086164E-04
   2.465054E-05   6.046690E-05   2.745996E-05   1.398513E-04   9.692941E-05   9.692941E-05   9.692941E-05   9.692941E-05   1.992207E-04   2.820482E-05   1.382285E-04   4.573044E-05   1.056261E-04   8.945608E-05   3.037831E-05   1.914022E-04   1.165432E-04   3.898384E-05   2.000000E-04   3.359833E-05
   4.138333E-05   2.000000E-05   2.000000E-05   2.000000E-05   9.692941E-05   9.692941E-05   9.692941E-05   9.692941E-05   2.000000E-04   2.000000E-05   1.135092E-04   2.383601E-05   2.068335E-05   6.083507E-05   2.889632E-05   1.643943E-04   7.190073E-05   9.374632E-05   1.519297E-04   2.000000E-04
   2.000000E-04   2.000000E-04   4.338217E-05   1.036820E-04   9.692941E-05   9.692941E-05   9.692941E-05   9.692941E-05   1.003380E-04   7.927751E-05   7.403251E-05   5.867544E-05   7.597226E-05   5.834606E-05   9.678057E-05   2.000000E-04   4.687100E-05   1.101339E-04   2.000000E-04   9.001384E-05
   2.900441E-05   6.348282E-05   1.012208E-04   7.482643E-05   9.692941E-05   9.692941E-05   9.692941E-05   9.692941E-05   1.499480E-04   4.271046E-05   5.480488E-05   2.000000E-04   8.940708E-05   2.000000E-04   6.402519E-05   4.584077E-05   2.000000E-04   2.000000E-04   5.482894E-05   1.316057E-04
   3.451424E-05   7.271327E-05   2.000000E-04   9.950926E-05   9.692941E-05   9.692941E-05   2.000000E-04   5.020031E-05   7.833402E-05   4.013118E-05   2.000000E-04   2.550993E-05   2.000000E-04   9.375250E-05   9.887043E-05   2.000000E-04   2.000000E-04   1.232716E-04   8.602818E-05   9.757437E-05
   1.255540E-04   1.119961E-04   2.000000E-04   1.296273E-04   8.322453E-05   9.692941E-05   2.000000E-04   7.371845E-05   7.385075E-05   3.917178E-05   2.000000E-04   6.278073E-05   1.485330E-04   1.831677E-04   2.000000E-04   8.381746E-05   1.264030E-04   5.811291E-05   1.083366E-04   2.000000E-04
   2.000000E-04   2.000000E-04   2.000000E-04   2.000000E-04   2.000000E-04   1.880470E-04   2.000000E-04   2.417017E-05   7.591754E-05   5.012391E-05   3.080563E-05   2.000000E-04   1.328507E-04   6.527381E-05   2.000000E-04   7.285893E-05   2.000000E-04   3.861436E-05   9.600882E-05   2.000000E-04
   2.000000E-04   2.000000E-04   4.888900E-05   2.000000E-04   1.309124E-04   2.000000E-04   1.305131E-04   1.195479E-04   2.879649E-05   6.880701E-05   1.923100E-04   9.346389E-05   6.117775E-05   8.060754E-05   2.000000E-04   5.283566E-05   4.387003E-05   2.000000E-04   1.508747E-04   2.000000E-04
   1.927812E-04   1.164124E-04   7.627422E-05   2.000000E-04   2.000000E-04   6.346010E-05   2.000000E-04   2.000000E-04   1.814314E-04   4.077178E-05   9.524724E-05   2.000000E-04   2.000000E-04   2.000000E-04   1.026513E-04   2.000000E-04   1.068272E-04   9.205182E-05   1.700741E-04   2.000000E-04
   2.000000E-04   2.000000E-04   2.000000E-04   1.669517E-04   1.544255E-04   2.000000E-04   2.000000E-04   2.000000E-04   1.471354E-04   9.929567E-05   2.046654E-05   1.146846E-04   3.268709E-05   1.661232E-04   1.919572E-04   3.526774E-05   1.072377E-04   9.229864E-05   1.369217E-04   5.566999E-05
   2.000000E-04   2.000000E-04   2.000000E-04   9.608612E-05   8.719800E-05   1.637261E-04   1.761430E-04   2.000000E-05   6.260104E-05   2.149246E-05   2.195136E-05   2.000000E-05   7.218117E-05   5.125782E-05   1.186970E-04   1.262559E-04   2.000000E-04   1.435315E-04   8.073778E-05   2.000000E-04
   7.243255E-05   1.340040E-04   8.795174E-05   1.501067E-04   1.919171E-04   6.725029E-05   1.010401E-04   1.371002E-04   7.501807E-05   2.000000E-05   6.515488E-05   2.000000E-05   3.677766E-05   6.804861E-05   6.417668E-05   1.303650E-04   2.615940E-05   5.415380E-05   7.891958E-05   1.849308E-04
   1.107291E-04   1.545528E-04   2.415068E-05   2.000000E-04   2.000000E-04   1.075031E-04   2.000000E-04   1.697983E-04   4.061602E-05   5.551630E-05   2.000000E-05   6.065959E-05   1.375137E-04   1.202197E-04   5.928373E-05   2.000000E-04   1.193298E-04   1.200233E-04   2.000000E-04   2.000000E-04
   1.063449E-04   5.784107E-05   9.354974E-05   2.909872E-05   2.000000E-04   1.722690E-04   1.878435E-04   3.468719E-05   2.174164E-05   2.139338E-05   4.013811E-05   2.000000E-05   1.431363E-04   5.307053E-05   2.000000E-04   1.102985E-04   1.624154E-04   1.710614E-04   5.654428E-05   6.491878E-05
   7.089789E-05   1.198616E-04   1.578715E-04   2.000000E-04   9.472733E-05   1.219903E-04   8.080625E-05   7.563873E-05   2.319295E-05   5.615017E-05   6.293460E-05   1.476944E-04   2.000000E-04   5.026639E-05   2.000000E-04   2.000000E-04   1.094515E-04   5.296727E-05   2.000000E-04   6.351898E-05
   9.692941E-05   5.386659E-05   3.714163E-05   3.363035E-05   1.299858E-04   2.000000E-04   5.536542E-05   6.612759E-05   1.186426E-04   1.332819E-04   1.910204E-04   7.003305E-05   6.446246E-05   2.000000E-04   7.617238E-05   1.119155E-04   2.000000E-04   7.936368E-05   2.000000E-04   1.817536E-04
   9.692941E-05   9.692941E-05   9.300791E-05   1.749084E-04   1.032990E-04   1.507091E-04   6.853259E-05   2.000000E-04   2.000000E-04   6.559570E-05   1.044128E-04   1.171715E-04   7.868498E-05   2.000000E-04   7.569694E-05   1.956242E-04   2.000000E-04   2.000000E-04   2.000000E-04   2.000000E-04
   9.692941E-05   9.692941E-05   9.692941E-05   2.000000E-04   8.133087E-05   2.000000E-04   4.736288E-05   2.000000E-04   2.000000E-04   1.398158E-04   2.000000E-04   2.000000E-04   2.000000E-04   1.384545E-04   2.000000E-04   1.571697E-04   2.000000E-04   3.666824E-05   4.768229E-05   3.231927E-05
   9.692941E-05   9.692941E-05   9.692941E-05   9.692941E-05   2.000000E-04   1.384495E-04   2.000000E-04   1.418006E-04   1.497627E-04   8.144703E-05   2.000000E-04   1.648081E-04   1.238445E-04   2.000000E-04   4.400576E-05   1.959549E-04   2.000000E-04   1.506907E-04   3.105348E-05   9.692941E-05
   9.692941E-05   9.692941E-05   9.692941E-05   9.692941E-05   1.884349E-04   1.713674E-04   2.000000E-04   2.000000E-04   1.412338E-04   2.000000E-04   1.287249E-04   8.734265E-05   2.000000E-04   8.285914E-05   1.298927E-04   2.000000E-04   1.296077E-04   7.425492E-05   8.943972E-05   9.692941E-05
   9.692941E-05   9.692941E-05   9.692941E-05   9.692941E-05   9.692941E-05   2.000000E-04   2.000000E-04   1.857436E-04   2.000000E-04   2.000000E-04   1.340461E-04   2.000000E-04   7.671766E-05   2.000000E-04   2.000000E-04   1.248976E-04   2.000000E-04   1.394580E-04   9.692941E-05   9.692941E-05
   9.692941E-05   9.692941E-05   9.692941E-05   9.692941E-05   9.692941E-05   2.000000E-04   1.844721E-04   2.000000E-04   2.000000E-04   2.000000E-04   3.685891E-05   1.981790E-04   2.000000E-04   2.000000E-04   2.000000E-04   2.000000E-04   2.966686E-05   9.692941E-05   9.692941E-05   9.692941E-05
   9.692941E-05   9.692941E-05   9.692941E-05   9.692941E-05   9.692941E-05   1.941364E-04   3.449906E-05   1.620416E-04   2.000000E-04   2.000000E-04   1.637699E-04   1.586166E-04   2.000000E-04   9.665890E-05   1.013047E-04   1.964500E-04   9.692941E-05   9.692941E-05   9.692941E-05   9.692941E-05
