   2.000000E-05   2.000000E-05   2.000000E-05   2.000000E-05   2.000000E-05   2.000000E-05   2.000000E-05   2.000000E-05   2.000000E-05   2.000000E-05   2.000000E-05   2.000000E-05   2.000000E-05   2.000000E-05   2.000000E-05   2.089805E-05   2.000000E-05   2.000000E-05   3.547386E-05   2.281789E-05
   2.000000E-05   2.000000E-05   2.000000E-05   2.000000E-05   2.000000E-05   2.000000E-05   2.000000E-05   2.000000E-05   2.000000E-05   2.000000E-05   2.000000E-05   2.000000E-05   3.542732E-05   2.000000E-05   2.000000E-05   2.000000E-05   3.501532E-05   4.626160E-05   3.224976E-05   2.000000E-05
   2.000000E-05   2.000000E-05   2.000000E-05   2.000000E-05   2.146436E-05   2.000000E-05   2.000000E-05   2.000000E-05   2.000000E-05   2.000000E-05   4.076588E-05   2.000000E-05   4.855200E-05   3.171718E-05   2.000000E-05   4.256120E-05   2.000000E-05   2.000000E-05   4.098496E-05   2.000000E-05
   2.000000E-05   2.000000E-05   2.000000E-05   2.044780E-05   2.000000E-05   2.000000E-05   2.000000E-05   2.000000E-05   2.000000E-05   2.000000E-05   2.000000E-05   2.000000E-05   2.000000E-05   2.000000E-05   2.000000E-05   2.000000E-05   3.195787E-05   2.000000E-05   2.335809E-05   2.000000E-05
   2.633445E-05   2.000000E-05   3.670780E-05   2.000000E-05   2.050289E-05   2.000000E-05   2.000000E-05   2.000000E-05   2.000000E-05   2.000000E-05   2.447677E-05   2.000000E-05   2.000000E-05   2.715065E-05   2.000000E-05   2.000000E-05   2.365974E-05   2.000000E-05   3.845384E-05   3.000595E-05
   3.262376E-05   2.000000E-05   5.622646E-05   2.897198E-05   2.000000E-05   2.000000E-05   2.000000E-05   6.466440E-05   2.662175E-05   3.999850E-05   9.319754E-05   2.000000E-05   4.764299E-05   2.000000E-05   2.803057E-05   2.000000E-05   2.000000E-05   2.000000E-05   3.599030E-05   3.090848E-05
   2.000000E-05   6.496150E-05   1.696288E-04   2.000000E-05   2.000000E-05   2.000000E-05   2.360695E-05   2.000000E-05   2.000000E-05   2.000000E-05   6.767038E-05   9.066924E-05   2.000000E-05   3.099458E-05   2.373747E-05   2.796831E-05   2.000000E-05   3.194236E-05   2.000000E-05   2.000000E-05
   2.440413E-05   1.132277E-04   9.617890E-05   3.531289E-05   2.000000E-05   2.000000E-05   2.000000E-05   2.000000E-05   3.012901E-05   2.000000E-05   7.343894E-05   3.676836E-05   2.000000E-05   2.000000E-05   2.000000E-05   2.000000E-05   2.000000E-05   2.000000E-05   2.000000E-05   2.000000E-05
   2.000000E-05   2.000000E-05   3.487455E-05   2.000000E-05   2.080315E-05   2.080315E-05   2.080315E-05   4.711257E-05   2.000000E-05   2.000000E-05   4.195346E-05   2.000000E-05   2.000000E-05   2.000000E-05   2.000000E-05   2.000000E-05   2.000000E-05   2.000000E-05   2.000000E-05   2.000000E-05
   2.000000E-05   2.000000E-05   2.000000E-05   2.000000E-05   2.080315E-05   2.080315E-05   2.080315E-05   2.080315E-05   5.162918E-05   2.000000E-05   2.000000E-05   2.000000E-05   2.000000E-05   2.000000E-05   4.142322E-05   2.000000E-05   2.000000E-05   2.251636E-05   2.000000E-05   2.229121E-05
   5.854473E-05   2.211597E-05   2.000000E-05   2.000000E-05   2.080315E-05   2.080315E-05   2.080315E-05   2.080315E-05   2.000000E-05   3.596712E-05   2.000000E-05   2.000000E-05   2.627585E-05   4.427786E-05   2.000000E-05   2.183606E-05   2.000000E-05   2.000000E-05   2.000000E-05   2.240466E-05
   2.421140E-05   2.344164E-05   2.000000E-05   2.000000E-05   2.080315E-05   2.080315E-05   2.080315E-05   2.080315E-05   2.000000E-05   9.065501E-05   3.810799E-05   3.899964E-05   2.000000E-05   2.000000E-05   2.000000E-05   2.000000E-05   4.083351E-05   2.000000E-05   2.000000E-05   2.000000E-05
   2.000000E-05   2.943227E-05   3.673749E-05   2.613089E-05   2.080315E-05   2.080315E-05   2.080315E-05   2.080315E-05   2.336512E-05   2.000000E-05   2.708941E-05   2.000000E-05   4.923860E-05   2.000000E-05   2.000000E-05   4.204300E-05   2.000000E-05   2.000000E-05   2.000000E-05   6.394037E-05
   2.000000E-05   2.000000E-05   3.409522E-05   2.000000E-05   2.080315E-05   2.080315E-05   2.080315E-05   2.080315E-05   7.881200E-05   2.000000E-05   3.337361E-05   2.115596E-05   2.000000E-05   2.000000E-05   2.000000E-05   8.967134E-05   2.262680E-05   7.878856E-05   2.000000E-05   2.000000E-05
   1.178694E-04   2.000000E-05   2.058654E-05   2.000000E-05   2.080315E-05   2.080315E-05   2.080315E-05   2.080315E-05   2.000000E-05   3.068849E-05   7.600648E-05   2.000000E-05   2.000000E-05   4.601034E-05   2.000000E-05   2.767400E-05   2.566919E-05   2.000000E-05   2.000000E-05   2.000000E-05
   1.330335E-04   4.935411E-05   2.000000E-05   4.692879E-05   2.080315E-05   2.080315E-05   2.080315E-05   2.080315E-05   2.000000E-05   2.000000E-05   2.000000E-05   3.274877E-05   3.656123E-05   2.364395E-05   2.220610E-05   2.000000E-05   2.000000E-05   2.000000E-05   2.000000E-05   3.516705E-05
   2.000000E-05   9.502064E-05   3.876403E-05   2.257603E-05   2.080315E-05   2.080315E-05   2.080315E-05   2.080315E-05   2.000000E-05   2.492426E-05   4.157268E-05   2.000000E-05   2.000000E-05   5.702006E-05   2.000000E-05   6.063524E-05   2.202460E-05   5.568802E-05   2.000000E-05   2.000000E-05
   6.815677E-05   6.518402E-05   1.400505E-04   8.633086E-05   2.080315E-05   2.080315E-05   2.080315E-05   2.080315E-05   2.000000E-05   2.000000E-05   2.367175E-05   2.000000E-05   2.000000E-05   2.630599E-05   2.182319E-05   2.418163E-05   2.000000E-05   5.383733E-05   2.000000E-05   2.000000E-05
   2.000000E-05   3.398571E-05   2.000000E-04   7.079604E-05   2.080315E-05   2.080315E-05   2.080315E-05   2.080315E-05   2.000000E-05   2.000000E-05   2.295597E-05   2.000000E-05   2.000000E-05   2.000000E-05   2.000000E-05   2.000000E-05   2.183654E-05   2.000000E-05   2.000000E-05   2.000000E-05
   5.671325E-05   3.225059E-05   6.392777E-05   6.594554E-05   2.080315E-05   2.080315E-05   2.080315E-05   2.080315E-05   2.000000E-05   3.438981E-05   2.000000E-05   2.000000E-05   2.000000E-05   4.811151E-05   2.000000E-05   4.835151E-05   2.000000E-05   2.000000E-05   2.000000E-05   7.681220E-05
   1.046508E-04   2.042734E-05   2.000000E-05   3.493299E-05   2.080315E-05   2.080315E-05   2.080315E-05   2.080315E-05   4.114752E-05   2.466158E-05   2.000000E-05   2.000000E-05   2.000000E-05   2.000000E-05   2.000000E-05   2.000000E-05   5.078798E-05   2.000000E-05   2.000000E-05   3.304192E-05
   5.351293E-05   2.000000E-05   9.371140E-05   2.000000E-05   2.080315E-05   2.080315E-05   2.000000E-05   2.000000E-05   2.000000E-05   3.356082E-05   2.000000E-05   2.000000E-05   2.000000E-05   2.000000E-05   2.000000E-05   2.000000E-05   2.000000E-05   2.000000E-05   2.000000E-05   2.000000E-05
   2.247079E-05   2.000000E-05   2.000000E-05   2.000000E-05   2.000000E-05   2.080315E-05   2.000000E-05   2.000000E-05   2.000000E-05   2.000000E-05   2.831696E-05   2.000000E-05   2.000000E-05   2.000000E-05   2.000000E-05   2.000000E-05   2.000000E-05   2.000000E-05   2.000000E-05   2.000000E-05
   3.688995E-05   2.829218E-05   6.153236E-05   3.091326E-05   9.288892E-05   2.000000E-05   2.000000E-05   2.000000E-05   2.000000E-05   2.000000E-05   2.000000E-05   2.220074E-05   2.000000E-05   2.000000E-05   2.000000E-05   2.000000E-05   2.000000E-05   2.649022E-05   2.000000E-05   2.000000E-05
   2.666727E-05   6.500355E-05   2.000000E-05   5.211726E-05   7.268220E-05   2.000000E-05   2.000000E-05   2.000000E-05   2.000000E-05   2.000000E-05   2.566122E-05   4.546540E-05   2.443793E-05   2.000000E-05   3.671746E-05   2.000000E-05   4.621515E-05   2.000000E-05   2.205062E-05   3.185606E-05
   5.521222E-05   3.977268E-05   3.173548E-05   3.458307E-05   5.709734E-05   2.000000E-05   3.599607E-05   2.000000E-05   3.656970E-05   4.707934E-05   4.780024E-05   2.000000E-05   3.647370E-05   6.818159E-05   2.000000E-05   2.000000E-05   2.000000E-05   2.000000E-05   2.654971E-05   2.097312E-05
   4.012897E-05   8.731736E-05   1.312711E-04   3.066840E-05   8.109214E-05   6.916007E-05   2.000000E-05   2.121867E-05   4.075094E-05   2.000000E-05   2.000000E-05   2.000000E-05   5.653530E-05   2.085192E-05   3.151929E-05   2.000000E-05   2.000000E-05   3.641190E-05   2.000000E-05   2.000000E-05
   2.000000E-05   2.000000E-05   2.000000E-05   3.715468E-05   2.000000E-05   2.000000E-05   3.928530E-05   2.000000E-05   7.259128E-05   2.000000E-05   2.000000E-05   2.000000E-05   2.000000E-05   2.107074E-05   2.000000E-05   2.000000E-05   2.000000E-05   2.000000E-05   2.000000E-05   2.000000E-05
   2.000000E-05   2.000000E-05   2.000000E-05   2.000000E-05   3.286423E-05   2.162657E-05   2.695641E-05   2.296982E-05   2.000000E-05   2.000000E-05   2.000000E-05   2.000000E-05   2.000000E-05   4.416081E-05   2.632526E-05   4.899924E-05   2.000000E-05   2.000000E-05   2.497591E-05   3.773409E-05
   2.639506E-05   2.000000E-05   2.000000E-05   2.000000E-05   2.963613E-05   2.597041E-05   2.000000E-05   2.000000E-05   2.111263E-05   2.000000E-05   2.861943E-05   2.519665E-05   2.000000E-05   2.000000E-05   2.000000E-05   2.000000E-05   2.000000E-05   2.000000E-05   2.000000E-05   2.000000E-05
   2.792624E-05   2.000000E-05   2.000000E-05   2.000000E-05   2.000000E-05   2.000000E-05   2.000000E-05   4.328950E-05   3.003527E-05   2.975319E-05   2.000000E-05   2.000000E-05   2.000000E-05   2.000000E-05   2.078537E-05   2.000000E-05   2.000000E-05   2.000000E-05   2.000000E-05   3.507999E-05
   2.000000E-05   2.000000E-05   2.000000E-05   2.000000E-05   2.000000E-05   2.000000E-05   2.000000E-05   2.000000E-05   4.576774E-05   2.000000E-05   2.000000E-05   2.872391E-05   2.000000E-05   2.249262E-05   2.000000E-05   2.000000E-05   2.000000E-05   3.695122E-05   2.000000E-05   2.000000E-05
   2.080315E-05   2.000000E-05   2.000000E-05   2.000000E-05   2.000000E-05   2.000000E-05   2.000000E-05   2.000000E-05   2.000000E-05   2.000000E-05   3.111098E-05   2.000000E-05   2.000000E-05   2.000000E-05   2.000000E-05   2.000000E-05   2.000000E-05   2.000000E-05   5.039182E-05   2.000000E-05
   2.080315E-05   2.080315E-05   2.000000E-05   2.117147E-05   2.115665E-05   2.000000E-05   2.000000E-05   2.000000E-05   2.000000E-05   2.146461E-05   7.168553E-05   2.000000E-05   2.000000E-05   2.000000E-05   2.000000E-05   2.000000E-05   4.109331E-05   2.000000E-05   2.000000E-05   4.348608E-05
   2.080315E-05   2.080315E-05   2.080315E-05   2.000000E-05   2.502443E-05   2.000000E-05   2.000000E-05   2.749490E-05   4.339672E-05   2.000000E-05   2.067447E-05   4.281444E-05   2.000000E-05   2.353169E-05   2.643428E-05   2.098984E-05   2.000000E-05   2.000000E-05   2.000000E-05   2.082979E-05
   2.080315E-05   2.080315E-05   2.080315E-05   2.080315E-05   2.000000E-05   3.284022E-05   2.000000E-05   2.457046E-05   4.968627E-05   2.000000E-05   2.000000E-05   2.000000E-05   2.000000E-05   2.000000E-05   2.000000E-05   2.000000E-05   2.000000E-05   2.000000E-05   2.000000E-05   2.080315E-05
   2.080315E-05   2.080315E-05   2.080315E-05   2.080315E-05   3.957560E-05   2.000000E-05   2.000000E-05   2.843279E-05   2.468463E-05   2.000000E-05   3.129508E-05   2.074116E-05   2.000000E-05   2.000000E-05   2.000000E-05   2.000000E-05   2.000000E-05   2.000000E-05   2.476771E-05   2.080315E-05
   2.080315E-05   2.080315E-05   2.080315E-05   2.080315E-05   2.080315E-05   2.000000E-05   2.168700E-05   4.079615E-05   2.000000E-05   2.000000E-05   2.000000E-05   2.000000E-05   2.058851E-05   2.000000E-05   2.000000E-05   4.017712E-05   4.807117E-05   2.000000E-05   2.080315E-05   2.080315E-05
   2.080315E-05   2.080315E-05   2.080315E-05   2.080315E-05   2.080315E-05   2.000000E-05   3.105935E-05   2.000000E-05   5.353409E-05   2.000000E-05   2.000000E-05   2.543697E-05   2.000000E-05   2.000000E-05   6.449977E-05   2.000000E-05   2.277308E-05   2.080315E-05   2.080315E-05   2.080315E-05
   2.080315E-05   2.080315E-05   2.080315E-05   2.080315E-05   2.080315E-05   2.000000E-05   5.423800E-05   2.000000E-05   2.000000E-05   2.000000E-05   2.987142E-05   2.077109E-05   2.000000E-05   2.000000E-05   6.871207E-05   2.000000E-05   2.080315E-05   2.080315E-05   2.080315E-05   2.080315E-05
