   2.000000E-04   2.000000E-04   2.000000E-04   1.817720E-04   1.268713E-04   1.074974E-04   2.000000E-04   2.000000E-04   8.515234E-05   1.519038E-04   1.387324E-04   8.319549E-05   5.177298E-05   1.096082E-04   7.237870E-05   6.798887E-05   7.623226E-05   3.952973E-05   1.091464E-04   7.427400E-05
   2.000000E-04   1.378849E-04   1.980064E-04   2.000000E-04   1.229639E-04   1.953882E-04   1.282622E-04   1.063699E-04   7.151106E-05   9.176319E-05   4.513942E-05   2.000000E-05   1.414399E-04   2.000000E-05   8.105691E-05   8.733594E-05   3.502879E-05   7.525918E-05   9.161995E-05   2.000000E-04
   2.000000E-04   2.000000E-04   9.341857E-05   1.753542E-04   2.000000E-04   2.000000E-04   2.000000E-04   2.000000E-04   1.559619E-04   1.254557E-04   3.015464E-05   2.000000E-05   2.000000E-04   1.892920E-04   4.267742E-05   1.656101E-04   4.907747E-05   1.336079E-04   1.878589E-04   2.000000E-04
   2.000000E-04   2.000000E-04   2.000000E-04   1.828026E-04   7.103900E-05   2.000000E-04   1.366262E-04   2.000000E-04   2.000000E-04   1.195091E-04   9.062007E-05   9.740341E-05   7.159514E-05   8.926505E-05   5.596369E-05   5.591201E-05   8.239198E-05   2.720274E-05   1.597346E-04   2.000000E-04
   2.000000E-04   6.561489E-05   1.512365E-04   2.000000E-04   2.000000E-04   1.495845E-04   1.207720E-04   1.589272E-04   3.830710E-05   2.000000E-04   1.199696E-04   4.073961E-05   1.994441E-04   1.321236E-04   3.577356E-05   1.670239E-04   2.000000E-05   7.312008E-05   1.636553E-04   2.000000E-04
   2.000000E-04   7.190825E-05   2.000000E-04   7.147551E-05   7.240213E-05   3.845988E-05   1.582176E-04   1.614634E-04   3.395641E-05   2.000000E-04   1.850144E-04   9.953874E-05   7.992373E-05   2.000000E-04   8.394760E-05   6.679548E-05   3.212869E-05   1.494484E-04   1.928294E-04   6.921659E-05
   2.000000E-04   2.000000E-04   2.000000E-04   6.633324E-05   9.153319E-05   1.492059E-04   1.152212E-04   1.581622E-04   9.768454E-05   1.734809E-04   2.000000E-04   5.114247E-05   6.488023E-05   1.626416E-04   5.258117E-05   9.409908E-05   5.996075E-05   2.216192E-05   6.179665E-05   2.407213E-05
   2.000000E-04   5.929552E-05   2.000000E-04   6.102369E-05   2.000000E-04   8.663854E-05   2.000000E-04   5.054541E-05   1.176414E-04   2.000000E-04   2.000000E-04   2.000000E-04   1.062046E-04   4.969441E-05   1.572721E-04   1.161469E-04   2.519254E-05   3.704882E-05   9.822517E-05   2.883490E-05
   8.738284E-05   5.961285E-05   3.481466E-05   1.933286E-04   6.560599E-05   6.560599E-05   6.560599E-05   2.000000E-04   1.257103E-04   1.602644E-04   2.000000E-04   2.000000E-04   1.630368E-04   2.000000E-04   1.058577E-04   3.807613E-05   2.000000E-04   9.783157E-05   3.764471E-05   2.811717E-05
   2.687445E-05   2.000000E-04   1.711707E-04   2.000000E-04   6.560599E-05   6.560599E-05   6.560599E-05   6.560599E-05   2.000000E-04   2.000000E-04   9.661775E-05   1.198401E-04   3.644674E-05   2.000000E-04   3.994059E-05   1.151697E-04   6.098950E-05   2.278052E-05   3.693491E-05   2.013242E-05
   2.000000E-04   1.140262E-04   4.122358E-05   2.000000E-04   6.560599E-05   6.560599E-05   6.560599E-05   6.560599E-05   2.000000E-04   1.457863E-04   2.000000E-04   2.000000E-04   8.997404E-05   7.537047E-05   5.962762E-05   2.233275E-05   2.387333E-05   2.000000E-05   6.152595E-05   1.444778E-04
   1.659041E-04   2.000000E-04   9.672864E-05   1.197782E-04   6.560599E-05   6.560599E-05   6.560599E-05   6.560599E-05   2.000000E-04   2.000000E-04   5.881945E-05   1.019437E-04   6.785259E-05   4.808254E-05   5.275756E-05   6.435723E-05   1.281931E-04   5.727028E-05   1.294436E-04   3.520870E-05
   2.000000E-04   2.484175E-05   1.549021E-04   6.959117E-05   6.560599E-05   6.560599E-05   6.560599E-05   6.560599E-05   2.000000E-04   1.853299E-04   2.000000E-04   2.000000E-04   3.212137E-05   1.150332E-04   3.513103E-05   3.942131E-05   3.627983E-05   1.081454E-04   9.204178E-05   2.899809E-05
   8.821136E-05   6.595697E-05   2.368393E-05   9.060340E-05   6.560599E-05   6.560599E-05   6.560599E-05   6.560599E-05   2.000000E-04   2.000000E-04   2.000000E-04   7.867797E-05   1.443993E-04   2.000000E-04   3.044888E-05   2.444540E-05   3.381817E-05   2.892846E-05   3.367092E-05   3.723593E-05
   4.361421E-05   1.761301E-04   1.893279E-04   1.357027E-04   6.560599E-05   6.560599E-05   6.560599E-05   6.560599E-05   2.000000E-04   2.000000E-04   2.000000E-04   2.000000E-04   2.000000E-04   2.025597E-05   1.581589E-04   8.112838E-05   2.000000E-04   8.722935E-05   7.967060E-05   2.000000E-05
   5.020454E-05   5.202645E-05   3.503320E-05   1.729632E-04   6.560599E-05   6.560599E-05   6.560599E-05   6.560599E-05   2.000000E-04   2.000000E-04   2.000000E-04   1.181385E-04   7.561790E-05   2.019977E-05   7.580673E-05   1.143630E-04   3.573432E-05   1.224275E-04   3.666357E-05   1.429924E-04
   9.093627E-05   4.723654E-05   2.000000E-04   1.450246E-04   6.560599E-05   6.560599E-05   6.560599E-05   6.560599E-05   2.000000E-04   2.000000E-04   7.310758E-05   1.060588E-04   2.000000E-04   1.146940E-04   9.533254E-05   4.445764E-05   7.590786E-05   5.078998E-05   2.000000E-05   5.387332E-05
   3.174870E-05   2.305574E-05   2.140569E-05   3.458135E-05   6.560599E-05   6.560599E-05   6.560599E-05   6.560599E-05   1.461721E-04   6.747627E-05   2.000000E-04   5.158577E-05   3.508477E-05   1.622789E-04   1.284080E-04   2.000000E-05   5.150646E-05   4.977159E-05   6.339002E-05   9.085911E-05
   1.807540E-04   1.107978E-04   6.260812E-05   9.243091E-05   6.560599E-05   6.560599E-05   6.560599E-05   6.560599E-05   6.131723E-05   1.691181E-04   1.314540E-04   2.000000E-04   1.849718E-04   9.176105E-05   3.908940E-05   2.957490E-05   3.831527E-05   3.607884E-05   1.227744E-04   3.829813E-05
   2.000000E-05   2.000000E-05   1.362309E-04   2.232749E-05   6.560599E-05   6.560599E-05   6.560599E-05   6.560599E-05   1.793967E-04   7.853993E-05   1.043421E-04   3.694939E-05   7.540734E-05   7.557942E-05   4.812990E-05   4.425593E-05   3.498751E-05   5.844802E-05   1.765258E-04   6.318066E-05
   2.000000E-05   1.263065E-04   6.907197E-05   2.690752E-05   6.560599E-05   6.560599E-05   6.560599E-05   6.560599E-05   8.743471E-05   8.084712E-05   1.577071E-04   2.000000E-04   7.027336E-05   2.000000E-04   1.939718E-04   3.977251E-05   5.615085E-05   1.025093E-04   3.712406E-05   5.331374E-05
   2.000000E-05   1.372666E-04   9.934360E-05   2.291107E-05   6.560599E-05   6.560599E-05   1.786305E-04   1.449635E-04   1.129641E-04   2.000000E-05   2.000000E-05   2.000000E-04   2.000000E-05   8.249055E-05   4.899359E-05   2.000000E-04   1.911395E-04   1.667507E-04   6.141392E-05   4.986058E-05
   2.000000E-04   8.161666E-05   2.000000E-05   6.697725E-05   1.302380E-04   6.560599E-05   1.589453E-04   3.234416E-05   1.193326E-04   7.268287E-05   3.874968E-05   7.096769E-05   6.712782E-05   5.307639E-05   2.000000E-04   2.000000E-04   1.685163E-04   2.000000E-05   1.145369E-04   2.000000E-05
   7.206526E-05   1.437997E-04   1.574087E-04   2.788581E-05   5.824083E-05   2.637039E-05   7.020005E-05   4.225494E-05   7.682790E-05   6.927958E-05   2.758332E-05   1.260060E-04   3.541430E-05   2.274096E-05   1.658594E-04   2.000000E-04   2.000000E-05   2.000000E-05   1.208671E-04   1.128839E-04
   2.000000E-04   7.992210E-05   2.000000E-04   1.848902E-04   4.654895E-05   7.460864E-05   2.000000E-05   6.423595E-05   1.579807E-04   3.836031E-05   6.551866E-05   4.374166E-05   1.127182E-04   1.465358E-04   1.243548E-04   1.576976E-04   8.523590E-05   3.596178E-05   4.221555E-05   1.059509E-04
   2.000000E-04   5.597328E-05   7.571606E-05   1.671020E-04   9.591901E-05   7.303951E-05   4.173519E-05   9.731590E-05   1.236312E-04   2.000000E-05   5.877170E-05   5.840578E-05   2.000000E-05   2.000000E-05   3.489357E-05   3.697433E-05   4.205346E-05   2.000000E-04   1.688239E-04   2.000000E-04
   2.000000E-04   1.007043E-04   1.301023E-04   1.023247E-04   5.533415E-05   7.007096E-05   2.000000E-05   4.727586E-05   2.853293E-05   2.000000E-05   1.706758E-04   2.000000E-04   7.948662E-05   1.913446E-04   4.097191E-05   2.000000E-05   5.866836E-05   2.000000E-04   2.000000E-04   6.168125E-05
   1.042425E-04   5.036136E-05   2.000000E-04   4.314904E-05   1.081904E-04   2.000000E-05   1.222280E-04   1.091857E-04   8.153521E-05   4.588578E-05   6.073835E-05   2.000000E-05   3.200337E-05   5.904541E-05   3.233884E-05   2.133428E-05   1.196958E-04   1.220669E-04   1.149503E-04   5.775498E-05
   3.172613E-05   2.229480E-05   1.205027E-04   4.997877E-05   7.013091E-05   2.000000E-05   1.071648E-04   1.141740E-04   1.891041E-04   8.619012E-05   5.191646E-05   2.554918E-05   1.357245E-04   1.541676E-04   9.153226E-05   5.369483E-05   1.628558E-04   9.805316E-05   6.391789E-05   3.002268E-05
   6.634745E-05   1.313553E-04   2.838773E-05   8.097492E-05   1.017298E-04   5.514875E-05   1.068701E-04   1.401658E-04   6.643846E-05   1.216670E-04   6.430251E-05   1.396086E-04   1.025834E-04   1.066730E-04   4.992829E-05   1.115983E-04   2.000000E-04   3.434360E-05   5.693174E-05   1.618132E-04
   2.000000E-05   3.426019E-05   3.856080E-05   2.000000E-05   6.431973E-05   2.000000E-04   1.709915E-04   1.163131E-04   2.956496E-05   4.188353E-05   9.473340E-05   4.267531E-05   3.710889E-05   2.000000E-04   8.276431E-05   2.000000E-04   1.411576E-04   2.000000E-04   3.491095E-05   1.426663E-04
   3.511125E-05   2.400671E-05   2.000000E-05   2.024635E-05   1.166729E-04   4.292882E-05   1.195698E-04   6.898817E-05   4.749684E-05   1.075188E-04   1.090776E-04   2.491762E-05   1.666018E-04   7.830743E-05   1.612386E-04   9.510120E-05   2.000000E-04   2.000000E-04   6.998264E-05   5.405526E-05
   6.560599E-05   2.000000E-05   2.000000E-05   6.160742E-05   3.931548E-05   4.105580E-05   9.665480E-05   2.120572E-05   1.576513E-04   3.604321E-05   2.000000E-04   1.279370E-04   6.470608E-05   1.191647E-04   1.587496E-04   2.000000E-04   4.461669E-05   7.594025E-05   1.255756E-04   1.829168E-04
   6.560599E-05   6.560599E-05   2.000000E-05   2.000000E-05   3.224606E-05   4.734253E-05   6.545447E-05   2.000000E-04   3.753212E-05   1.447095E-04   1.659071E-04   1.126729E-04   8.848550E-05   9.147675E-05   1.444141E-04   5.945077E-05   1.398957E-04   2.280523E-05   2.294709E-05   6.286911E-05
   6.560599E-05   6.560599E-05   6.560599E-05   2.000000E-05   2.000000E-05   2.133289E-05   5.704991E-05   2.319522E-05   1.940861E-04   5.911125E-05   4.226214E-05   1.064470E-04   2.000000E-04   1.828531E-04   5.787614E-05   8.396584E-05   1.888815E-04   3.248766E-05   1.179804E-04   1.603313E-04
   6.560599E-05   6.560599E-05   6.560599E-05   6.560599E-05   2.000000E-05   2.708806E-05   2.723952E-05   4.025992E-05   4.064077E-05   1.276743E-04   4.660668E-05   7.255191E-05   1.895087E-04   2.000000E-04   9.310443E-05   6.402790E-05   2.442920E-05   3.057152E-05   1.157221E-04   6.560599E-05
   6.560599E-05   6.560599E-05   6.560599E-05   6.560599E-05   6.179983E-05   3.106891E-05   7.331783E-05   8.928895E-05   7.032691E-05   6.318286E-05   7.460982E-05   2.251917E-05   6.578267E-05   7.494419E-05   5.442050E-05   1.137096E-04   1.328637E-04   2.000000E-04   1.790065E-04   6.560599E-05
   6.560599E-05   6.560599E-05   6.560599E-05   6.560599E-05   6.560599E-05   4.977597E-05   1.761878E-04   4.526425E-05   8.910183E-05   1.735087E-04   2.000000E-04   2.107466E-05   7.556336E-05   5.330701E-05   1.029581E-04   1.249617E-04   4.687009E-05   1.276302E-04   6.560599E-05   6.560599E-05
   6.560599E-05   6.560599E-05   6.560599E-05   6.560599E-05   6.560599E-05   2.000000E-04   2.000000E-05   3.019395E-05   6.779316E-05   1.036004E-04   2.000000E-04   2.737172E-05   4.604712E-05   2.000000E-04   1.281018E-04   1.412787E-04   5.549662E-05   6.560599E-05   6.560599E-05   6.560599E-05
   6.560599E-05   6.560599E-05   6.560599E-05   6.560599E-05   6.560599E-05   8.144835E-05   9.607264E-05   5.434396E-05   7.693739E-05   1.242159E-04   1.111670E-04   1.615543E-04   1.709804E-04   1.498074E-04   1.271574E-04   1.330601E-04   6.560599E-05   6.560599E-05   6.560599E-05   6.560599E-05
