   2.000000E-05   1.525815E-04   9.260655E-05   1.708246E-04   2.000000E-04   5.333936E-05   8.086732E-05   3.514894E-05   3.182282E-05   5.213222E-05   2.000000E-04   9.309225E-05   3.933954E-05   1.678216E-04   2.458280E-05   1.161316E-04   3.381913E-05   1.666531E-04   1.107427E-04   2.408823E-05
   8.587614E-05   4.215193E-05   2.899118E-05   2.000000E-05   2.000000E-04   4.580911E-05   2.000000E-04   2.000000E-04   1.257338E-04   3.560056E-05   3.609887E-05   1.379960E-04   2.000000E-04   7.815720E-05   4.966994E-05   2.000000E-04   2.000000E-04   1.586138E-04   2.922206E-05   2.000000E-05
   1.488708E-04   4.272671E-05   1.081573E-04   1.769067E-04   2.000000E-04   2.000000E-04   1.862415E-04   1.521258E-04   1.034203E-04   3.268481E-05   2.306807E-05   3.077253E-05   2.000000E-04   2.000000E-04   1.660375E-04   1.013168E-04   1.520364E-04   8.796388E-05   1.076105E-04   1.880995E-04
   2.000000E-05   5.648967E-05   9.114805E-05   3.257244E-05   7.720655E-05   6.625914E-05   2.000000E-04   7.422208E-05   4.129566E-05   2.661767E-05   1.108358E-04   4.260626E-05   2.000000E-04   3.437038E-05   1.359651E-04   6.022759E-05   1.453657E-04   2.000000E-04   2.422625E-05   1.242264E-04
   2.000000E-04   5.138666E-05   2.000000E-04   2.000000E-04   2.000000E-04   1.942845E-04   1.322469E-04   9.166735E-05   1.534511E-04   5.194703E-05   7.851289E-05   4.451971E-05   8.375977E-05   6.843618E-05   2.000000E-04   1.430940E-04   5.869539E-05   2.000000E-04   3.735762E-05   1.042110E-04
   1.311714E-04   4.076443E-05   1.180434E-04   9.010729E-05   6.489430E-05   2.203882E-05   2.607013E-05   2.000000E-04   2.000000E-04   3.756995E-05   2.000000E-04   1.398478E-04   2.000000E-04   8.627554E-05   8.719067E-05   1.131706E-04   9.138673E-05   9.187546E-05   2.000000E-04   1.407060E-04
   2.000000E-04   3.272828E-05   1.063803E-04   2.000000E-04   7.732547E-05   1.579049E-04   2.000000E-05   2.000000E-04   1.869341E-04   1.372891E-04   2.000000E-04   6.215119E-05   5.005968E-05   2.000000E-04   2.062326E-05   8.260869E-05   2.000000E-04   7.093830E-05   7.551544E-05   6.784963E-05
   1.261403E-04   3.674307E-05   3.077621E-05   2.000000E-05   7.080037E-05   8.218985E-05   1.265908E-04   1.127757E-04   2.000000E-04   2.000000E-04   6.200100E-05   3.760015E-05   2.000000E-04   1.034022E-04   1.898177E-04   1.617528E-04   6.879622E-05   1.459322E-04   1.710866E-04   1.877684E-04
   1.424031E-04   2.000000E-05   2.000000E-04   2.572655E-05   5.875200E-05   5.875200E-05   5.875200E-05   5.480301E-05   2.000000E-04   8.801523E-05   5.714834E-05   1.438329E-04   2.000000E-04   2.000000E-04   3.903473E-05   4.617866E-05   1.261694E-04   2.000000E-04   1.315780E-04   1.470742E-04
   1.022141E-04   3.913882E-05   2.000000E-05   3.904755E-05   5.875200E-05   5.875200E-05   5.875200E-05   5.875200E-05   2.716020E-05   1.596015E-04   1.265384E-04   4.915045E-05   9.159699E-05   1.483318E-04   2.000000E-04   2.000000E-04   4.370359E-05   2.000000E-04   1.080579E-04   2.000000E-05
   3.499863E-05   4.459612E-05   3.621102E-05   4.342831E-05   5.875200E-05   5.875200E-05   5.875200E-05   5.875200E-05   2.417960E-05   8.289891E-05   1.417806E-04   2.000000E-04   7.033041E-05   1.442465E-04   2.000000E-04   2.000000E-04   2.000000E-04   3.872850E-05   3.032831E-05   2.486636E-05
   4.085097E-05   2.935918E-05   4.293217E-05   3.394141E-05   5.875200E-05   5.875200E-05   5.875200E-05   5.875200E-05   2.000000E-04   3.181677E-05   8.316132E-05   2.000000E-04   1.818899E-04   2.000000E-04   1.524049E-04   1.383502E-04   2.000000E-04   4.908052E-05   7.844173E-05   6.671627E-05
   2.321658E-05   6.864695E-05   2.433495E-05   6.875624E-05   5.875200E-05   5.875200E-05   5.875200E-05   5.875200E-05   8.970243E-05   1.532012E-04   1.814777E-04   2.000000E-04   2.611738E-05   8.696331E-05   2.000000E-04   7.623198E-05   5.756770E-05   3.296403E-05   1.583571E-04   6.324737E-05
   2.460839E-05   3.031260E-05   1.402457E-04   6.658654E-05   5.875200E-05   5.875200E-05   5.875200E-05   5.875200E-05   7.384494E-05   2.000000E-04   2.000000E-04   6.927859E-05   1.381085E-04   4.907643E-05   2.286429E-05   4.639162E-05   7.170813E-05   6.488564E-05   5.295873E-05   2.846230E-05
   8.271363E-05   5.269618E-05   2.000000E-04   4.134572E-05   5.875200E-05   5.875200E-05   5.875200E-05   5.875200E-05   2.000000E-04   9.870549E-05   2.000000E-04   2.000000E-04   4.167003E-05   6.002533E-05   1.183418E-04   6.612092E-05   5.287457E-05   3.487578E-05   7.937942E-05   1.579363E-04
   1.787524E-04   5.146745E-05   1.161014E-04   1.144709E-04   5.875200E-05   5.875200E-05   5.875200E-05   5.875200E-05   1.362098E-04   1.049125E-04   3.122771E-05   4.291075E-05   8.899888E-05   9.602694E-05   7.252897E-05   2.417115E-05   5.741616E-05   4.696173E-05   9.304358E-05   5.592829E-05
   1.163886E-04   2.000000E-05   2.000000E-05   9.088826E-05   5.875200E-05   5.875200E-05   5.875200E-05   5.875200E-05   7.527607E-05   9.782930E-05   1.067232E-04   1.444977E-04   6.559563E-05   5.644985E-05   4.159003E-05   5.136024E-05   5.208421E-05   8.105153E-05   1.042681E-04   6.518505E-05
   6.169211E-05   2.000000E-05   6.738969E-05   1.105028E-04   5.875200E-05   5.875200E-05   5.875200E-05   5.875200E-05   1.589764E-04   6.556932E-05   2.000000E-05   8.292291E-05   3.799865E-05   1.894882E-04   1.024839E-04   9.631049E-05   6.738380E-05   3.737787E-05   7.680515E-05   1.192172E-04
   1.056320E-04   2.000000E-04   1.254772E-04   2.000000E-04   5.875200E-05   5.875200E-05   5.875200E-05   5.875200E-05   6.610123E-05   2.000000E-04   2.000000E-05   7.969106E-05   2.000000E-04   2.000000E-05   3.004807E-05   9.256906E-05   2.000000E-04   1.086277E-04   8.394385E-05   1.385412E-04
   2.000000E-05   1.299096E-04   2.000000E-04   3.666859E-05   5.875200E-05   5.875200E-05   5.875200E-05   5.875200E-05   1.006619E-04   6.767581E-05   5.132498E-05   2.000000E-04   3.310911E-05   6.908532E-05   1.382464E-04   3.127993E-05   1.124265E-04   1.707625E-04   2.000000E-04   2.000000E-04
   1.528302E-04   3.242551E-05   2.000000E-05   8.074625E-05   5.875200E-05   5.875200E-05   5.875200E-05   5.875200E-05   1.274194E-04   1.254417E-04   1.053716E-04   3.298781E-05   4.111813E-05   1.509101E-04   1.492652E-04   9.795889E-05   3.398992E-05   2.000000E-04   3.402698E-05   1.015981E-04
   2.000000E-05   2.818088E-05   9.086451E-05   3.641695E-05   5.875200E-05   5.875200E-05   2.000000E-04   2.000000E-04   8.524611E-05   6.224271E-05   2.657614E-05   1.332365E-04   2.000000E-04   4.881538E-05   9.590424E-05   1.090682E-04   2.000000E-04   1.900154E-04   4.422420E-05   6.916238E-05
   8.900797E-05   2.688677E-05   3.991317E-05   2.096023E-05   8.667322E-05   5.875200E-05   2.000000E-04   4.709686E-05   1.366952E-04   1.649101E-04   5.819208E-05   1.036864E-04   1.137002E-04   1.534316E-04   2.000000E-04   8.579619E-05   3.798573E-05   6.434167E-05   1.489735E-04   1.543430E-04
   1.016286E-04   4.448405E-05   2.000000E-05   2.168386E-05   1.107421E-04   3.281306E-05   2.000000E-04   7.728145E-05   1.060858E-04   7.822409E-05   2.573429E-05   1.178801E-04   1.237913E-04   4.080603E-05   3.265863E-05   1.584304E-04   6.772629E-05   8.153538E-05   1.412611E-04   2.878485E-05
   8.467848E-05   4.966362E-05   1.196742E-04   2.000000E-04   1.106513E-04   3.711024E-05   8.462477E-05   5.667382E-05   4.647190E-05   6.274108E-05   2.800898E-05   2.000000E-05   2.769296E-05   7.624725E-05   1.079231E-04   1.661170E-04   4.705349E-05   2.000000E-04   1.008324E-04   1.309898E-04
   5.234138E-05   1.144254E-04   5.894852E-05   4.973227E-05   7.958112E-05   1.119263E-04   4.439831E-05   2.000000E-04   2.000000E-05   1.326930E-04   8.930962E-05   3.599030E-05   2.731162E-05   2.901621E-05   7.766855E-05   9.558122E-05   1.201136E-04   8.154403E-05   7.911060E-05   6.977574E-05
   1.452031E-04   2.083234E-05   4.449330E-05   2.000000E-05   2.802320E-05   1.403501E-04   6.924384E-05   4.031502E-05   8.225129E-05   1.192939E-04   2.000000E-05   2.000000E-05   9.787027E-05   3.912428E-05   2.172672E-05   1.190625E-04   4.186442E-05   8.743486E-05   9.461277E-05   1.138511E-04
   2.000000E-05   4.056233E-05   2.709825E-05   6.581956E-05   5.429417E-05   3.628850E-05   3.645756E-05   2.000000E-04   7.406021E-05   2.000000E-05   7.533668E-05   8.962200E-05   2.000000E-04   1.309619E-04   5.055610E-05   2.369659E-05   2.651377E-05   4.974956E-05   2.000000E-04   1.224310E-04
   4.670097E-05   6.100200E-05   2.000000E-04   9.433847E-05   2.000000E-04   7.840263E-05   5.940235E-05   4.439006E-05   4.646859E-05   6.592447E-05   2.000000E-05   2.348561E-05   1.665964E-04   5.823819E-05   4.574597E-05   4.251969E-05   1.044665E-04   1.115295E-04   1.050940E-04   2.000000E-04
   8.150704E-05   5.970674E-05   1.965688E-04   6.824870E-05   1.505912E-04   2.000000E-04   6.222117E-05   2.000000E-04   2.000000E-04   8.972009E-05   2.000000E-05   7.459556E-05   2.000000E-05   1.066039E-04   1.059079E-04   5.790949E-05   7.137377E-05   8.482632E-05   7.893810E-05   2.000000E-05
   2.000000E-04   9.302365E-05   9.400436E-05   7.993209E-05   7.203970E-05   6.572059E-05   2.000000E-04   1.125150E-04   3.409165E-05   2.752563E-05   1.875073E-04   2.000000E-05   5.440030E-05   2.000000E-05   4.531507E-05   2.000000E-05   1.500619E-04   8.881164E-05   1.575049E-04   9.797740E-05
   3.151886E-05   3.695125E-05   1.264623E-04   1.872002E-04   2.000000E-04   1.280472E-04   2.000000E-04   2.000000E-04   1.197968E-04   6.708062E-05   2.000000E-05   8.261609E-05   2.103639E-05   6.795068E-05   2.282635E-05   6.011042E-05   1.715426E-04   2.000000E-04   2.893596E-05   2.768523E-05
   5.875200E-05   2.000000E-04   6.197353E-05   1.818339E-04   4.498057E-05   2.000000E-04   3.714624E-05   9.029501E-05   1.035021E-04   5.381192E-05   2.565679E-05   1.066701E-04   7.499122E-05   3.069359E-05   5.045718E-05   4.783295E-05   1.603762E-04   2.485928E-05   3.545825E-05   2.000000E-04
   5.875200E-05   5.875200E-05   1.986232E-04   1.101038E-04   8.407313E-05   1.587083E-04   8.621855E-05   9.353875E-05   1.854473E-04   2.000000E-05   3.990829E-05   5.561167E-05   4.555511E-05   3.917319E-05   5.758312E-05   7.055585E-05   2.000000E-04   3.561239E-05   2.000000E-04   2.000000E-04
   5.875200E-05   5.875200E-05   5.875200E-05   7.368877E-05   2.019562E-05   3.911199E-05   2.000000E-04   1.370137E-04   7.936958E-05   6.251824E-05   2.104075E-05   9.878345E-05   2.000000E-04   7.963696E-05   1.085121E-04   9.539647E-05   4.658464E-05   2.000000E-04   4.847171E-05   1.677610E-04
   5.875200E-05   5.875200E-05   5.875200E-05   5.875200E-05   2.000000E-04   1.156752E-04   2.000000E-04   6.435646E-05   1.177339E-04   6.511372E-05   6.890784E-05   2.000000E-05   8.912004E-05   1.332963E-04   2.000000E-04   4.212507E-05   7.330266E-05   1.481310E-04   6.029979E-05   5.875200E-05
   5.875200E-05   5.875200E-05   5.875200E-05   5.875200E-05   2.000000E-04   2.000000E-04   3.437538E-05   1.274680E-04   2.000000E-05   1.042708E-04   1.249455E-04   3.104332E-05   4.353017E-05   4.922619E-05   2.000000E-04   2.000000E-04   1.848708E-04   1.745122E-04   2.000000E-04   5.875200E-05
   5.875200E-05   5.875200E-05   5.875200E-05   5.875200E-05   5.875200E-05   2.000000E-04   2.000000E-04   2.000000E-04   1.425437E-04   9.988135E-05   2.000000E-04   5.788062E-05   1.326129E-04   1.260514E-04   2.000000E-04   8.504724E-05   2.000000E-04   1.018076E-04   5.875200E-05   5.875200E-05
   5.875200E-05   5.875200E-05   5.875200E-05   5.875200E-05   5.875200E-05   2.000000E-04   6.573477E-05   7.682215E-05   2.000000E-05   5.728476E-05   1.742228E-04   3.150946E-05   9.070867E-05   1.615451E-04   1.298393E-04   1.622440E-04   2.000000E-04   5.875200E-05   5.875200E-05   5.875200E-05
   5.875200E-05   5.875200E-05   5.875200E-05   5.875200E-05   5.875200E-05   1.226504E-04   2.000000E-05   6.786754E-05   4.401633E-05   8.212071E-05   2.000000E-05   2.000000E-05   1.653825E-04   2.139894E-05   1.311394E-04   9.588120E-05   5.875200E-05   5.875200E-05   5.875200E-05   5.875200E-05
