   7.318313E-05   3.760675E-05   9.025274E-05   2.000000E-04   1.071142E-04   4.941196E-05   2.000000E-05   9.741449E-05   4.274197E-05   4.596097E-05   2.000000E-04   2.127111E-05   6.329921E-05   3.285728E-05   2.000000E-04   5.433823E-05   3.530639E-05   6.899555E-05   2.000000E-04   4.272740E-05
   6.820742E-05   1.463821E-04   1.146729E-04   2.753440E-05   1.837681E-04   5.275088E-05   1.062856E-04   2.690552E-05   9.761418E-05   5.341034E-05   1.910425E-04   4.098943E-05   7.487271E-05   1.589346E-04   5.797886E-05   2.042737E-05   3.895385E-05   7.599381E-05   7.476906E-05   2.000000E-04
   2.000000E-04   1.245206E-04   2.000000E-04   2.000000E-04   8.011681E-05   2.000000E-04   1.211810E-04   2.000000E-04   3.383522E-05   4.139530E-05   2.000000E-04   2.574921E-05   3.421829E-05   7.055482E-05   3.559110E-05   1.218623E-04   7.979555E-05   1.540835E-04   1.367949E-04   4.166528E-05
   7.043361E-05   7.997842E-05   9.863525E-05   1.246686E-04   1.128129E-04   1.546224E-04   3.629069E-05   2.000000E-04   9.488963E-05   2.000000E-04   9.673402E-05   1.212868E-04   2.000000E-04   7.794041E-05   2.000000E-04   5.916731E-05   3.629644E-05   1.286758E-04   1.463996E-04   5.529326E-05
   9.123627E-05   1.756476E-04   1.244028E-04   1.794916E-04   2.959710E-05   8.521826E-05   8.854089E-05   7.411548E-05   1.963245E-04   9.552118E-05   1.368364E-04   2.000000E-04   7.228000E-05   1.328625E-04   1.010052E-04   8.302978E-05   2.000000E-04   2.000000E-04   1.092435E-04   2.000000E-04
   9.720797E-05   2.000000E-04   5.449746E-05   2.131417E-05   1.293957E-04   9.008308E-05   4.707582E-05   9.294811E-05   2.000000E-04   2.000000E-04   3.565182E-05   1.604083E-04   1.476890E-04   2.000000E-04   1.677203E-04   4.900636E-05   9.903027E-05   2.000000E-04   1.737882E-04   6.962442E-05
   2.717506E-05   7.456158E-05   2.000000E-04   1.095990E-04   2.365564E-05   2.000000E-05   6.730884E-05   2.000000E-04   3.502830E-05   2.000000E-04   2.000000E-04   1.661859E-04   8.555450E-05   2.000000E-04   7.561017E-05   1.768549E-04   2.000000E-04   2.000000E-04   2.000000E-04   1.284650E-04
   5.734885E-05   7.637134E-05   8.206329E-05   7.606343E-05   1.134092E-04   4.533267E-05   4.825775E-05   4.359753E-05   2.000000E-04   3.921543E-05   2.000000E-04   2.000000E-04   2.000000E-04   2.000000E-04   1.299831E-04   2.000000E-04   8.414151E-05   1.262088E-04   2.000000E-04   2.526315E-05
   1.014745E-04   2.000000E-04   2.257399E-05   1.496495E-04   9.576539E-05   9.576539E-05   9.576539E-05   5.930060E-05   2.000000E-04   2.000000E-04   1.565850E-04   2.000000E-04   2.000000E-04   2.000000E-04   1.728885E-04   2.000000E-04   1.033395E-04   9.336592E-05   1.238205E-04   1.904481E-04
   2.847703E-05   6.252482E-05   2.000000E-04   1.761602E-04   9.576539E-05   9.576539E-05   9.576539E-05   9.576539E-05   4.851461E-05   1.144878E-04   6.976256E-05   2.000000E-04   1.043146E-04   9.846319E-05   8.107673E-05   1.343638E-04   7.186068E-05   1.092292E-04   1.301819E-04   4.525838E-05
   2.000000E-04   2.000000E-04   2.000000E-04   1.930305E-04   9.576539E-05   9.576539E-05   9.576539E-05   9.576539E-05   8.527988E-05   5.386083E-05   6.573109E-05   1.598374E-04   2.000000E-04   2.000000E-04   8.586855E-05   7.689038E-05   2.000000E-04   2.000000E-04   2.000000E-04   2.000000E-04
   4.650516E-05   2.000000E-04   2.000000E-04   2.000000E-04   9.576539E-05   9.576539E-05   9.576539E-05   9.576539E-05   7.373534E-05   1.456093E-04   8.946445E-05   2.000000E-04   8.566426E-05   5.353074E-05   6.972372E-05   2.000000E-04   2.000000E-04   2.000000E-04   1.656585E-04   1.699096E-04
   1.107889E-04   2.000000E-04   2.000000E-04   2.000000E-04   9.576539E-05   9.576539E-05   9.576539E-05   9.576539E-05   1.095291E-04   5.961204E-05   2.000000E-04   2.000000E-04   2.000000E-04   2.000000E-04   2.000000E-04   1.213275E-04   2.000000E-04   2.000000E-04   6.359318E-05   2.000000E-04
   1.412627E-04   7.180530E-05   1.120807E-04   7.486211E-05   9.576539E-05   9.576539E-05   9.576539E-05   9.576539E-05   1.797893E-04   2.000000E-04   9.564098E-05   1.925485E-04   1.034924E-04   2.000000E-04   2.000000E-04   2.000000E-04   3.909207E-05   1.573006E-04   2.000000E-04   6.737595E-05
   1.198524E-04   2.000000E-04   2.000000E-04   2.000000E-04   9.576539E-05   9.576539E-05   9.576539E-05   9.576539E-05   1.959209E-04   7.523507E-05   3.689681E-05   2.000000E-04   2.000000E-04   2.000000E-04   2.000000E-04   2.000000E-04   1.649148E-04   2.000000E-04   7.178586E-05   2.000000E-04
   1.111681E-04   2.000000E-04   1.587557E-04   2.000000E-04   9.576539E-05   9.576539E-05   9.576539E-05   9.576539E-05   2.644151E-05   2.000000E-04   5.867914E-05   2.000000E-04   2.000000E-04   5.268128E-05   2.000000E-04   2.000000E-04   2.000000E-04   1.620452E-04   2.000000E-04   1.129877E-04
   2.000000E-04   1.976283E-04   6.594481E-05   1.590752E-04   9.576539E-05   9.576539E-05   9.576539E-05   9.576539E-05   2.000000E-04   2.768218E-05   1.804933E-04   5.787290E-05   7.949771E-05   4.956437E-05   2.000000E-04   1.283828E-04   2.000000E-04   9.914279E-05   2.000000E-04   1.377085E-04
   8.107495E-05   2.000000E-04   8.070997E-05   1.781360E-04   9.576539E-05   9.576539E-05   9.576539E-05   9.576539E-05   1.548667E-04   5.716385E-05   2.000000E-05   4.208630E-05   1.349607E-04   2.371922E-05   1.371855E-04   6.757631E-05   1.297876E-04   3.407805E-05   5.567548E-05   3.082593E-05
   5.823530E-05   2.000000E-04   2.000000E-04   2.000000E-04   9.576539E-05   9.576539E-05   9.576539E-05   9.576539E-05   2.000000E-04   6.559275E-05   8.525837E-05   2.800127E-05   3.672941E-05   2.000000E-04   7.068325E-05   1.190726E-04   7.391327E-05   1.858956E-04   5.739489E-05   2.354826E-05
   2.000000E-04   2.000000E-04   1.860319E-04   2.000000E-04   9.576539E-05   9.576539E-05   9.576539E-05   9.576539E-05   3.773635E-05   6.808658E-05   2.000000E-04   2.000000E-05   5.137888E-05   7.290123E-05   2.000000E-04   5.729265E-05   2.000000E-04   8.524099E-05   5.902305E-05   1.003062E-04
   2.000000E-04   4.764688E-05   2.000000E-04   2.000000E-04   9.576539E-05   9.576539E-05   9.576539E-05   9.576539E-05   2.000000E-04   9.262458E-05   4.715937E-05   2.000000E-04   4.429258E-05   1.446027E-04   3.003114E-05   2.000000E-05   1.150101E-04   1.135154E-04   4.477963E-05   1.515030E-04
   2.000000E-04   6.377152E-05   3.096074E-05   8.131193E-05   9.576539E-05   9.576539E-05   4.026082E-05   2.000000E-05   6.107152E-05   1.563361E-04   2.000000E-04   4.806390E-05   6.588526E-05   5.857580E-05   3.201900E-05   1.519994E-04   5.802407E-05   4.539750E-05   1.372125E-04   4.612603E-05
   1.307603E-04   8.443911E-05   2.000000E-04   4.177419E-05   8.668274E-05   9.576539E-05   3.116800E-05   1.336661E-04   2.330735E-05   1.270331E-04   2.000000E-04   2.000000E-04   2.000000E-04   1.443619E-04   7.225903E-05   2.000000E-04   1.008846E-04   8.160840E-05   2.000000E-04   3.970952E-05
   2.000000E-04   2.000000E-04   2.000000E-04   9.618055E-05   2.000000E-04   8.799341E-05   1.034922E-04   7.204752E-05   9.339463E-05   2.000000E-04   2.000000E-04   2.000000E-04   7.087064E-05   1.772993E-04   2.891138E-05   8.313470E-05   9.894728E-05   6.009246E-05   6.517637E-05   2.000000E-04
   2.000000E-04   8.668747E-05   7.846180E-05   4.759769E-05   7.812805E-05   4.145883E-05   3.465176E-05   1.398507E-04   1.704505E-04   8.698904E-05   2.000000E-04   5.625055E-05   7.845597E-05   2.000000E-04   7.388853E-05   1.382965E-04   2.000000E-04   6.425189E-05   2.000000E-04   6.567096E-05
   2.000000E-04   2.000000E-04   1.280879E-04   5.286064E-05   1.810380E-04   1.095755E-04   7.579189E-05   5.380580E-05   4.117396E-05   1.716575E-04   1.392092E-04   4.683083E-05   2.000000E-04   2.000000E-04   1.278303E-04   2.351510E-05   6.067899E-05   1.086059E-04   1.910421E-04   2.000000E-04
   2.000000E-04   2.000000E-04   2.000000E-04   2.000000E-04   1.430519E-04   2.000000E-04   2.000000E-05   4.974118E-05   1.298715E-04   5.222228E-05   9.658010E-05   1.291024E-04   7.884830E-05   1.448908E-04   7.478668E-05   8.386911E-05   1.679094E-04   2.000000E-04   2.000000E-04   7.054400E-05
   2.000000E-04   2.000000E-04   2.000000E-04   1.261149E-04   2.000000E-04   1.218358E-04   1.642877E-04   3.335400E-05   1.307167E-04   1.164918E-04   1.237339E-04   8.424190E-05   1.601945E-04   7.186121E-05   2.000000E-04   1.306990E-04   6.474740E-05   9.746755E-05   1.717270E-04   4.794955E-05
   1.627274E-04   1.433651E-04   2.000000E-04   2.000000E-04   1.316513E-04   1.585992E-04   1.874957E-04   7.204899E-05   8.303357E-05   6.026260E-05   1.156956E-04   1.389129E-04   2.000000E-04   4.673017E-05   2.000000E-04   2.000000E-04   1.157221E-04   1.544688E-04   3.058144E-05   2.000000E-04
   2.000000E-04   2.000000E-04   1.959465E-04   3.685918E-05   2.000000E-04   2.000000E-04   3.071523E-05   3.333044E-05   1.367774E-04   2.000000E-04   2.000000E-04   2.000000E-04   1.876727E-04   2.000000E-04   3.582471E-05   2.000000E-04   5.403498E-05   3.317671E-05   1.311672E-04   1.883604E-04
   2.000000E-04   2.000000E-04   1.556217E-04   3.568272E-05   1.163442E-04   2.000000E-04   5.723351E-05   7.493359E-05   2.000000E-04   6.370474E-05   1.860142E-04   4.097354E-05   9.111943E-05   1.542220E-04   1.655217E-04   1.433485E-04   1.663388E-04   1.541728E-04   4.778707E-05   2.906690E-05
   6.449961E-05   6.171507E-05   4.488242E-05   5.892524E-05   1.647863E-04   7.491179E-05   9.340488E-05   7.932686E-05   1.058011E-04   2.000000E-04   1.569863E-04   2.000000E-04   6.777930E-05   1.160404E-04   3.029459E-05   9.616573E-05   2.000000E-04   9.770949E-05   1.626850E-04   4.962192E-05
   9.576539E-05   1.669128E-04   9.169448E-05   2.000000E-04   1.391225E-04   4.510469E-05   1.555310E-04   1.233892E-04   1.465395E-04   2.000000E-04   1.194769E-04   2.000000E-04   1.088998E-04   6.657942E-05   2.000000E-04   1.621126E-04   7.095046E-05   2.039970E-05   1.836961E-04   2.000000E-04
   9.576539E-05   9.576539E-05   1.042268E-04   1.056782E-04   1.254381E-04   4.026899E-05   1.008813E-04   2.000000E-04   2.000000E-04   2.000000E-04   2.000000E-04   2.000000E-04   1.221364E-04   2.000000E-04   5.002694E-05   4.344869E-05   5.729666E-05   2.000000E-04   1.318645E-04   2.687024E-05
   9.576539E-05   9.576539E-05   9.576539E-05   7.637304E-05   6.409983E-05   1.100953E-04   1.041537E-04   2.000000E-04   2.000000E-04   2.000000E-04   2.000000E-04   2.000000E-04   2.000000E-04   1.679670E-04   6.800682E-05   8.124489E-05   9.653920E-05   1.376346E-04   1.592575E-04   1.975373E-04
   9.576539E-05   9.576539E-05   9.576539E-05   9.576539E-05   1.583095E-04   5.254104E-05   2.000000E-04   9.027763E-05   2.000000E-04   2.000000E-04   1.050678E-04   8.081187E-05   1.777758E-04   2.000000E-04   4.076342E-05   1.345854E-04   4.860666E-05   1.549656E-04   9.256667E-05   9.576539E-05
   9.576539E-05   9.576539E-05   9.576539E-05   9.576539E-05   9.931000E-05   2.000000E-04   1.386732E-04   1.539519E-04   2.000000E-04   2.000000E-04   1.417520E-04   9.170641E-05   1.011645E-04   4.352386E-05   2.000000E-04   2.000000E-04   5.915494E-05   4.544097E-05   2.000000E-04   9.576539E-05
   9.576539E-05   9.576539E-05   9.576539E-05   9.576539E-05   9.576539E-05   2.000000E-04   2.000000E-04   3.367800E-05   1.160491E-04   8.307282E-05   1.588944E-04   1.778001E-04   2.000000E-04   5.202021E-05   4.919422E-05   2.000000E-04   1.709607E-04   8.914245E-05   9.576539E-05   9.576539E-05
   9.576539E-05   9.576539E-05   9.576539E-05   9.576539E-05   9.576539E-05   2.000000E-04   3.816262E-05   2.000000E-04   1.532454E-04   1.871407E-04   1.334815E-04   2.000000E-04   2.000000E-04   4.267652E-05   1.377456E-04   1.805259E-04   1.225878E-04   9.576539E-05   9.576539E-05   9.576539E-05
   9.576539E-05   9.576539E-05   9.576539E-05   9.576539E-05   9.576539E-05   1.506268E-04   2.000000E-04   1.822061E-04   1.499344E-04   2.000000E-04   2.000000E-04   1.389986E-04   8.556196E-05   6.188120E-05   5.896533E-05   3.801125E-05   9.576539E-05   9.576539E-05   9.576539E-05   9.576539E-05
