   1.000000E-02   1.147726E-02   1.611765E-02   1.639940E-02   1.000000E-02   1.000000E-02   1.000000E-02   1.000000E-02   1.000000E-02   1.915035E-02   1.485949E-02   1.000000E-02   1.000000E-02   1.000000E-02   1.000000E-02   1.000000E-02   1.000000E-02   1.218685E-02   1.000000E-02   1.007838E-02
   1.000000E-02   1.213933E-02   1.000000E-02   1.085753E-02   1.000000E-02   1.000000E-02   1.000000E-02   3.011626E-02   1.000000E-02   1.000000E-02   1.000000E-02   2.656532E-02   1.251625E-02   1.000000E-02   1.000000E-02   1.000000E-02   1.000000E-02   1.000000E-02   1.000000E-02   1.238063E-02
   1.000000E-02   1.459096E-02   1.000000E-02   1.086943E-02   1.734857E-02   1.418768E-02   1.211325E-02   1.000000E-02   1.000000E-02   3.462584E-02   1.000000E-02   1.000000E-02   1.000000E-02   1.000000E-02   1.000000E-02   1.000000E-02   1.000000E-02   1.000000E-02   1.000000E-02   1.743773E-02
   1.949744E-02   1.252194E-02   1.365479E-02   1.000000E-02   1.980104E-02   1.535848E-02   1.695970E-02   1.144774E-02   1.000000E-02   1.813372E-02   1.000000E-02   1.000000E-02   1.000000E-02   1.000000E-02   1.000000E-02   1.000000E-02   1.000000E-02   1.000000E-02   2.519367E-02   1.000000E-02
   1.000000E-02   2.218349E-02   4.192395E-02   1.825976E-02   2.287938E-02   1.092931E-02   2.989688E-02   2.203392E-02   1.000000E-02   1.000000E-02   1.000000E-02   1.000000E-02   1.000000E-02   1.000000E-02   1.000000E-02   1.000000E-02   1.346666E-02   1.000000E-02   1.089795E-02   2.270904E-02
   1.000000E-02   1.516671E-02   1.068184E-02   2.087601E-02   5.429930E-02   1.633616E-02   4.038018E-02   2.177453E-02   1.953899E-02   5.028589E-02   1.000000E-02   1.000000E-02   1.000000E-02   1.488870E-02   1.446457E-02   1.000000E-02   1.000000E-02   1.218143E-02   1.000000E-02   2.036937E-02
   2.527656E-02   1.000000E-02   3.158695E-02   1.787107E-02   2.159841E-02   1.370452E-02   3.157193E-02   1.000000E-02   4.178788E-02   1.000000E-02   1.781874E-02   1.000000E-02   1.000000E-02   1.150108E-02   1.000000E-02   1.000000E-02   1.000000E-02   1.000000E-02   1.182580E-02   1.308274E-02
   1.000000E-02   1.000000E-02   1.554901E-02   2.286994E-02   1.000000E-02   2.283462E-02   1.301021E-02   1.000000E-02   1.214616E-02   1.000000E-02   1.000000E-02   1.000000E-02   1.000000E-02   1.193294E-02   1.000000E-02   1.317864E-02   1.000000E-02   1.000000E-02   1.000000E-02   1.031634E-02
   1.588003E-02   1.000000E-02   1.000000E-02   1.000000E-02   3.000000E-02   3.000000E-02   3.000000E-02   1.091111E-02   1.000000E-02   1.000000E-02   1.000000E-02   1.000000E-02   1.000000E-02   1.000000E-02   1.000000E-02   3.659776E-02   1.000000E-02   1.514571E-02   1.000000E-02   4.273083E-02
   1.077257E-02   1.000000E-02   1.000000E-02   2.378238E-02   3.000000E-02   3.000000E-02   3.000000E-02   3.000000E-02   1.000000E-02   1.000000E-02   1.000000E-02   1.000000E-02   1.000000E-02   1.167009E-02   1.000000E-02   1.000000E-02   1.000000E-02   3.808201E-02   1.000000E-02   1.000000E-02
   1.000000E-02   1.000000E-02   1.000000E-02   1.310679E-02   3.000000E-02   3.000000E-02   3.000000E-02   3.000000E-02   2.553156E-02   1.017104E-02   1.181906E-02   1.000000E-02   1.000000E-02   1.000000E-02   1.000000E-02   1.000000E-02   1.000000E-02   1.000000E-02   1.092256E-02   1.000000E-02
   1.000000E-02   1.000000E-02   1.674869E-02   1.200877E-02   3.000000E-02   3.000000E-02   3.000000E-02   3.000000E-02   1.000000E-02   1.000000E-02   1.000000E-02   1.018267E-02   1.000000E-02   1.000000E-02   1.000000E-02   1.823483E-02   1.585560E-02   1.267853E-02   1.596934E-02   1.139671E-02
   1.304715E-02   1.000000E-02   1.000000E-02   1.000000E-02   3.000000E-02   3.000000E-02   3.000000E-02   3.000000E-02   1.000000E-02   1.049538E-02   1.000000E-02   1.000000E-02   1.795722E-02   1.000000E-02   2.483505E-02   1.008182E-02   1.756418E-02   1.000000E-02   1.061009E-02   1.000000E-02
   1.000000E-02   1.000000E-02   1.383878E-02   1.000000E-02   3.000000E-02   3.000000E-02   3.000000E-02   3.000000E-02   1.000000E-02   1.000000E-02   1.000000E-02   1.000000E-02   1.000000E-02   1.134059E-02   1.000000E-02   6.890479E-02   1.701816E-02   1.750717E-02   1.000000E-02   1.000000E-02
   1.000000E-02   1.000000E-02   1.000000E-02   1.000000E-02   3.000000E-02   3.000000E-02   3.000000E-02   3.000000E-02   1.000000E-02   1.000000E-02   1.000000E-02   1.000000E-02   1.000000E-02   1.692528E-02   1.610768E-02   2.626614E-02   2.966904E-02   1.000000E-02   1.000000E-02   2.549106E-02
   1.357841E-02   1.000000E-02   1.000000E-02   1.000000E-02   3.000000E-02   3.000000E-02   3.000000E-02   3.000000E-02   1.082326E-02   1.000000E-02   1.000000E-02   1.000000E-02   1.062337E-02   1.000000E-02   1.804574E-02   1.000000E-02   2.754770E-02   1.000000E-02   1.000000E-02   2.970748E-02
   1.000000E-02   1.000000E-02   1.000000E-02   1.000000E-02   3.000000E-02   3.000000E-02   3.000000E-02   3.000000E-02   1.000000E-02   1.000000E-02   1.000000E-02   2.591270E-02   1.632155E-02   1.000000E-02   4.925315E-02   1.000000E-02   1.818316E-02   1.000000E-02   1.000000E-02   1.000000E-02
   1.000000E-02   1.000000E-02   1.231489E-02   1.515532E-02   3.000000E-02   3.000000E-02   3.000000E-02   3.000000E-02   1.859287E-02   1.000000E-02   1.175335E-02   1.000000E-02   1.345867E-02   2.868931E-02   4.728554E-02   5.850844E-02   1.000000E-02   1.947066E-02   1.000000E-02   2.114895E-02
   1.000000E-02   2.755197E-02   1.000000E-02   1.000000E-02   3.000000E-02   3.000000E-02   3.000000E-02   3.000000E-02   1.000000E-02   1.000000E-02   1.000000E-02   1.000000E-02   1.000000E-02   1.067668E-02   1.340090E-02   5.595273E-02   1.000000E-02   1.401016E-02   1.000000E-02   2.092974E-02
   1.000000E-02   1.000000E-02   1.000000E-02   1.000000E-02   3.000000E-02   3.000000E-02   3.000000E-02   3.000000E-02   1.159570E-02   1.000000E-02   1.000000E-02   1.000000E-02   2.536920E-02   5.800138E-02   4.413879E-02   7.208970E-02   1.000000E-02   1.000000E-02   1.000000E-02   1.695318E-02
   4.732672E-02   1.941528E-02   1.059858E-02   1.000000E-02   3.000000E-02   3.000000E-02   3.000000E-02   3.000000E-02   1.000000E-02   1.307013E-02   1.000000E-02   1.000000E-02   1.000000E-02   1.000000E-02   1.000000E-02   1.000000E-02   2.350447E-02   1.000000E-02   7.559308E-02   6.016802E-02
   1.000000E-02   3.188762E-02   1.601643E-02   2.674253E-02   3.000000E-02   3.000000E-02   4.631603E-02   2.002763E-02   2.953426E-02   1.000000E-02   1.000000E-02   1.000000E-02   1.096452E-02   1.000000E-02   2.742136E-02   4.559978E-02   5.250410E-02   1.000000E-02   2.655085E-02   3.947516E-02
   1.407180E-02   2.331282E-02   1.000000E-02   1.000000E-02   1.211199E-02   3.000000E-02   1.433545E-02   3.020850E-02   1.000000E-02   2.100030E-02   1.000000E-02   1.000000E-02   1.000000E-02   1.000000E-02   5.943887E-02   1.000000E-02   2.026552E-02   1.000000E-02   1.176659E-02   2.451875E-02
   2.756900E-02   1.000000E-02   2.153154E-02   5.547156E-02   1.588798E-02   2.993524E-02   1.914053E-02   2.325599E-02   1.714639E-02   1.000000E-02   1.029810E-02   1.000000E-02   1.000000E-02   1.177504E-02   3.560673E-02   2.483048E-02   1.000000E-02   1.000000E-02   5.504537E-02   1.192020E-02
   1.000000E-02   1.000000E-02   2.231897E-02   1.305146E-02   1.000000E-02   1.287179E-02   2.765373E-02   1.000000E-02   3.033710E-02   1.301109E-02   1.000000E-02   1.000000E-02   1.000000E-02   1.885683E-02   1.000000E-02   1.199005E-02   1.275448E-02   2.025169E-02   5.361646E-02   1.000000E-02
   1.000000E-02   1.000000E-02   1.777322E-02   1.538548E-02   1.238448E-02   1.000000E-02   1.000000E-02   1.000000E-02   1.000000E-02   1.055084E-02   4.158765E-02   3.856639E-02   1.000000E-02   1.000000E-02   1.091716E-02   1.000000E-02   1.282245E-02   2.017102E-02   2.050792E-02   1.000000E-02
   1.283123E-02   2.006274E-02   1.000000E-02   1.000000E-02   1.204315E-02   1.000000E-02   1.000000E-02   1.000000E-02   1.000000E-02   2.135698E-02   1.000000E-02   1.000000E-02   1.000000E-02   1.000000E-02   1.000000E-02   1.000000E-02   2.024507E-02   1.000000E-02   1.000000E-02   3.163129E-02
   1.000000E-02   4.456407E-02   1.141703E-02   2.299420E-02   1.000000E-02   1.000000E-02   1.000000E-02   1.000000E-02   1.000000E-02   1.112512E-02   1.599026E-02   1.000000E-02   1.311223E-02   1.075610E-02   1.000000E-02   1.000000E-02   1.762132E-02   1.529068E-02   1.486272E-02   2.323941E-02
   1.000000E-02   1.000000E-02   1.446665E-02   1.836700E-02   1.000000E-02   1.000000E-02   1.000000E-02   1.000000E-02   1.444252E-02   1.000000E-02   1.209635E-02   1.136075E-02   1.000000E-02   1.000000E-02   1.000000E-02   1.257907E-02   1.481321E-02   2.535239E-02   1.000000E-02   1.485450E-02
   1.583203E-02   1.055607E-02   1.000000E-02   1.000000E-02   1.000000E-02   1.000000E-02   1.933105E-02   1.000000E-02   1.000000E-02   1.000000E-02   2.118317E-02   1.293664E-02   1.000000E-02   1.142628E-02   1.000000E-02   1.117489E-02   1.000000E-02   1.571825E-02   1.000000E-02   1.233711E-02
   1.815016E-02   1.495559E-02   2.166211E-02   2.633020E-02   1.466706E-02   1.000000E-02   1.000000E-02   1.525521E-02   1.000000E-02   1.000000E-02   1.000000E-02   1.401288E-02   2.233160E-02   1.000000E-02   1.000000E-02   1.000000E-02   1.361869E-02   1.000000E-02   3.805395E-02   1.000000E-02
   2.665299E-02   1.796578E-02   1.000000E-02   1.855949E-02   1.000000E-02   1.000000E-02   1.000000E-02   1.000000E-02   1.000000E-02   3.263436E-02   1.000000E-02   1.316970E-02   1.435234E-02   1.000000E-02   1.000000E-02   1.000000E-02   1.000000E-02   1.785056E-02   1.000000E-02   1.473124E-02
   3.000000E-02   1.685678E-02   2.025491E-02   4.546797E-02   1.000000E-02   1.530427E-02   1.000000E-02   1.000000E-02   1.454344E-02   1.000000E-02   2.870935E-02   1.006269E-02   1.000000E-02   1.170885E-02   1.000000E-02   1.505942E-02   1.000000E-02   1.410817E-02   1.016055E-02   1.085454E-02
   3.000000E-02   3.000000E-02   2.119969E-02   1.000000E-02   1.230988E-02   1.207669E-02   1.144066E-02   1.000000E-02   1.000000E-02   1.298642E-02   1.224686E-02   1.314391E-02   1.708709E-02   1.169747E-02   1.000000E-02   2.880549E-02   1.026670E-02   1.000000E-02   1.000000E-02   2.240375E-02
   3.000000E-02   3.000000E-02   3.000000E-02   1.412914E-02   1.000000E-02   1.000000E-02   1.000000E-02   1.000000E-02   1.000000E-02   1.000000E-02   1.000000E-02   6.012120E-02   1.000000E-02   1.304436E-02   1.000000E-02   1.460418E-02   3.397337E-02   1.738854E-02   1.000000E-02   1.000000E-02
   3.000000E-02   3.000000E-02   3.000000E-02   3.000000E-02   1.000000E-02   1.000000E-02   1.000000E-02   1.000000E-02   1.000000E-02   1.000000E-02   2.218696E-02   2.407415E-02   3.078740E-02   8.084203E-02   2.421572E-02   5.425472E-02   2.594346E-02   1.021938E-02   1.000000E-02   3.000000E-02
   3.000000E-02   3.000000E-02   3.000000E-02   3.000000E-02   1.000000E-02   1.000000E-02   1.000000E-02   1.000000E-02   2.329665E-02   1.000000E-02   1.000000E-02   1.156901E-02   2.371131E-02   4.027783E-02   1.000000E-02   1.000000E-02   1.000274E-02   1.013256E-02   1.000000E-02   3.000000E-02
   3.000000E-02   3.000000E-02   3.000000E-02   3.000000E-02   3.000000E-02   2.232468E-02   1.000000E-02   1.000000E-02   1.313224E-02   1.381433E-02   1.277163E-02   1.177101E-02   2.579711E-02   2.548539E-02   4.078432E-02   1.220669E-02   7.353124E-02   2.350647E-02   3.000000E-02   3.000000E-02
   3.000000E-02   3.000000E-02   3.000000E-02   3.000000E-02   3.000000E-02   1.257744E-02   1.000000E-02   1.000000E-02   1.000000E-02   1.364354E-02   5.406521E-02   3.434191E-02   1.000000E-02   1.427594E-02   1.673853E-02   3.925194E-02   3.612830E-02   3.000000E-02   3.000000E-02   3.000000E-02
   3.000000E-02   3.000000E-02   3.000000E-02   3.000000E-02   3.000000E-02   1.000000E-02   1.185901E-02   1.000000E-02   1.651153E-02   1.000000E-02   1.134835E-02   2.891985E-02   2.719600E-02   3.485448E-02   1.976027E-02   1.015716E-02   3.000000E-02   3.000000E-02   3.000000E-02   3.000000E-02
