   1.444544E-04   5.920660E-05   3.602728E-05   1.041781E-04   1.439821E-04   2.981159E-05   3.738993E-05   5.910334E-05   2.000000E-05   2.000000E-05   9.927074E-05   3.703388E-05   4.131317E-05   2.000000E-04   8.592126E-05   1.712532E-04   9.679128E-05   2.000000E-05   2.000000E-05   6.941251E-05
   9.019289E-05   2.134355E-05   1.231916E-04   2.829665E-05   2.000000E-04   7.536613E-05   4.002351E-05   2.000000E-05   2.324523E-05   2.988210E-05   4.527628E-05   2.000000E-05   5.586778E-05   8.016176E-05   8.235464E-05   4.780905E-05   6.557885E-05   7.341822E-05   1.117351E-04   4.666910E-05
   3.010619E-05   1.131747E-04   2.000000E-05   1.981411E-04   2.289756E-05   1.038310E-04   2.000000E-04   3.023269E-05   9.364653E-05   5.958475E-05   2.412956E-05   8.442143E-05   4.525384E-05   7.969225E-05   2.000000E-04   2.000000E-04   2.000000E-05   2.000000E-05   5.037781E-05   3.925623E-05
   2.000000E-05   2.001527E-05   2.315628E-05   2.000000E-05   2.000000E-05   7.665657E-05   5.839447E-05   2.741067E-05   2.000000E-05   4.482616E-05   2.139689E-05   6.851271E-05   9.445720E-05   7.229969E-05   1.078166E-04   3.459674E-05   2.000000E-05   2.105666E-05   8.995205E-05   2.000000E-05
   3.165636E-05   1.080502E-04   2.000000E-05   2.126928E-05   2.199029E-05   3.321875E-05   8.849836E-05   2.517563E-05   3.159012E-05   2.343276E-05   1.477993E-04   3.052519E-05   2.000000E-05   1.766135E-04   4.248712E-05   2.000000E-05   6.827544E-05   2.000000E-05   3.323306E-05   2.087749E-05
   2.000000E-05   2.461374E-05   3.067284E-05   4.041369E-05   3.613759E-05   2.650872E-05   1.190888E-04   8.696975E-05   3.375730E-05   2.000000E-05   2.713958E-05   6.920652E-05   2.000000E-05   2.000000E-05   4.207551E-05   2.000000E-05   2.688198E-05   4.339627E-05   2.306725E-05   4.859875E-05
   2.000000E-05   4.271040E-05   2.530491E-05   2.000000E-05   2.000000E-05   2.000000E-05   2.000000E-04   3.717515E-05   3.218387E-05   2.129154E-05   2.000000E-05   6.636734E-05   2.000000E-05   2.000000E-05   2.000000E-05   2.000000E-05   4.215463E-05   2.000000E-05   7.769874E-05   2.905799E-05
   2.621852E-05   2.000000E-05   1.122188E-04   6.405412E-05   5.784833E-05   6.115078E-05   2.342993E-05   2.000000E-04   3.352883E-05   6.604639E-05   6.548953E-05   2.132097E-05   2.000000E-05   2.000000E-05   2.601307E-05   2.000000E-05   2.846398E-05   2.000000E-05   2.000000E-05   9.156716E-05
   4.058890E-05   5.036612E-05   2.942129E-05   1.113171E-04   3.597365E-05   3.597365E-05   3.597365E-05   1.437280E-04   1.932444E-04   7.699442E-05   3.275044E-05   3.628735E-05   8.865978E-05   3.827876E-05   3.513710E-05   2.966584E-05   7.428926E-05   2.000000E-05   2.000000E-05   6.597100E-05
   2.602684E-05   7.652875E-05   3.901454E-05   2.188343E-05   3.597365E-05   3.597365E-05   3.597365E-05   3.597365E-05   2.000000E-04   7.128675E-05   6.590182E-05   4.030839E-05   4.079710E-05   7.774174E-05   4.494761E-05   3.096980E-05   2.000000E-05   2.000000E-05   3.811094E-05   4.560011E-05
   6.387800E-05   1.264899E-04   1.285963E-04   6.508185E-05   3.597365E-05   3.597365E-05   3.597365E-05   3.597365E-05   5.560376E-05   1.092510E-04   5.199488E-05   1.570157E-04   9.815472E-05   3.220047E-05   3.579986E-05   2.000000E-05   2.000000E-05   2.000000E-05   1.083171E-04   2.000000E-05
   1.205911E-04   5.684008E-05   1.934921E-04   6.586026E-05   3.597365E-05   3.597365E-05   3.597365E-05   3.597365E-05   2.274676E-05   1.180934E-04   6.499303E-05   3.760687E-05   2.000000E-05   2.000000E-05   2.390229E-05   2.000000E-05   3.257650E-05   2.000000E-05   1.261539E-04   2.000000E-05
   3.142846E-05   2.000000E-04   4.298295E-05   5.236205E-05   3.597365E-05   3.597365E-05   3.597365E-05   3.597365E-05   2.000000E-05   5.698856E-05   8.241376E-05   2.000000E-05   9.270262E-05   2.000000E-05   2.000000E-05   7.011951E-05   2.000000E-05   2.000000E-05   2.615648E-05   2.409011E-05
   8.857562E-05   6.037765E-05   7.429546E-05   2.000000E-04   3.597365E-05   3.597365E-05   3.597365E-05   3.597365E-05   2.635038E-05   2.000000E-05   3.636619E-05   3.567022E-05   2.408823E-05   2.000000E-05   2.000000E-05   2.000000E-05   8.006452E-05   2.000000E-05   2.000000E-05   2.493094E-05
   1.426139E-04   3.947684E-05   2.000000E-04   1.220836E-04   3.597365E-05   3.597365E-05   3.597365E-05   3.597365E-05   6.750019E-05   2.000000E-05   2.000000E-05   2.000000E-05   2.000000E-05   2.000000E-05   3.572992E-05   2.457455E-05   2.000000E-05   2.057193E-05   3.883123E-05   2.000000E-05
   3.654567E-05   1.130570E-04   3.837357E-05   3.803195E-05   3.597365E-05   3.597365E-05   3.597365E-05   3.597365E-05   2.000000E-05   2.000000E-05   2.000000E-05   2.000000E-05   3.149425E-05   2.000000E-05   4.634236E-05   2.000000E-05   2.231121E-05   1.208450E-04   2.117375E-05   2.000000E-05
   2.000000E-05   7.598800E-05   1.334812E-04   2.322847E-05   3.597365E-05   3.597365E-05   3.597365E-05   3.597365E-05   2.000000E-05   4.498283E-05   6.682139E-05   2.000000E-05   2.000000E-05   2.000000E-05   3.561702E-05   1.009867E-04   2.000000E-05   4.492505E-05   8.005406E-05   2.691042E-05
   2.000000E-05   8.530676E-05   2.000000E-05   2.588604E-05   3.597365E-05   3.597365E-05   3.597365E-05   3.597365E-05   7.830194E-05   2.469084E-05   2.000000E-05   2.000000E-05   2.000000E-05   2.000000E-05   2.140683E-05   2.747562E-05   2.397025E-05   2.270226E-05   1.628128E-04   8.895725E-05
   2.000000E-05   1.222830E-04   3.701577E-05   2.000000E-05   3.597365E-05   3.597365E-05   3.597365E-05   3.597365E-05   3.244714E-05   2.000000E-05   2.551602E-05   2.000000E-05   2.000000E-05   2.514164E-05   1.233234E-04   5.997030E-05   6.717559E-05   2.907353E-05   5.176709E-05   2.000000E-05
   3.636957E-05   2.000000E-05   3.131263E-05   2.000000E-05   3.597365E-05   3.597365E-05   3.597365E-05   3.597365E-05   2.000000E-05   5.174430E-05   2.635744E-05   2.000000E-05   2.000000E-05   4.458230E-05   3.449472E-05   2.000000E-05   3.510638E-05   2.904570E-05   2.000000E-05   4.494427E-05
   2.071399E-05   2.000000E-05   2.000000E-05   2.000000E-05   3.597365E-05   3.597365E-05   3.597365E-05   3.597365E-05   6.771650E-05   2.000000E-05   2.000000E-05   2.000000E-05   2.000000E-05   6.378879E-05   2.000000E-05   2.000000E-05   2.000000E-05   1.665090E-04   2.407033E-05   6.437515E-05
   2.000000E-05   4.817841E-05   4.807689E-05   2.000000E-05   3.597365E-05   3.597365E-05   2.232389E-05   2.091565E-05   2.000000E-05   2.000000E-05   2.000000E-05   2.000000E-05   2.000000E-05   2.000000E-05   2.124425E-05   1.315028E-04   2.000000E-05   2.000000E-05   5.192472E-05   1.103329E-04
   4.570247E-05   7.407909E-05   4.626473E-05   7.972089E-05   2.000000E-05   3.597365E-05   2.000000E-05   2.000000E-05   2.000000E-05   2.142301E-05   2.000000E-05   2.000000E-05   2.000000E-05   2.000000E-05   4.560102E-05   4.498602E-05   2.000000E-05   7.005973E-05   2.000000E-05   2.593319E-05
   2.000000E-05   1.014906E-04   2.000000E-05   1.037357E-04   2.000000E-05   2.713427E-05   2.797990E-05   3.726450E-05   3.103724E-05   2.838368E-05   2.000000E-05   2.145364E-05   2.013553E-05   2.000000E-05   6.385276E-05   2.384371E-05   3.667578E-05   2.000000E-05   4.031071E-05   1.254895E-04
   2.000000E-05   2.000000E-05   2.606290E-05   2.000000E-05   2.780976E-05   1.289635E-04   3.435778E-05   2.000000E-05   2.000000E-05   2.000000E-05   2.000000E-05   2.033892E-05   2.000000E-05   3.467623E-05   2.000000E-05   2.000000E-05   2.000000E-05   2.000000E-05   2.000000E-05   4.235618E-05
   6.557480E-05   2.000000E-05   2.447309E-05   2.000000E-05   2.000000E-05   6.281224E-05   2.000000E-05   3.826144E-05   1.002721E-04   3.482923E-05   6.379889E-05   2.000000E-05   2.000000E-05   6.115224E-05   2.000000E-05   4.689618E-05   6.467046E-05   3.394418E-05   2.000000E-05   1.633326E-04
   2.942528E-05   2.000000E-05   4.288193E-05   2.255977E-05   2.000000E-05   8.380541E-05   1.245833E-04   2.000000E-05   2.000000E-05   2.000000E-05   2.596857E-05   2.272656E-05   2.727212E-05   3.614458E-05   3.844599E-05   2.230809E-05   2.521914E-05   6.588496E-05   1.577602E-04   4.305845E-05
   2.098206E-05   3.131037E-05   2.000000E-05   2.000000E-05   3.165483E-05   2.000000E-05   7.673791E-05   2.317358E-05   2.000000E-05   2.000000E-05   2.000000E-05   3.171815E-05   2.000000E-05   2.000000E-05   2.000000E-05   3.054548E-05   2.000000E-05   2.173396E-05   1.451532E-04   2.955213E-05
   2.154367E-05   2.586260E-05   2.000000E-05   2.000000E-05   2.000000E-05   2.000000E-05   2.716856E-05   2.000000E-05   2.000000E-05   6.991044E-05   3.762620E-05   3.684051E-05   2.000000E-05   2.000000E-05   2.000000E-05   2.115400E-05   8.813622E-05   3.777001E-05   2.715526E-05   6.200348E-05
   3.327455E-05   2.199578E-05   3.818788E-05   2.000000E-05   2.000000E-05   2.000000E-05   2.000000E-05   2.000000E-05   2.000000E-05   2.000000E-05   4.764993E-05   2.546360E-05   8.441505E-05   3.750026E-05   4.598950E-05   1.751517E-04   5.433041E-05   4.710479E-05   2.000000E-05   3.864035E-05
   2.000000E-05   1.307793E-04   9.656102E-05   3.100146E-05   2.686794E-05   2.000000E-05   2.000000E-05   2.000000E-05   6.355859E-05   2.000000E-05   2.000000E-05   2.377820E-05   3.997888E-05   7.795187E-05   1.209601E-04   3.053598E-05   9.280466E-05   6.537897E-05   2.000000E-05   2.000000E-05
   1.191858E-04   2.000000E-05   2.735824E-05   3.245232E-05   2.000000E-05   4.649149E-05   2.447750E-05   2.000000E-05   2.000000E-05   5.127116E-05   2.000000E-05   7.435091E-05   2.000000E-05   2.761568E-05   3.317688E-05   6.244320E-05   2.000000E-05   2.275397E-05   2.000000E-05   5.382087E-05
   3.597365E-05   3.416715E-05   2.000000E-05   3.160160E-05   2.000000E-05   2.065962E-05   2.000000E-05   2.182502E-05   5.403227E-05   2.000000E-05   1.328335E-04   2.000000E-05   6.281105E-05   2.805810E-05   8.872479E-05   2.000000E-05   4.705604E-05   2.000000E-05   3.824193E-05   2.000000E-05
   3.597365E-05   3.597365E-05   2.000000E-05   2.000000E-05   2.000000E-05   1.790411E-04   8.860812E-05   3.725446E-05   5.682591E-05   1.345755E-04   5.711966E-05   4.560234E-05   2.000000E-05   5.695336E-05   2.000000E-05   2.296021E-05   6.049733E-05   2.000000E-05   2.000000E-05   3.488680E-05
   3.597365E-05   3.597365E-05   3.597365E-05   2.519548E-05   1.457902E-04   1.841627E-04   1.257450E-04   1.441146E-04   7.094771E-05   9.651702E-05   4.366605E-05   1.464440E-04   2.000000E-04   2.965320E-05   4.725778E-05   4.824005E-05   5.596422E-05   8.154362E-05   3.641864E-05   2.000000E-05
   3.597365E-05   3.597365E-05   3.597365E-05   3.597365E-05   2.000000E-05   2.000000E-04   4.236538E-05   7.090223E-05   2.223620E-05   7.667498E-05   8.006386E-05   6.360869E-05   2.000000E-05   2.657360E-05   5.900459E-05   2.000000E-05   2.000000E-05   2.088472E-05   4.911357E-05   3.597365E-05
   3.597365E-05   3.597365E-05   3.597365E-05   3.597365E-05   2.000000E-05   4.078424E-05   1.112758E-04   6.934027E-05   4.910628E-05   2.000000E-04   3.358847E-05   2.642821E-05   1.160117E-04   9.028822E-05   1.389182E-04   3.852949E-05   3.915972E-05   2.000000E-05   7.583799E-05   3.597365E-05
   3.597365E-05   3.597365E-05   3.597365E-05   3.597365E-05   3.597365E-05   3.685545E-05   9.842110E-05   7.765064E-05   6.888736E-05   6.196621E-05   4.524658E-05   6.355475E-05   2.902338E-05   7.618440E-05   8.275128E-05   3.878344E-05   2.799754E-05   4.116481E-05   3.597365E-05   3.597365E-05
   3.597365E-05   3.597365E-05   3.597365E-05   3.597365E-05   3.597365E-05   3.815801E-05   2.000000E-04   2.618337E-05   2.000000E-04   2.782582E-05   1.271877E-04   2.000000E-05   2.000000E-04   1.288405E-04   2.000000E-05   2.000000E-05   3.866905E-05   3.597365E-05   3.597365E-05   3.597365E-05
   3.597365E-05   3.597365E-05   3.597365E-05   3.597365E-05   3.597365E-05   2.442395E-05   6.282241E-05   2.000000E-05   4.077615E-05   1.406571E-04   1.749046E-04   1.361858E-04   2.180980E-05   2.627697E-05   5.364236E-05   2.000000E-05   3.597365E-05   3.597365E-05   3.597365E-05   3.597365E-05
