   2.000000E-05   6.615664E-05   3.058722E-05   3.674820E-05   8.578970E-05   6.555772E-05   2.000000E-05   2.000000E-05   1.289064E-04   2.135302E-05   2.122223E-05   7.975093E-05   2.000000E-05   4.356431E-05   2.000000E-05   6.318938E-05   6.634716E-05   2.581912E-05   5.122863E-05   8.073761E-05
   2.000000E-05   2.000000E-05   2.000000E-05   4.917942E-05   7.076542E-05   4.657528E-05   2.665058E-05   1.715626E-04   3.498331E-05   7.763375E-05   2.257165E-05   2.991789E-05   2.587345E-05   3.613468E-05   4.143421E-05   6.621412E-05   1.835303E-04   3.492560E-05   7.083054E-05   2.000000E-05
   3.735736E-05   4.566611E-05   5.548024E-05   2.000000E-05   2.000000E-05   6.879707E-05   4.671123E-05   3.355540E-05   2.447409E-05   2.956152E-05   3.909582E-05   3.135680E-05   3.479499E-05   2.000000E-05   2.000000E-05   3.137714E-05   4.566828E-05   4.373292E-05   9.027559E-05   4.344665E-05
   3.344855E-05   2.595905E-05   1.116281E-04   2.000000E-05   2.000000E-05   9.167923E-05   2.078192E-05   2.000000E-05   3.439035E-05   2.000000E-04   2.996428E-05   4.068981E-05   2.389949E-05   4.450610E-05   4.026403E-05   1.152898E-04   3.425595E-05   2.886393E-05   3.419984E-05   8.877902E-05
   6.657282E-05   8.046971E-05   1.601843E-04   2.435432E-05   8.796494E-05   4.595536E-05   1.206765E-04   6.712208E-05   3.413173E-05   4.627914E-05   3.562743E-05   8.716476E-05   9.198079E-05   7.747128E-05   8.263619E-05   8.697330E-05   2.343204E-05   2.291779E-05   2.396857E-05   2.931810E-05
   2.000000E-05   7.289671E-05   2.000000E-04   1.398060E-04   1.748272E-04   3.391214E-05   2.000000E-04   2.000000E-04   8.715774E-05   2.862303E-05   1.549007E-04   4.674051E-05   2.387054E-05   1.501198E-04   1.153639E-04   3.932097E-05   6.110306E-05   2.000000E-05   3.581365E-05   2.403178E-05
   5.050806E-05   2.000000E-05   1.489597E-04   2.157065E-05   2.000000E-04   5.656738E-05   2.000000E-04   2.000000E-04   7.932103E-05   3.871794E-05   2.000000E-04   3.869557E-05   1.263609E-04   1.514967E-04   1.655231E-04   7.757519E-05   2.000000E-05   3.672689E-05   1.225108E-04   1.363756E-04
   7.808137E-05   2.000000E-04   5.459267E-05   7.741293E-05   1.568321E-04   1.590721E-04   2.885327E-05   2.000000E-04   1.630050E-04   7.115335E-05   1.247475E-04   2.000000E-04   1.177420E-04   6.355589E-05   7.320527E-05   1.304328E-04   2.000000E-04   4.005806E-05   1.118984E-04   2.000000E-04
   2.274879E-05   6.114934E-05   2.014775E-05   2.293748E-05   6.743286E-05   6.743286E-05   6.743286E-05   4.044534E-05   1.784747E-04   8.197322E-05   3.061439E-05   5.818235E-05   2.000000E-05   7.741074E-05   5.349314E-05   2.000000E-04   3.886814E-05   7.317875E-05   1.533628E-04   6.379295E-05
   8.490917E-05   2.000000E-04   2.584188E-05   6.499480E-05   6.743286E-05   6.743286E-05   6.743286E-05   6.743286E-05   9.345647E-05   1.018870E-04   6.653693E-05   9.436954E-05   2.000000E-05   2.000000E-04   2.000000E-04   1.827375E-04   2.000000E-04   2.000000E-04   1.599020E-04   9.346416E-05
   3.866640E-05   8.392803E-05   3.079655E-05   2.594440E-05   6.743286E-05   6.743286E-05   6.743286E-05   6.743286E-05   1.302195E-04   3.757841E-05   1.159229E-04   9.682126E-05   1.208747E-04   2.000000E-04   2.000000E-04   9.887419E-05   1.943422E-04   1.247389E-04   4.293623E-05   6.013999E-05
   2.000000E-04   8.358580E-05   5.101383E-05   1.490743E-04   6.743286E-05   6.743286E-05   6.743286E-05   6.743286E-05   2.000000E-05   2.000000E-05   3.490457E-05   4.353519E-05   5.755833E-05   2.000000E-04   1.798292E-04   2.000000E-04   2.000000E-04   2.000000E-04   7.433812E-05   2.019246E-05
   2.899545E-05   2.448942E-05   1.208350E-04   5.636935E-05   6.743286E-05   6.743286E-05   6.743286E-05   6.743286E-05   6.645383E-05   2.000000E-05   3.304364E-05   3.604051E-05   6.808063E-05   5.702811E-05   9.596253E-05   2.000000E-04   7.290797E-05   8.634337E-05   3.276076E-05   1.535701E-04
   2.026347E-05   3.285383E-05   9.992601E-05   3.212182E-05   6.743286E-05   6.743286E-05   6.743286E-05   6.743286E-05   5.473618E-05   4.198227E-05   3.309605E-05   2.000000E-05   2.000000E-05   3.205027E-05   8.081396E-05   8.655187E-05   1.143778E-04   5.955456E-05   1.141085E-04   4.023384E-05
   4.973219E-05   1.283220E-04   3.974421E-05   2.000000E-05   6.743286E-05   6.743286E-05   6.743286E-05   6.743286E-05   1.270821E-04   8.496075E-05   2.000000E-05   2.380030E-05   2.615891E-05   4.514519E-05   1.895545E-04   3.099548E-05   2.000000E-04   4.312896E-05   2.355691E-05   2.000000E-04
   6.992651E-05   3.863374E-05   3.444724E-05   9.817242E-05   6.743286E-05   6.743286E-05   6.743286E-05   6.743286E-05   7.405267E-05   2.064002E-05   2.132097E-05   6.982798E-05   2.151859E-05   8.231914E-05   1.346102E-04   4.413903E-05   4.898279E-05   5.586032E-05   1.016851E-04   5.360470E-05
   2.000000E-04   2.000000E-05   5.304491E-05   2.000000E-05   6.743286E-05   6.743286E-05   6.743286E-05   6.743286E-05   4.756093E-05   2.534463E-05   1.062384E-04   2.000000E-05   3.283699E-05   1.175473E-04   4.611397E-05   8.887999E-05   2.000000E-05   2.627304E-05   9.294975E-05   1.030936E-04
   1.487445E-04   2.000000E-05   7.891122E-05   8.199475E-05   6.743286E-05   6.743286E-05   6.743286E-05   6.743286E-05   3.280542E-05   2.000000E-05   1.925093E-04   5.076018E-05   2.000000E-05   9.367905E-05   1.436944E-04   3.935052E-05   5.140286E-05   4.079463E-05   1.298753E-04   1.504288E-04
   7.093913E-05   7.125072E-05   2.000000E-04   2.000000E-04   6.743286E-05   6.743286E-05   6.743286E-05   6.743286E-05   4.414043E-05   2.000000E-04   2.000000E-05   4.046257E-05   4.589973E-05   4.133006E-05   6.473201E-05   6.065516E-05   5.044151E-05   5.798538E-05   7.082762E-05   5.627916E-05
   3.813513E-05   1.215329E-04   1.025009E-04   7.372603E-05   6.743286E-05   6.743286E-05   6.743286E-05   6.743286E-05   2.000000E-05   7.574507E-05   4.288101E-05   1.060635E-04   3.023057E-05   2.439766E-05   3.775825E-05   1.172305E-04   2.405607E-05   4.489091E-05   2.853931E-05   2.854588E-05
   8.348162E-05   1.513150E-04   1.192488E-04   5.376128E-05   6.743286E-05   6.743286E-05   6.743286E-05   6.743286E-05   2.000000E-04   7.980412E-05   1.041286E-04   6.678541E-05   6.682268E-05   3.311909E-05   3.192656E-05   1.027921E-04   2.000000E-05   7.352090E-05   8.505653E-05   5.174059E-05
   5.174575E-05   2.000000E-04   1.890763E-04   3.719609E-05   6.743286E-05   6.743286E-05   6.293868E-05   8.025770E-05   2.000000E-05   6.296244E-05   2.000000E-04   2.000000E-04   6.839699E-05   2.000000E-04   2.580295E-05   7.944373E-05   2.000000E-04   5.988073E-05   3.458111E-05   8.280987E-05
   2.000000E-04   7.346553E-05   8.062796E-05   2.838220E-05   2.000000E-04   6.743286E-05   2.893983E-05   6.365730E-05   7.929837E-05   4.179407E-05   2.000000E-04   7.580717E-05   1.623252E-04   2.000000E-04   5.879108E-05   6.580072E-05   6.431753E-05   5.876164E-05   1.528944E-04   2.311214E-05
   1.301272E-04   2.000000E-04   7.768656E-05   3.107513E-05   1.406037E-04   7.488448E-05   1.612966E-04   2.000000E-04   1.309799E-04   1.167558E-04   9.228901E-05   2.000000E-04   2.000000E-04   9.068760E-05   2.000000E-04   1.194133E-04   5.775293E-05   6.722553E-05   2.000000E-04   1.338318E-04
   5.436070E-05   1.306924E-04   8.114030E-05   1.500547E-04   4.139924E-05   4.715359E-05   2.972470E-05   4.241278E-05   1.067246E-04   8.395409E-05   8.106493E-05   2.000000E-04   1.004059E-04   2.000000E-04   2.000000E-05   3.393959E-05   1.441516E-04   3.544499E-05   2.000000E-04   5.420635E-05
   2.000000E-05   2.000000E-04   2.651311E-05   2.000000E-04   7.767685E-05   2.420917E-05   1.009876E-04   8.970682E-05   1.974812E-04   3.848249E-05   1.281115E-04   2.000000E-04   8.573233E-05   1.864823E-04   5.185412E-05   4.139475E-05   1.779709E-04   1.889427E-04   2.000000E-04   1.726413E-04
   1.785016E-04   7.157048E-05   6.860719E-05   7.332071E-05   8.693409E-05   7.571383E-05   2.000000E-05   2.000000E-05   7.195740E-05   1.764738E-04   7.073865E-05   2.000000E-04   1.882970E-04   4.746396E-05   8.081923E-05   4.354748E-05   8.963469E-05   7.669753E-05   2.000000E-05   1.181439E-04
   1.759827E-04   1.503716E-04   5.385560E-05   1.609871E-04   2.822583E-05   2.723632E-05   5.851229E-05   1.357236E-04   2.600673E-05   6.142873E-05   2.517544E-05   1.052907E-04   2.000000E-05   2.000000E-04   2.000000E-04   2.000000E-04   5.288268E-05   7.066527E-05   2.000000E-04   2.841597E-05
   1.011047E-04   2.000000E-05   1.354339E-04   2.000000E-04   2.756961E-05   7.396325E-05   5.948402E-05   1.113632E-04   1.280513E-04   9.775667E-05   2.000000E-05   2.000000E-04   8.401383E-05   2.000000E-04   1.014908E-04   6.756342E-05   3.742894E-05   7.775311E-05   5.629214E-05   1.844256E-04
   1.689446E-04   9.348657E-05   6.184633E-05   6.051301E-05   7.813855E-05   5.970474E-05   2.000000E-04   8.704733E-05   5.645080E-05   1.190399E-04   2.000000E-05   1.332909E-04   2.000000E-04   2.000000E-04   2.000000E-04   2.000000E-04   1.720801E-04   8.024555E-05   4.734020E-05   7.810397E-05
   1.340325E-04   3.052728E-05   8.063659E-05   1.138296E-04   6.124735E-05   4.647899E-05   9.035171E-05   4.096160E-05   2.000000E-05   2.314803E-05   1.069596E-04   5.106606E-05   1.922774E-04   2.000000E-04   4.979263E-05   2.000000E-04   1.505411E-04   2.562149E-05   6.219815E-05   6.549074E-05
   1.110258E-04   2.220491E-05   5.454377E-05   2.000000E-04   3.191801E-05   1.727441E-04   9.694175E-05   3.703737E-05   4.968240E-05   2.144850E-05   8.843978E-05   1.336499E-04   2.000000E-05   2.000000E-04   2.000000E-04   2.995306E-05   2.000000E-04   2.000000E-04   6.507652E-05   8.887824E-05
   6.743286E-05   1.047263E-04   1.696113E-04   2.000000E-04   8.129106E-05   4.950995E-05   8.278033E-05   5.954825E-05   1.136373E-04   9.569509E-05   4.382203E-05   3.688333E-05   2.000000E-04   2.000000E-04   1.090691E-04   2.000000E-04   9.150461E-05   2.000000E-04   1.554141E-04   9.915702E-05
   6.743286E-05   6.743286E-05   8.374222E-05   5.765719E-05   8.071835E-05   2.141826E-05   1.066654E-04   5.085191E-05   2.000000E-05   2.000000E-05   2.000000E-05   4.476843E-05   2.588600E-05   1.394315E-04   1.965662E-04   4.764422E-05   9.437785E-05   7.671976E-05   1.187499E-04   2.000000E-04
   6.743286E-05   6.743286E-05   6.743286E-05   5.137113E-05   2.228670E-05   2.000000E-04   2.000000E-04   3.247189E-05   1.433887E-04   2.453516E-05   2.000000E-05   2.000000E-05   2.000000E-05   2.053300E-05   5.784087E-05   3.160040E-05   1.277852E-04   3.819712E-05   9.132052E-05   6.703215E-05
   6.743286E-05   6.743286E-05   6.743286E-05   6.743286E-05   7.774275E-05   2.822186E-05   3.473894E-05   4.435286E-05   2.000000E-05   1.317887E-04   2.000000E-05   2.000000E-05   3.339754E-05   6.769266E-05   2.984715E-05   3.143790E-05   2.000000E-04   7.203822E-05   1.599142E-04   6.743286E-05
   6.743286E-05   6.743286E-05   6.743286E-05   6.743286E-05   7.802706E-05   5.525881E-05   3.023666E-05   3.952592E-05   2.000000E-05   2.949974E-05   2.000000E-05   2.000000E-05   3.709911E-05   4.606993E-05   8.248338E-05   1.149861E-04   8.023857E-05   2.000000E-05   9.164700E-05   6.743286E-05
   6.743286E-05   6.743286E-05   6.743286E-05   6.743286E-05   6.743286E-05   5.869697E-05   6.554662E-05   2.000000E-04   5.260342E-05   8.487309E-05   1.871580E-04   9.790907E-05   2.000000E-05   1.285266E-04   2.000000E-05   5.196657E-05   2.040625E-05   7.629586E-05   6.743286E-05   6.743286E-05
   6.743286E-05   6.743286E-05   6.743286E-05   6.743286E-05   6.743286E-05   1.340324E-04   4.745201E-05   2.000000E-05   1.193148E-04   4.850826E-05   4.025667E-05   2.504366E-05   1.027376E-04   2.000000E-04   2.261355E-05   8.755370E-05   3.483157E-05   6.743286E-05   6.743286E-05   6.743286E-05
   6.743286E-05   6.743286E-05   6.743286E-05   6.743286E-05   6.743286E-05   4.035757E-05   4.274108E-05   2.590637E-05   2.000000E-05   7.632087E-05   2.000000E-05   2.000000E-05   1.062116E-04   6.620801E-05   8.432848E-05   2.000000E-04   6.743286E-05   6.743286E-05   6.743286E-05   6.743286E-05
