   4.777265E-05   1.337267E-04   3.222409E-05   3.944359E-05   3.022769E-05   1.913993E-04   5.123401E-05   2.000000E-05   3.896716E-05   4.057873E-05   2.000000E-05   6.484934E-05   3.712732E-05   8.103921E-05   2.427626E-05   1.613647E-04   3.892551E-05   4.943004E-05   3.544470E-05   2.105939E-05
   5.933682E-05   4.605307E-05   5.054994E-05   8.234680E-05   8.713717E-05   1.987380E-04   5.847088E-05   7.593698E-05   2.010358E-05   6.812097E-05   7.355282E-05   7.452811E-05   7.117797E-05   2.000000E-05   2.077517E-05   5.585215E-05   3.630365E-05   3.597299E-05   2.634618E-05   4.955375E-05
   2.427906E-05   6.407098E-05   9.053906E-05   4.500037E-05   1.612306E-04   7.415132E-05   2.176409E-05   4.412184E-05   2.825465E-05   2.000000E-04   9.690367E-05   1.146130E-04   6.054287E-05   1.073264E-04   4.638407E-05   3.446605E-05   4.459934E-05   2.000000E-04   2.422042E-05   2.000000E-05
   1.338910E-04   1.041895E-04   4.446136E-05   1.082121E-04   4.374484E-05   6.238993E-05   2.000000E-05   6.567654E-05   7.196255E-05   1.729436E-04   1.149136E-04   1.461860E-04   3.884917E-05   1.309130E-04   5.797114E-05   1.051015E-04   2.990979E-05   2.309987E-05   4.614034E-05   4.323094E-05
   3.964426E-05   3.110839E-05   2.000000E-05   1.736147E-04   3.801849E-05   4.576192E-05   3.401512E-05   9.583521E-05   3.201658E-05   1.617528E-04   1.009726E-04   2.000000E-04   8.283284E-05   8.058642E-05   3.534711E-05   2.000000E-04   1.531829E-04   2.150919E-05   1.754696E-04   2.936985E-05
   7.348160E-05   8.172996E-05   9.454898E-05   9.046657E-05   3.048980E-05   2.327542E-05   4.905075E-05   2.252976E-05   7.288144E-05   5.106975E-05   2.954099E-05   7.279952E-05   1.307331E-04   6.977280E-05   2.000000E-05   7.240595E-05   2.000000E-04   7.325921E-05   3.436516E-05   3.009585E-05
   7.215597E-05   6.142491E-05   2.000000E-04   4.993783E-05   5.476053E-05   3.893653E-05   2.000000E-05   1.392722E-04   3.101079E-05   8.223683E-05   2.000000E-05   8.880878E-05   4.395108E-05   1.264013E-04   3.823929E-05   3.635653E-05   5.180551E-05   2.000000E-05   4.284699E-05   6.011338E-05
   2.000000E-04   1.355853E-04   2.000000E-04   1.316125E-04   2.488582E-05   2.417609E-05   2.000000E-05   2.444184E-05   2.000000E-05   5.926702E-05   2.000000E-05   2.000000E-05   2.000000E-05   2.823355E-05   7.016099E-05   3.986533E-05   1.089885E-04   8.517746E-05   9.323689E-05   6.777991E-05
   2.000000E-04   1.162266E-04   8.090275E-05   1.591430E-04   4.684625E-05   4.684625E-05   4.684625E-05   8.479115E-05   2.000000E-05   2.000000E-05   2.000000E-05   4.035045E-05   2.693651E-05   1.269507E-04   6.047971E-05   3.502201E-05   4.673791E-05   3.563655E-05   4.643415E-05   5.888318E-05
   1.247540E-04   1.415427E-04   2.000000E-04   5.549005E-05   4.684625E-05   4.684625E-05   4.684625E-05   4.684625E-05   6.370853E-05   5.428689E-05   6.488967E-05   8.156722E-05   7.153514E-05   1.129014E-04   4.009388E-05   1.121306E-04   5.512998E-05   2.968238E-05   7.818039E-05   5.669482E-05
   1.354656E-04   1.094487E-04   2.000000E-04   9.436631E-05   4.684625E-05   4.684625E-05   4.684625E-05   4.684625E-05   2.000000E-05   2.000000E-05   2.620771E-05   9.646266E-05   3.898493E-05   2.000000E-05   2.000000E-04   5.092736E-05   1.032452E-04   7.019763E-05   9.247846E-05   1.035720E-04
   7.941245E-05   1.106406E-04   8.070866E-05   6.237420E-05   4.684625E-05   4.684625E-05   4.684625E-05   4.684625E-05   2.000000E-05   2.258772E-05   3.398546E-05   5.852515E-05   2.000000E-05   2.130560E-05   5.624993E-05   2.000000E-04   1.561732E-04   1.011817E-04   2.000000E-05   5.391560E-05
   1.093147E-04   2.000000E-04   5.070554E-05   3.904187E-05   4.684625E-05   4.684625E-05   4.684625E-05   4.684625E-05   1.337580E-04   1.016606E-04   4.401398E-05   7.677551E-05   4.562546E-05   5.313937E-05   4.764482E-05   3.661421E-05   1.104034E-04   5.339696E-05   1.322220E-04   2.000000E-05
   2.000000E-05   4.121248E-05   4.096235E-05   8.438662E-05   4.684625E-05   4.684625E-05   4.684625E-05   4.684625E-05   4.651200E-05   2.968977E-05   6.360208E-05   4.464369E-05   7.632782E-05   7.814929E-05   2.459912E-05   5.650614E-05   2.000000E-04   3.631284E-05   6.100461E-05   3.558886E-05
   2.282386E-05   3.402455E-05   6.241012E-05   2.976461E-05   4.684625E-05   4.684625E-05   4.684625E-05   4.684625E-05   9.188349E-05   2.000000E-04   1.598042E-04   2.000000E-04   2.173498E-05   1.168739E-04   4.220340E-05   2.000000E-05   6.300173E-05   7.733346E-05   4.714722E-05   2.099999E-05
   3.295365E-05   2.654338E-05   3.359668E-05   1.684250E-04   4.684625E-05   4.684625E-05   4.684625E-05   4.684625E-05   1.533972E-04   2.000000E-04   1.249888E-04   1.400480E-04   6.790089E-05   3.632188E-05   4.056184E-05   9.401343E-05   3.362073E-05   6.554785E-05   1.192668E-04   1.201613E-04
   3.120759E-05   5.561659E-05   1.499847E-04   9.074141E-05   4.684625E-05   4.684625E-05   4.684625E-05   4.684625E-05   3.358045E-05   2.000000E-04   1.486209E-04   5.559051E-05   3.903205E-05   2.717677E-05   3.412821E-05   5.949085E-05   1.220530E-04   2.000000E-05   2.000000E-04   5.526454E-05
   3.156420E-05   7.354979E-05   4.161839E-05   3.451789E-05   4.684625E-05   4.684625E-05   4.684625E-05   4.684625E-05   2.000000E-04   1.581707E-04   8.152844E-05   6.456389E-05   2.000000E-04   3.312177E-05   7.898156E-05   9.452249E-05   4.834346E-05   4.821537E-05   5.279620E-05   5.146201E-05
   1.550036E-04   5.791660E-05   1.214372E-04   8.433135E-05   4.684625E-05   4.684625E-05   4.684625E-05   4.684625E-05   3.988705E-05   2.758844E-05   2.000000E-05   2.372109E-05   2.254006E-05   7.087060E-05   4.999487E-05   1.433555E-04   8.295309E-05   2.000000E-04   4.162648E-05   7.186969E-05
   3.943840E-05   9.534708E-05   8.956403E-05   2.464555E-05   4.684625E-05   4.684625E-05   4.684625E-05   4.684625E-05   6.782264E-05   5.908441E-05   3.478244E-05   1.348709E-04   4.266566E-05   1.189458E-04   5.687647E-05   2.000000E-04   2.000000E-04   6.681618E-05   1.205652E-04   1.454913E-04
   3.417691E-05   2.000000E-05   2.000000E-05   2.000000E-05   4.684625E-05   4.684625E-05   4.684625E-05   4.684625E-05   8.209900E-05   5.578245E-05   1.629124E-04   2.286554E-05   2.827052E-05   7.638365E-05   1.691444E-04   8.488726E-05   7.989651E-05   4.691881E-05   4.049273E-05   6.918961E-05
   2.763034E-05   2.261785E-05   2.620093E-05   5.696765E-05   4.684625E-05   4.684625E-05   9.944849E-05   1.131429E-04   7.106283E-05   1.649091E-04   5.716797E-05   1.161355E-04   2.000000E-04   1.054461E-04   1.502777E-04   5.153418E-05   3.822800E-05   1.378340E-04   9.641024E-05   1.177060E-04
   2.000000E-05   2.000000E-05   2.000000E-05   5.126472E-05   1.431912E-04   4.684625E-05   2.000000E-04   1.099566E-04   3.966176E-05   2.000000E-04   4.140825E-05   2.846811E-05   2.000000E-04   5.338960E-05   1.721175E-04   2.211986E-05   1.877156E-04   4.582951E-05   2.000000E-05   8.181218E-05
   2.000000E-05   4.420182E-05   2.000000E-05   4.123347E-05   3.410407E-05   1.176750E-04   4.475103E-05   1.221559E-04   7.387591E-05   2.000000E-04   1.485149E-04   6.288876E-05   2.000000E-04   2.538468E-05   3.567741E-05   4.215585E-05   8.361307E-05   5.578353E-05   2.524440E-05   6.417227E-05
   3.339312E-05   6.369814E-05   2.000000E-05   6.427186E-05   3.603666E-05   1.283015E-04   2.000000E-04   2.000000E-04   2.000000E-04   1.177919E-04   1.656112E-04   2.000000E-04   1.656598E-04   1.040919E-04   2.000000E-05   8.226217E-05   4.380268E-05   1.129937E-04   2.000000E-05   1.114521E-04
   6.970034E-05   5.471807E-05   2.700320E-05   7.082880E-05   2.335454E-05   2.000000E-05   5.497834E-05   2.000000E-04   7.271304E-05   8.618650E-05   5.692904E-05   8.840885E-05   2.000000E-04   2.560255E-05   2.743054E-05   2.859321E-05   5.806633E-05   2.700945E-05   9.320437E-05   3.215963E-05
   1.684666E-04   9.247372E-05   9.549842E-05   2.000000E-04   1.418485E-04   1.544471E-04   1.658611E-04   7.840180E-05   1.774826E-04   2.223826E-05   1.965350E-04   2.000000E-04   9.854320E-05   7.126908E-05   2.000000E-05   4.162664E-05   4.234402E-05   4.724409E-05   2.134933E-05   3.479810E-05
   2.376148E-05   5.294231E-05   5.795475E-05   5.414516E-05   2.000000E-04   2.000000E-05   1.825469E-04   2.000000E-04   2.000000E-04   1.222229E-04   2.000000E-04   5.982117E-05   2.504411E-05   4.363579E-05   7.479695E-05   4.062774E-05   3.641211E-05   2.000000E-05   1.633732E-04   1.442431E-04
   1.397846E-04   4.934700E-05   7.520974E-05   1.380526E-04   3.112029E-05   1.179254E-04   4.949437E-05   4.556789E-05   8.624259E-05   7.260262E-05   2.000000E-04   7.064603E-05   4.104718E-05   4.442754E-05   2.000000E-04   5.288593E-05   1.102055E-04   4.322510E-05   3.337580E-05   1.078036E-04
   1.411907E-04   5.236437E-05   1.752984E-04   6.440962E-05   8.517753E-05   4.839008E-05   2.000000E-05   5.275601E-05   2.508057E-05   1.955079E-04   2.000000E-04   4.075679E-05   2.000000E-04   2.000000E-04   1.783841E-04   2.000000E-04   1.049598E-04   1.035335E-04   7.222120E-05   6.070432E-05
   1.652437E-04   1.107581E-04   4.573433E-05   8.860125E-05   1.691386E-04   6.431173E-05   2.000000E-05   1.147815E-04   1.599136E-04   1.412580E-04   1.787042E-04   2.000000E-04   2.000000E-04   1.021353E-04   2.000000E-04   2.000000E-04   1.772813E-04   1.322911E-04   2.000000E-04   7.389815E-05
   1.201769E-04   4.633549E-05   4.134382E-05   1.970708E-04   1.147351E-04   5.424892E-05   1.060073E-04   2.742334E-05   2.000000E-04   2.000000E-04   6.388413E-05   1.331921E-04   2.000000E-04   2.000000E-04   4.265241E-05   8.752569E-05   2.000000E-04   1.428844E-04   9.723692E-05   1.002840E-04
   4.684625E-05   1.330311E-04   9.850328E-05   2.000000E-04   2.000000E-04   2.000000E-04   1.565246E-04   1.327194E-04   2.000000E-04   1.625929E-04   7.394269E-05   9.745660E-05   2.000000E-04   1.565378E-04   1.323462E-04   9.456511E-05   2.000000E-04   1.469246E-04   2.000000E-04   1.042021E-04
   4.684625E-05   4.684625E-05   2.000000E-04   1.022233E-04   6.913205E-05   2.000000E-04   2.000000E-04   1.601617E-04   2.000000E-04   7.898491E-05   5.706910E-05   5.951429E-05   2.000000E-04   1.229935E-04   1.267603E-04   1.372106E-04   2.000000E-04   1.690466E-04   9.511215E-05   7.359089E-05
   4.684625E-05   4.684625E-05   4.684625E-05   8.088231E-05   5.790980E-05   3.656552E-05   3.002553E-05   2.000000E-04   2.000000E-04   1.356842E-04   2.000000E-05   3.680332E-05   3.224688E-05   1.163334E-04   9.895149E-05   2.000000E-04   6.314411E-05   9.001367E-05   5.229475E-05   9.392611E-05
   4.684625E-05   4.684625E-05   4.684625E-05   4.684625E-05   1.869297E-04   2.000000E-04   6.963765E-05   1.310692E-04   1.264089E-04   5.428087E-05   7.061322E-05   1.292880E-04   2.243942E-05   6.055405E-05   5.729191E-05   2.000000E-04   1.773857E-04   7.707544E-05   2.000000E-04   4.684625E-05
   4.684625E-05   4.684625E-05   4.684625E-05   4.684625E-05   4.250502E-05   1.426325E-04   2.033549E-05   2.000000E-04   2.627393E-05   3.601406E-05   8.569824E-05   7.942320E-05   3.077368E-05   6.345341E-05   1.356906E-04   1.832598E-04   4.677575E-05   1.362161E-04   5.148682E-05   4.684625E-05
   4.684625E-05   4.684625E-05   4.684625E-05   4.684625E-05   4.684625E-05   4.228670E-05   9.402820E-05   1.219809E-04   1.203628E-04   1.894231E-04   6.343259E-05   1.037478E-04   1.082942E-04   7.929965E-05   8.842693E-05   8.967168E-05   2.000000E-04   1.174258E-04   4.684625E-05   4.684625E-05
   4.684625E-05   4.684625E-05   4.684625E-05   4.684625E-05   4.684625E-05   3.520906E-05   2.000000E-04   2.000000E-04   4.345505E-05   2.000000E-04   2.000000E-05   2.937815E-05   2.000000E-04   1.705901E-04   3.764499E-05   9.018475E-05   1.205104E-04   4.684625E-05   4.684625E-05   4.684625E-05
   4.684625E-05   4.684625E-05   4.684625E-05   4.684625E-05   4.684625E-05   2.124372E-05   2.000000E-04   7.099812E-05   2.000000E-04   3.529886E-05   9.106927E-05   6.057209E-05   1.094563E-04   2.000000E-04   6.439340E-05   1.457264E-04   4.684625E-05   4.684625E-05   4.684625E-05   4.684625E-05
