1 40 6 36.09793182499785 21.028872556539635
1 40 7 33.43946041614762 100.0
1 40 8 34.31134516543393 100.0
1 40 9 35.25576014021953 73.69979159068063
1 40 10 36.04853127652655 100.0
1 40 11 33.78675728871826 44.048527224960594
1 40 12 34.93508398928773 100.0
1 40 13 34.222303714669366 100.0
1 40 14 34.107436382629956 100.0
1 40 15 34.54655438062389 17.706531485836813
2 40 6 35.47149181462242 16.570307916714068
2 40 7 33.2889251592498 33.56908830199697
2 40 8 34.237427301221295 53.172896108494854
2 40 9 33.886302962489886 51.47435445386921
2 40 10 34.83131200580659 65.30958535432663
2 40 11 35.22899837768022 10.397074204395519
2 40 12 33.82754274157228 100.0
2 40 13 34.34347623650096 100.0
2 40 14 35.631629781046534 100.0
2 40 15 33.6729839401113 100.0
3 40 6 34.78177736175255 37.92997789812294
3 40 7 35.989388849844055 100.0
3 40 8 35.746958205546015 57.54754668226258
3 40 9 34.433448014249585 100.0
3 40 10 33.33487861650954 100.0
3 40 11 33.88437735253313 80.79684359908968
3 40 12 33.89141733860089 100.0
3 40 13 34.47173846234012 74.05086204085563
3 40 14 35.49042993362181 37.60236430413351
3 40 15 36.06543940079206 35.126081838163195
