   2.208979E+00   6.415048E-01   6.013733E-01   1.771067E-01   1.207129E+00   1.326917E+00   1.806207E+00   2.862405E+00   1.953250E+00   4.440704E+00   1.510730E+00   3.915738E+00   7.852241E-01   1.146669E+00   2.060090E-01   1.745794E+00   9.995731E-01   6.154529E-01   9.189568E-01   1.710347E+00
   5.106659E-01   1.641150E+00   2.457109E+00   3.693011E+00   1.938255E+00   4.175235E-01   4.272195E-01   9.091289E-01   3.194836E+00   6.806231E-01   2.240513E-01   4.457995E-01   7.440645E-01   1.202629E+00   1.867176E+00   1.974867E+00   3.478516E-01   1.934022E+00   3.369464E+00   4.182308E+00
   5.042463E-01   4.994019E-01   4.492443E-01   1.486562E-01   5.984508E-01   1.382632E+00   5.740525E-01   1.190309E+00   4.438783E-01   4.699405E-01   1.678861E+00   8.336390E-01   1.972862E-01   9.995089E-01   1.152973E+00   9.979606E-01   7.267784E-01   1.297978E+00   2.474775E+00   2.760412E+00
   5.823978E-01   3.465586E-01   9.749569E-01   1.374204E+00   1.648147E+00   1.201380E+00   1.904731E+00   7.140134E-01   8.996476E-01   3.631210E+00   6.712340E-01   1.561313E+00   1.969962E+00   5.891838E-01   2.379219E-01   6.503099E-01   1.076480E+00   4.828139E-01   1.365141E+00   1.453822E+00
   2.155403E-01   7.462789E-01   1.292538E+00   3.694784E-01   3.065671E+00   3.050104E+00   6.564060E-01   7.415287E-01   2.621322E+00   3.776360E-01   4.526456E-01   1.213054E+00   7.287075E-01   3.035428E+00   3.591569E-01   1.629815E+00   9.904867E+00   2.009749E+00   3.777897E-01   9.093079E-01
   6.091173E-01   1.141073E+00   1.957756E+00   5.679165E-01   7.296768E-01   1.976520E+00   4.886246E+00   1.167398E+00   6.233911E-01   9.910771E-01   4.034320E-01   3.065345E+00   5.729720E+00   1.541677E+00   4.396176E+00   1.400735E+00   1.061675E+00   6.814104E+00   7.874155E+00   2.251867E+00
   4.433179E-01   1.318503E+00   6.472652E-01   1.880937E+00   1.178317E+00   2.176721E+00   1.975031E+00   3.418097E-01   6.882293E-01   8.893171E-01   4.181282E-01   6.480769E-01   1.123186E+00   2.723257E+00   8.821093E+00   7.185391E-01   2.424852E+00   2.028022E+00   1.356503E+00   9.704495E-01
   6.530599E-01   1.307496E+00   2.030249E+00   5.130281E-01   8.095349E-01   1.805109E+00   1.464251E+00   9.164597E-01   1.866372E+00   1.658183E+00   8.696542E-01   4.978665E+00   1.500825E+00   1.185386E+00   1.385372E+00   3.263225E+00   2.671045E+00   5.017091E+00   1.579869E+00   8.447655E-01
   2.875636E+00   1.961830E+00   5.709833E-01   1.764226E+00   3.000000E+00   3.000000E+00   3.000000E+00   1.173496E+00   1.198433E+00   4.909883E+00   2.364111E-01   7.535154E-01   9.480348E-01   1.777581E+00   2.067360E+00   8.404771E-01   2.576261E+00   6.283389E-01   1.728757E+00   2.163044E+00
   7.990305E-01   8.583463E+00   1.145637E+00   1.160083E+00   3.000000E+00   3.000000E+00   3.000000E+00   3.000000E+00   1.458912E+00   6.072856E-01   2.381145E+00   2.117759E+00   4.412816E+00   7.264996E-01   1.363576E+00   2.436438E+00   5.196271E+00   2.291567E+00   2.473370E+00   1.036052E+00
   2.887872E+00   3.515388E+00   7.978551E-01   7.401353E+00   3.000000E+00   3.000000E+00   3.000000E+00   3.000000E+00   3.221709E+00   1.549398E+00   1.057300E+00   6.933386E-01   1.111161E+00   1.262870E+00   4.671074E+00   2.719101E+00   4.090374E+00   1.390733E+00   1.398520E+00   7.306856E-01
   6.602280E+00   7.464138E+00   6.981518E+00   3.488356E+00   3.000000E+00   3.000000E+00   3.000000E+00   3.000000E+00   3.239988E+00   1.244583E+00   3.531089E+00   7.687682E+00   1.407608E+00   4.830252E+00   1.524376E+00   1.464689E+00   1.420521E+00   3.375205E+00   1.497005E+00   2.754974E+00
   3.779712E+00   3.225584E+00   4.262970E+00   7.539790E-01   3.000000E+00   3.000000E+00   3.000000E+00   3.000000E+00   4.053891E+00   1.038946E+01   6.308832E+00   3.051522E+00   3.341320E+00   3.724002E+00   6.725397E-01   1.809352E+00   1.432174E+00   2.966785E+00   6.210335E-01   9.028466E-01
   2.255861E+00   7.736284E+00   2.231686E+00   3.311779E+00   3.000000E+00   3.000000E+00   3.000000E+00   3.000000E+00   9.843750E-01   5.322598E-01   7.830605E+00   2.481867E+00   1.487100E+00   1.938909E+00   2.645286E+00   4.017085E+00   1.127741E+00   1.769628E+00   1.278758E+00   2.416979E+00
   2.662731E+00   7.134730E+00   2.416595E+00   3.804565E+00   3.000000E+00   3.000000E+00   3.000000E+00   3.000000E+00   1.000277E+01   2.467446E+00   1.941829E+00   2.836015E+00   1.445836E+00   6.485901E-01   3.925683E+00   2.526081E+00   4.305883E+00   4.180727E+00   2.408906E+00   1.156190E+01
   9.723762E+00   5.061609E+00   1.487885E+01   8.573977E+00   3.000000E+00   3.000000E+00   3.000000E+00   3.000000E+00   2.573964E+00   1.494286E+00   4.174503E+00   4.285600E+00   1.964724E+00   1.508829E+00   7.515396E+00   5.508253E+00   2.912795E+00   6.613982E+00   5.433025E+00   4.947792E+00
   2.444339E+00   6.715468E+00   3.028994E+00   3.379264E+00   3.000000E+00   3.000000E+00   3.000000E+00   3.000000E+00   4.119033E+00   7.488486E-01   4.693883E+00   2.879149E+00   4.685361E+00   1.684570E+01   1.699748E+00   3.800527E+00   7.100681E+00   3.717812E+00   1.051708E+01   3.983319E+00
   3.679410E+00   8.522054E-01   2.284809E+00   1.993559E+00   3.000000E+00   3.000000E+00   3.000000E+00   3.000000E+00   5.692752E-01   1.348463E+01   5.316804E+00   3.439399E+00   3.485738E+00   2.274068E+00   2.496072E+00   4.933165E+00   2.070590E+00   1.793593E+00   6.514328E-01   2.040968E+00
   2.182342E+00   1.904635E+00   1.706062E+00   8.832505E+00   3.000000E+00   3.000000E+00   3.000000E+00   3.000000E+00   4.315090E+00   3.454188E+00   2.884755E+00   3.227377E+00   2.143951E+00   3.064232E+00   5.608992E+00   4.885105E+00   5.429330E+00   3.831396E+00   3.080085E+00   5.878047E-01
   2.535969E+00   2.556797E+00   2.927044E+00   2.355337E+00   3.000000E+00   3.000000E+00   3.000000E+00   3.000000E+00   1.950362E+00   1.325864E+00   1.112112E+01   1.175693E+00   1.119517E+00   7.483404E+00   2.897711E+00   9.579047E+00   1.030149E+00   1.546703E+00   1.582630E+00   7.492835E+00
   3.653590E-01   1.911982E+00   7.667031E-01   4.143664E+00   3.000000E+00   3.000000E+00   3.000000E+00   3.000000E+00   3.250673E+00   7.072751E+00   2.311274E+00   3.581939E+00   4.822685E+00   4.263848E+00   2.500378E+00   4.793111E+00   5.258532E+00   3.672136E+00   3.072552E+00   9.032321E+00
   3.611504E-01   8.577343E-01   4.127889E-01   5.787971E-01   3.000000E+00   3.000000E+00   7.491024E+00   5.756457E+00   6.556591E-01   1.484292E+00   4.284601E-01   3.471613E+00   3.697036E+00   1.343672E+00   2.068434E+00   8.387465E-01   1.227585E+00   2.052370E+00   8.004715E-01   3.967611E+00
   1.392648E+00   6.885386E+00   5.764843E-01   5.282420E-01   1.414597E+00   3.000000E+00   1.584810E+01   1.080281E+00   2.642824E+00   3.207533E+00   7.909383E-01   1.398777E+00   1.573461E+00   4.582817E+00   1.222160E+00   2.438109E+00   7.510967E-01   9.820270E-01   1.124943E+00   1.725552E+00
   1.995664E+00   1.902425E+00   3.896960E+00   1.832221E+00   1.418971E+01   8.115108E+00   3.552637E+00   1.700694E+01   1.426235E+00   5.127506E+00   4.904333E-01   2.189971E+00   8.815662E-01   1.281429E+00   4.292300E+00   8.841709E-01   1.548390E+00   2.577512E+00   3.429351E-01   2.892067E+00
   4.066479E+00   8.342979E+00   1.453902E+00   2.642407E+00   2.387249E+00   3.028650E+00   5.244467E+00   1.003156E+01   2.008039E+00   1.697459E+00   2.288083E+00   1.605948E+00   9.079657E-01   5.498614E+00   8.765380E-01   2.516895E-01   2.564439E+00   2.908966E+00   9.959746E-01   3.355699E+00
   3.473015E+00   1.420264E+01   1.354151E+00   7.078355E+00   2.019953E+00   1.480736E+01   4.153404E+00   1.056410E+01   2.043703E+00   3.051103E+00   1.914032E+00   5.486942E-01   3.472970E-01   1.022613E+00   3.654043E+00   6.107316E-01   2.735580E+00   3.212908E+00   1.973980E+00   2.212403E+00
   3.523701E+00   2.551615E+00   2.165014E+00   3.232678E+00   7.231804E+00   3.095773E+00   9.423274E+00   1.065044E+01   1.280564E+01   6.156556E+00   3.080168E+00   3.546766E+00   4.677717E+00   4.283066E-01   5.026727E-01   7.505627E-01   1.478127E+00   6.116140E-01   9.312428E-01   3.159540E+00
   2.104711E+01   1.775630E+00   1.022772E+01   1.221338E+00   1.003191E+01   4.996055E+00   8.515033E+00   1.929581E+00   5.597532E+00   4.530341E+00   5.759669E+00   1.416660E+00   9.597725E-01   1.634316E+00   1.115415E+00   2.550833E-01   1.542349E+00   1.590595E+00   2.871455E+00   2.572791E+00
   2.895796E+00   9.249385E-01   1.415208E+01   3.073096E+00   3.848513E+00   2.824213E+00   2.450024E+00   8.956688E+00   7.817204E+00   1.085949E+01   8.244957E+00   4.667521E+00   2.853902E+00   1.364820E+00   3.044819E+00   2.460564E-01   2.931044E-01   1.269616E+00   1.031397E+00   2.415065E+00
   5.126003E+00   1.825916E+00   5.315041E+00   4.341900E+00   4.744116E+00   4.527510E+00   3.023182E+00   3.887586E+00   1.909726E+00   3.159537E+00   4.171908E+00   1.727422E+01   1.553720E+00   6.982527E+00   4.802588E-01   3.042896E-01   2.393816E+00   7.954090E+00   5.461081E+00   7.731644E-01
   2.358384E+00   4.905202E+00   1.286925E+00   2.280623E+00   9.261685E-01   1.431356E+00   9.041913E+00   5.851318E+00   7.069116E+00   2.575549E+00   2.673637E+01   3.320692E+00   4.131112E+00   2.534160E+00   2.654230E+00   2.283653E+00   3.069265E+00   5.318846E-01   4.238918E-01   2.105490E+00
   3.639283E+00   1.717486E+00   5.422204E+00   1.826897E+00   1.167342E+00   7.242703E+00   5.165787E+00   4.657161E+00   6.175305E+00   2.597214E+00   1.307046E+00   2.268642E+00   8.124587E+00   3.450637E+00   7.397210E-01   3.292865E+00   2.716052E+00   1.458823E+00   7.875009E+00   2.793288E+00
   3.000000E+00   6.896495E+00   2.171024E+00   8.940048E+00   1.061729E+01   6.806177E+00   4.708839E+00   1.571447E+00   5.558111E+00   9.724108E+00   1.854025E+00   6.397007E+00   8.869805E+00   5.730788E-01   1.753130E+00   5.806036E-01   4.754670E-01   3.592846E+00   2.378729E+00   1.215971E+00
   3.000000E+00   3.000000E+00   1.925577E+00   3.664996E+00   4.914216E+00   1.414956E+00   5.979329E+00   1.215440E+01   3.979597E+00   1.081881E+01   1.480735E+01   1.661778E+00   3.464166E+00   7.666827E-01   2.259259E+00   2.159823E+00   1.431130E+00   4.970345E+00   1.453532E+00   1.078782E+00
   3.000000E+00   3.000000E+00   3.000000E+00   2.169007E+01   5.263564E+00   6.728681E+00   1.957915E+01   3.050010E+00   2.326386E+00   1.675471E+01   5.951745E+00   9.299964E-01   1.491127E+00   9.217580E-01   1.019385E+00   3.426641E-01   2.673550E+00   1.551750E+00   8.308122E+00   1.135169E+00
   3.000000E+00   3.000000E+00   3.000000E+00   3.000000E+00   6.185191E+00   1.515022E+00   2.179034E+01   7.332465E+00   1.074828E+00   1.793165E+00   8.481015E-01   8.960173E+00   9.709210E+00   1.236019E+00   3.080873E-01   1.260704E+00   6.976722E+00   8.885903E-01   4.285965E+00   3.000000E+00
   3.000000E+00   3.000000E+00   3.000000E+00   3.000000E+00   2.378895E+01   4.017795E+00   5.216153E+00   5.146775E+00   6.401131E+00   8.018489E+00   2.714752E+00   7.377930E-01   4.210274E+00   7.849414E-01   3.512170E-01   5.141490E-01   1.968085E+00   2.721897E+00   1.834721E+00   3.000000E+00
   3.000000E+00   3.000000E+00   3.000000E+00   3.000000E+00   3.000000E+00   1.172426E+01   3.515357E+00   5.887795E+00   8.338581E+00   4.429079E+00   1.265895E+00   6.213155E+00   2.547270E+00   1.616815E+00   2.483013E+00   2.176119E+00   1.397467E+00   1.640856E+00   3.000000E+00   3.000000E+00
   3.000000E+00   3.000000E+00   3.000000E+00   3.000000E+00   3.000000E+00   2.362304E+00   1.169029E+00   1.868146E+01   1.089267E+00   9.837049E+00   4.809068E+00   6.795732E+00   1.145779E+01   2.678458E+00   2.269304E+00   9.382927E-01   1.010113E+00   3.000000E+00   3.000000E+00   3.000000E+00
   3.000000E+00   3.000000E+00   3.000000E+00   3.000000E+00   3.000000E+00   7.883686E+00   2.024573E+00   6.007843E+00   5.213187E+00   1.082530E+00   1.943654E+00   9.097096E+00   2.819294E+00   6.876102E+00   2.781469E+00   2.025084E+00   3.000000E+00   3.000000E+00   3.000000E+00   3.000000E+00
