   1.116329E-01   3.539662E-01   8.077454E-02   4.370746E-01   5.832984E-02   2.201836E-02   7.149066E-02   3.890101E-02   3.464686E-02   3.011281E-02   1.137409E-01   1.487306E-02   9.180053E-02   5.072472E-02   2.686445E-02   3.804332E-02   7.771938E-02   9.236979E-02   2.309278E-01   2.051748E-02
   3.945770E-02   3.955632E-01   8.450430E-02   2.351492E-01   8.730520E-02   4.414607E-02   2.285177E-02   5.018036E-02   1.000000E-02   8.007368E-02   3.082907E-02   6.942061E-02   2.282197E-02   7.969912E-02   8.000074E-02   3.369371E-02   2.682602E-02   1.952252E-02   2.349798E-01   3.388301E-02
   6.144603E-02   3.281538E-01   1.868511E-01   3.339199E-01   1.569155E-01   2.817952E-02   1.088728E-02   7.871465E-02   4.048695E-02   3.347258E-02   6.908172E-02   6.092267E-02   3.318527E-02   1.401935E-01   5.235821E-02   2.214544E-01   7.358555E-02   6.188854E-02   8.242324E-02   6.556931E-02
   9.243867E-02   6.614593E-02   3.270222E-02   5.427483E-02   1.859787E-01   3.965793E-02   3.793358E-02   1.571984E-02   1.021639E-01   1.489042E-01   1.302347E-01   5.543606E-02   9.939583E-02   1.035698E-01   1.688154E-01   2.845799E-02   2.699158E-02   6.014962E-02   1.028273E-01   4.406186E-02
   3.158200E-02   1.995889E-01   2.151751E-01   6.897892E-02   5.375352E-02   5.347419E-02   1.958963E-01   9.550250E-02   5.068245E-01   1.954689E-02   4.288268E-02   4.981600E-02   2.015749E-02   5.620577E-02   3.376387E-02   8.208788E-02   1.290778E-01   8.801410E-02   4.443261E-02   5.340931E-02
   1.599950E-01   6.699264E-02   1.846525E-01   3.918054E-02   1.372302E-01   2.336466E-01   2.869118E-01   3.731127E-01   7.730808E-02   6.704726E-02   1.829039E-01   7.942955E-02   7.038566E-02   1.630536E-01   2.593297E-01   1.356373E-01   1.399750E-01   1.895647E-01   1.837568E-02   4.768480E-02
   3.740440E-02   7.098373E-02   4.637509E-02   4.375890E-02   2.997330E-01   1.360601E-01   6.933479E-01   6.739277E-01   1.191459E-01   1.199198E-01   1.803539E-01   1.600621E-01   1.242051E-01   2.599600E-01   5.589715E-02   7.208179E-02   7.487163E-02   2.573646E-02   1.172765E-01   6.492734E-02
   4.201885E-02   9.539815E-02   1.523578E-01   1.755286E-02   5.507668E-01   1.287718E-01   7.958643E-01   3.862561E-01   1.098160E-01   2.015523E-01   4.488975E-02   2.247004E-01   8.785568E-02   1.578141E-01   1.328823E-02   3.418758E-02   3.528907E-01   1.929553E-01   4.832094E-02   1.402845E-01
   1.417547E-02   2.107362E-01   2.069143E-02   9.135156E-02   3.000000E-01   3.000000E-01   3.000000E-01   1.601459E-01   3.977670E-02   7.934039E-02   4.736699E-02   1.003913E-01   3.288887E-02   1.125693E-01   1.995216E-01   1.427747E-01   1.607458E-02   8.958487E-02   4.070616E-02   2.892445E-02
   1.168581E-02   5.159475E-02   6.688833E-02   1.128153E-01   3.000000E-01   3.000000E-01   3.000000E-01   3.000000E-01   2.172335E-01   7.456991E-02   4.500495E-02   8.798644E-02   1.003316E-01   9.953748E-02   4.511557E-02   5.456591E-02   1.161596E-01   3.961593E-02   7.949060E-02   9.373533E-02
   3.329121E-02   1.121050E-01   1.555937E-01   1.262950E-01   3.000000E-01   3.000000E-01   3.000000E-01   3.000000E-01   2.542528E-02   2.268288E-02   1.813398E-02   8.306827E-02   5.961780E-02   2.616407E-01   1.577664E-01   1.427311E-01   1.861126E-02   1.533027E-01   8.451814E-02   1.066251E-01
   1.096639E-01   1.038810E-01   3.297242E-01   1.451852E-01   3.000000E-01   3.000000E-01   3.000000E-01   3.000000E-01   5.760776E-02   1.953135E-01   2.890886E-02   1.087025E-01   2.836104E-02   1.083484E-01   1.709667E-01   1.997742E-02   1.980490E-01   3.889157E-01   8.304985E-02   3.228184E-02
   6.331447E-02   3.047156E-01   1.638933E-01   5.611183E-02   3.000000E-01   3.000000E-01   3.000000E-01   3.000000E-01   5.498544E-02   7.517523E-02   2.714944E-01   2.886488E-02   2.003707E-02   3.059483E-01   1.288566E-01   5.364274E-02   1.198694E-01   2.126051E-02   8.964359E-02   5.849993E-02
   1.698884E-01   6.161545E-02   6.611765E-02   1.760922E-01   3.000000E-01   3.000000E-01   3.000000E-01   3.000000E-01   7.728547E-02   1.045112E-01   1.080977E-01   3.268658E-02   7.207143E-02   7.731774E-02   1.154838E-01   2.939284E-01   6.768717E-02   2.234600E-02   1.164469E-01   9.215073E-02
   1.302218E-01   1.535696E-01   4.916193E-02   2.373403E-02   3.000000E-01   3.000000E-01   3.000000E-01   3.000000E-01   3.640434E-02   6.824228E-02   3.957491E-01   5.918624E-02   6.567018E-02   1.722575E-01   1.483358E-01   6.307257E-02   2.133868E-01   2.950553E-02   1.044173E-01   1.971999E-02
   4.786120E-02   1.095259E-01   8.017040E-02   1.837010E-01   3.000000E-01   3.000000E-01   3.000000E-01   3.000000E-01   6.993192E-02   1.297676E-01   4.827117E-02   1.936298E-02   2.891937E-02   1.193415E-01   2.104218E-02   2.820442E-02   2.426541E-01   4.225609E-02   1.181288E-02   1.251670E-01
   4.374494E-01   2.098204E-02   1.679506E-01   2.319206E-01   3.000000E-01   3.000000E-01   3.000000E-01   3.000000E-01   7.905966E-02   2.753071E-02   3.843366E-02   3.507892E-02   6.810050E-02   1.656961E-02   3.977806E-02   3.715648E-02   5.334109E-02   9.942224E-02   1.367401E-02   2.748092E-01
   1.929437E-01   1.151132E-01   5.526664E-02   1.896067E-01   3.000000E-01   3.000000E-01   3.000000E-01   3.000000E-01   4.947345E-02   2.101358E-01   2.550663E-01   2.195062E-01   2.655644E-02   4.282601E-02   1.497670E-01   2.573938E-02   3.111955E-02   1.937524E-02   7.461041E-02   2.321788E-02
   1.420504E-01   3.850772E-02   1.876686E-01   5.771245E-02   3.000000E-01   3.000000E-01   3.000000E-01   3.000000E-01   1.837134E-02   5.850395E-02   1.244187E-01   2.608375E-02   1.793976E-02   5.029440E-02   1.934449E-02   9.013474E-02   1.014061E-02   3.588552E-02   8.162774E-02   1.110419E-02
   6.142018E-02   8.462839E-02   3.669739E-01   1.109280E-01   3.000000E-01   3.000000E-01   3.000000E-01   3.000000E-01   2.483994E-01   4.528916E-01   3.370435E-01   2.424957E-01   1.217829E-01   6.733988E-02   2.119806E-02   1.511117E-02   3.386253E-02   5.558245E-02   6.550930E-02   5.274906E-02
   4.486896E-02   7.326572E-02   1.773380E-01   1.175397E-01   3.000000E-01   3.000000E-01   3.000000E-01   3.000000E-01   2.246985E-02   8.759354E-02   6.667881E-02   6.458958E-02   2.887571E-02   1.558133E-01   2.455537E-02   2.693020E-02   3.156628E-02   4.087795E-02   2.775984E-01   9.640827E-02
   2.584334E-02   4.649956E-02   2.622619E-01   2.463396E-01   3.000000E-01   3.000000E-01   1.420768E-01   2.483599E-01   1.560289E-01   8.670512E-02   1.748031E-01   4.665583E-02   1.813313E-01   1.484616E-01   2.604557E-02   1.044754E-02   1.916634E-01   3.091735E-02   1.088627E-01   7.949697E-02
   4.024593E-02   2.545672E-01   8.748143E-02   4.560707E-01   5.929450E-02   3.000000E-01   3.433979E-02   1.635538E-01   2.203537E-01   1.316856E-01   5.662968E-02   6.142265E-02   2.740361E-02   1.341703E-02   4.628488E-02   4.506940E-02   7.340234E-02   2.931481E-02   1.563611E-02   1.811119E-01
   6.252711E-02   1.265122E-01   1.019527E-01   3.051289E-01   6.944070E-02   6.251329E-01   2.470597E-01   7.042064E-02   1.265386E-01   1.080366E-01   2.447538E-01   8.865808E-02   5.847590E-02   1.003277E-01   7.073891E-02   1.272545E-01   1.068021E-01   3.153227E-02   2.965204E-02   1.695204E-01
   1.585606E-01   4.777469E-01   8.304009E-02   1.403904E-01   4.656162E-02   4.378207E-01   3.105146E-02   7.667973E-02   5.012306E-02   7.700627E-02   8.802649E-02   9.848250E-02   1.157579E-02   4.875790E-02   1.137217E-01   2.125394E-01   1.279948E-01   1.309407E-02   5.339320E-02   8.220943E-02
   2.168087E-01   1.792588E-01   1.658605E-01   1.951988E-01   1.050948E-01   7.089723E-02   7.318309E-02   1.115101E-02   6.067155E-02   3.270049E-02   4.048489E-02   1.636089E-02   4.593934E-02   7.053186E-02   2.023482E-01   6.836735E-02   1.856669E-02   1.039673E-01   5.289367E-02   6.872387E-02
   9.190252E-02   1.499042E-01   3.189458E-01   1.496518E-01   2.630890E-01   1.309513E-01   3.381290E-02   4.923968E-02   6.928445E-02   1.000000E-02   1.089197E-02   5.385588E-02   1.412850E-01   1.197039E-01   3.192457E-02   5.497206E-02   7.793408E-02   2.101463E-01   2.308578E-01   7.961152E-02
   3.513050E-01   9.059432E-02   5.495444E-01   1.274287E-01   1.335450E-01   1.274880E-01   1.327869E-01   2.034887E-01   1.209426E-01   3.197918E-02   7.293348E-02   2.758998E-02   2.716431E-02   8.962874E-02   7.434811E-02   2.597254E-02   4.793780E-02   5.757335E-02   2.657060E-02   8.124451E-02
   3.002232E-01   1.351621E+00   2.034763E-01   3.867113E-01   6.625611E-02   1.131614E-01   3.997941E-02   1.372883E-02   4.882920E-02   5.729370E-02   2.963849E-02   6.915143E-02   1.204050E-01   1.391877E-01   4.926692E-02   3.646581E-02   6.251716E-02   4.612950E-02   6.045917E-02   2.513372E-01
   2.203988E-01   1.064148E-01   7.556031E-02   1.261389E-01   4.445076E-01   4.062865E-01   6.981358E-02   3.899898E-02   1.242999E-01   5.599817E-02   7.437028E-02   8.614961E-02   6.367351E-02   5.765238E-02   2.214635E-01   2.244732E-02   5.218118E-02   1.289138E-01   6.530859E-02   9.125337E-02
   3.332560E-01   2.196618E-01   2.615707E-01   1.839118E-01   7.063894E-02   1.605676E-01   1.840544E-01   3.088576E-01   7.912177E-02   2.313887E-01   4.129251E-02   5.598326E-02   5.881872E-02   2.990423E-02   5.566065E-02   1.508608E-01   9.127301E-02   2.459181E-01   3.783680E-02   1.629920E-01
   9.087080E-02   1.127641E-01   2.291182E-01   2.513358E-01   8.272168E-01   1.132812E-01   4.639180E-01   1.764042E-01   1.355769E-01   2.149804E-02   7.375619E-02   5.731400E-02   3.627734E-02   1.062848E-01   2.205322E-02   6.203875E-02   3.217225E-02   4.920911E-02   9.807315E-02   2.911696E-01
   3.000000E-01   4.814557E-01   1.791377E-01   1.667065E-01   3.213335E-01   2.792342E-02   4.737354E-02   1.023088E-01   1.552848E-01   8.312626E-02   1.592869E-01   4.368164E-02   2.264208E-02   3.039230E-01   1.589538E-01   1.426515E-01   9.908506E-02   1.180871E-01   1.101454E-01   1.359881E-01
   3.000000E-01   3.000000E-01   6.934498E-01   3.027598E-01   2.829003E-01   4.493028E-02   3.258771E-01   1.465024E-01   5.194241E-02   4.891289E-02   1.767854E-01   1.349255E-01   1.604237E-02   2.491361E-02   8.572184E-02   1.265706E-01   1.030176E-01   1.568146E-01   5.954172E-02   1.878763E-01
   3.000000E-01   3.000000E-01   3.000000E-01   2.260927E-01   6.393676E-02   4.397391E-01   1.806351E-01   8.800644E-02   2.011669E-01   1.128063E-01   3.055762E-02   5.211332E-02   4.421877E-02   1.056018E-01   6.992609E-02   2.240223E-02   5.910990E-02   6.625111E-02   3.308964E-02   2.816923E-02
   3.000000E-01   3.000000E-01   3.000000E-01   3.000000E-01   1.302841E-01   9.997629E-02   2.906806E-02   8.578601E-02   3.016912E-01   1.034948E-01   5.405830E-02   1.437287E-01   1.761556E-02   7.581908E-02   1.350285E-01   3.256866E-01   3.803309E-01   1.677373E-01   6.435909E-02   3.000000E-01
   3.000000E-01   3.000000E-01   3.000000E-01   3.000000E-01   3.358920E-01   2.061514E-01   1.344025E-01   3.678369E-01   1.537041E-01   8.763355E-02   9.464653E-02   3.945823E-01   2.142202E-02   2.553690E-01   2.842266E-01   1.211186E-01   2.922634E-02   3.724109E-02   1.779574E-01   3.000000E-01
   3.000000E-01   3.000000E-01   3.000000E-01   3.000000E-01   3.000000E-01   4.792854E-02   1.329053E-01   3.369825E-02   3.571179E-02   1.908152E-02   4.995130E-02   8.123854E-02   2.390485E-02   2.620585E-01   3.910923E-01   7.325784E-02   6.654484E-02   6.508384E-02   3.000000E-01   3.000000E-01
   3.000000E-01   3.000000E-01   3.000000E-01   3.000000E-01   3.000000E-01   1.401497E-01   1.170980E-01   6.135928E-02   9.171124E-02   1.723355E-01   1.817115E-01   1.530981E-01   6.894625E-02   2.746935E-01   6.290662E-02   2.267599E-01   9.228847E-02   3.000000E-01   3.000000E-01   3.000000E-01
   3.000000E-01   3.000000E-01   3.000000E-01   3.000000E-01   3.000000E-01   1.913741E-01   1.020587E-01   3.205285E-02   7.017028E-02   7.798927E-02   6.702392E-02   6.544646E-02   7.908243E-02   9.075841E-02   3.323883E-02   4.133541E-01   3.000000E-01   3.000000E-01   3.000000E-01   3.000000E-01
