 pp_0000  625.0 9375.0 1.0  2.372394004734382999544095582677982747554779052734375000000000000000000000000000000 
 pp_0001  1625.0 9375.0 1.0  2.121818874447839231578427643398754298686981201171875000000000000000000000000000000 
 pp_0002  2625.0 9375.0 1.0  1.1742694493274437039787017056369222700595855712890625000000000000000000000000000000 
 pp_0003  3625.0 9375.0 1.0  0.4235263565168191912668760323867900297045707702636718750000000000000000000000000000 
 pp_0004  625.0 8375.0 1.0  0.958163669239757043172289741050917655229568481445312500000000000000000000000000000 
 pp_0005  1625.0 8375.0 1.0  0.273854331194823719108910609065787866711616516113281250000000000000000000000000000 
 pp_0006  2625.0 8375.0 1.0  0.7816674209169955922504868794931098818778991699218750000000000000000000000000000000 
 pp_0007  3625.0 8375.0 1.0  0.2668694099476215386701483112119603902101516723632812500000000000000000000000000000 
 pp_0008  625.0 7375.0 1.0  1.1602870847199280301964563477667979896068572998046875000000000000000000000000000000 
 pp_0009  2625.0 7375.0 1.0  3.81306208718904171561803195800166577100753784179687500000000000000000000000000000000 
 pp_0010  3625.0 7375.0 1.0  0.28178698740148938606253636862675193697214126586914062500000000000000000000000000000 
 pp_0011  625.0 6375.0 1.0  1.3776359417946564267509756973595358431339263916015625000000000000000000000000000000 
 pp_0012  2625.0 6375.0 1.0  1.27065040527473027687221929227234795689582824707031250000000000000000000000000000000 
 pp_0013  3625.0 6375.0 1.0  1.38114959563567385458782155183143913745880126953125000000000000000000000000000000000 
 pp_0014  625.0 5375.0 1.0  0.3900372284495284280758653494558529928326606750488281250000000000000000000000000000 
 pp_0015  2625.0 5375.0 1.0  1.42392090317171171598431556049035862088203430175781250000000000000000000000000000000 
 pp_0016  3625.0 5375.0 1.0  1.10014049173747552323732179502258077263832092285156250000000000000000000000000000000 
 pp_0017  625.0 4375.0 1.0  0.3593032610068672694225710984028410166501998901367187500000000000000000000000000000 
 pp_0018  1625.0 4375.0 1.0  2.7106411639431837734548480511875823140144348144531250000000000000000000000000000000 
 pp_0019  2625.0 4375.0 1.0  0.27388179169887250097303876827936619520187377929687500000000000000000000000000000000 
 pp_0020  3625.0 4375.0 1.0  0.45802080133585559851283619536843616515398025512695312500000000000000000000000000000 
 pp_0021  625.0 3375.0 1.0  2.4419335435884903517944621853530406951904296875000000000000000000000000000000000000 
 pp_0022  1625.0 3375.0 1.0  0.6058824040344293893056715205602813512086868286132812500000000000000000000000000000 
 pp_0023  2625.0 3375.0 1.0  0.21539762301755280282655746759701287373900413513183593750000000000000000000000000000 
 pp_0024  3625.0 3375.0 1.0  0.85838257355190850095283394693979062139987945556640625000000000000000000000000000000 
 pp_0025  625.0 2375.0 1.0  1.8198243357037613421312016726005822420120239257812500000000000000000000000000000000 
 pp_0026  1625.0 2375.0 1.0  2.3833174626496829162647372868377715349197387695312500000000000000000000000000000000 
 pp_0027  2625.0 2375.0 1.0  0.82064821337002091805601367013878189027309417724609375000000000000000000000000000000 
 pp_0028  3625.0 2375.0 1.0  1.68675314222120298346396793931489810347557067871093750000000000000000000000000000000 
 pp_0029  1625.0 1375.0 1.0  1.0946514684739871992036341907805763185024261474609375000000000000000000000000000000 
 pp_0030  2625.0 1375.0 1.0  0.80964073852140416853728766000131145119667053222656250000000000000000000000000000000 
 pp_0031  3625.0 1375.0 1.0  0.30344842526396870185934062646992970257997512817382812500000000000000000000000000000 
