 pp_0000  625.0 9375.0 1.0  0.998999135123811554670680834533413872122764587402343750000000000000000000000000000 
 pp_0001  1625.0 9375.0 1.0  0.761317664151353157286905570799717679619789123535156250000000000000000000000000000 
 pp_0002  2625.0 9375.0 1.0  1.0355023772497868872477511104079894721508026123046875000000000000000000000000000000 
 pp_0003  3625.0 9375.0 1.0  0.5581004666606719233357125631300732493400573730468750000000000000000000000000000000 
 pp_0004  625.0 8375.0 1.0  1.784443073175866256718791191815398633480072021484375000000000000000000000000000000 
 pp_0005  1625.0 8375.0 1.0  3.269708031331830078158873220672830939292907714843750000000000000000000000000000000 
 pp_0006  2625.0 8375.0 1.0  4.3064545113266810005825391272082924842834472656250000000000000000000000000000000000 
 pp_0007  3625.0 8375.0 1.0  2.5602354357935608319962739187758415937423706054687500000000000000000000000000000000 
 pp_0008  625.0 7375.0 1.0  2.1109855680588069937186901370296254754066467285156250000000000000000000000000000000 
 pp_0009  2625.0 7375.0 1.0  2.49537579567632805677135365840513259172439575195312500000000000000000000000000000000 
 pp_0010  3625.0 7375.0 1.0  1.44604853203027738928199141810182482004165649414062500000000000000000000000000000000 
 pp_0011  625.0 6375.0 1.0  0.5406111443283760920053282461594790220260620117187500000000000000000000000000000000 
 pp_0012  2625.0 6375.0 1.0  0.46629067350789238366459699136612471193075180053710937500000000000000000000000000000 
 pp_0013  3625.0 6375.0 1.0  0.61619621193555085270077142922673374414443969726562500000000000000000000000000000000 
 pp_0014  625.0 5375.0 1.0  0.7417353924790149877210865270171780139207839965820312500000000000000000000000000000 
 pp_0015  2625.0 5375.0 1.0  1.14382811361825176277307036798447370529174804687500000000000000000000000000000000000 
 pp_0016  3625.0 5375.0 1.0  0.76870673863885508048099381994688883423805236816406250000000000000000000000000000000 
 pp_0017  625.0 4375.0 1.0  0.2730095782532627191052654325176263228058815002441406250000000000000000000000000000 
 pp_0018  1625.0 4375.0 1.0  0.2000000000000000388578058618804789148271083831787109375000000000000000000000000000 
 pp_0019  2625.0 4375.0 1.0  1.48093011390496598345123402395984157919883728027343750000000000000000000000000000000 
 pp_0020  3625.0 4375.0 1.0  0.21449264844496163107123720692470669746398925781250000000000000000000000000000000000 
 pp_0021  625.0 3375.0 1.0  3.1802525798180498739498034410644322633743286132812500000000000000000000000000000000 
 pp_0022  1625.0 3375.0 1.0  1.1533736370357052791746355069335550069808959960937500000000000000000000000000000000 
 pp_0023  2625.0 3375.0 1.0  1.05228234036557011243928627663990482687950134277343750000000000000000000000000000000 
 pp_0024  3625.0 3375.0 1.0  0.50177710015816168187541279621655121445655822753906250000000000000000000000000000000 
 pp_0025  625.0 2375.0 1.0  0.7232953030669284633091820069239474833011627197265625000000000000000000000000000000 
 pp_0026  1625.0 2375.0 1.0  3.7741111675935732350239959487225860357284545898437500000000000000000000000000000000 
 pp_0027  2625.0 2375.0 1.0  1.25338254831229445329654481611214578151702880859375000000000000000000000000000000000 
 pp_0028  3625.0 2375.0 1.0  1.80530264553978514463494775554863736033439636230468750000000000000000000000000000000 
 pp_0029  1625.0 1375.0 1.0  1.2058011452034871346938871283782646059989929199218750000000000000000000000000000000 
 pp_0030  2625.0 1375.0 1.0  0.97305791239611316711943800328299403190612792968750000000000000000000000000000000000 
 pp_0031  3625.0 1375.0 1.0  2.01981065732468056950210666400380432605743408203125000000000000000000000000000000000 
