 pp_0000  625.0 9375.0 1.0  0.2726729962373233284722573444014415144920349121093750000000000000000000000000000000 
 pp_0001  1625.0 9375.0 1.0  1.2373088823033711047827409856836311519145965576171875000000000000000000000000000000 
 pp_0002  2625.0 9375.0 1.0  1.64064443784700375594809429458109661936759948730468750000000000000000000000000000000 
 pp_0003  3625.0 9375.0 1.0  1.09305552151643703417960296064848080277442932128906250000000000000000000000000000000 
 pp_0004  625.0 8375.0 1.0  2.3212813863359418320442273397929966449737548828125000000000000000000000000000000000 
 pp_0005  1625.0 8375.0 1.0  3.9384808831173407916992346144979819655418395996093750000000000000000000000000000000 
 pp_0006  2625.0 8375.0 1.0  0.66950561904856575878852709138300269842147827148437500000000000000000000000000000000 
 pp_0007  3625.0 8375.0 1.0  2.41054840394516167734195732919033616781234741210937500000000000000000000000000000000 
 pp_0008  625.0 7375.0 1.0  0.76400379907189008843459987474489025771617889404296875000000000000000000000000000000 
 pp_0009  2625.0 7375.0 1.0  2.762740045639329622417790233157575130462646484375000000000000000000000000000000000000 
 pp_0010  3625.0 7375.0 1.0  2.093006487828091177760825303266756236553192138671875000000000000000000000000000000000 
 pp_0011  625.0 6375.0 1.0  5.00000000000000088817841970012523233890533447265625000000000000000000000000000000000 
 pp_0012  2625.0 6375.0 1.0  1.329398954519944053842550601984839886426925659179687500000000000000000000000000000000 
 pp_0013  3625.0 6375.0 1.0  1.583049179890412272442290486651472747325897216796875000000000000000000000000000000000 
 pp_0014  625.0 5375.0 1.0  1.73204469055824783474406558525515720248222351074218750000000000000000000000000000000 
 pp_0015  2625.0 5375.0 1.0  0.517437423044894040380370370257878676056861877441406250000000000000000000000000000000 
 pp_0016  3625.0 5375.0 1.0  0.200000000000000038857805861880478914827108383178710937500000000000000000000000000000 
 pp_0017  625.0 4375.0 1.0  0.92190363100458982970053511962760239839553833007812500000000000000000000000000000000 
 pp_0018  1625.0 4375.0 1.0  1.10277312640348390537781142484163865447044372558593750000000000000000000000000000000 
 pp_0019  2625.0 4375.0 1.0  0.941592851691538168523720742086879909038543701171875000000000000000000000000000000000 
 pp_0020  3625.0 4375.0 1.0  1.331532821032275659689503299887292087078094482421875000000000000000000000000000000000 
 pp_0021  625.0 3375.0 1.0  0.20000000000000003885780586188047891482710838317871093750000000000000000000000000000 
 pp_0022  1625.0 3375.0 1.0  0.32234867663800470527490915628732182085514068603515625000000000000000000000000000000 
 pp_0023  2625.0 3375.0 1.0  3.982249987834060700464533510967157781124114990234375000000000000000000000000000000000 
 pp_0024  3625.0 3375.0 1.0  5.000000000000000888178419700125232338905334472656250000000000000000000000000000000000 
 pp_0025  625.0 2375.0 1.0  0.32599155177974264985252261794812511652708053588867187500000000000000000000000000000 
 pp_0026  1625.0 2375.0 1.0  5.00000000000000088817841970012523233890533447265625000000000000000000000000000000000 
 pp_0027  2625.0 2375.0 1.0  1.401862265092399972843395516974851489067077636718750000000000000000000000000000000000 
 pp_0028  3625.0 2375.0 1.0  0.207841484784536512098185312424902804195880889892578125000000000000000000000000000000 
 pp_0029  1625.0 1375.0 1.0  3.23616935123001780993945430964231491088867187500000000000000000000000000000000000000 
 pp_0030  2625.0 1375.0 1.0  1.101454393446979374004968121880665421485900878906250000000000000000000000000000000000 
 pp_0031  3625.0 1375.0 1.0  0.958706989428493749905157983448589220643043518066406250000000000000000000000000000000 
