 pp_0000  625.0 9375.0 1.0  0.589117995430132102008258243586169555783271789550781250000000000000000000000000000 
 pp_0001  1625.0 9375.0 1.0  0.679289735635394964496924785635201260447502136230468750000000000000000000000000000 
 pp_0002  2625.0 9375.0 1.0  1.8418508390873842284207739794510416686534881591796875000000000000000000000000000000 
 pp_0003  3625.0 9375.0 1.0  1.1869385585303438013227150804596021771430969238281250000000000000000000000000000000 
 pp_0004  625.0 8375.0 1.0  0.433099984555731398749855998175917193293571472167968750000000000000000000000000000 
 pp_0005  1625.0 8375.0 1.0  0.771628815789366373500968165899394080042839050292968750000000000000000000000000000 
 pp_0006  2625.0 8375.0 1.0  0.4297275117281069700680973255657590925693511962890625000000000000000000000000000000 
 pp_0007  3625.0 8375.0 1.0  2.9278008253833531782106547325383871793746948242187500000000000000000000000000000000 
 pp_0008  625.0 7375.0 1.0  0.6821988469626002471457582032599020749330520629882812500000000000000000000000000000 
 pp_0009  2625.0 7375.0 1.0  0.42677050625410156703409825240669306367635726928710937500000000000000000000000000000 
 pp_0010  3625.0 7375.0 1.0  1.41881332476740151804506240296177566051483154296875000000000000000000000000000000000 
 pp_0011  625.0 6375.0 1.0  2.4917696264540909467655183107126504182815551757812500000000000000000000000000000000 
 pp_0012  2625.0 6375.0 1.0  2.44545406192155834190771201974712312221527099609375000000000000000000000000000000000 
 pp_0013  3625.0 6375.0 1.0  0.67891135473636710084832657230435870587825775146484375000000000000000000000000000000 
 pp_0014  625.0 5375.0 1.0  0.7816197689143561389002456962771248072385787963867187500000000000000000000000000000 
 pp_0015  2625.0 5375.0 1.0  1.19763370367195443044749936234438791871070861816406250000000000000000000000000000000 
 pp_0016  3625.0 5375.0 1.0  0.44658721818420060722942821485048625618219375610351562500000000000000000000000000000 
 pp_0017  625.0 4375.0 1.0  1.1070324973771856758020248889806680381298065185546875000000000000000000000000000000 
 pp_0018  1625.0 4375.0 1.0  0.9070269640846442271708838234189897775650024414062500000000000000000000000000000000 
 pp_0019  2625.0 4375.0 1.0  2.13297970679057780074572292505763471126556396484375000000000000000000000000000000000 
 pp_0020  3625.0 4375.0 1.0  4.10860529868577106782367991399951279163360595703125000000000000000000000000000000000 
 pp_0021  625.0 3375.0 1.0  1.0465148223779927594279115510289557278156280517578125000000000000000000000000000000 
 pp_0022  1625.0 3375.0 1.0  1.4736641889270745142681562356301583349704742431640625000000000000000000000000000000 
 pp_0023  2625.0 3375.0 1.0  1.73461234511644457612078440433833748102188110351562500000000000000000000000000000000 
 pp_0024  3625.0 3375.0 1.0  0.73798075797852102919449635010096244513988494873046875000000000000000000000000000000 
 pp_0025  625.0 2375.0 1.0  1.3215915690101980306536688658525235950946807861328125000000000000000000000000000000 
 pp_0026  1625.0 2375.0 1.0  1.8028324163914868361047183498158119618892669677734375000000000000000000000000000000 
 pp_0027  2625.0 2375.0 1.0  0.56986869131257944509627577645005658268928527832031250000000000000000000000000000000 
 pp_0028  3625.0 2375.0 1.0  3.53208371048114688761643265024758875370025634765625000000000000000000000000000000000 
 pp_0029  1625.0 1375.0 1.0  0.6189387423564811641085725568700581789016723632812500000000000000000000000000000000 
 pp_0030  2625.0 1375.0 1.0  1.77668196042458492733828734344569966197013854980468750000000000000000000000000000000 
 pp_0031  3625.0 1375.0 1.0  0.56914355530697491314384706129203550517559051513671875000000000000000000000000000000 
