   6.090914E-05   6.090914E-05   6.090914E-05   6.090914E-05   6.090914E-05   6.090914E-05   6.090914E-05   6.090914E-05   6.090914E-05   6.090914E-05   6.090914E-05   6.090914E-05   6.090914E-05   6.090914E-05   6.090914E-05   6.090914E-05   6.090914E-05   6.090914E-05   6.090914E-05   6.090914E-05
   6.090914E-05   6.090914E-05   6.090914E-05   6.090914E-05   6.090914E-05   6.090914E-05   6.090914E-05   6.090914E-05   6.090914E-05   6.090914E-05   6.090914E-05   6.090914E-05   6.090914E-05   6.090914E-05   6.090914E-05   6.090914E-05   6.090914E-05   6.090914E-05   6.090914E-05   6.090914E-05
   6.090914E-05   6.090914E-05   6.090914E-05   6.090914E-05   6.090914E-05   6.090914E-05   6.090914E-05   6.090914E-05   6.090914E-05   6.090914E-05   6.090914E-05   6.090914E-05   6.090914E-05   6.090914E-05   6.090914E-05   6.090914E-05   6.090914E-05   6.090914E-05   6.090914E-05   6.090914E-05
   6.090914E-05   6.090914E-05   6.090914E-05   6.090914E-05   6.090914E-05   6.090914E-05   6.090914E-05   6.090914E-05   6.090914E-05   6.090914E-05   6.090914E-05   6.090914E-05   6.090914E-05   6.090914E-05   6.090914E-05   6.090914E-05   6.090914E-05   6.090914E-05   6.090914E-05   6.090914E-05
   6.090914E-05   6.090914E-05   6.090914E-05   6.090914E-05   6.090914E-05   6.090914E-05   6.090914E-05   6.090914E-05   6.090914E-05   6.090914E-05   6.090914E-05   6.090914E-05   6.090914E-05   6.090914E-05   6.090914E-05   6.090914E-05   6.090914E-05   6.090914E-05   6.090914E-05   6.090914E-05
   6.090914E-05   6.090914E-05   6.090914E-05   6.090914E-05   6.090914E-05   6.090914E-05   6.090914E-05   6.090914E-05   6.090914E-05   6.090914E-05   6.090914E-05   6.090914E-05   6.090914E-05   6.090914E-05   6.090914E-05   6.090914E-05   6.090914E-05   6.090914E-05   6.090914E-05   6.090914E-05
   6.090914E-05   6.090914E-05   6.090914E-05   6.090914E-05   6.090914E-05   6.090914E-05   6.090914E-05   6.090914E-05   6.090914E-05   6.090914E-05   6.090914E-05   6.090914E-05   6.090914E-05   6.090914E-05   6.090914E-05   6.090914E-05   6.090914E-05   6.090914E-05   6.090914E-05   6.090914E-05
   6.090914E-05   6.090914E-05   6.090914E-05   6.090914E-05   6.090914E-05   6.090914E-05   6.090914E-05   6.090914E-05   6.090914E-05   6.090914E-05   6.090914E-05   6.090914E-05   6.090914E-05   6.090914E-05   6.090914E-05   6.090914E-05   6.090914E-05   6.090914E-05   6.090914E-05   6.090914E-05
   6.090914E-05   6.090914E-05   6.090914E-05   6.090914E-05   5.875200E-05   5.875200E-05   5.875200E-05   6.090914E-05   6.090914E-05   6.090914E-05   6.090914E-05   6.090914E-05   6.090914E-05   6.090914E-05   6.090914E-05   6.090914E-05   6.090914E-05   6.090914E-05   6.090914E-05   6.090914E-05
   6.090914E-05   6.090914E-05   6.090914E-05   6.090914E-05   5.875200E-05   5.875200E-05   5.875200E-05   5.875200E-05   6.090914E-05   6.090914E-05   6.090914E-05   6.090914E-05   6.090914E-05   6.090914E-05   6.090914E-05   6.090914E-05   6.090914E-05   6.090914E-05   6.090914E-05   6.090914E-05
   6.090914E-05   6.090914E-05   6.090914E-05   6.090914E-05   5.875200E-05   5.875200E-05   5.875200E-05   5.875200E-05   6.090914E-05   6.090914E-05   6.090914E-05   6.090914E-05   6.090914E-05   6.090914E-05   6.090914E-05   6.090914E-05   6.090914E-05   6.090914E-05   6.090914E-05   6.090914E-05
   6.090914E-05   6.090914E-05   6.090914E-05   6.090914E-05   5.875200E-05   5.875200E-05   5.875200E-05   5.875200E-05   6.090914E-05   6.090914E-05   6.090914E-05   6.090914E-05   6.090914E-05   6.090914E-05   6.090914E-05   6.090914E-05   6.090914E-05   6.090914E-05   6.090914E-05   6.090914E-05
   6.090914E-05   6.090914E-05   6.090914E-05   6.090914E-05   5.875200E-05   5.875200E-05   5.875200E-05   5.875200E-05   6.090914E-05   6.090914E-05   6.090914E-05   6.090914E-05   6.090914E-05   6.090914E-05   6.090914E-05   6.090914E-05   6.090914E-05   6.090914E-05   6.090914E-05   6.090914E-05
   6.090914E-05   6.090914E-05   6.090914E-05   6.090914E-05   5.875200E-05   5.875200E-05   5.875200E-05   5.875200E-05   6.090914E-05   6.090914E-05   6.090914E-05   6.090914E-05   6.090914E-05   6.090914E-05   6.090914E-05   6.090914E-05   6.090914E-05   6.090914E-05   6.090914E-05   6.090914E-05
   6.090914E-05   6.090914E-05   6.090914E-05   6.090914E-05   5.875200E-05   5.875200E-05   5.875200E-05   5.875200E-05   6.090914E-05   6.090914E-05   6.090914E-05   6.090914E-05   6.090914E-05   6.090914E-05   6.090914E-05   6.090914E-05   6.090914E-05   6.090914E-05   6.090914E-05   6.090914E-05
   6.090914E-05   6.090914E-05   6.090914E-05   6.090914E-05   5.875200E-05   5.875200E-05   5.875200E-05   5.875200E-05   6.090914E-05   6.090914E-05   6.090914E-05   6.090914E-05   6.090914E-05   6.090914E-05   6.090914E-05   6.090914E-05   6.090914E-05   6.090914E-05   6.090914E-05   6.090914E-05
   6.090914E-05   6.090914E-05   6.090914E-05   6.090914E-05   5.875200E-05   5.875200E-05   5.875200E-05   5.875200E-05   6.090914E-05   6.090914E-05   6.090914E-05   6.090914E-05   6.090914E-05   6.090914E-05   6.090914E-05   6.090914E-05   6.090914E-05   6.090914E-05   6.090914E-05   6.090914E-05
   6.090914E-05   6.090914E-05   6.090914E-05   6.090914E-05   5.875200E-05   5.875200E-05   5.875200E-05   5.875200E-05   6.090914E-05   6.090914E-05   6.090914E-05   6.090914E-05   6.090914E-05   6.090914E-05   6.090914E-05   6.090914E-05   6.090914E-05   6.090914E-05   6.090914E-05   6.090914E-05
   6.090914E-05   6.090914E-05   6.090914E-05   6.090914E-05   5.875200E-05   5.875200E-05   5.875200E-05   5.875200E-05   6.090914E-05   6.090914E-05   6.090914E-05   6.090914E-05   6.090914E-05   6.090914E-05   6.090914E-05   6.090914E-05   6.090914E-05   6.090914E-05   6.090914E-05   6.090914E-05
   6.090914E-05   6.090914E-05   6.090914E-05   6.090914E-05   5.875200E-05   5.875200E-05   5.875200E-05   5.875200E-05   6.090914E-05   6.090914E-05   6.090914E-05   6.090914E-05   6.090914E-05   6.090914E-05   6.090914E-05   6.090914E-05   6.090914E-05   6.090914E-05   6.090914E-05   6.090914E-05
   6.090914E-05   6.090914E-05   6.090914E-05   6.090914E-05   5.875200E-05   5.875200E-05   5.875200E-05   5.875200E-05   6.090914E-05   6.090914E-05   6.090914E-05   6.090914E-05   6.090914E-05   6.090914E-05   6.090914E-05   6.090914E-05   6.090914E-05   6.090914E-05   6.090914E-05   6.090914E-05
   6.090914E-05   6.090914E-05   6.090914E-05   6.090914E-05   5.875200E-05   5.875200E-05   6.090914E-05   6.090914E-05   6.090914E-05   6.090914E-05   6.090914E-05   6.090914E-05   6.090914E-05   6.090914E-05   6.090914E-05   6.090914E-05   6.090914E-05   6.090914E-05   6.090914E-05   6.090914E-05
   6.090914E-05   6.090914E-05   6.090914E-05   6.090914E-05   6.090914E-05   5.875200E-05   6.090914E-05   6.090914E-05   6.090914E-05   6.090914E-05   6.090914E-05   6.090914E-05   6.090914E-05   6.090914E-05   6.090914E-05   6.090914E-05   6.090914E-05   6.090914E-05   6.090914E-05   6.090914E-05
   6.090914E-05   6.090914E-05   6.090914E-05   6.090914E-05   6.090914E-05   6.090914E-05   6.090914E-05   6.090914E-05   6.090914E-05   6.090914E-05   6.090914E-05   6.090914E-05   6.090914E-05   6.090914E-05   6.090914E-05   6.090914E-05   6.090914E-05   6.090914E-05   6.090914E-05   6.090914E-05
   6.090914E-05   6.090914E-05   6.090914E-05   6.090914E-05   6.090914E-05   6.090914E-05   6.090914E-05   6.090914E-05   6.090914E-05   6.090914E-05   6.090914E-05   6.090914E-05   6.090914E-05   6.090914E-05   6.090914E-05   6.090914E-05   6.090914E-05   6.090914E-05   6.090914E-05   6.090914E-05
   6.090914E-05   6.090914E-05   6.090914E-05   6.090914E-05   6.090914E-05   6.090914E-05   6.090914E-05   6.090914E-05   6.090914E-05   6.090914E-05   6.090914E-05   6.090914E-05   6.090914E-05   6.090914E-05   6.090914E-05   6.090914E-05   6.090914E-05   6.090914E-05   6.090914E-05   6.090914E-05
   6.090914E-05   6.090914E-05   6.090914E-05   6.090914E-05   6.090914E-05   6.090914E-05   6.090914E-05   6.090914E-05   6.090914E-05   6.090914E-05   6.090914E-05   6.090914E-05   6.090914E-05   6.090914E-05   6.090914E-05   6.090914E-05   6.090914E-05   6.090914E-05   6.090914E-05   6.090914E-05
   6.090914E-05   6.090914E-05   6.090914E-05   6.090914E-05   6.090914E-05   6.090914E-05   6.090914E-05   6.090914E-05   6.090914E-05   6.090914E-05   6.090914E-05   6.090914E-05   6.090914E-05   6.090914E-05   6.090914E-05   6.090914E-05   6.090914E-05   6.090914E-05   6.090914E-05   6.090914E-05
   6.090914E-05   6.090914E-05   6.090914E-05   6.090914E-05   6.090914E-05   6.090914E-05   6.090914E-05   6.090914E-05   6.090914E-05   6.090914E-05   6.090914E-05   6.090914E-05   6.090914E-05   6.090914E-05   6.090914E-05   6.090914E-05   6.090914E-05   6.090914E-05   6.090914E-05   6.090914E-05
   6.090914E-05   6.090914E-05   6.090914E-05   6.090914E-05   6.090914E-05   6.090914E-05   6.090914E-05   6.090914E-05   6.090914E-05   6.090914E-05   6.090914E-05   6.090914E-05   6.090914E-05   6.090914E-05   6.090914E-05   6.090914E-05   6.090914E-05   6.090914E-05   6.090914E-05   6.090914E-05
   6.090914E-05   6.090914E-05   6.090914E-05   6.090914E-05   6.090914E-05   6.090914E-05   6.090914E-05   6.090914E-05   6.090914E-05   6.090914E-05   6.090914E-05   6.090914E-05   6.090914E-05   6.090914E-05   6.090914E-05   6.090914E-05   6.090914E-05   6.090914E-05   6.090914E-05   6.090914E-05
   6.090914E-05   6.090914E-05   6.090914E-05   6.090914E-05   6.090914E-05   6.090914E-05   6.090914E-05   6.090914E-05   6.090914E-05   6.090914E-05   6.090914E-05   6.090914E-05   6.090914E-05   6.090914E-05   6.090914E-05   6.090914E-05   6.090914E-05   6.090914E-05   6.090914E-05   6.090914E-05
   5.875200E-05   6.090914E-05   6.090914E-05   6.090914E-05   6.090914E-05   6.090914E-05   6.090914E-05   6.090914E-05   6.090914E-05   6.090914E-05   6.090914E-05   6.090914E-05   6.090914E-05   6.090914E-05   6.090914E-05   6.090914E-05   6.090914E-05   6.090914E-05   6.090914E-05   6.090914E-05
   5.875200E-05   5.875200E-05   6.090914E-05   6.090914E-05   6.090914E-05   6.090914E-05   6.090914E-05   6.090914E-05   6.090914E-05   6.090914E-05   6.090914E-05   6.090914E-05   6.090914E-05   6.090914E-05   6.090914E-05   6.090914E-05   6.090914E-05   6.090914E-05   6.090914E-05   6.090914E-05
   5.875200E-05   5.875200E-05   5.875200E-05   6.090914E-05   6.090914E-05   6.090914E-05   6.090914E-05   6.090914E-05   6.090914E-05   6.090914E-05   6.090914E-05   6.090914E-05   6.090914E-05   6.090914E-05   6.090914E-05   6.090914E-05   6.090914E-05   6.090914E-05   6.090914E-05   6.090914E-05
   5.875200E-05   5.875200E-05   5.875200E-05   5.875200E-05   6.090914E-05   6.090914E-05   6.090914E-05   6.090914E-05   6.090914E-05   6.090914E-05   6.090914E-05   6.090914E-05   6.090914E-05   6.090914E-05   6.090914E-05   6.090914E-05   6.090914E-05   6.090914E-05   6.090914E-05   5.875200E-05
   5.875200E-05   5.875200E-05   5.875200E-05   5.875200E-05   6.090914E-05   6.090914E-05   6.090914E-05   6.090914E-05   6.090914E-05   6.090914E-05   6.090914E-05   6.090914E-05   6.090914E-05   6.090914E-05   6.090914E-05   6.090914E-05   6.090914E-05   6.090914E-05   6.090914E-05   5.875200E-05
   5.875200E-05   5.875200E-05   5.875200E-05   5.875200E-05   5.875200E-05   6.090914E-05   6.090914E-05   6.090914E-05   6.090914E-05   6.090914E-05   6.090914E-05   6.090914E-05   6.090914E-05   6.090914E-05   6.090914E-05   6.090914E-05   6.090914E-05   6.090914E-05   5.875200E-05   5.875200E-05
   5.875200E-05   5.875200E-05   5.875200E-05   5.875200E-05   5.875200E-05   6.090914E-05   6.090914E-05   6.090914E-05   6.090914E-05   6.090914E-05   6.090914E-05   6.090914E-05   6.090914E-05   6.090914E-05   6.090914E-05   6.090914E-05   6.090914E-05   5.875200E-05   5.875200E-05   5.875200E-05
   5.875200E-05   5.875200E-05   5.875200E-05   5.875200E-05   5.875200E-05   6.090914E-05   6.090914E-05   6.090914E-05   6.090914E-05   6.090914E-05   6.090914E-05   6.090914E-05   6.090914E-05   6.090914E-05   6.090914E-05   6.090914E-05   5.875200E-05   5.875200E-05   5.875200E-05   5.875200E-05
