   2.592381E-05   2.592381E-05   2.592381E-05   2.592381E-05   2.592381E-05   2.592381E-05   2.592381E-05   2.592381E-05   2.592381E-05   2.592381E-05   2.592381E-05   2.592381E-05   2.592381E-05   2.592381E-05   2.592381E-05   2.592381E-05   2.592381E-05   2.592381E-05   2.592381E-05   2.592381E-05
   2.592381E-05   2.592381E-05   2.592381E-05   2.592381E-05   2.592381E-05   2.592381E-05   2.592381E-05   2.592381E-05   2.592381E-05   2.592381E-05   2.592381E-05   2.592381E-05   2.592381E-05   2.592381E-05   2.592381E-05   2.592381E-05   2.592381E-05   2.592381E-05   2.592381E-05   2.592381E-05
   2.592381E-05   2.592381E-05   2.592381E-05   2.592381E-05   2.592381E-05   2.592381E-05   2.592381E-05   2.592381E-05   2.592381E-05   2.592381E-05   2.592381E-05   2.592381E-05   2.592381E-05   2.592381E-05   2.592381E-05   2.592381E-05   2.592381E-05   2.592381E-05   2.592381E-05   2.592381E-05
   2.592381E-05   2.592381E-05   2.592381E-05   2.592381E-05   2.592381E-05   2.592381E-05   2.592381E-05   2.592381E-05   2.592381E-05   2.592381E-05   2.592381E-05   2.592381E-05   2.592381E-05   2.592381E-05   2.592381E-05   2.592381E-05   2.592381E-05   2.592381E-05   2.592381E-05   2.592381E-05
   2.592381E-05   2.592381E-05   2.592381E-05   2.592381E-05   2.592381E-05   2.592381E-05   2.592381E-05   2.592381E-05   2.592381E-05   2.592381E-05   2.592381E-05   2.592381E-05   2.592381E-05   2.592381E-05   2.592381E-05   2.592381E-05   2.592381E-05   2.592381E-05   2.592381E-05   2.592381E-05
   2.592381E-05   2.592381E-05   2.592381E-05   2.592381E-05   2.592381E-05   2.592381E-05   2.592381E-05   2.592381E-05   2.592381E-05   2.592381E-05   2.592381E-05   2.592381E-05   2.592381E-05   2.592381E-05   2.592381E-05   2.592381E-05   2.592381E-05   2.592381E-05   2.592381E-05   2.592381E-05
   2.592381E-05   2.592381E-05   2.592381E-05   2.592381E-05   2.592381E-05   2.592381E-05   2.592381E-05   2.592381E-05   2.592381E-05   2.592381E-05   2.592381E-05   2.592381E-05   2.592381E-05   2.592381E-05   2.592381E-05   2.592381E-05   2.592381E-05   2.592381E-05   2.592381E-05   2.592381E-05
   2.592381E-05   2.592381E-05   2.592381E-05   2.592381E-05   2.592381E-05   2.592381E-05   2.592381E-05   2.592381E-05   2.592381E-05   2.592381E-05   2.592381E-05   2.592381E-05   2.592381E-05   2.592381E-05   2.592381E-05   2.592381E-05   2.592381E-05   2.592381E-05   2.592381E-05   2.592381E-05
   2.592381E-05   2.592381E-05   2.592381E-05   2.592381E-05   2.410694E-05   2.410694E-05   2.410694E-05   2.592381E-05   2.592381E-05   2.592381E-05   2.592381E-05   2.592381E-05   2.592381E-05   2.592381E-05   2.592381E-05   2.592381E-05   2.592381E-05   2.592381E-05   2.592381E-05   2.592381E-05
   2.592381E-05   2.592381E-05   2.592381E-05   2.592381E-05   2.410694E-05   2.410694E-05   2.410694E-05   2.410694E-05   2.592381E-05   2.592381E-05   2.592381E-05   2.592381E-05   2.592381E-05   2.592381E-05   2.592381E-05   2.592381E-05   2.592381E-05   2.592381E-05   2.592381E-05   2.592381E-05
   2.592381E-05   2.592381E-05   2.592381E-05   2.592381E-05   2.410694E-05   2.410694E-05   2.410694E-05   2.410694E-05   2.592381E-05   2.592381E-05   2.592381E-05   2.592381E-05   2.592381E-05   2.592381E-05   2.592381E-05   2.592381E-05   2.592381E-05   2.592381E-05   2.592381E-05   2.592381E-05
   2.592381E-05   2.592381E-05   2.592381E-05   2.592381E-05   2.410694E-05   2.410694E-05   2.410694E-05   2.410694E-05   2.592381E-05   2.592381E-05   2.592381E-05   2.592381E-05   2.592381E-05   2.592381E-05   2.592381E-05   2.592381E-05   2.592381E-05   2.592381E-05   2.592381E-05   2.592381E-05
   2.592381E-05   2.592381E-05   2.592381E-05   2.592381E-05   2.410694E-05   2.410694E-05   2.410694E-05   2.410694E-05   2.592381E-05   2.592381E-05   2.592381E-05   2.592381E-05   2.592381E-05   2.592381E-05   2.592381E-05   2.592381E-05   2.592381E-05   2.592381E-05   2.592381E-05   2.592381E-05
   2.592381E-05   2.592381E-05   2.592381E-05   2.592381E-05   2.410694E-05   2.410694E-05   2.410694E-05   2.410694E-05   2.592381E-05   2.592381E-05   2.592381E-05   2.592381E-05   2.592381E-05   2.592381E-05   2.592381E-05   2.592381E-05   2.592381E-05   2.592381E-05   2.592381E-05   2.592381E-05
   2.592381E-05   2.592381E-05   2.592381E-05   2.592381E-05   2.410694E-05   2.410694E-05   2.410694E-05   2.410694E-05   2.592381E-05   2.592381E-05   2.592381E-05   2.592381E-05   2.592381E-05   2.592381E-05   2.592381E-05   2.592381E-05   2.592381E-05   2.592381E-05   2.592381E-05   2.592381E-05
   2.592381E-05   2.592381E-05   2.592381E-05   2.592381E-05   2.410694E-05   2.410694E-05   2.410694E-05   2.410694E-05   2.592381E-05   2.592381E-05   2.592381E-05   2.592381E-05   2.592381E-05   2.592381E-05   2.592381E-05   2.592381E-05   2.592381E-05   2.592381E-05   2.592381E-05   2.592381E-05
   2.592381E-05   2.592381E-05   2.592381E-05   2.592381E-05   2.410694E-05   2.410694E-05   2.410694E-05   2.410694E-05   2.592381E-05   2.592381E-05   2.592381E-05   2.592381E-05   2.592381E-05   2.592381E-05   2.592381E-05   2.592381E-05   2.592381E-05   2.592381E-05   2.592381E-05   2.592381E-05
   2.592381E-05   2.592381E-05   2.592381E-05   2.592381E-05   2.410694E-05   2.410694E-05   2.410694E-05   2.410694E-05   2.592381E-05   2.592381E-05   2.592381E-05   2.592381E-05   2.592381E-05   2.592381E-05   2.592381E-05   2.592381E-05   2.592381E-05   2.592381E-05   2.592381E-05   2.592381E-05
   2.592381E-05   2.592381E-05   2.592381E-05   2.592381E-05   2.410694E-05   2.410694E-05   2.410694E-05   2.410694E-05   2.592381E-05   2.592381E-05   2.592381E-05   2.592381E-05   2.592381E-05   2.592381E-05   2.592381E-05   2.592381E-05   2.592381E-05   2.592381E-05   2.592381E-05   2.592381E-05
   2.592381E-05   2.592381E-05   2.592381E-05   2.592381E-05   2.410694E-05   2.410694E-05   2.410694E-05   2.410694E-05   2.592381E-05   2.592381E-05   2.592381E-05   2.592381E-05   2.592381E-05   2.592381E-05   2.592381E-05   2.592381E-05   2.592381E-05   2.592381E-05   2.592381E-05   2.592381E-05
   2.592381E-05   2.592381E-05   2.592381E-05   2.592381E-05   2.410694E-05   2.410694E-05   2.410694E-05   2.410694E-05   2.592381E-05   2.592381E-05   2.592381E-05   2.592381E-05   2.592381E-05   2.592381E-05   2.592381E-05   2.592381E-05   2.592381E-05   2.592381E-05   2.592381E-05   2.592381E-05
   2.592381E-05   2.592381E-05   2.592381E-05   2.592381E-05   2.410694E-05   2.410694E-05   2.592381E-05   2.592381E-05   2.592381E-05   2.592381E-05   2.592381E-05   2.592381E-05   2.592381E-05   2.592381E-05   2.592381E-05   2.592381E-05   2.592381E-05   2.592381E-05   2.592381E-05   2.592381E-05
   2.592381E-05   2.592381E-05   2.592381E-05   2.592381E-05   2.592381E-05   2.410694E-05   2.592381E-05   2.592381E-05   2.592381E-05   2.592381E-05   2.592381E-05   2.592381E-05   2.592381E-05   2.592381E-05   2.592381E-05   2.592381E-05   2.592381E-05   2.592381E-05   2.592381E-05   2.592381E-05
   2.592381E-05   2.592381E-05   2.592381E-05   2.592381E-05   2.592381E-05   2.592381E-05   2.592381E-05   2.592381E-05   2.592381E-05   2.592381E-05   2.592381E-05   2.592381E-05   2.592381E-05   2.592381E-05   2.592381E-05   2.592381E-05   2.592381E-05   2.592381E-05   2.592381E-05   2.592381E-05
   2.592381E-05   2.592381E-05   2.592381E-05   2.592381E-05   2.592381E-05   2.592381E-05   2.592381E-05   2.592381E-05   2.592381E-05   2.592381E-05   2.592381E-05   2.592381E-05   2.592381E-05   2.592381E-05   2.592381E-05   2.592381E-05   2.592381E-05   2.592381E-05   2.592381E-05   2.592381E-05
   2.592381E-05   2.592381E-05   2.592381E-05   2.592381E-05   2.592381E-05   2.592381E-05   2.592381E-05   2.592381E-05   2.592381E-05   2.592381E-05   2.592381E-05   2.592381E-05   2.592381E-05   2.592381E-05   2.592381E-05   2.592381E-05   2.592381E-05   2.592381E-05   2.592381E-05   2.592381E-05
   2.592381E-05   2.592381E-05   2.592381E-05   2.592381E-05   2.592381E-05   2.592381E-05   2.592381E-05   2.592381E-05   2.592381E-05   2.592381E-05   2.592381E-05   2.592381E-05   2.592381E-05   2.592381E-05   2.592381E-05   2.592381E-05   2.592381E-05   2.592381E-05   2.592381E-05   2.592381E-05
   2.592381E-05   2.592381E-05   2.592381E-05   2.592381E-05   2.592381E-05   2.592381E-05   2.592381E-05   2.592381E-05   2.592381E-05   2.592381E-05   2.592381E-05   2.592381E-05   2.592381E-05   2.592381E-05   2.592381E-05   2.592381E-05   2.592381E-05   2.592381E-05   2.592381E-05   2.592381E-05
   2.592381E-05   2.592381E-05   2.592381E-05   2.592381E-05   2.592381E-05   2.592381E-05   2.592381E-05   2.592381E-05   2.592381E-05   2.592381E-05   2.592381E-05   2.592381E-05   2.592381E-05   2.592381E-05   2.592381E-05   2.592381E-05   2.592381E-05   2.592381E-05   2.592381E-05   2.592381E-05
   2.592381E-05   2.592381E-05   2.592381E-05   2.592381E-05   2.592381E-05   2.592381E-05   2.592381E-05   2.592381E-05   2.592381E-05   2.592381E-05   2.592381E-05   2.592381E-05   2.592381E-05   2.592381E-05   2.592381E-05   2.592381E-05   2.592381E-05   2.592381E-05   2.592381E-05   2.592381E-05
   2.592381E-05   2.592381E-05   2.592381E-05   2.592381E-05   2.592381E-05   2.592381E-05   2.592381E-05   2.592381E-05   2.592381E-05   2.592381E-05   2.592381E-05   2.592381E-05   2.592381E-05   2.592381E-05   2.592381E-05   2.592381E-05   2.592381E-05   2.592381E-05   2.592381E-05   2.592381E-05
   2.592381E-05   2.592381E-05   2.592381E-05   2.592381E-05   2.592381E-05   2.592381E-05   2.592381E-05   2.592381E-05   2.592381E-05   2.592381E-05   2.592381E-05   2.592381E-05   2.592381E-05   2.592381E-05   2.592381E-05   2.592381E-05   2.592381E-05   2.592381E-05   2.592381E-05   2.592381E-05
   2.410694E-05   2.592381E-05   2.592381E-05   2.592381E-05   2.592381E-05   2.592381E-05   2.592381E-05   2.592381E-05   2.592381E-05   2.592381E-05   2.592381E-05   2.592381E-05   2.592381E-05   2.592381E-05   2.592381E-05   2.592381E-05   2.592381E-05   2.592381E-05   2.592381E-05   2.592381E-05
   2.410694E-05   2.410694E-05   2.592381E-05   2.592381E-05   2.592381E-05   2.592381E-05   2.592381E-05   2.592381E-05   2.592381E-05   2.592381E-05   2.592381E-05   2.592381E-05   2.592381E-05   2.592381E-05   2.592381E-05   2.592381E-05   2.592381E-05   2.592381E-05   2.592381E-05   2.592381E-05
   2.410694E-05   2.410694E-05   2.410694E-05   2.592381E-05   2.592381E-05   2.592381E-05   2.592381E-05   2.592381E-05   2.592381E-05   2.592381E-05   2.592381E-05   2.592381E-05   2.592381E-05   2.592381E-05   2.592381E-05   2.592381E-05   2.592381E-05   2.592381E-05   2.592381E-05   2.592381E-05
   2.410694E-05   2.410694E-05   2.410694E-05   2.410694E-05   2.592381E-05   2.592381E-05   2.592381E-05   2.592381E-05   2.592381E-05   2.592381E-05   2.592381E-05   2.592381E-05   2.592381E-05   2.592381E-05   2.592381E-05   2.592381E-05   2.592381E-05   2.592381E-05   2.592381E-05   2.410694E-05
   2.410694E-05   2.410694E-05   2.410694E-05   2.410694E-05   2.592381E-05   2.592381E-05   2.592381E-05   2.592381E-05   2.592381E-05   2.592381E-05   2.592381E-05   2.592381E-05   2.592381E-05   2.592381E-05   2.592381E-05   2.592381E-05   2.592381E-05   2.592381E-05   2.592381E-05   2.410694E-05
   2.410694E-05   2.410694E-05   2.410694E-05   2.410694E-05   2.410694E-05   2.592381E-05   2.592381E-05   2.592381E-05   2.592381E-05   2.592381E-05   2.592381E-05   2.592381E-05   2.592381E-05   2.592381E-05   2.592381E-05   2.592381E-05   2.592381E-05   2.592381E-05   2.410694E-05   2.410694E-05
   2.410694E-05   2.410694E-05   2.410694E-05   2.410694E-05   2.410694E-05   2.592381E-05   2.592381E-05   2.592381E-05   2.592381E-05   2.592381E-05   2.592381E-05   2.592381E-05   2.592381E-05   2.592381E-05   2.592381E-05   2.592381E-05   2.592381E-05   2.410694E-05   2.410694E-05   2.410694E-05
   2.410694E-05   2.410694E-05   2.410694E-05   2.410694E-05   2.410694E-05   2.592381E-05   2.592381E-05   2.592381E-05   2.592381E-05   2.592381E-05   2.592381E-05   2.592381E-05   2.592381E-05   2.592381E-05   2.592381E-05   2.592381E-05   2.410694E-05   2.410694E-05   2.410694E-05   2.410694E-05
