   3.063871E-01   3.060921E-01   3.055611E-01   3.047410E-01   3.037763E-01   3.029484E-01   3.027260E-01   3.034384E-01   3.049123E-01   3.066248E-01   3.088596E-01   3.114331E-01   3.142263E-01   3.167400E-01   3.180602E-01   3.175846E-01   3.159800E-01   3.140867E-01   3.123070E-01   3.107679E-01
   3.069896E-01   3.067193E-01   3.061025E-01   3.049390E-01   3.034253E-01   3.019293E-01   3.011457E-01   3.021616E-01   3.040693E-01   3.064643E-01   3.091113E-01   3.123694E-01   3.159507E-01   3.199404E-01   3.224060E-01   3.209204E-01   3.180722E-01   3.154009E-01   3.131536E-01   3.113237E-01
   3.078177E-01   3.076563E-01   3.071172E-01   3.054125E-01   3.033619E-01   3.011191E-01   2.988070E-01   3.005582E-01   3.026289E-01   3.052792E-01   3.090243E-01   3.119180E-01   3.160925E-01   3.215163E-01   3.282439E-01   3.232572E-01   3.192839E-01   3.161146E-01   3.135931E-01   3.115969E-01
   3.088799E-01   3.088805E-01   3.080147E-01   3.062293E-01   3.038244E-01   3.012793E-01   2.996180E-01   2.997340E-01   3.010141E-01   3.029335E-01   3.059154E-01   3.096384E-01   3.141396E-01   3.191945E-01   3.229074E-01   3.220511E-01   3.189694E-01   3.159881E-01   3.135058E-01   3.115204E-01
   3.101556E-01   3.104970E-01   3.096527E-01   3.075098E-01   3.045174E-01   3.015457E-01   2.994694E-01   2.987059E-01   2.988936E-01   2.998341E-01   3.021197E-01   3.061058E-01   3.111580E-01   3.160763E-01   3.194092E-01   3.196460E-01   3.175508E-01   3.150933E-01   3.129100E-01   3.110896E-01
   3.114693E-01   3.125629E-01   3.122262E-01   3.093015E-01   3.053360E-01   3.014282E-01   2.984918E-01   2.972126E-01   2.966947E-01   2.962429E-01   2.973858E-01   3.019855E-01   3.078380E-01   3.136804E-01   3.177188E-01   3.178357E-01   3.157313E-01   3.136720E-01   3.118803E-01   3.103493E-01
   3.124845E-01   3.141064E-01   3.160386E-01   3.110438E-01   3.062448E-01   3.015035E-01   2.967079E-01   2.961073E-01   2.950925E-01   2.935389E-01   2.913054E-01   2.981090E-01   3.045667E-01   3.110752E-01   3.179709E-01   3.155361E-01   3.135435E-01   3.118794E-01   3.105000E-01   3.094483E-01
   3.129841E-01   3.145241E-01   3.144467E-01   3.114519E-01   3.070772E-01   3.025170E-01   2.985969E-01   2.961784E-01   2.944096E-01   2.927793E-01   2.930413E-01   2.964588E-01   3.016698E-01   3.069845E-01   3.111153E-01   3.118995E-01   3.107972E-01   3.097532E-01   3.088943E-01   3.082611E-01
   3.130663E-01   3.144299E-01   3.141555E-01   3.116140E-01   3.000000E-01   3.000000E-01   3.000000E-01   2.969548E-01   2.945712E-01   2.929545E-01   2.931519E-01   2.954595E-01   2.991988E-01   3.030698E-01   3.059958E-01   3.075423E-01   3.076876E-01   3.074434E-01   3.072550E-01   3.070132E-01
   3.127192E-01   3.146413E-01   3.149994E-01   3.121171E-01   3.000000E-01   3.000000E-01   3.000000E-01   3.000000E-01   2.950271E-01   2.926440E-01   2.919370E-01   2.939259E-01   2.971202E-01   2.999420E-01   3.020737E-01   3.038630E-01   3.046995E-01   3.052780E-01   3.056233E-01   3.058257E-01
   3.119147E-01   3.137608E-01   3.169388E-01   3.118170E-01   3.000000E-01   3.000000E-01   3.000000E-01   3.000000E-01   2.958756E-01   2.930337E-01   2.895264E-01   2.931844E-01   2.958766E-01   2.977751E-01   2.989309E-01   3.008043E-01   3.022946E-01   3.034178E-01   3.049267E-01   3.056412E-01
   3.097098E-01   3.107353E-01   3.110773E-01   3.088306E-01   3.000000E-01   3.000000E-01   3.000000E-01   3.000000E-01   2.974504E-01   2.955685E-01   2.942086E-01   2.947786E-01   2.959102E-01   2.966695E-01   2.974663E-01   2.988952E-01   3.004966E-01   3.019786E-01   3.039195E-01   3.049097E-01
   3.054412E-01   3.064039E-01   3.058376E-01   3.048304E-01   3.000000E-01   3.000000E-01   3.000000E-01   3.000000E-01   2.994613E-01   2.989845E-01   2.983611E-01   2.976501E-01   2.969045E-01   2.962855E-01   2.960768E-01   2.973516E-01   2.993597E-01   3.018040E-01   3.029954E-01   3.040666E-01
   3.025383E-01   3.015050E-01   3.005391E-01   3.007310E-01   3.000000E-01   3.000000E-01   3.000000E-01   3.000000E-01   3.010452E-01   3.022650E-01   3.025951E-01   3.008129E-01   2.983179E-01   2.957506E-01   2.943529E-01   2.962569E-01   2.991881E-01   3.014423E-01   3.030471E-01   3.041401E-01
   3.005765E-01   2.982924E-01   2.956089E-01   2.973903E-01   3.000000E-01   3.000000E-01   3.000000E-01   3.000000E-01   3.018835E-01   3.040400E-01   3.075337E-01   3.034917E-01   3.002542E-01   2.966474E-01   2.916917E-01   2.968750E-01   3.002479E-01   3.024040E-01   3.029667E-01   3.036561E-01
   2.991737E-01   2.972806E-01   2.958731E-01   2.960897E-01   3.000000E-01   3.000000E-01   3.000000E-01   3.000000E-01   3.012411E-01   3.030064E-01   3.045641E-01   3.040522E-01   3.025416E-01   3.009092E-01   2.997564E-01   3.009819E-01   3.025828E-01   3.023188E-01   3.023798E-01   3.021711E-01
   2.981834E-01   2.966652E-01   2.955363E-01   2.952518E-01   3.000000E-01   3.000000E-01   3.000000E-01   3.000000E-01   2.994257E-01   3.007047E-01   3.022318E-01   3.036851E-01   3.052439E-01   3.064738E-01   3.072837E-01   3.072287E-01   3.060780E-01   3.050170E-01   3.044860E-01   3.037198E-01
   2.972443E-01   2.958816E-01   2.948054E-01   2.944448E-01   3.000000E-01   3.000000E-01   3.000000E-01   3.000000E-01   2.973026E-01   2.981460E-01   2.998180E-01   3.031870E-01   3.075059E-01   3.124508E-01   3.158336E-01   3.137880E-01   3.100659E-01   3.078013E-01   3.058864E-01   3.044890E-01
   2.973556E-01   2.959662E-01   2.940723E-01   2.936246E-01   3.000000E-01   3.000000E-01   3.000000E-01   3.000000E-01   2.951613E-01   2.963229E-01   2.963906E-01   3.027777E-01   3.090961E-01   3.165400E-01   3.264059E-01   3.181407E-01   3.126185E-01   3.080688E-01   3.070317E-01   3.058583E-01
   2.982969E-01   2.966153E-01   2.946514E-01   2.933504E-01   3.000000E-01   3.000000E-01   3.000000E-01   3.000000E-01   2.939528E-01   2.957017E-01   2.987344E-01   3.036133E-01   3.092216E-01   3.151205E-01   3.188388E-01   3.165523E-01   3.119921E-01   3.085331E-01   3.057638E-01   3.036600E-01
   2.994416E-01   2.976699E-01   2.954357E-01   2.932653E-01   3.000000E-01   3.000000E-01   3.000000E-01   3.000000E-01   2.927908E-01   2.962540E-01   3.003274E-01   3.043886E-01   3.082404E-01   3.116178E-01   3.137055E-01   3.129548E-01   3.104913E-01   3.077032E-01   3.051701E-01   3.032360E-01
   3.017577E-01   2.994544E-01   2.967325E-01   2.934366E-01   3.000000E-01   3.000000E-01   2.837847E-01   2.869076E-01   2.917462E-01   2.969447E-01   3.019400E-01   3.050983E-01   3.073361E-01   3.089678E-01   3.098246E-01   3.096605E-01   3.084090E-01   3.063151E-01   3.045784E-01   3.030253E-01
   3.037604E-01   3.019852E-01   2.988381E-01   2.948012E-01   2.895007E-01   3.000000E-01   2.774299E-01   2.844754E-01   2.913779E-01   2.981378E-01   3.045210E-01   3.062302E-01   3.072625E-01   3.075050E-01   3.068505E-01   3.070494E-01   3.064311E-01   3.053778E-01   3.035918E-01   3.043721E-01
   3.076515E-01   3.070245E-01   3.035694E-01   2.979538E-01   2.908559E-01   2.839229E-01   2.809377E-01   2.844344E-01   2.916737E-01   2.994066E-01   3.053883E-01   3.083113E-01   3.083600E-01   3.075725E-01   3.066251E-01   3.057456E-01   3.050182E-01   3.048947E-01   3.041267E-01   3.033586E-01
   3.122286E-01   3.133142E-01   3.103451E-01   3.028023E-01   2.929414E-01   2.842809E-01   2.807575E-01   2.840974E-01   2.923185E-01   3.017080E-01   3.085310E-01   3.110947E-01   3.102513E-01   3.082590E-01   3.066296E-01   3.054221E-01   3.046265E-01   3.038226E-01   3.031730E-01   3.025774E-01
   3.162270E-01   3.207946E-01   3.201473E-01   3.089532E-01   2.946406E-01   2.820149E-01   2.759313E-01   2.813814E-01   2.928692E-01   3.053608E-01   3.147510E-01   3.155340E-01   3.119548E-01   3.086826E-01   3.061270E-01   3.043871E-01   3.035900E-01   3.029404E-01   3.024552E-01   3.017693E-01
   3.174764E-01   3.242073E-01   3.347192E-01   3.126038E-01   2.948839E-01   2.795902E-01   2.651449E-01   2.790307E-01   2.929608E-01   3.080473E-01   3.255368E-01   3.177801E-01   3.120887E-01   3.078643E-01   3.048373E-01   3.031021E-01   3.020907E-01   3.016796E-01   3.014001E-01   3.012291E-01
   3.154736E-01   3.198753E-01   3.191060E-01   3.077522E-01   2.932128E-01   2.804898E-01   2.746496E-01   2.804567E-01   2.925107E-01   3.054974E-01   3.147573E-01   3.147991E-01   3.100528E-01   3.055734E-01   3.023995E-01   3.005271E-01   3.000987E-01   3.001633E-01   3.002530E-01   3.003651E-01
   3.111066E-01   3.117057E-01   3.083609E-01   3.005083E-01   2.901903E-01   2.812413E-01   2.779253E-01   2.821004E-01   2.916333E-01   3.022046E-01   3.090901E-01   3.101015E-01   3.066517E-01   3.020324E-01   2.987303E-01   2.974050E-01   2.977064E-01   2.983756E-01   2.991103E-01   2.995570E-01
   3.064045E-01   3.050648E-01   3.009313E-01   2.949784E-01   2.873245E-01   2.793598E-01   2.761133E-01   2.811036E-01   2.908790E-01   3.009756E-01   3.075791E-01   3.075890E-01   3.030316E-01   2.977146E-01   2.937725E-01   2.937096E-01   2.955128E-01   2.969624E-01   2.979746E-01   2.989044E-01
   3.029410E-01   3.003522E-01   2.958085E-01   2.922621E-01   2.865359E-01   2.790322E-01   2.698057E-01   2.809879E-01   2.909383E-01   3.004527E-01   3.101987E-01   3.051159E-01   2.999932E-01   2.942711E-01   2.874124E-01   2.915369E-01   2.943219E-01   2.961837E-01   2.974294E-01   2.985046E-01
   3.014351E-01   2.990652E-01   2.960467E-01   2.929437E-01   2.889417E-01   2.840898E-01   2.814996E-01   2.857190E-01   2.921468E-01   2.983882E-01   3.025356E-01   3.013083E-01   2.978850E-01   2.941311E-01   2.916029E-01   2.925042E-01   2.946131E-01   2.962201E-01   2.973603E-01   2.981593E-01
   3.000000E-01   2.992906E-01   2.973998E-01   2.955585E-01   2.935345E-01   2.917195E-01   2.910842E-01   2.921231E-01   2.941637E-01   2.962626E-01   2.975160E-01   2.974968E-01   2.965744E-01   2.953983E-01   2.947012E-01   2.949721E-01   2.959104E-01   2.968907E-01   2.976872E-01   2.983403E-01
   3.000000E-01   3.000000E-01   2.992449E-01   2.985838E-01   2.984680E-01   2.992709E-01   2.999854E-01   2.983364E-01   2.962713E-01   2.945062E-01   2.934262E-01   2.943717E-01   2.957152E-01   2.966620E-01   2.973451E-01   2.973599E-01   2.974804E-01   2.978177E-01   2.982559E-01   2.986927E-01
   3.000000E-01   3.000000E-01   3.000000E-01   3.012467E-01   3.023711E-01   3.049028E-01   3.095415E-01   3.029574E-01   2.980196E-01   2.937069E-01   2.888476E-01   2.925321E-01   2.952347E-01   2.975733E-01   3.001196E-01   2.991588E-01   2.987494E-01   2.987053E-01   2.988547E-01   2.990816E-01
   3.000000E-01   3.000000E-01   3.000000E-01   3.000000E-01   3.041640E-01   3.060081E-01   3.064305E-01   3.037592E-01   2.992613E-01   2.953109E-01   2.930306E-01   2.935843E-01   2.956897E-01   2.978231E-01   2.994413E-01   2.996616E-01   2.994347E-01   2.993109E-01   2.993241E-01   3.000000E-01
   3.000000E-01   3.000000E-01   3.000000E-01   3.000000E-01   3.043132E-01   3.050621E-01   3.045488E-01   3.027834E-01   2.998434E-01   2.973247E-01   2.958095E-01   2.957821E-01   2.968045E-01   2.981594E-01   2.992141E-01   2.996311E-01   2.996775E-01   2.996413E-01   2.996383E-01   3.000000E-01
   3.000000E-01   3.000000E-01   3.000000E-01   3.000000E-01   3.000000E-01   3.040256E-01   3.034648E-01   3.022522E-01   3.001331E-01   2.985840E-01   2.975977E-01   2.974129E-01   2.978817E-01   2.986419E-01   2.992610E-01   2.996266E-01   2.997728E-01   2.998147E-01   3.000000E-01   3.000000E-01
   3.000000E-01   3.000000E-01   3.000000E-01   3.000000E-01   3.000000E-01   3.033455E-01   3.028626E-01   3.020300E-01   3.003711E-01   2.994024E-01   2.987478E-01   2.985402E-01   2.987284E-01   2.990762E-01   2.994329E-01   2.996975E-01   2.998479E-01   3.000000E-01   3.000000E-01   3.000000E-01
   3.000000E-01   3.000000E-01   3.000000E-01   3.000000E-01   3.000000E-01   3.029209E-01   3.025401E-01   3.019678E-01   3.005564E-01   2.999364E-01   2.994957E-01   2.993002E-01   2.992963E-01   2.994419E-01   2.996374E-01   2.998099E-01   3.000000E-01   3.000000E-01   3.000000E-01   3.000000E-01
