   9.508267E-05   9.508267E-05   9.508267E-05   9.508267E-05   9.508267E-05   9.508267E-05   9.508267E-05   9.508267E-05   9.508267E-05   9.508267E-05   9.508267E-05   9.508267E-05   9.508267E-05   9.508267E-05   9.508267E-05   9.508267E-05   9.508267E-05   9.508267E-05   9.508267E-05   9.508267E-05
   9.508267E-05   9.508267E-05   9.508267E-05   9.508267E-05   9.508267E-05   9.508267E-05   9.508267E-05   9.508267E-05   9.508267E-05   9.508267E-05   9.508267E-05   9.508267E-05   9.508267E-05   9.508267E-05   9.508267E-05   9.508267E-05   9.508267E-05   9.508267E-05   9.508267E-05   9.508267E-05
   9.508267E-05   9.508267E-05   9.508267E-05   9.508267E-05   9.508267E-05   9.508267E-05   9.508267E-05   9.508267E-05   9.508267E-05   9.508267E-05   9.508267E-05   9.508267E-05   9.508267E-05   9.508267E-05   9.508267E-05   9.508267E-05   9.508267E-05   9.508267E-05   9.508267E-05   9.508267E-05
   9.508267E-05   9.508267E-05   9.508267E-05   9.508267E-05   9.508267E-05   9.508267E-05   9.508267E-05   9.508267E-05   9.508267E-05   9.508267E-05   9.508267E-05   9.508267E-05   9.508267E-05   9.508267E-05   9.508267E-05   9.508267E-05   9.508267E-05   9.508267E-05   9.508267E-05   9.508267E-05
   9.508267E-05   9.508267E-05   9.508267E-05   9.508267E-05   9.508267E-05   9.508267E-05   9.508267E-05   9.508267E-05   9.508267E-05   9.508267E-05   9.508267E-05   9.508267E-05   9.508267E-05   9.508267E-05   9.508267E-05   9.508267E-05   9.508267E-05   9.508267E-05   9.508267E-05   9.508267E-05
   9.508267E-05   9.508267E-05   9.508267E-05   9.508267E-05   9.508267E-05   9.508267E-05   9.508267E-05   9.508267E-05   9.508267E-05   9.508267E-05   9.508267E-05   9.508267E-05   9.508267E-05   9.508267E-05   9.508267E-05   9.508267E-05   9.508267E-05   9.508267E-05   9.508267E-05   9.508267E-05
   9.508267E-05   9.508267E-05   9.508267E-05   9.508267E-05   9.508267E-05   9.508267E-05   9.508267E-05   9.508267E-05   9.508267E-05   9.508267E-05   9.508267E-05   9.508267E-05   9.508267E-05   9.508267E-05   9.508267E-05   9.508267E-05   9.508267E-05   9.508267E-05   9.508267E-05   9.508267E-05
   9.508267E-05   9.508267E-05   9.508267E-05   9.508267E-05   9.508267E-05   9.508267E-05   9.508267E-05   9.508267E-05   9.508267E-05   9.508267E-05   9.508267E-05   9.508267E-05   9.508267E-05   9.508267E-05   9.508267E-05   9.508267E-05   9.508267E-05   9.508267E-05   9.508267E-05   9.508267E-05
   9.508267E-05   9.508267E-05   9.508267E-05   9.508267E-05   9.692941E-05   9.692941E-05   9.692941E-05   9.508267E-05   9.508267E-05   9.508267E-05   9.508267E-05   9.508267E-05   9.508267E-05   9.508267E-05   9.508267E-05   9.508267E-05   9.508267E-05   9.508267E-05   9.508267E-05   9.508267E-05
   9.508267E-05   9.508267E-05   9.508267E-05   9.508267E-05   9.692941E-05   9.692941E-05   9.692941E-05   9.692941E-05   9.508267E-05   9.508267E-05   9.508267E-05   9.508267E-05   9.508267E-05   9.508267E-05   9.508267E-05   9.508267E-05   9.508267E-05   9.508267E-05   9.508267E-05   9.508267E-05
   9.508267E-05   9.508267E-05   9.508267E-05   9.508267E-05   9.692941E-05   9.692941E-05   9.692941E-05   9.692941E-05   9.508267E-05   9.508267E-05   9.508267E-05   9.508267E-05   9.508267E-05   9.508267E-05   9.508267E-05   9.508267E-05   9.508267E-05   9.508267E-05   9.508267E-05   9.508267E-05
   9.508267E-05   9.508267E-05   9.508267E-05   9.508267E-05   9.692941E-05   9.692941E-05   9.692941E-05   9.692941E-05   9.508267E-05   9.508267E-05   9.508267E-05   9.508267E-05   9.508267E-05   9.508267E-05   9.508267E-05   9.508267E-05   9.508267E-05   9.508267E-05   9.508267E-05   9.508267E-05
   9.508267E-05   9.508267E-05   9.508267E-05   9.508267E-05   9.692941E-05   9.692941E-05   9.692941E-05   9.692941E-05   9.508267E-05   9.508267E-05   9.508267E-05   9.508267E-05   9.508267E-05   9.508267E-05   9.508267E-05   9.508267E-05   9.508267E-05   9.508267E-05   9.508267E-05   9.508267E-05
   9.508267E-05   9.508267E-05   9.508267E-05   9.508267E-05   9.692941E-05   9.692941E-05   9.692941E-05   9.692941E-05   9.508267E-05   9.508267E-05   9.508267E-05   9.508267E-05   9.508267E-05   9.508267E-05   9.508267E-05   9.508267E-05   9.508267E-05   9.508267E-05   9.508267E-05   9.508267E-05
   9.508267E-05   9.508267E-05   9.508267E-05   9.508267E-05   9.692941E-05   9.692941E-05   9.692941E-05   9.692941E-05   9.508267E-05   9.508267E-05   9.508267E-05   9.508267E-05   9.508267E-05   9.508267E-05   9.508267E-05   9.508267E-05   9.508267E-05   9.508267E-05   9.508267E-05   9.508267E-05
   9.508267E-05   9.508267E-05   9.508267E-05   9.508267E-05   9.692941E-05   9.692941E-05   9.692941E-05   9.692941E-05   9.508267E-05   9.508267E-05   9.508267E-05   9.508267E-05   9.508267E-05   9.508267E-05   9.508267E-05   9.508267E-05   9.508267E-05   9.508267E-05   9.508267E-05   9.508267E-05
   9.508267E-05   9.508267E-05   9.508267E-05   9.508267E-05   9.692941E-05   9.692941E-05   9.692941E-05   9.692941E-05   9.508267E-05   9.508267E-05   9.508267E-05   9.508267E-05   9.508267E-05   9.508267E-05   9.508267E-05   9.508267E-05   9.508267E-05   9.508267E-05   9.508267E-05   9.508267E-05
   9.508267E-05   9.508267E-05   9.508267E-05   9.508267E-05   9.692941E-05   9.692941E-05   9.692941E-05   9.692941E-05   9.508267E-05   9.508267E-05   9.508267E-05   9.508267E-05   9.508267E-05   9.508267E-05   9.508267E-05   9.508267E-05   9.508267E-05   9.508267E-05   9.508267E-05   9.508267E-05
   9.508267E-05   9.508267E-05   9.508267E-05   9.508267E-05   9.692941E-05   9.692941E-05   9.692941E-05   9.692941E-05   9.508267E-05   9.508267E-05   9.508267E-05   9.508267E-05   9.508267E-05   9.508267E-05   9.508267E-05   9.508267E-05   9.508267E-05   9.508267E-05   9.508267E-05   9.508267E-05
   9.508267E-05   9.508267E-05   9.508267E-05   9.508267E-05   9.692941E-05   9.692941E-05   9.692941E-05   9.692941E-05   9.508267E-05   9.508267E-05   9.508267E-05   9.508267E-05   9.508267E-05   9.508267E-05   9.508267E-05   9.508267E-05   9.508267E-05   9.508267E-05   9.508267E-05   9.508267E-05
   9.508267E-05   9.508267E-05   9.508267E-05   9.508267E-05   9.692941E-05   9.692941E-05   9.692941E-05   9.692941E-05   9.508267E-05   9.508267E-05   9.508267E-05   9.508267E-05   9.508267E-05   9.508267E-05   9.508267E-05   9.508267E-05   9.508267E-05   9.508267E-05   9.508267E-05   9.508267E-05
   9.508267E-05   9.508267E-05   9.508267E-05   9.508267E-05   9.692941E-05   9.692941E-05   9.508267E-05   9.508267E-05   9.508267E-05   9.508267E-05   9.508267E-05   9.508267E-05   9.508267E-05   9.508267E-05   9.508267E-05   9.508267E-05   9.508267E-05   9.508267E-05   9.508267E-05   9.508267E-05
   9.508267E-05   9.508267E-05   9.508267E-05   9.508267E-05   9.508267E-05   9.692941E-05   9.508267E-05   9.508267E-05   9.508267E-05   9.508267E-05   9.508267E-05   9.508267E-05   9.508267E-05   9.508267E-05   9.508267E-05   9.508267E-05   9.508267E-05   9.508267E-05   9.508267E-05   9.508267E-05
   9.508267E-05   9.508267E-05   9.508267E-05   9.508267E-05   9.508267E-05   9.508267E-05   9.508267E-05   9.508267E-05   9.508267E-05   9.508267E-05   9.508267E-05   9.508267E-05   9.508267E-05   9.508267E-05   9.508267E-05   9.508267E-05   9.508267E-05   9.508267E-05   9.508267E-05   9.508267E-05
   9.508267E-05   9.508267E-05   9.508267E-05   9.508267E-05   9.508267E-05   9.508267E-05   9.508267E-05   9.508267E-05   9.508267E-05   9.508267E-05   9.508267E-05   9.508267E-05   9.508267E-05   9.508267E-05   9.508267E-05   9.508267E-05   9.508267E-05   9.508267E-05   9.508267E-05   9.508267E-05
   9.508267E-05   9.508267E-05   9.508267E-05   9.508267E-05   9.508267E-05   9.508267E-05   9.508267E-05   9.508267E-05   9.508267E-05   9.508267E-05   9.508267E-05   9.508267E-05   9.508267E-05   9.508267E-05   9.508267E-05   9.508267E-05   9.508267E-05   9.508267E-05   9.508267E-05   9.508267E-05
   9.508267E-05   9.508267E-05   9.508267E-05   9.508267E-05   9.508267E-05   9.508267E-05   9.508267E-05   9.508267E-05   9.508267E-05   9.508267E-05   9.508267E-05   9.508267E-05   9.508267E-05   9.508267E-05   9.508267E-05   9.508267E-05   9.508267E-05   9.508267E-05   9.508267E-05   9.508267E-05
   9.508267E-05   9.508267E-05   9.508267E-05   9.508267E-05   9.508267E-05   9.508267E-05   9.508267E-05   9.508267E-05   9.508267E-05   9.508267E-05   9.508267E-05   9.508267E-05   9.508267E-05   9.508267E-05   9.508267E-05   9.508267E-05   9.508267E-05   9.508267E-05   9.508267E-05   9.508267E-05
   9.508267E-05   9.508267E-05   9.508267E-05   9.508267E-05   9.508267E-05   9.508267E-05   9.508267E-05   9.508267E-05   9.508267E-05   9.508267E-05   9.508267E-05   9.508267E-05   9.508267E-05   9.508267E-05   9.508267E-05   9.508267E-05   9.508267E-05   9.508267E-05   9.508267E-05   9.508267E-05
   9.508267E-05   9.508267E-05   9.508267E-05   9.508267E-05   9.508267E-05   9.508267E-05   9.508267E-05   9.508267E-05   9.508267E-05   9.508267E-05   9.508267E-05   9.508267E-05   9.508267E-05   9.508267E-05   9.508267E-05   9.508267E-05   9.508267E-05   9.508267E-05   9.508267E-05   9.508267E-05
   9.508267E-05   9.508267E-05   9.508267E-05   9.508267E-05   9.508267E-05   9.508267E-05   9.508267E-05   9.508267E-05   9.508267E-05   9.508267E-05   9.508267E-05   9.508267E-05   9.508267E-05   9.508267E-05   9.508267E-05   9.508267E-05   9.508267E-05   9.508267E-05   9.508267E-05   9.508267E-05
   9.508267E-05   9.508267E-05   9.508267E-05   9.508267E-05   9.508267E-05   9.508267E-05   9.508267E-05   9.508267E-05   9.508267E-05   9.508267E-05   9.508267E-05   9.508267E-05   9.508267E-05   9.508267E-05   9.508267E-05   9.508267E-05   9.508267E-05   9.508267E-05   9.508267E-05   9.508267E-05
   9.692941E-05   9.508267E-05   9.508267E-05   9.508267E-05   9.508267E-05   9.508267E-05   9.508267E-05   9.508267E-05   9.508267E-05   9.508267E-05   9.508267E-05   9.508267E-05   9.508267E-05   9.508267E-05   9.508267E-05   9.508267E-05   9.508267E-05   9.508267E-05   9.508267E-05   9.508267E-05
   9.692941E-05   9.692941E-05   9.508267E-05   9.508267E-05   9.508267E-05   9.508267E-05   9.508267E-05   9.508267E-05   9.508267E-05   9.508267E-05   9.508267E-05   9.508267E-05   9.508267E-05   9.508267E-05   9.508267E-05   9.508267E-05   9.508267E-05   9.508267E-05   9.508267E-05   9.508267E-05
   9.692941E-05   9.692941E-05   9.692941E-05   9.508267E-05   9.508267E-05   9.508267E-05   9.508267E-05   9.508267E-05   9.508267E-05   9.508267E-05   9.508267E-05   9.508267E-05   9.508267E-05   9.508267E-05   9.508267E-05   9.508267E-05   9.508267E-05   9.508267E-05   9.508267E-05   9.508267E-05
   9.692941E-05   9.692941E-05   9.692941E-05   9.692941E-05   9.508267E-05   9.508267E-05   9.508267E-05   9.508267E-05   9.508267E-05   9.508267E-05   9.508267E-05   9.508267E-05   9.508267E-05   9.508267E-05   9.508267E-05   9.508267E-05   9.508267E-05   9.508267E-05   9.508267E-05   9.692941E-05
   9.692941E-05   9.692941E-05   9.692941E-05   9.692941E-05   9.508267E-05   9.508267E-05   9.508267E-05   9.508267E-05   9.508267E-05   9.508267E-05   9.508267E-05   9.508267E-05   9.508267E-05   9.508267E-05   9.508267E-05   9.508267E-05   9.508267E-05   9.508267E-05   9.508267E-05   9.692941E-05
   9.692941E-05   9.692941E-05   9.692941E-05   9.692941E-05   9.692941E-05   9.508267E-05   9.508267E-05   9.508267E-05   9.508267E-05   9.508267E-05   9.508267E-05   9.508267E-05   9.508267E-05   9.508267E-05   9.508267E-05   9.508267E-05   9.508267E-05   9.508267E-05   9.692941E-05   9.692941E-05
   9.692941E-05   9.692941E-05   9.692941E-05   9.692941E-05   9.692941E-05   9.508267E-05   9.508267E-05   9.508267E-05   9.508267E-05   9.508267E-05   9.508267E-05   9.508267E-05   9.508267E-05   9.508267E-05   9.508267E-05   9.508267E-05   9.508267E-05   9.692941E-05   9.692941E-05   9.692941E-05
   9.692941E-05   9.692941E-05   9.692941E-05   9.692941E-05   9.692941E-05   9.508267E-05   9.508267E-05   9.508267E-05   9.508267E-05   9.508267E-05   9.508267E-05   9.508267E-05   9.508267E-05   9.508267E-05   9.508267E-05   9.508267E-05   9.692941E-05   9.692941E-05   9.692941E-05   9.692941E-05
