   4.282287E-05   4.282287E-05   4.282287E-05   4.282287E-05   4.282287E-05   4.282287E-05   4.282287E-05   4.282287E-05   4.282287E-05   4.282287E-05   4.282287E-05   4.282287E-05   4.282287E-05   4.282287E-05   4.282287E-05   4.282287E-05   4.282287E-05   4.282287E-05   4.282287E-05   4.282287E-05
   4.282287E-05   4.282287E-05   4.282287E-05   4.282287E-05   4.282287E-05   4.282287E-05   4.282287E-05   4.282287E-05   4.282287E-05   4.282287E-05   4.282287E-05   4.282287E-05   4.282287E-05   4.282287E-05   4.282287E-05   4.282287E-05   4.282287E-05   4.282287E-05   4.282287E-05   4.282287E-05
   4.282287E-05   4.282287E-05   4.282287E-05   4.282287E-05   4.282287E-05   4.282287E-05   4.282287E-05   4.282287E-05   4.282287E-05   4.282287E-05   4.282287E-05   4.282287E-05   4.282287E-05   4.282287E-05   4.282287E-05   4.282287E-05   4.282287E-05   4.282287E-05   4.282287E-05   4.282287E-05
   4.282287E-05   4.282287E-05   4.282287E-05   4.282287E-05   4.282287E-05   4.282287E-05   4.282287E-05   4.282287E-05   4.282287E-05   4.282287E-05   4.282287E-05   4.282287E-05   4.282287E-05   4.282287E-05   4.282287E-05   4.282287E-05   4.282287E-05   4.282287E-05   4.282287E-05   4.282287E-05
   4.282287E-05   4.282287E-05   4.282287E-05   4.282287E-05   4.282287E-05   4.282287E-05   4.282287E-05   4.282287E-05   4.282287E-05   4.282287E-05   4.282287E-05   4.282287E-05   4.282287E-05   4.282287E-05   4.282287E-05   4.282287E-05   4.282287E-05   4.282287E-05   4.282287E-05   4.282287E-05
   4.282287E-05   4.282287E-05   4.282287E-05   4.282287E-05   4.282287E-05   4.282287E-05   4.282287E-05   4.282287E-05   4.282287E-05   4.282287E-05   4.282287E-05   4.282287E-05   4.282287E-05   4.282287E-05   4.282287E-05   4.282287E-05   4.282287E-05   4.282287E-05   4.282287E-05   4.282287E-05
   4.282287E-05   4.282287E-05   4.282287E-05   4.282287E-05   4.282287E-05   4.282287E-05   4.282287E-05   4.282287E-05   4.282287E-05   4.282287E-05   4.282287E-05   4.282287E-05   4.282287E-05   4.282287E-05   4.282287E-05   4.282287E-05   4.282287E-05   4.282287E-05   4.282287E-05   4.282287E-05
   4.282287E-05   4.282287E-05   4.282287E-05   4.282287E-05   4.282287E-05   4.282287E-05   4.282287E-05   4.282287E-05   4.282287E-05   4.282287E-05   4.282287E-05   4.282287E-05   4.282287E-05   4.282287E-05   4.282287E-05   4.282287E-05   4.282287E-05   4.282287E-05   4.282287E-05   4.282287E-05
   4.282287E-05   4.282287E-05   4.282287E-05   4.282287E-05   2.854858E-05   2.854858E-05   2.854858E-05   4.282287E-05   4.282287E-05   4.282287E-05   4.282287E-05   4.282287E-05   4.282287E-05   4.282287E-05   4.282287E-05   4.282287E-05   4.282287E-05   4.282287E-05   4.282287E-05   4.282287E-05
   4.282287E-05   4.282287E-05   4.282287E-05   4.282287E-05   2.854858E-05   2.854858E-05   2.854858E-05   2.854858E-05   4.282287E-05   4.282287E-05   4.282287E-05   4.282287E-05   4.282287E-05   4.282287E-05   4.282287E-05   4.282287E-05   4.282287E-05   4.282287E-05   4.282287E-05   4.282287E-05
   4.282287E-05   4.282287E-05   4.282287E-05   4.282287E-05   2.854858E-05   2.854858E-05   2.854858E-05   2.854858E-05   4.282287E-05   4.282287E-05   4.282287E-05   4.282287E-05   4.282287E-05   4.282287E-05   4.282287E-05   4.282287E-05   4.282287E-05   4.282287E-05   4.282287E-05   4.282287E-05
   4.282287E-05   4.282287E-05   4.282287E-05   4.282287E-05   2.854858E-05   2.854858E-05   2.854858E-05   2.854858E-05   4.282287E-05   4.282287E-05   4.282287E-05   4.282287E-05   4.282287E-05   4.282287E-05   4.282287E-05   4.282287E-05   4.282287E-05   4.282287E-05   4.282287E-05   4.282287E-05
   4.282287E-05   4.282287E-05   4.282287E-05   4.282287E-05   2.854858E-05   2.854858E-05   2.854858E-05   2.854858E-05   4.282287E-05   4.282287E-05   4.282287E-05   4.282287E-05   4.282287E-05   4.282287E-05   4.282287E-05   4.282287E-05   4.282287E-05   4.282287E-05   4.282287E-05   4.282287E-05
   4.282287E-05   4.282287E-05   4.282287E-05   4.282287E-05   2.854858E-05   2.854858E-05   2.854858E-05   2.854858E-05   4.282287E-05   4.282287E-05   4.282287E-05   4.282287E-05   4.282287E-05   4.282287E-05   4.282287E-05   4.282287E-05   4.282287E-05   4.282287E-05   4.282287E-05   4.282287E-05
   4.282287E-05   4.282287E-05   4.282287E-05   4.282287E-05   2.854858E-05   2.854858E-05   2.854858E-05   2.854858E-05   4.282287E-05   4.282287E-05   4.282287E-05   4.282287E-05   4.282287E-05   4.282287E-05   4.282287E-05   4.282287E-05   4.282287E-05   4.282287E-05   4.282287E-05   4.282287E-05
   4.282287E-05   4.282287E-05   4.282287E-05   4.282287E-05   2.854858E-05   2.854858E-05   2.854858E-05   2.854858E-05   4.282287E-05   4.282287E-05   4.282287E-05   4.282287E-05   4.282287E-05   4.282287E-05   4.282287E-05   4.282287E-05   4.282287E-05   4.282287E-05   4.282287E-05   4.282287E-05
   4.282287E-05   4.282287E-05   4.282287E-05   4.282287E-05   2.854858E-05   2.854858E-05   2.854858E-05   2.854858E-05   4.282287E-05   4.282287E-05   4.282287E-05   4.282287E-05   4.282287E-05   4.282287E-05   4.282287E-05   4.282287E-05   4.282287E-05   4.282287E-05   4.282287E-05   4.282287E-05
   4.282287E-05   4.282287E-05   4.282287E-05   4.282287E-05   2.854858E-05   2.854858E-05   2.854858E-05   2.854858E-05   4.282287E-05   4.282287E-05   4.282287E-05   4.282287E-05   4.282287E-05   4.282287E-05   4.282287E-05   4.282287E-05   4.282287E-05   4.282287E-05   4.282287E-05   4.282287E-05
   4.282287E-05   4.282287E-05   4.282287E-05   4.282287E-05   2.854858E-05   2.854858E-05   2.854858E-05   2.854858E-05   4.282287E-05   4.282287E-05   4.282287E-05   4.282287E-05   4.282287E-05   4.282287E-05   4.282287E-05   4.282287E-05   4.282287E-05   4.282287E-05   4.282287E-05   4.282287E-05
   4.282287E-05   4.282287E-05   4.282287E-05   4.282287E-05   2.854858E-05   2.854858E-05   2.854858E-05   2.854858E-05   4.282287E-05   4.282287E-05   4.282287E-05   4.282287E-05   4.282287E-05   4.282287E-05   4.282287E-05   4.282287E-05   4.282287E-05   4.282287E-05   4.282287E-05   4.282287E-05
   4.282287E-05   4.282287E-05   4.282287E-05   4.282287E-05   2.854858E-05   2.854858E-05   2.854858E-05   2.854858E-05   4.282287E-05   4.282287E-05   4.282287E-05   4.282287E-05   4.282287E-05   4.282287E-05   4.282287E-05   4.282287E-05   4.282287E-05   4.282287E-05   4.282287E-05   4.282287E-05
   4.282287E-05   4.282287E-05   4.282287E-05   4.282287E-05   2.854858E-05   2.854858E-05   4.282287E-05   4.282287E-05   4.282287E-05   4.282287E-05   4.282287E-05   4.282287E-05   4.282287E-05   4.282287E-05   4.282287E-05   4.282287E-05   4.282287E-05   4.282287E-05   4.282287E-05   4.282287E-05
   4.282287E-05   4.282287E-05   4.282287E-05   4.282287E-05   4.282287E-05   2.854858E-05   4.282287E-05   4.282287E-05   4.282287E-05   4.282287E-05   4.282287E-05   4.282287E-05   4.282287E-05   4.282287E-05   4.282287E-05   4.282287E-05   4.282287E-05   4.282287E-05   4.282287E-05   4.282287E-05
   4.282287E-05   4.282287E-05   4.282287E-05   4.282287E-05   4.282287E-05   4.282287E-05   4.282287E-05   4.282287E-05   4.282287E-05   4.282287E-05   4.282287E-05   4.282287E-05   4.282287E-05   4.282287E-05   4.282287E-05   4.282287E-05   4.282287E-05   4.282287E-05   4.282287E-05   4.282287E-05
   4.282287E-05   4.282287E-05   4.282287E-05   4.282287E-05   4.282287E-05   4.282287E-05   4.282287E-05   4.282287E-05   4.282287E-05   4.282287E-05   4.282287E-05   4.282287E-05   4.282287E-05   4.282287E-05   4.282287E-05   4.282287E-05   4.282287E-05   4.282287E-05   4.282287E-05   4.282287E-05
   4.282287E-05   4.282287E-05   4.282287E-05   4.282287E-05   4.282287E-05   4.282287E-05   4.282287E-05   4.282287E-05   4.282287E-05   4.282287E-05   4.282287E-05   4.282287E-05   4.282287E-05   4.282287E-05   4.282287E-05   4.282287E-05   4.282287E-05   4.282287E-05   4.282287E-05   4.282287E-05
   4.282287E-05   4.282287E-05   4.282287E-05   4.282287E-05   4.282287E-05   4.282287E-05   4.282287E-05   4.282287E-05   4.282287E-05   4.282287E-05   4.282287E-05   4.282287E-05   4.282287E-05   4.282287E-05   4.282287E-05   4.282287E-05   4.282287E-05   4.282287E-05   4.282287E-05   4.282287E-05
   4.282287E-05   4.282287E-05   4.282287E-05   4.282287E-05   4.282287E-05   4.282287E-05   4.282287E-05   4.282287E-05   4.282287E-05   4.282287E-05   4.282287E-05   4.282287E-05   4.282287E-05   4.282287E-05   4.282287E-05   4.282287E-05   4.282287E-05   4.282287E-05   4.282287E-05   4.282287E-05
   4.282287E-05   4.282287E-05   4.282287E-05   4.282287E-05   4.282287E-05   4.282287E-05   4.282287E-05   4.282287E-05   4.282287E-05   4.282287E-05   4.282287E-05   4.282287E-05   4.282287E-05   4.282287E-05   4.282287E-05   4.282287E-05   4.282287E-05   4.282287E-05   4.282287E-05   4.282287E-05
   4.282287E-05   4.282287E-05   4.282287E-05   4.282287E-05   4.282287E-05   4.282287E-05   4.282287E-05   4.282287E-05   4.282287E-05   4.282287E-05   4.282287E-05   4.282287E-05   4.282287E-05   4.282287E-05   4.282287E-05   4.282287E-05   4.282287E-05   4.282287E-05   4.282287E-05   4.282287E-05
   4.282287E-05   4.282287E-05   4.282287E-05   4.282287E-05   4.282287E-05   4.282287E-05   4.282287E-05   4.282287E-05   4.282287E-05   4.282287E-05   4.282287E-05   4.282287E-05   4.282287E-05   4.282287E-05   4.282287E-05   4.282287E-05   4.282287E-05   4.282287E-05   4.282287E-05   4.282287E-05
   4.282287E-05   4.282287E-05   4.282287E-05   4.282287E-05   4.282287E-05   4.282287E-05   4.282287E-05   4.282287E-05   4.282287E-05   4.282287E-05   4.282287E-05   4.282287E-05   4.282287E-05   4.282287E-05   4.282287E-05   4.282287E-05   4.282287E-05   4.282287E-05   4.282287E-05   4.282287E-05
   2.854858E-05   4.282287E-05   4.282287E-05   4.282287E-05   4.282287E-05   4.282287E-05   4.282287E-05   4.282287E-05   4.282287E-05   4.282287E-05   4.282287E-05   4.282287E-05   4.282287E-05   4.282287E-05   4.282287E-05   4.282287E-05   4.282287E-05   4.282287E-05   4.282287E-05   4.282287E-05
   2.854858E-05   2.854858E-05   4.282287E-05   4.282287E-05   4.282287E-05   4.282287E-05   4.282287E-05   4.282287E-05   4.282287E-05   4.282287E-05   4.282287E-05   4.282287E-05   4.282287E-05   4.282287E-05   4.282287E-05   4.282287E-05   4.282287E-05   4.282287E-05   4.282287E-05   4.282287E-05
   2.854858E-05   2.854858E-05   2.854858E-05   4.282287E-05   4.282287E-05   4.282287E-05   4.282287E-05   4.282287E-05   4.282287E-05   4.282287E-05   4.282287E-05   4.282287E-05   4.282287E-05   4.282287E-05   4.282287E-05   4.282287E-05   4.282287E-05   4.282287E-05   4.282287E-05   4.282287E-05
   2.854858E-05   2.854858E-05   2.854858E-05   2.854858E-05   4.282287E-05   4.282287E-05   4.282287E-05   4.282287E-05   4.282287E-05   4.282287E-05   4.282287E-05   4.282287E-05   4.282287E-05   4.282287E-05   4.282287E-05   4.282287E-05   4.282287E-05   4.282287E-05   4.282287E-05   2.854858E-05
   2.854858E-05   2.854858E-05   2.854858E-05   2.854858E-05   4.282287E-05   4.282287E-05   4.282287E-05   4.282287E-05   4.282287E-05   4.282287E-05   4.282287E-05   4.282287E-05   4.282287E-05   4.282287E-05   4.282287E-05   4.282287E-05   4.282287E-05   4.282287E-05   4.282287E-05   2.854858E-05
   2.854858E-05   2.854858E-05   2.854858E-05   2.854858E-05   2.854858E-05   4.282287E-05   4.282287E-05   4.282287E-05   4.282287E-05   4.282287E-05   4.282287E-05   4.282287E-05   4.282287E-05   4.282287E-05   4.282287E-05   4.282287E-05   4.282287E-05   4.282287E-05   2.854858E-05   2.854858E-05
   2.854858E-05   2.854858E-05   2.854858E-05   2.854858E-05   2.854858E-05   4.282287E-05   4.282287E-05   4.282287E-05   4.282287E-05   4.282287E-05   4.282287E-05   4.282287E-05   4.282287E-05   4.282287E-05   4.282287E-05   4.282287E-05   4.282287E-05   2.854858E-05   2.854858E-05   2.854858E-05
   2.854858E-05   2.854858E-05   2.854858E-05   2.854858E-05   2.854858E-05   4.282287E-05   4.282287E-05   4.282287E-05   4.282287E-05   4.282287E-05   4.282287E-05   4.282287E-05   4.282287E-05   4.282287E-05   4.282287E-05   4.282287E-05   2.854858E-05   2.854858E-05   2.854858E-05   2.854858E-05
