1 1 1 16 250.0 5.0 5e-05 34.0 1.0 0.08921814005946001 0.03 1 1.0 0 headwater
2 1 2 16 250.0 5.0 5e-05 33.98718 1.0 0.08626578901248001 0.03 2 1.0 0 headwater
3 1 3 16 250.0 5.0 5e-05 33.97436 1.0 0.08779605230736001 0.03 2 1.0 0 headwater
4 1 4 16 250.0 5.0 5e-05 33.96154 1.0 0.13435767813774002 0.03 2 1.0 0 headwater
5 1 5 16 250.0 5.0 5e-05 33.94872 1.0 0.08744620257473999 0.03 2 1.0 0 headwater
6 1 6 16 250.0 5.0 5e-05 33.9359 1.0 0.0933742733052 0.03 2 1.0 0 headwater
7 1 7 16 250.0 5.0 5e-05 33.92308 1.0 0.09837720096084 0.03 2 1.0 0 headwater
8 1 8 16 250.0 5.0 5e-05 33.91026 1.0 0.08657221556964001 0.03 2 1.0 0 headwater
9 1 9 16 250.0 5.0 5e-05 33.89743 1.0 0.09416022428334 0.03 2 1.0 0 headwater
10 1 10 16 250.0 5.0 5e-05 33.88462 1.0 0.07950740938296001 0.03 2 1.0 0 headwater
11 1 11 16 250.0 5.0 5e-05 33.8718 1.0 0.08651247683706 0.03 2 1.0 0 headwater
12 1 12 16 250.0 5.0 5e-05 33.85897 1.0 0.0860025307002 0.03 2 1.0 0 headwater
13 1 13 16 250.0 5.0 5e-05 33.84615 1.0 0.08770801628040001 0.03 2 1.0 0 headwater
14 1 14 16 250.0 5.0 5e-05 33.83333 1.0 0.08181001886069401 0.03 2 1.0 0 headwater
15 1 15 16 250.0 5.0 5e-05 33.82051 1.0 0.0912642978714 0.03 2 1.0 0 headwater
16 1 16 16 250.0 5.0 5e-05 33.80769 1.0 0.054689280093510005 0.03 2 1.0 0 headwater
17 1 17 16 250.0 5.0 5e-05 33.79487 1.0 0.08051143647691801 0.03 2 1.0 0 headwater
18 1 18 16 250.0 5.0 5e-05 33.78205 1.0 0.080889566508546 0.03 2 1.0 0 headwater
19 1 19 16 250.0 5.0 5e-05 33.76923 1.0 0.08703567936407999 0.03 2 1.0 0 headwater
20 1 20 16 250.0 5.0 5e-05 33.75641 1.0 0.08564256872124 0.03 2 1.0 0 headwater
21 1 21 16 250.0 5.0 5e-05 33.74359 1.0 0.09067472841672 0.03 2 1.0 0 headwater
22 1 22 16 250.0 5.0 5e-05 33.73077 1.0 0.08379648892617 0.03 2 1.0 0 tailwater
23 1 23 16 250.0 5.0 5e-05 33.71795 1.0 0.066375578304348 0.03 2 1.0 0 tailwater
24 1 24 16 250.0 5.0 5e-05 33.70513 1.0 0.07173920723763001 0.03 2 1.0 0 tailwater
25 1 25 16 250.0 5.0 5e-05 33.69231 1.0 0.056725767538781995 0.03 2 1.0 0 tailwater
26 1 26 16 250.0 5.0 5e-05 33.67949 1.0 0.11139718549632001 0.03 2 1.0 0 tailwater
27 1 27 16 250.0 5.0 5e-05 33.66667 1.0 0.07741117470742201 0.03 2 1.0 0 tailwater
28 1 28 16 250.0 5.0 5e-05 33.65385 1.0 0.063338717770098 0.03 2 1.0 0 tailwater
29 1 29 16 250.0 5.0 5e-05 33.64103 1.0 0.08158933395527401 0.03 2 1.0 0 tailwater
30 1 30 16 250.0 5.0 5e-05 33.6282 1.0 0.07903519297194 0.03 2 1.0 0 tailwater
31 1 31 16 250.0 5.0 5e-05 33.61538 1.0 0.0923039897535 0.03 2 1.0 0 tailwater
32 1 32 16 250.0 5.0 5e-05 33.60257 1.0 0.08526051275868 0.03 2 1.0 0 tailwater
33 1 33 16 250.0 5.0 5e-05 33.58974 1.0 0.059463730465668004 0.03 2 1.0 0 tailwater
34 1 34 16 250.0 5.0 5e-05 33.57692 1.0 0.052797754673712 0.03 2 1.0 0 tailwater
35 1 35 16 250.0 5.0 5e-05 33.5641 1.0 0.11865335957172 0.03 2 1.0 0 tailwater
36 1 36 16 250.0 5.0 5e-05 33.55128 1.0 0.083724989396166 0.03 2 1.0 0 tailwater
37 1 37 16 250.0 5.0 5e-05 33.53846 1.0 0.054030233558094 0.03 2 1.0 0 tailwater
38 1 38 16 250.0 5.0 5e-05 33.52564 1.0 0.08938647921912 0.03 2 1.0 0 tailwater
39 1 39 16 250.0 5.0 5e-05 33.51282 1.0 0.083278546466784 0.03 2 1.0 0 tailwater
40 1 40 16 250.0 5.0 5e-05 33.51 1.0 0.09148413300821999 0.03 1 1.0 0 tailwater
