   3.609141E-05   3.609141E-05   3.609141E-05   3.609141E-05   3.609141E-05   3.609141E-05   3.609141E-05   3.609141E-05   3.609141E-05   3.609141E-05   3.609141E-05   3.609141E-05   3.609141E-05   3.609141E-05   3.609141E-05   3.609141E-05   3.609141E-05   3.609141E-05   3.609141E-05   3.609141E-05
   3.609141E-05   3.609141E-05   3.609141E-05   3.609141E-05   3.609141E-05   3.609141E-05   3.609141E-05   3.609141E-05   3.609141E-05   3.609141E-05   3.609141E-05   3.609141E-05   3.609141E-05   3.609141E-05   3.609141E-05   3.609141E-05   3.609141E-05   3.609141E-05   3.609141E-05   3.609141E-05
   3.609141E-05   3.609141E-05   3.609141E-05   3.609141E-05   3.609141E-05   3.609141E-05   3.609141E-05   3.609141E-05   3.609141E-05   3.609141E-05   3.609141E-05   3.609141E-05   3.609141E-05   3.609141E-05   3.609141E-05   3.609141E-05   3.609141E-05   3.609141E-05   3.609141E-05   3.609141E-05
   3.609141E-05   3.609141E-05   3.609141E-05   3.609141E-05   3.609141E-05   3.609141E-05   3.609141E-05   3.609141E-05   3.609141E-05   3.609141E-05   3.609141E-05   3.609141E-05   3.609141E-05   3.609141E-05   3.609141E-05   3.609141E-05   3.609141E-05   3.609141E-05   3.609141E-05   3.609141E-05
   3.609141E-05   3.609141E-05   3.609141E-05   3.609141E-05   3.609141E-05   3.609141E-05   3.609141E-05   3.609141E-05   3.609141E-05   3.609141E-05   3.609141E-05   3.609141E-05   3.609141E-05   3.609141E-05   3.609141E-05   3.609141E-05   3.609141E-05   3.609141E-05   3.609141E-05   3.609141E-05
   3.609141E-05   3.609141E-05   3.609141E-05   3.609141E-05   3.609141E-05   3.609141E-05   3.609141E-05   3.609141E-05   3.609141E-05   3.609141E-05   3.609141E-05   3.609141E-05   3.609141E-05   3.609141E-05   3.609141E-05   3.609141E-05   3.609141E-05   3.609141E-05   3.609141E-05   3.609141E-05
   3.609141E-05   3.609141E-05   3.609141E-05   3.609141E-05   3.609141E-05   3.609141E-05   3.609141E-05   3.609141E-05   3.609141E-05   3.609141E-05   3.609141E-05   3.609141E-05   3.609141E-05   3.609141E-05   3.609141E-05   3.609141E-05   3.609141E-05   3.609141E-05   3.609141E-05   3.609141E-05
   3.609141E-05   3.609141E-05   3.609141E-05   3.609141E-05   3.609141E-05   3.609141E-05   3.609141E-05   3.609141E-05   3.609141E-05   3.609141E-05   3.609141E-05   3.609141E-05   3.609141E-05   3.609141E-05   3.609141E-05   3.609141E-05   3.609141E-05   3.609141E-05   3.609141E-05   3.609141E-05
   3.609141E-05   3.609141E-05   3.609141E-05   3.609141E-05   3.749804E-05   3.749804E-05   3.749804E-05   3.609141E-05   3.609141E-05   3.609141E-05   3.609141E-05   3.609141E-05   3.609141E-05   3.609141E-05   3.609141E-05   3.609141E-05   3.609141E-05   3.609141E-05   3.609141E-05   3.609141E-05
   3.609141E-05   3.609141E-05   3.609141E-05   3.609141E-05   3.749804E-05   3.749804E-05   3.749804E-05   3.749804E-05   3.609141E-05   3.609141E-05   3.609141E-05   3.609141E-05   3.609141E-05   3.609141E-05   3.609141E-05   3.609141E-05   3.609141E-05   3.609141E-05   3.609141E-05   3.609141E-05
   3.609141E-05   3.609141E-05   3.609141E-05   3.609141E-05   3.749804E-05   3.749804E-05   3.749804E-05   3.749804E-05   3.609141E-05   3.609141E-05   3.609141E-05   3.609141E-05   3.609141E-05   3.609141E-05   3.609141E-05   3.609141E-05   3.609141E-05   3.609141E-05   3.609141E-05   3.609141E-05
   3.609141E-05   3.609141E-05   3.609141E-05   3.609141E-05   3.749804E-05   3.749804E-05   3.749804E-05   3.749804E-05   3.609141E-05   3.609141E-05   3.609141E-05   3.609141E-05   3.609141E-05   3.609141E-05   3.609141E-05   3.609141E-05   3.609141E-05   3.609141E-05   3.609141E-05   3.609141E-05
   3.609141E-05   3.609141E-05   3.609141E-05   3.609141E-05   3.749804E-05   3.749804E-05   3.749804E-05   3.749804E-05   3.609141E-05   3.609141E-05   3.609141E-05   3.609141E-05   3.609141E-05   3.609141E-05   3.609141E-05   3.609141E-05   3.609141E-05   3.609141E-05   3.609141E-05   3.609141E-05
   3.609141E-05   3.609141E-05   3.609141E-05   3.609141E-05   3.749804E-05   3.749804E-05   3.749804E-05   3.749804E-05   3.609141E-05   3.609141E-05   3.609141E-05   3.609141E-05   3.609141E-05   3.609141E-05   3.609141E-05   3.609141E-05   3.609141E-05   3.609141E-05   3.609141E-05   3.609141E-05
   3.609141E-05   3.609141E-05   3.609141E-05   3.609141E-05   3.749804E-05   3.749804E-05   3.749804E-05   3.749804E-05   3.609141E-05   3.609141E-05   3.609141E-05   3.609141E-05   3.609141E-05   3.609141E-05   3.609141E-05   3.609141E-05   3.609141E-05   3.609141E-05   3.609141E-05   3.609141E-05
   3.609141E-05   3.609141E-05   3.609141E-05   3.609141E-05   3.749804E-05   3.749804E-05   3.749804E-05   3.749804E-05   3.609141E-05   3.609141E-05   3.609141E-05   3.609141E-05   3.609141E-05   3.609141E-05   3.609141E-05   3.609141E-05   3.609141E-05   3.609141E-05   3.609141E-05   3.609141E-05
   3.609141E-05   3.609141E-05   3.609141E-05   3.609141E-05   3.749804E-05   3.749804E-05   3.749804E-05   3.749804E-05   3.609141E-05   3.609141E-05   3.609141E-05   3.609141E-05   3.609141E-05   3.609141E-05   3.609141E-05   3.609141E-05   3.609141E-05   3.609141E-05   3.609141E-05   3.609141E-05
   3.609141E-05   3.609141E-05   3.609141E-05   3.609141E-05   3.749804E-05   3.749804E-05   3.749804E-05   3.749804E-05   3.609141E-05   3.609141E-05   3.609141E-05   3.609141E-05   3.609141E-05   3.609141E-05   3.609141E-05   3.609141E-05   3.609141E-05   3.609141E-05   3.609141E-05   3.609141E-05
   3.609141E-05   3.609141E-05   3.609141E-05   3.609141E-05   3.749804E-05   3.749804E-05   3.749804E-05   3.749804E-05   3.609141E-05   3.609141E-05   3.609141E-05   3.609141E-05   3.609141E-05   3.609141E-05   3.609141E-05   3.609141E-05   3.609141E-05   3.609141E-05   3.609141E-05   3.609141E-05
   3.609141E-05   3.609141E-05   3.609141E-05   3.609141E-05   3.749804E-05   3.749804E-05   3.749804E-05   3.749804E-05   3.609141E-05   3.609141E-05   3.609141E-05   3.609141E-05   3.609141E-05   3.609141E-05   3.609141E-05   3.609141E-05   3.609141E-05   3.609141E-05   3.609141E-05   3.609141E-05
   3.609141E-05   3.609141E-05   3.609141E-05   3.609141E-05   3.749804E-05   3.749804E-05   3.749804E-05   3.749804E-05   3.609141E-05   3.609141E-05   3.609141E-05   3.609141E-05   3.609141E-05   3.609141E-05   3.609141E-05   3.609141E-05   3.609141E-05   3.609141E-05   3.609141E-05   3.609141E-05
   3.609141E-05   3.609141E-05   3.609141E-05   3.609141E-05   3.749804E-05   3.749804E-05   3.609141E-05   3.609141E-05   3.609141E-05   3.609141E-05   3.609141E-05   3.609141E-05   3.609141E-05   3.609141E-05   3.609141E-05   3.609141E-05   3.609141E-05   3.609141E-05   3.609141E-05   3.609141E-05
   3.609141E-05   3.609141E-05   3.609141E-05   3.609141E-05   3.609141E-05   3.749804E-05   3.609141E-05   3.609141E-05   3.609141E-05   3.609141E-05   3.609141E-05   3.609141E-05   3.609141E-05   3.609141E-05   3.609141E-05   3.609141E-05   3.609141E-05   3.609141E-05   3.609141E-05   3.609141E-05
   3.609141E-05   3.609141E-05   3.609141E-05   3.609141E-05   3.609141E-05   3.609141E-05   3.609141E-05   3.609141E-05   3.609141E-05   3.609141E-05   3.609141E-05   3.609141E-05   3.609141E-05   3.609141E-05   3.609141E-05   3.609141E-05   3.609141E-05   3.609141E-05   3.609141E-05   3.609141E-05
   3.609141E-05   3.609141E-05   3.609141E-05   3.609141E-05   3.609141E-05   3.609141E-05   3.609141E-05   3.609141E-05   3.609141E-05   3.609141E-05   3.609141E-05   3.609141E-05   3.609141E-05   3.609141E-05   3.609141E-05   3.609141E-05   3.609141E-05   3.609141E-05   3.609141E-05   3.609141E-05
   3.609141E-05   3.609141E-05   3.609141E-05   3.609141E-05   3.609141E-05   3.609141E-05   3.609141E-05   3.609141E-05   3.609141E-05   3.609141E-05   3.609141E-05   3.609141E-05   3.609141E-05   3.609141E-05   3.609141E-05   3.609141E-05   3.609141E-05   3.609141E-05   3.609141E-05   3.609141E-05
   3.609141E-05   3.609141E-05   3.609141E-05   3.609141E-05   3.609141E-05   3.609141E-05   3.609141E-05   3.609141E-05   3.609141E-05   3.609141E-05   3.609141E-05   3.609141E-05   3.609141E-05   3.609141E-05   3.609141E-05   3.609141E-05   3.609141E-05   3.609141E-05   3.609141E-05   3.609141E-05
   3.609141E-05   3.609141E-05   3.609141E-05   3.609141E-05   3.609141E-05   3.609141E-05   3.609141E-05   3.609141E-05   3.609141E-05   3.609141E-05   3.609141E-05   3.609141E-05   3.609141E-05   3.609141E-05   3.609141E-05   3.609141E-05   3.609141E-05   3.609141E-05   3.609141E-05   3.609141E-05
   3.609141E-05   3.609141E-05   3.609141E-05   3.609141E-05   3.609141E-05   3.609141E-05   3.609141E-05   3.609141E-05   3.609141E-05   3.609141E-05   3.609141E-05   3.609141E-05   3.609141E-05   3.609141E-05   3.609141E-05   3.609141E-05   3.609141E-05   3.609141E-05   3.609141E-05   3.609141E-05
   3.609141E-05   3.609141E-05   3.609141E-05   3.609141E-05   3.609141E-05   3.609141E-05   3.609141E-05   3.609141E-05   3.609141E-05   3.609141E-05   3.609141E-05   3.609141E-05   3.609141E-05   3.609141E-05   3.609141E-05   3.609141E-05   3.609141E-05   3.609141E-05   3.609141E-05   3.609141E-05
   3.609141E-05   3.609141E-05   3.609141E-05   3.609141E-05   3.609141E-05   3.609141E-05   3.609141E-05   3.609141E-05   3.609141E-05   3.609141E-05   3.609141E-05   3.609141E-05   3.609141E-05   3.609141E-05   3.609141E-05   3.609141E-05   3.609141E-05   3.609141E-05   3.609141E-05   3.609141E-05
   3.609141E-05   3.609141E-05   3.609141E-05   3.609141E-05   3.609141E-05   3.609141E-05   3.609141E-05   3.609141E-05   3.609141E-05   3.609141E-05   3.609141E-05   3.609141E-05   3.609141E-05   3.609141E-05   3.609141E-05   3.609141E-05   3.609141E-05   3.609141E-05   3.609141E-05   3.609141E-05
   3.749804E-05   3.609141E-05   3.609141E-05   3.609141E-05   3.609141E-05   3.609141E-05   3.609141E-05   3.609141E-05   3.609141E-05   3.609141E-05   3.609141E-05   3.609141E-05   3.609141E-05   3.609141E-05   3.609141E-05   3.609141E-05   3.609141E-05   3.609141E-05   3.609141E-05   3.609141E-05
   3.749804E-05   3.749804E-05   3.609141E-05   3.609141E-05   3.609141E-05   3.609141E-05   3.609141E-05   3.609141E-05   3.609141E-05   3.609141E-05   3.609141E-05   3.609141E-05   3.609141E-05   3.609141E-05   3.609141E-05   3.609141E-05   3.609141E-05   3.609141E-05   3.609141E-05   3.609141E-05
   3.749804E-05   3.749804E-05   3.749804E-05   3.609141E-05   3.609141E-05   3.609141E-05   3.609141E-05   3.609141E-05   3.609141E-05   3.609141E-05   3.609141E-05   3.609141E-05   3.609141E-05   3.609141E-05   3.609141E-05   3.609141E-05   3.609141E-05   3.609141E-05   3.609141E-05   3.609141E-05
   3.749804E-05   3.749804E-05   3.749804E-05   3.749804E-05   3.609141E-05   3.609141E-05   3.609141E-05   3.609141E-05   3.609141E-05   3.609141E-05   3.609141E-05   3.609141E-05   3.609141E-05   3.609141E-05   3.609141E-05   3.609141E-05   3.609141E-05   3.609141E-05   3.609141E-05   3.749804E-05
   3.749804E-05   3.749804E-05   3.749804E-05   3.749804E-05   3.609141E-05   3.609141E-05   3.609141E-05   3.609141E-05   3.609141E-05   3.609141E-05   3.609141E-05   3.609141E-05   3.609141E-05   3.609141E-05   3.609141E-05   3.609141E-05   3.609141E-05   3.609141E-05   3.609141E-05   3.749804E-05
   3.749804E-05   3.749804E-05   3.749804E-05   3.749804E-05   3.749804E-05   3.609141E-05   3.609141E-05   3.609141E-05   3.609141E-05   3.609141E-05   3.609141E-05   3.609141E-05   3.609141E-05   3.609141E-05   3.609141E-05   3.609141E-05   3.609141E-05   3.609141E-05   3.749804E-05   3.749804E-05
   3.749804E-05   3.749804E-05   3.749804E-05   3.749804E-05   3.749804E-05   3.609141E-05   3.609141E-05   3.609141E-05   3.609141E-05   3.609141E-05   3.609141E-05   3.609141E-05   3.609141E-05   3.609141E-05   3.609141E-05   3.609141E-05   3.609141E-05   3.749804E-05   3.749804E-05   3.749804E-05
   3.749804E-05   3.749804E-05   3.749804E-05   3.749804E-05   3.749804E-05   3.609141E-05   3.609141E-05   3.609141E-05   3.609141E-05   3.609141E-05   3.609141E-05   3.609141E-05   3.609141E-05   3.609141E-05   3.609141E-05   3.609141E-05   3.749804E-05   3.749804E-05   3.749804E-05   3.749804E-05
