   2.750115E+00   2.723501E+00   2.718231E+00   2.745282E+00   2.793719E+00   2.847397E+00   2.898956E+00   2.945521E+00   2.976756E+00   3.009561E+00   3.040903E+00   3.064838E+00   3.071123E+00   3.065061E+00   3.033884E+00   2.998591E+00   2.968577E+00   2.949597E+00   2.944231E+00   2.947928E+00
   2.715818E+00   2.669234E+00   2.647537E+00   2.694628E+00   2.768118E+00   2.838742E+00   2.900894E+00   2.955672E+00   2.990382E+00   3.024791E+00   3.062039E+00   3.103556E+00   3.121977E+00   3.096258E+00   3.043196E+00   2.995490E+00   2.955533E+00   2.930275E+00   2.931453E+00   2.943981E+00
   2.699477E+00   2.635782E+00   2.557272E+00   2.666920E+00   2.762320E+00   2.844750E+00   2.914707E+00   2.972756E+00   3.002966E+00   3.030291E+00   3.063585E+00   3.113584E+00   3.191443E+00   3.099460E+00   3.035069E+00   2.987166E+00   2.945425E+00   2.901325E+00   2.929490E+00   2.948765E+00
   2.711317E+00   2.665663E+00   2.649055E+00   2.704950E+00   2.788966E+00   2.870153E+00   2.937980E+00   2.986365E+00   3.010599E+00   3.021886E+00   3.032644E+00   3.051784E+00   3.063820E+00   3.035159E+00   2.999004E+00   2.973677E+00   2.954088E+00   2.943153E+00   2.953210E+00   2.966755E+00
   2.740046E+00   2.715609E+00   2.718753E+00   2.763015E+00   2.833920E+00   2.910768E+00   2.976779E+00   3.016830E+00   3.023403E+00   3.006534E+00   2.980679E+00   2.958703E+00   2.945809E+00   2.941130E+00   2.944475E+00   2.956288E+00   2.969691E+00   2.981043E+00   2.990649E+00   2.995384E+00
   2.770640E+00   2.756312E+00   2.766824E+00   2.811271E+00   2.881683E+00   2.963584E+00   3.035563E+00   3.071443E+00   3.051911E+00   2.993046E+00   2.921191E+00   2.856674E+00   2.823019E+00   2.837464E+00   2.882275E+00   2.937692E+00   2.988901E+00   3.023456E+00   3.034282E+00   3.029090E+00
   2.800069E+00   2.783949E+00   2.792658E+00   2.844724E+00   2.923949E+00   3.017016E+00   3.112148E+00   3.161126E+00   3.097423E+00   2.983895E+00   2.863874E+00   2.748740E+00   2.681811E+00   2.728483E+00   2.824212E+00   2.921957E+00   3.014747E+00   3.080736E+00   3.082811E+00   3.058936E+00
   2.830276E+00   2.812694E+00   2.795336E+00   2.872132E+00   2.956682E+00   3.052572E+00   3.164677E+00   3.300892E+00   3.125968E+00   2.972204E+00   2.825595E+00   2.674806E+00   2.510029E+00   2.658170E+00   2.787987E+00   2.908853E+00   3.030612E+00   3.163801E+00   3.111202E+00   3.073868E+00
   2.862811E+00   2.853486E+00   2.863632E+00   2.911558E+00   3.000000E+00   3.000000E+00   3.000000E+00   3.165278E+00   3.080367E+00   2.949964E+00   2.815114E+00   2.690767E+00   2.625742E+00   2.676471E+00   2.782553E+00   2.895516E+00   3.003892E+00   3.082864E+00   3.092917E+00   3.070567E+00
   2.899371E+00   2.900089E+00   2.914793E+00   2.948953E+00   3.000000E+00   3.000000E+00   3.000000E+00   3.000000E+00   3.020239E+00   2.924773E+00   2.821130E+00   2.735530E+00   2.698625E+00   2.724901E+00   2.795350E+00   2.885857E+00   2.971317E+00   3.032095E+00   3.056485E+00   3.054051E+00
   2.936492E+00   2.941016E+00   2.954446E+00   2.978808E+00   3.000000E+00   3.000000E+00   3.000000E+00   3.000000E+00   2.980944E+00   2.908110E+00   2.828063E+00   2.763219E+00   2.734885E+00   2.755063E+00   2.809876E+00   2.882797E+00   2.953366E+00   3.005190E+00   3.031031E+00   3.035664E+00
   2.973890E+00   2.978425E+00   2.988259E+00   3.006526E+00   3.000000E+00   3.000000E+00   3.000000E+00   3.000000E+00   2.963336E+00   2.902401E+00   2.834158E+00   2.772223E+00   2.740388E+00   2.764758E+00   2.819800E+00   2.885728E+00   2.949006E+00   2.997285E+00   3.018087E+00   3.014851E+00
   3.015096E+00   3.020735E+00   3.021128E+00   3.040699E+00   3.000000E+00   3.000000E+00   3.000000E+00   3.000000E+00   2.964043E+00   2.909248E+00   2.847398E+00   2.783216E+00   2.719115E+00   2.775141E+00   2.832692E+00   2.891392E+00   2.949435E+00   3.005432E+00   3.004662E+00   3.001555E+00
   3.071297E+00   3.073850E+00   3.083240E+00   3.091515E+00   3.000000E+00   3.000000E+00   3.000000E+00   3.000000E+00   2.980221E+00   2.929338E+00   2.874252E+00   2.822110E+00   2.791608E+00   2.810662E+00   2.852576E+00   2.898514E+00   2.942920E+00   2.977591E+00   2.990274E+00   3.000899E+00
   3.122658E+00   3.137294E+00   3.153908E+00   3.156463E+00   3.000000E+00   3.000000E+00   3.000000E+00   3.000000E+00   3.013851E+00   2.960303E+00   2.910997E+00   2.871111E+00   2.845508E+00   2.848684E+00   2.874788E+00   2.906401E+00   2.937074E+00   2.960798E+00   2.974272E+00   2.988513E+00
   3.168699E+00   3.213159E+00   3.238242E+00   3.234572E+00   3.000000E+00   3.000000E+00   3.000000E+00   3.000000E+00   3.052058E+00   3.006333E+00   2.957058E+00   2.911977E+00   2.884851E+00   2.879200E+00   2.893916E+00   2.914745E+00   2.935025E+00   2.955351E+00   2.968962E+00   2.977630E+00
   3.208157E+00   3.285193E+00   3.340301E+00   3.319852E+00   3.000000E+00   3.000000E+00   3.000000E+00   3.000000E+00   3.101929E+00   3.049473E+00   2.996283E+00   2.947716E+00   2.912462E+00   2.902676E+00   2.908972E+00   2.921083E+00   2.938480E+00   2.952459E+00   2.964941E+00   2.974470E+00
   3.228827E+00   3.331264E+00   3.471264E+00   3.378782E+00   3.000000E+00   3.000000E+00   3.000000E+00   3.000000E+00   3.149809E+00   3.092806E+00   3.040492E+00   2.980067E+00   2.925444E+00   2.919247E+00   2.919748E+00   2.925681E+00   2.935089E+00   2.946744E+00   2.954852E+00   2.963356E+00
   3.207811E+00   3.289914E+00   3.356385E+00   3.353926E+00   3.000000E+00   3.000000E+00   3.000000E+00   3.000000E+00   3.217153E+00   3.150635E+00   3.078273E+00   3.010308E+00   2.958111E+00   2.931011E+00   2.920490E+00   2.921762E+00   2.926229E+00   2.932919E+00   2.941270E+00   2.950971E+00
   3.165407E+00   3.215923E+00   3.267333E+00   3.300778E+00   3.000000E+00   3.000000E+00   3.000000E+00   3.000000E+00   3.297369E+00   3.213911E+00   3.121662E+00   3.039982E+00   2.975073E+00   2.936409E+00   2.918015E+00   2.912068E+00   2.912617E+00   2.913324E+00   2.920201E+00   2.936402E+00
   3.101778E+00   3.140730E+00   3.178841E+00   3.237543E+00   3.000000E+00   3.000000E+00   3.000000E+00   3.000000E+00   3.398941E+00   3.286114E+00   3.160834E+00   3.052742E+00   2.973926E+00   2.928596E+00   2.906496E+00   2.898561E+00   2.894801E+00   2.898201E+00   2.910062E+00   2.920235E+00
   3.075708E+00   3.068172E+00   3.087055E+00   3.171562E+00   3.000000E+00   3.000000E+00   3.559435E+00   3.629864E+00   3.516538E+00   3.332476E+00   3.171978E+00   3.043238E+00   2.950549E+00   2.907190E+00   2.891741E+00   2.881828E+00   2.873142E+00   2.869386E+00   2.882384E+00   2.900899E+00
   3.052619E+00   3.021225E+00   2.971307E+00   3.104856E+00   3.239494E+00   3.000000E+00   3.595164E+00   3.873632E+00   3.557263E+00   3.328568E+00   3.147637E+00   3.013284E+00   2.900096E+00   2.888887E+00   2.878765E+00   2.867327E+00   2.854194E+00   2.838315E+00   2.864359E+00   2.887563E+00
   3.042209E+00   3.017740E+00   3.018168E+00   3.083234E+00   3.179470E+00   3.300035E+00   3.428592E+00   3.500783E+00   3.394537E+00   3.234535E+00   3.098616E+00   2.989797E+00   2.913456E+00   2.879851E+00   2.869887E+00   2.858691E+00   2.845233E+00   2.841573E+00   2.856677E+00   2.878677E+00
   3.051326E+00   3.036935E+00   3.041493E+00   3.068663E+00   3.111658E+00   3.162695E+00   3.204104E+00   3.214065E+00   3.170363E+00   3.094735E+00   3.016979E+00   2.951466E+00   2.902317E+00   2.873384E+00   2.857537E+00   2.849909E+00   2.844507E+00   2.847464E+00   2.866753E+00   2.876702E+00
   3.064565E+00   3.061111E+00   3.057720E+00   3.052214E+00   3.044411E+00   3.027543E+00   3.001026E+00   2.975714E+00   2.962354E+00   2.948856E+00   2.927227E+00   2.900339E+00   2.876476E+00   2.859645E+00   2.848761E+00   2.840256E+00   2.834201E+00   2.838028E+00   2.859792E+00   2.887689E+00
   3.084473E+00   3.087530E+00   3.081041E+00   3.042395E+00   2.985959E+00   2.913197E+00   2.823635E+00   2.756776E+00   2.781565E+00   2.826391E+00   2.850182E+00   2.851284E+00   2.845628E+00   2.844894E+00   2.843745E+00   2.836239E+00   2.822279E+00   2.817933E+00   2.848232E+00   2.884837E+00
   3.112962E+00   3.114413E+00   3.115548E+00   3.038531E+00   2.950997E+00   2.844386E+00   2.709554E+00   2.537601E+00   2.668751E+00   2.756192E+00   2.807203E+00   2.825776E+00   2.817362E+00   2.845468E+00   2.854677E+00   2.847293E+00   2.824774E+00   2.787324E+00   2.847082E+00   2.895375E+00
   3.134190E+00   3.133204E+00   3.105282E+00   3.038542E+00   2.945859E+00   2.836747E+00   2.721844E+00   2.653438E+00   2.680879E+00   2.750590E+00   2.808857E+00   2.843982E+00   2.864407E+00   2.884890E+00   2.890147E+00   2.881686E+00   2.864610E+00   2.857101E+00   2.882243E+00   2.918537E+00
   3.157718E+00   3.152220E+00   3.121191E+00   3.056560E+00   2.967258E+00   2.868030E+00   2.783443E+00   2.739231E+00   2.745126E+00   2.788717E+00   2.846245E+00   2.893022E+00   2.924917E+00   2.941967E+00   2.943104E+00   2.932653E+00   2.920336E+00   2.918280E+00   2.930353E+00   2.952403E+00
   3.185828E+00   3.187921E+00   3.163071E+00   3.099186E+00   3.009682E+00   2.913761E+00   2.834532E+00   2.795234E+00   2.801053E+00   2.844482E+00   2.905783E+00   2.963062E+00   3.001238E+00   3.013198E+00   3.005150E+00   2.989069E+00   2.975818E+00   2.971780E+00   2.976274E+00   2.988119E+00
   3.217430E+00   3.239173E+00   3.232476E+00   3.161925E+00   3.064221E+00   2.963730E+00   2.870425E+00   2.819915E+00   2.840379E+00   2.904025E+00   2.976597E+00   3.047549E+00   3.096480E+00   3.093780E+00   3.067255E+00   3.042202E+00   3.025293E+00   3.017777E+00   3.017044E+00   3.022766E+00
   3.000000E+00   3.280915E+00   3.332966E+00   3.222466E+00   3.121092E+00   3.022805E+00   2.921409E+00   2.810258E+00   2.895667E+00   2.970587E+00   3.043905E+00   3.122306E+00   3.216157E+00   3.155585E+00   3.113945E+00   3.085878E+00   3.067476E+00   3.056099E+00   3.054094E+00   3.054573E+00
   3.000000E+00   3.000000E+00   3.292192E+00   3.246517E+00   3.176145E+00   3.102372E+00   3.029594E+00   2.981189E+00   3.004777E+00   3.051369E+00   3.102147E+00   3.152583E+00   3.183890E+00   3.169956E+00   3.139735E+00   3.117169E+00   3.102357E+00   3.092865E+00   3.085634E+00   3.082448E+00
   3.000000E+00   3.000000E+00   3.000000E+00   3.260543E+00   3.231564E+00   3.197894E+00   3.164171E+00   3.140493E+00   3.137910E+00   3.144931E+00   3.155246E+00   3.164359E+00   3.166353E+00   3.160091E+00   3.148943E+00   3.137867E+00   3.130520E+00   3.124741E+00   3.116722E+00   3.108971E+00
   3.000000E+00   3.000000E+00   3.000000E+00   3.000000E+00   3.286589E+00   3.295995E+00   3.304963E+00   3.302156E+00   3.275432E+00   3.237299E+00   3.202273E+00   3.172795E+00   3.153434E+00   3.146715E+00   3.147677E+00   3.151366E+00   3.154882E+00   3.155385E+00   3.146635E+00   3.000000E+00
   3.000000E+00   3.000000E+00   3.000000E+00   3.000000E+00   3.332879E+00   3.383278E+00   3.447820E+00   3.482828E+00   3.415149E+00   3.319735E+00   3.240819E+00   3.176256E+00   3.134344E+00   3.131410E+00   3.145097E+00   3.161558E+00   3.178740E+00   3.188848E+00   3.175026E+00   3.000000E+00
   3.000000E+00   3.000000E+00   3.000000E+00   3.000000E+00   3.000000E+00   3.431920E+00   3.541650E+00   3.701759E+00   3.510306E+00   3.370464E+00   3.266140E+00   3.178650E+00   3.099364E+00   3.121915E+00   3.143572E+00   3.166695E+00   3.194211E+00   3.229132E+00   3.000000E+00   3.000000E+00
   3.000000E+00   3.000000E+00   3.000000E+00   3.000000E+00   3.000000E+00   3.421772E+00   3.503773E+00   3.547311E+00   3.476494E+00   3.366627E+00   3.273013E+00   3.193746E+00   3.142567E+00   3.133275E+00   3.146305E+00   3.165490E+00   3.186182E+00   3.000000E+00   3.000000E+00   3.000000E+00
   3.000000E+00   3.000000E+00   3.000000E+00   3.000000E+00   3.000000E+00   3.375200E+00   3.420952E+00   3.434281E+00   3.398121E+00   3.330223E+00   3.264713E+00   3.204902E+00   3.165595E+00   3.149683E+00   3.151110E+00   3.160411E+00   3.000000E+00   3.000000E+00   3.000000E+00   3.000000E+00
