   8.270616E-05   8.270616E-05   8.270616E-05   8.270616E-05   8.270616E-05   8.270616E-05   8.270616E-05   8.270616E-05   8.270616E-05   8.270616E-05   8.270616E-05   8.270616E-05   8.270616E-05   8.270616E-05   8.270616E-05   8.270616E-05   8.270616E-05   8.270616E-05   8.270616E-05   8.270616E-05
   8.270616E-05   8.270616E-05   8.270616E-05   8.270616E-05   8.270616E-05   8.270616E-05   8.270616E-05   8.270616E-05   8.270616E-05   8.270616E-05   8.270616E-05   8.270616E-05   8.270616E-05   8.270616E-05   8.270616E-05   8.270616E-05   8.270616E-05   8.270616E-05   8.270616E-05   8.270616E-05
   8.270616E-05   8.270616E-05   8.270616E-05   8.270616E-05   8.270616E-05   8.270616E-05   8.270616E-05   8.270616E-05   8.270616E-05   8.270616E-05   8.270616E-05   8.270616E-05   8.270616E-05   8.270616E-05   8.270616E-05   8.270616E-05   8.270616E-05   8.270616E-05   8.270616E-05   8.270616E-05
   8.270616E-05   8.270616E-05   8.270616E-05   8.270616E-05   8.270616E-05   8.270616E-05   8.270616E-05   8.270616E-05   8.270616E-05   8.270616E-05   8.270616E-05   8.270616E-05   8.270616E-05   8.270616E-05   8.270616E-05   8.270616E-05   8.270616E-05   8.270616E-05   8.270616E-05   8.270616E-05
   8.270616E-05   8.270616E-05   8.270616E-05   8.270616E-05   8.270616E-05   8.270616E-05   8.270616E-05   8.270616E-05   8.270616E-05   8.270616E-05   8.270616E-05   8.270616E-05   8.270616E-05   8.270616E-05   8.270616E-05   8.270616E-05   8.270616E-05   8.270616E-05   8.270616E-05   8.270616E-05
   8.270616E-05   8.270616E-05   8.270616E-05   8.270616E-05   8.270616E-05   8.270616E-05   8.270616E-05   8.270616E-05   8.270616E-05   8.270616E-05   8.270616E-05   8.270616E-05   8.270616E-05   8.270616E-05   8.270616E-05   8.270616E-05   8.270616E-05   8.270616E-05   8.270616E-05   8.270616E-05
   8.270616E-05   8.270616E-05   8.270616E-05   8.270616E-05   8.270616E-05   8.270616E-05   8.270616E-05   8.270616E-05   8.270616E-05   8.270616E-05   8.270616E-05   8.270616E-05   8.270616E-05   8.270616E-05   8.270616E-05   8.270616E-05   8.270616E-05   8.270616E-05   8.270616E-05   8.270616E-05
   8.270616E-05   8.270616E-05   8.270616E-05   8.270616E-05   8.270616E-05   8.270616E-05   8.270616E-05   8.270616E-05   8.270616E-05   8.270616E-05   8.270616E-05   8.270616E-05   8.270616E-05   8.270616E-05   8.270616E-05   8.270616E-05   8.270616E-05   8.270616E-05   8.270616E-05   8.270616E-05
   8.270616E-05   8.270616E-05   8.270616E-05   8.270616E-05   9.185627E-05   9.185627E-05   9.185627E-05   8.270616E-05   8.270616E-05   8.270616E-05   8.270616E-05   8.270616E-05   8.270616E-05   8.270616E-05   8.270616E-05   8.270616E-05   8.270616E-05   8.270616E-05   8.270616E-05   8.270616E-05
   8.270616E-05   8.270616E-05   8.270616E-05   8.270616E-05   9.185627E-05   9.185627E-05   9.185627E-05   9.185627E-05   8.270616E-05   8.270616E-05   8.270616E-05   8.270616E-05   8.270616E-05   8.270616E-05   8.270616E-05   8.270616E-05   8.270616E-05   8.270616E-05   8.270616E-05   8.270616E-05
   8.270616E-05   8.270616E-05   8.270616E-05   8.270616E-05   9.185627E-05   9.185627E-05   9.185627E-05   9.185627E-05   8.270616E-05   8.270616E-05   8.270616E-05   8.270616E-05   8.270616E-05   8.270616E-05   8.270616E-05   8.270616E-05   8.270616E-05   8.270616E-05   8.270616E-05   8.270616E-05
   8.270616E-05   8.270616E-05   8.270616E-05   8.270616E-05   9.185627E-05   9.185627E-05   9.185627E-05   9.185627E-05   8.270616E-05   8.270616E-05   8.270616E-05   8.270616E-05   8.270616E-05   8.270616E-05   8.270616E-05   8.270616E-05   8.270616E-05   8.270616E-05   8.270616E-05   8.270616E-05
   8.270616E-05   8.270616E-05   8.270616E-05   8.270616E-05   9.185627E-05   9.185627E-05   9.185627E-05   9.185627E-05   8.270616E-05   8.270616E-05   8.270616E-05   8.270616E-05   8.270616E-05   8.270616E-05   8.270616E-05   8.270616E-05   8.270616E-05   8.270616E-05   8.270616E-05   8.270616E-05
   8.270616E-05   8.270616E-05   8.270616E-05   8.270616E-05   9.185627E-05   9.185627E-05   9.185627E-05   9.185627E-05   8.270616E-05   8.270616E-05   8.270616E-05   8.270616E-05   8.270616E-05   8.270616E-05   8.270616E-05   8.270616E-05   8.270616E-05   8.270616E-05   8.270616E-05   8.270616E-05
   8.270616E-05   8.270616E-05   8.270616E-05   8.270616E-05   9.185627E-05   9.185627E-05   9.185627E-05   9.185627E-05   8.270616E-05   8.270616E-05   8.270616E-05   8.270616E-05   8.270616E-05   8.270616E-05   8.270616E-05   8.270616E-05   8.270616E-05   8.270616E-05   8.270616E-05   8.270616E-05
   8.270616E-05   8.270616E-05   8.270616E-05   8.270616E-05   9.185627E-05   9.185627E-05   9.185627E-05   9.185627E-05   8.270616E-05   8.270616E-05   8.270616E-05   8.270616E-05   8.270616E-05   8.270616E-05   8.270616E-05   8.270616E-05   8.270616E-05   8.270616E-05   8.270616E-05   8.270616E-05
   8.270616E-05   8.270616E-05   8.270616E-05   8.270616E-05   9.185627E-05   9.185627E-05   9.185627E-05   9.185627E-05   8.270616E-05   8.270616E-05   8.270616E-05   8.270616E-05   8.270616E-05   8.270616E-05   8.270616E-05   8.270616E-05   8.270616E-05   8.270616E-05   8.270616E-05   8.270616E-05
   8.270616E-05   8.270616E-05   8.270616E-05   8.270616E-05   9.185627E-05   9.185627E-05   9.185627E-05   9.185627E-05   8.270616E-05   8.270616E-05   8.270616E-05   8.270616E-05   8.270616E-05   8.270616E-05   8.270616E-05   8.270616E-05   8.270616E-05   8.270616E-05   8.270616E-05   8.270616E-05
   8.270616E-05   8.270616E-05   8.270616E-05   8.270616E-05   9.185627E-05   9.185627E-05   9.185627E-05   9.185627E-05   8.270616E-05   8.270616E-05   8.270616E-05   8.270616E-05   8.270616E-05   8.270616E-05   8.270616E-05   8.270616E-05   8.270616E-05   8.270616E-05   8.270616E-05   8.270616E-05
   8.270616E-05   8.270616E-05   8.270616E-05   8.270616E-05   9.185627E-05   9.185627E-05   9.185627E-05   9.185627E-05   8.270616E-05   8.270616E-05   8.270616E-05   8.270616E-05   8.270616E-05   8.270616E-05   8.270616E-05   8.270616E-05   8.270616E-05   8.270616E-05   8.270616E-05   8.270616E-05
   8.270616E-05   8.270616E-05   8.270616E-05   8.270616E-05   9.185627E-05   9.185627E-05   9.185627E-05   9.185627E-05   8.270616E-05   8.270616E-05   8.270616E-05   8.270616E-05   8.270616E-05   8.270616E-05   8.270616E-05   8.270616E-05   8.270616E-05   8.270616E-05   8.270616E-05   8.270616E-05
   8.270616E-05   8.270616E-05   8.270616E-05   8.270616E-05   9.185627E-05   9.185627E-05   8.270616E-05   8.270616E-05   8.270616E-05   8.270616E-05   8.270616E-05   8.270616E-05   8.270616E-05   8.270616E-05   8.270616E-05   8.270616E-05   8.270616E-05   8.270616E-05   8.270616E-05   8.270616E-05
   8.270616E-05   8.270616E-05   8.270616E-05   8.270616E-05   8.270616E-05   9.185627E-05   8.270616E-05   8.270616E-05   8.270616E-05   8.270616E-05   8.270616E-05   8.270616E-05   8.270616E-05   8.270616E-05   8.270616E-05   8.270616E-05   8.270616E-05   8.270616E-05   8.270616E-05   8.270616E-05
   8.270616E-05   8.270616E-05   8.270616E-05   8.270616E-05   8.270616E-05   8.270616E-05   8.270616E-05   8.270616E-05   8.270616E-05   8.270616E-05   8.270616E-05   8.270616E-05   8.270616E-05   8.270616E-05   8.270616E-05   8.270616E-05   8.270616E-05   8.270616E-05   8.270616E-05   8.270616E-05
   8.270616E-05   8.270616E-05   8.270616E-05   8.270616E-05   8.270616E-05   8.270616E-05   8.270616E-05   8.270616E-05   8.270616E-05   8.270616E-05   8.270616E-05   8.270616E-05   8.270616E-05   8.270616E-05   8.270616E-05   8.270616E-05   8.270616E-05   8.270616E-05   8.270616E-05   8.270616E-05
   8.270616E-05   8.270616E-05   8.270616E-05   8.270616E-05   8.270616E-05   8.270616E-05   8.270616E-05   8.270616E-05   8.270616E-05   8.270616E-05   8.270616E-05   8.270616E-05   8.270616E-05   8.270616E-05   8.270616E-05   8.270616E-05   8.270616E-05   8.270616E-05   8.270616E-05   8.270616E-05
   8.270616E-05   8.270616E-05   8.270616E-05   8.270616E-05   8.270616E-05   8.270616E-05   8.270616E-05   8.270616E-05   8.270616E-05   8.270616E-05   8.270616E-05   8.270616E-05   8.270616E-05   8.270616E-05   8.270616E-05   8.270616E-05   8.270616E-05   8.270616E-05   8.270616E-05   8.270616E-05
   8.270616E-05   8.270616E-05   8.270616E-05   8.270616E-05   8.270616E-05   8.270616E-05   8.270616E-05   8.270616E-05   8.270616E-05   8.270616E-05   8.270616E-05   8.270616E-05   8.270616E-05   8.270616E-05   8.270616E-05   8.270616E-05   8.270616E-05   8.270616E-05   8.270616E-05   8.270616E-05
   8.270616E-05   8.270616E-05   8.270616E-05   8.270616E-05   8.270616E-05   8.270616E-05   8.270616E-05   8.270616E-05   8.270616E-05   8.270616E-05   8.270616E-05   8.270616E-05   8.270616E-05   8.270616E-05   8.270616E-05   8.270616E-05   8.270616E-05   8.270616E-05   8.270616E-05   8.270616E-05
   8.270616E-05   8.270616E-05   8.270616E-05   8.270616E-05   8.270616E-05   8.270616E-05   8.270616E-05   8.270616E-05   8.270616E-05   8.270616E-05   8.270616E-05   8.270616E-05   8.270616E-05   8.270616E-05   8.270616E-05   8.270616E-05   8.270616E-05   8.270616E-05   8.270616E-05   8.270616E-05
   8.270616E-05   8.270616E-05   8.270616E-05   8.270616E-05   8.270616E-05   8.270616E-05   8.270616E-05   8.270616E-05   8.270616E-05   8.270616E-05   8.270616E-05   8.270616E-05   8.270616E-05   8.270616E-05   8.270616E-05   8.270616E-05   8.270616E-05   8.270616E-05   8.270616E-05   8.270616E-05
   8.270616E-05   8.270616E-05   8.270616E-05   8.270616E-05   8.270616E-05   8.270616E-05   8.270616E-05   8.270616E-05   8.270616E-05   8.270616E-05   8.270616E-05   8.270616E-05   8.270616E-05   8.270616E-05   8.270616E-05   8.270616E-05   8.270616E-05   8.270616E-05   8.270616E-05   8.270616E-05
   9.185627E-05   8.270616E-05   8.270616E-05   8.270616E-05   8.270616E-05   8.270616E-05   8.270616E-05   8.270616E-05   8.270616E-05   8.270616E-05   8.270616E-05   8.270616E-05   8.270616E-05   8.270616E-05   8.270616E-05   8.270616E-05   8.270616E-05   8.270616E-05   8.270616E-05   8.270616E-05
   9.185627E-05   9.185627E-05   8.270616E-05   8.270616E-05   8.270616E-05   8.270616E-05   8.270616E-05   8.270616E-05   8.270616E-05   8.270616E-05   8.270616E-05   8.270616E-05   8.270616E-05   8.270616E-05   8.270616E-05   8.270616E-05   8.270616E-05   8.270616E-05   8.270616E-05   8.270616E-05
   9.185627E-05   9.185627E-05   9.185627E-05   8.270616E-05   8.270616E-05   8.270616E-05   8.270616E-05   8.270616E-05   8.270616E-05   8.270616E-05   8.270616E-05   8.270616E-05   8.270616E-05   8.270616E-05   8.270616E-05   8.270616E-05   8.270616E-05   8.270616E-05   8.270616E-05   8.270616E-05
   9.185627E-05   9.185627E-05   9.185627E-05   9.185627E-05   8.270616E-05   8.270616E-05   8.270616E-05   8.270616E-05   8.270616E-05   8.270616E-05   8.270616E-05   8.270616E-05   8.270616E-05   8.270616E-05   8.270616E-05   8.270616E-05   8.270616E-05   8.270616E-05   8.270616E-05   9.185627E-05
   9.185627E-05   9.185627E-05   9.185627E-05   9.185627E-05   8.270616E-05   8.270616E-05   8.270616E-05   8.270616E-05   8.270616E-05   8.270616E-05   8.270616E-05   8.270616E-05   8.270616E-05   8.270616E-05   8.270616E-05   8.270616E-05   8.270616E-05   8.270616E-05   8.270616E-05   9.185627E-05
   9.185627E-05   9.185627E-05   9.185627E-05   9.185627E-05   9.185627E-05   8.270616E-05   8.270616E-05   8.270616E-05   8.270616E-05   8.270616E-05   8.270616E-05   8.270616E-05   8.270616E-05   8.270616E-05   8.270616E-05   8.270616E-05   8.270616E-05   8.270616E-05   9.185627E-05   9.185627E-05
   9.185627E-05   9.185627E-05   9.185627E-05   9.185627E-05   9.185627E-05   8.270616E-05   8.270616E-05   8.270616E-05   8.270616E-05   8.270616E-05   8.270616E-05   8.270616E-05   8.270616E-05   8.270616E-05   8.270616E-05   8.270616E-05   8.270616E-05   9.185627E-05   9.185627E-05   9.185627E-05
   9.185627E-05   9.185627E-05   9.185627E-05   9.185627E-05   9.185627E-05   8.270616E-05   8.270616E-05   8.270616E-05   8.270616E-05   8.270616E-05   8.270616E-05   8.270616E-05   8.270616E-05   8.270616E-05   8.270616E-05   8.270616E-05   9.185627E-05   9.185627E-05   9.185627E-05   9.185627E-05
