   7.607352E-05   7.607352E-05   7.607352E-05   7.607352E-05   7.607352E-05   7.607352E-05   7.607352E-05   7.607352E-05   7.607352E-05   7.607352E-05   7.607352E-05   7.607352E-05   7.607352E-05   7.607352E-05   7.607352E-05   7.607352E-05   7.607352E-05   7.607352E-05   7.607352E-05   7.607352E-05
   7.607352E-05   7.607352E-05   7.607352E-05   7.607352E-05   7.607352E-05   7.607352E-05   7.607352E-05   7.607352E-05   7.607352E-05   7.607352E-05   7.607352E-05   7.607352E-05   7.607352E-05   7.607352E-05   7.607352E-05   7.607352E-05   7.607352E-05   7.607352E-05   7.607352E-05   7.607352E-05
   7.607352E-05   7.607352E-05   7.607352E-05   7.607352E-05   7.607352E-05   7.607352E-05   7.607352E-05   7.607352E-05   7.607352E-05   7.607352E-05   7.607352E-05   7.607352E-05   7.607352E-05   7.607352E-05   7.607352E-05   7.607352E-05   7.607352E-05   7.607352E-05   7.607352E-05   7.607352E-05
   7.607352E-05   7.607352E-05   7.607352E-05   7.607352E-05   7.607352E-05   7.607352E-05   7.607352E-05   7.607352E-05   7.607352E-05   7.607352E-05   7.607352E-05   7.607352E-05   7.607352E-05   7.607352E-05   7.607352E-05   7.607352E-05   7.607352E-05   7.607352E-05   7.607352E-05   7.607352E-05
   7.607352E-05   7.607352E-05   7.607352E-05   7.607352E-05   7.607352E-05   7.607352E-05   7.607352E-05   7.607352E-05   7.607352E-05   7.607352E-05   7.607352E-05   7.607352E-05   7.607352E-05   7.607352E-05   7.607352E-05   7.607352E-05   7.607352E-05   7.607352E-05   7.607352E-05   7.607352E-05
   7.607352E-05   7.607352E-05   7.607352E-05   7.607352E-05   7.607352E-05   7.607352E-05   7.607352E-05   7.607352E-05   7.607352E-05   7.607352E-05   7.607352E-05   7.607352E-05   7.607352E-05   7.607352E-05   7.607352E-05   7.607352E-05   7.607352E-05   7.607352E-05   7.607352E-05   7.607352E-05
   7.607352E-05   7.607352E-05   7.607352E-05   7.607352E-05   7.607352E-05   7.607352E-05   7.607352E-05   7.607352E-05   7.607352E-05   7.607352E-05   7.607352E-05   7.607352E-05   7.607352E-05   7.607352E-05   7.607352E-05   7.607352E-05   7.607352E-05   7.607352E-05   7.607352E-05   7.607352E-05
   7.607352E-05   7.607352E-05   7.607352E-05   7.607352E-05   7.607352E-05   7.607352E-05   7.607352E-05   7.607352E-05   7.607352E-05   7.607352E-05   7.607352E-05   7.607352E-05   7.607352E-05   7.607352E-05   7.607352E-05   7.607352E-05   7.607352E-05   7.607352E-05   7.607352E-05   7.607352E-05
   7.607352E-05   7.607352E-05   7.607352E-05   7.607352E-05   9.088677E-05   9.088677E-05   9.088677E-05   7.607352E-05   7.607352E-05   7.607352E-05   7.607352E-05   7.607352E-05   7.607352E-05   7.607352E-05   7.607352E-05   7.607352E-05   7.607352E-05   7.607352E-05   7.607352E-05   7.607352E-05
   7.607352E-05   7.607352E-05   7.607352E-05   7.607352E-05   9.088677E-05   9.088677E-05   9.088677E-05   9.088677E-05   7.607352E-05   7.607352E-05   7.607352E-05   7.607352E-05   7.607352E-05   7.607352E-05   7.607352E-05   7.607352E-05   7.607352E-05   7.607352E-05   7.607352E-05   7.607352E-05
   7.607352E-05   7.607352E-05   7.607352E-05   7.607352E-05   9.088677E-05   9.088677E-05   9.088677E-05   9.088677E-05   7.607352E-05   7.607352E-05   7.607352E-05   7.607352E-05   7.607352E-05   7.607352E-05   7.607352E-05   7.607352E-05   7.607352E-05   7.607352E-05   7.607352E-05   7.607352E-05
   7.607352E-05   7.607352E-05   7.607352E-05   7.607352E-05   9.088677E-05   9.088677E-05   9.088677E-05   9.088677E-05   7.607352E-05   7.607352E-05   7.607352E-05   7.607352E-05   7.607352E-05   7.607352E-05   7.607352E-05   7.607352E-05   7.607352E-05   7.607352E-05   7.607352E-05   7.607352E-05
   7.607352E-05   7.607352E-05   7.607352E-05   7.607352E-05   9.088677E-05   9.088677E-05   9.088677E-05   9.088677E-05   7.607352E-05   7.607352E-05   7.607352E-05   7.607352E-05   7.607352E-05   7.607352E-05   7.607352E-05   7.607352E-05   7.607352E-05   7.607352E-05   7.607352E-05   7.607352E-05
   7.607352E-05   7.607352E-05   7.607352E-05   7.607352E-05   9.088677E-05   9.088677E-05   9.088677E-05   9.088677E-05   7.607352E-05   7.607352E-05   7.607352E-05   7.607352E-05   7.607352E-05   7.607352E-05   7.607352E-05   7.607352E-05   7.607352E-05   7.607352E-05   7.607352E-05   7.607352E-05
   7.607352E-05   7.607352E-05   7.607352E-05   7.607352E-05   9.088677E-05   9.088677E-05   9.088677E-05   9.088677E-05   7.607352E-05   7.607352E-05   7.607352E-05   7.607352E-05   7.607352E-05   7.607352E-05   7.607352E-05   7.607352E-05   7.607352E-05   7.607352E-05   7.607352E-05   7.607352E-05
   7.607352E-05   7.607352E-05   7.607352E-05   7.607352E-05   9.088677E-05   9.088677E-05   9.088677E-05   9.088677E-05   7.607352E-05   7.607352E-05   7.607352E-05   7.607352E-05   7.607352E-05   7.607352E-05   7.607352E-05   7.607352E-05   7.607352E-05   7.607352E-05   7.607352E-05   7.607352E-05
   7.607352E-05   7.607352E-05   7.607352E-05   7.607352E-05   9.088677E-05   9.088677E-05   9.088677E-05   9.088677E-05   7.607352E-05   7.607352E-05   7.607352E-05   7.607352E-05   7.607352E-05   7.607352E-05   7.607352E-05   7.607352E-05   7.607352E-05   7.607352E-05   7.607352E-05   7.607352E-05
   7.607352E-05   7.607352E-05   7.607352E-05   7.607352E-05   9.088677E-05   9.088677E-05   9.088677E-05   9.088677E-05   7.607352E-05   7.607352E-05   7.607352E-05   7.607352E-05   7.607352E-05   7.607352E-05   7.607352E-05   7.607352E-05   7.607352E-05   7.607352E-05   7.607352E-05   7.607352E-05
   7.607352E-05   7.607352E-05   7.607352E-05   7.607352E-05   9.088677E-05   9.088677E-05   9.088677E-05   9.088677E-05   7.607352E-05   7.607352E-05   7.607352E-05   7.607352E-05   7.607352E-05   7.607352E-05   7.607352E-05   7.607352E-05   7.607352E-05   7.607352E-05   7.607352E-05   7.607352E-05
   7.607352E-05   7.607352E-05   7.607352E-05   7.607352E-05   9.088677E-05   9.088677E-05   9.088677E-05   9.088677E-05   7.607352E-05   7.607352E-05   7.607352E-05   7.607352E-05   7.607352E-05   7.607352E-05   7.607352E-05   7.607352E-05   7.607352E-05   7.607352E-05   7.607352E-05   7.607352E-05
   7.607352E-05   7.607352E-05   7.607352E-05   7.607352E-05   9.088677E-05   9.088677E-05   9.088677E-05   9.088677E-05   7.607352E-05   7.607352E-05   7.607352E-05   7.607352E-05   7.607352E-05   7.607352E-05   7.607352E-05   7.607352E-05   7.607352E-05   7.607352E-05   7.607352E-05   7.607352E-05
   7.607352E-05   7.607352E-05   7.607352E-05   7.607352E-05   9.088677E-05   9.088677E-05   7.607352E-05   7.607352E-05   7.607352E-05   7.607352E-05   7.607352E-05   7.607352E-05   7.607352E-05   7.607352E-05   7.607352E-05   7.607352E-05   7.607352E-05   7.607352E-05   7.607352E-05   7.607352E-05
   7.607352E-05   7.607352E-05   7.607352E-05   7.607352E-05   7.607352E-05   9.088677E-05   7.607352E-05   7.607352E-05   7.607352E-05   7.607352E-05   7.607352E-05   7.607352E-05   7.607352E-05   7.607352E-05   7.607352E-05   7.607352E-05   7.607352E-05   7.607352E-05   7.607352E-05   7.607352E-05
   7.607352E-05   7.607352E-05   7.607352E-05   7.607352E-05   7.607352E-05   7.607352E-05   7.607352E-05   7.607352E-05   7.607352E-05   7.607352E-05   7.607352E-05   7.607352E-05   7.607352E-05   7.607352E-05   7.607352E-05   7.607352E-05   7.607352E-05   7.607352E-05   7.607352E-05   7.607352E-05
   7.607352E-05   7.607352E-05   7.607352E-05   7.607352E-05   7.607352E-05   7.607352E-05   7.607352E-05   7.607352E-05   7.607352E-05   7.607352E-05   7.607352E-05   7.607352E-05   7.607352E-05   7.607352E-05   7.607352E-05   7.607352E-05   7.607352E-05   7.607352E-05   7.607352E-05   7.607352E-05
   7.607352E-05   7.607352E-05   7.607352E-05   7.607352E-05   7.607352E-05   7.607352E-05   7.607352E-05   7.607352E-05   7.607352E-05   7.607352E-05   7.607352E-05   7.607352E-05   7.607352E-05   7.607352E-05   7.607352E-05   7.607352E-05   7.607352E-05   7.607352E-05   7.607352E-05   7.607352E-05
   7.607352E-05   7.607352E-05   7.607352E-05   7.607352E-05   7.607352E-05   7.607352E-05   7.607352E-05   7.607352E-05   7.607352E-05   7.607352E-05   7.607352E-05   7.607352E-05   7.607352E-05   7.607352E-05   7.607352E-05   7.607352E-05   7.607352E-05   7.607352E-05   7.607352E-05   7.607352E-05
   7.607352E-05   7.607352E-05   7.607352E-05   7.607352E-05   7.607352E-05   7.607352E-05   7.607352E-05   7.607352E-05   7.607352E-05   7.607352E-05   7.607352E-05   7.607352E-05   7.607352E-05   7.607352E-05   7.607352E-05   7.607352E-05   7.607352E-05   7.607352E-05   7.607352E-05   7.607352E-05
   7.607352E-05   7.607352E-05   7.607352E-05   7.607352E-05   7.607352E-05   7.607352E-05   7.607352E-05   7.607352E-05   7.607352E-05   7.607352E-05   7.607352E-05   7.607352E-05   7.607352E-05   7.607352E-05   7.607352E-05   7.607352E-05   7.607352E-05   7.607352E-05   7.607352E-05   7.607352E-05
   7.607352E-05   7.607352E-05   7.607352E-05   7.607352E-05   7.607352E-05   7.607352E-05   7.607352E-05   7.607352E-05   7.607352E-05   7.607352E-05   7.607352E-05   7.607352E-05   7.607352E-05   7.607352E-05   7.607352E-05   7.607352E-05   7.607352E-05   7.607352E-05   7.607352E-05   7.607352E-05
   7.607352E-05   7.607352E-05   7.607352E-05   7.607352E-05   7.607352E-05   7.607352E-05   7.607352E-05   7.607352E-05   7.607352E-05   7.607352E-05   7.607352E-05   7.607352E-05   7.607352E-05   7.607352E-05   7.607352E-05   7.607352E-05   7.607352E-05   7.607352E-05   7.607352E-05   7.607352E-05
   7.607352E-05   7.607352E-05   7.607352E-05   7.607352E-05   7.607352E-05   7.607352E-05   7.607352E-05   7.607352E-05   7.607352E-05   7.607352E-05   7.607352E-05   7.607352E-05   7.607352E-05   7.607352E-05   7.607352E-05   7.607352E-05   7.607352E-05   7.607352E-05   7.607352E-05   7.607352E-05
   9.088677E-05   7.607352E-05   7.607352E-05   7.607352E-05   7.607352E-05   7.607352E-05   7.607352E-05   7.607352E-05   7.607352E-05   7.607352E-05   7.607352E-05   7.607352E-05   7.607352E-05   7.607352E-05   7.607352E-05   7.607352E-05   7.607352E-05   7.607352E-05   7.607352E-05   7.607352E-05
   9.088677E-05   9.088677E-05   7.607352E-05   7.607352E-05   7.607352E-05   7.607352E-05   7.607352E-05   7.607352E-05   7.607352E-05   7.607352E-05   7.607352E-05   7.607352E-05   7.607352E-05   7.607352E-05   7.607352E-05   7.607352E-05   7.607352E-05   7.607352E-05   7.607352E-05   7.607352E-05
   9.088677E-05   9.088677E-05   9.088677E-05   7.607352E-05   7.607352E-05   7.607352E-05   7.607352E-05   7.607352E-05   7.607352E-05   7.607352E-05   7.607352E-05   7.607352E-05   7.607352E-05   7.607352E-05   7.607352E-05   7.607352E-05   7.607352E-05   7.607352E-05   7.607352E-05   7.607352E-05
   9.088677E-05   9.088677E-05   9.088677E-05   9.088677E-05   7.607352E-05   7.607352E-05   7.607352E-05   7.607352E-05   7.607352E-05   7.607352E-05   7.607352E-05   7.607352E-05   7.607352E-05   7.607352E-05   7.607352E-05   7.607352E-05   7.607352E-05   7.607352E-05   7.607352E-05   9.088677E-05
   9.088677E-05   9.088677E-05   9.088677E-05   9.088677E-05   7.607352E-05   7.607352E-05   7.607352E-05   7.607352E-05   7.607352E-05   7.607352E-05   7.607352E-05   7.607352E-05   7.607352E-05   7.607352E-05   7.607352E-05   7.607352E-05   7.607352E-05   7.607352E-05   7.607352E-05   9.088677E-05
   9.088677E-05   9.088677E-05   9.088677E-05   9.088677E-05   9.088677E-05   7.607352E-05   7.607352E-05   7.607352E-05   7.607352E-05   7.607352E-05   7.607352E-05   7.607352E-05   7.607352E-05   7.607352E-05   7.607352E-05   7.607352E-05   7.607352E-05   7.607352E-05   9.088677E-05   9.088677E-05
   9.088677E-05   9.088677E-05   9.088677E-05   9.088677E-05   9.088677E-05   7.607352E-05   7.607352E-05   7.607352E-05   7.607352E-05   7.607352E-05   7.607352E-05   7.607352E-05   7.607352E-05   7.607352E-05   7.607352E-05   7.607352E-05   7.607352E-05   9.088677E-05   9.088677E-05   9.088677E-05
   9.088677E-05   9.088677E-05   9.088677E-05   9.088677E-05   9.088677E-05   7.607352E-05   7.607352E-05   7.607352E-05   7.607352E-05   7.607352E-05   7.607352E-05   7.607352E-05   7.607352E-05   7.607352E-05   7.607352E-05   7.607352E-05   9.088677E-05   9.088677E-05   9.088677E-05   9.088677E-05
