1 40 6 33.57499817 53.287654
1 40 7 33.57499817 53.287654
1 40 8 33.57499817 53.287654
1 40 9 33.57499817 53.287654
1 40 10 33.57499817 53.287654
1 40 11 33.57499817 53.287654
1 40 12 33.57499817 53.287654
1 40 13 33.57499817 53.287654
1 40 14 33.57499817 53.287654
1 40 15 33.57499817 53.287654
2 40 6 33.57499817 53.287654
2 40 7 33.57499817 53.287654
2 40 8 33.57499817 53.287654
2 40 9 33.57499817 53.287654
2 40 10 33.57499817 53.287654
2 40 11 33.57499817 53.287654
2 40 12 33.57499817 53.287654
2 40 13 33.57499817 53.287654
2 40 14 33.57499817 53.287654
2 40 15 33.57499817 53.287654
3 40 6 33.57499817 53.287654
3 40 7 33.57499817 53.287654
3 40 8 33.57499817 53.287654
3 40 9 33.57499817 53.287654
3 40 10 33.57499817 53.287654
3 40 11 33.57499817 53.287654
3 40 12 33.57499817 53.287654
3 40 13 33.57499817 53.287654
3 40 14 33.57499817 53.287654
3 40 15 33.57499817 53.287654
