   6.035947E-05   6.035947E-05   6.035947E-05   6.035947E-05   6.035947E-05   6.035947E-05   6.035947E-05   6.035947E-05   6.035947E-05   6.035947E-05   6.035947E-05   6.035947E-05   6.035947E-05   6.035947E-05   6.035947E-05   6.035947E-05   6.035947E-05   6.035947E-05   6.035947E-05   6.035947E-05
   6.035947E-05   6.035947E-05   6.035947E-05   6.035947E-05   6.035947E-05   6.035947E-05   6.035947E-05   6.035947E-05   6.035947E-05   6.035947E-05   6.035947E-05   6.035947E-05   6.035947E-05   6.035947E-05   6.035947E-05   6.035947E-05   6.035947E-05   6.035947E-05   6.035947E-05   6.035947E-05
   6.035947E-05   6.035947E-05   6.035947E-05   6.035947E-05   6.035947E-05   6.035947E-05   6.035947E-05   6.035947E-05   6.035947E-05   6.035947E-05   6.035947E-05   6.035947E-05   6.035947E-05   6.035947E-05   6.035947E-05   6.035947E-05   6.035947E-05   6.035947E-05   6.035947E-05   6.035947E-05
   6.035947E-05   6.035947E-05   6.035947E-05   6.035947E-05   6.035947E-05   6.035947E-05   6.035947E-05   6.035947E-05   6.035947E-05   6.035947E-05   6.035947E-05   6.035947E-05   6.035947E-05   6.035947E-05   6.035947E-05   6.035947E-05   6.035947E-05   6.035947E-05   6.035947E-05   6.035947E-05
   6.035947E-05   6.035947E-05   6.035947E-05   6.035947E-05   6.035947E-05   6.035947E-05   6.035947E-05   6.035947E-05   6.035947E-05   6.035947E-05   6.035947E-05   6.035947E-05   6.035947E-05   6.035947E-05   6.035947E-05   6.035947E-05   6.035947E-05   6.035947E-05   6.035947E-05   6.035947E-05
   6.035947E-05   6.035947E-05   6.035947E-05   6.035947E-05   6.035947E-05   6.035947E-05   6.035947E-05   6.035947E-05   6.035947E-05   6.035947E-05   6.035947E-05   6.035947E-05   6.035947E-05   6.035947E-05   6.035947E-05   6.035947E-05   6.035947E-05   6.035947E-05   6.035947E-05   6.035947E-05
   6.035947E-05   6.035947E-05   6.035947E-05   6.035947E-05   6.035947E-05   6.035947E-05   6.035947E-05   6.035947E-05   6.035947E-05   6.035947E-05   6.035947E-05   6.035947E-05   6.035947E-05   6.035947E-05   6.035947E-05   6.035947E-05   6.035947E-05   6.035947E-05   6.035947E-05   6.035947E-05
   6.035947E-05   6.035947E-05   6.035947E-05   6.035947E-05   6.035947E-05   6.035947E-05   6.035947E-05   6.035947E-05   6.035947E-05   6.035947E-05   6.035947E-05   6.035947E-05   6.035947E-05   6.035947E-05   6.035947E-05   6.035947E-05   6.035947E-05   6.035947E-05   6.035947E-05   6.035947E-05
   6.035947E-05   6.035947E-05   6.035947E-05   6.035947E-05   5.707746E-05   5.707746E-05   5.707746E-05   6.035947E-05   6.035947E-05   6.035947E-05   6.035947E-05   6.035947E-05   6.035947E-05   6.035947E-05   6.035947E-05   6.035947E-05   6.035947E-05   6.035947E-05   6.035947E-05   6.035947E-05
   6.035947E-05   6.035947E-05   6.035947E-05   6.035947E-05   5.707746E-05   5.707746E-05   5.707746E-05   5.707746E-05   6.035947E-05   6.035947E-05   6.035947E-05   6.035947E-05   6.035947E-05   6.035947E-05   6.035947E-05   6.035947E-05   6.035947E-05   6.035947E-05   6.035947E-05   6.035947E-05
   6.035947E-05   6.035947E-05   6.035947E-05   6.035947E-05   5.707746E-05   5.707746E-05   5.707746E-05   5.707746E-05   6.035947E-05   6.035947E-05   6.035947E-05   6.035947E-05   6.035947E-05   6.035947E-05   6.035947E-05   6.035947E-05   6.035947E-05   6.035947E-05   6.035947E-05   6.035947E-05
   6.035947E-05   6.035947E-05   6.035947E-05   6.035947E-05   5.707746E-05   5.707746E-05   5.707746E-05   5.707746E-05   6.035947E-05   6.035947E-05   6.035947E-05   6.035947E-05   6.035947E-05   6.035947E-05   6.035947E-05   6.035947E-05   6.035947E-05   6.035947E-05   6.035947E-05   6.035947E-05
   6.035947E-05   6.035947E-05   6.035947E-05   6.035947E-05   5.707746E-05   5.707746E-05   5.707746E-05   5.707746E-05   6.035947E-05   6.035947E-05   6.035947E-05   6.035947E-05   6.035947E-05   6.035947E-05   6.035947E-05   6.035947E-05   6.035947E-05   6.035947E-05   6.035947E-05   6.035947E-05
   6.035947E-05   6.035947E-05   6.035947E-05   6.035947E-05   5.707746E-05   5.707746E-05   5.707746E-05   5.707746E-05   6.035947E-05   6.035947E-05   6.035947E-05   6.035947E-05   6.035947E-05   6.035947E-05   6.035947E-05   6.035947E-05   6.035947E-05   6.035947E-05   6.035947E-05   6.035947E-05
   6.035947E-05   6.035947E-05   6.035947E-05   6.035947E-05   5.707746E-05   5.707746E-05   5.707746E-05   5.707746E-05   6.035947E-05   6.035947E-05   6.035947E-05   6.035947E-05   6.035947E-05   6.035947E-05   6.035947E-05   6.035947E-05   6.035947E-05   6.035947E-05   6.035947E-05   6.035947E-05
   6.035947E-05   6.035947E-05   6.035947E-05   6.035947E-05   5.707746E-05   5.707746E-05   5.707746E-05   5.707746E-05   6.035947E-05   6.035947E-05   6.035947E-05   6.035947E-05   6.035947E-05   6.035947E-05   6.035947E-05   6.035947E-05   6.035947E-05   6.035947E-05   6.035947E-05   6.035947E-05
   6.035947E-05   6.035947E-05   6.035947E-05   6.035947E-05   5.707746E-05   5.707746E-05   5.707746E-05   5.707746E-05   6.035947E-05   6.035947E-05   6.035947E-05   6.035947E-05   6.035947E-05   6.035947E-05   6.035947E-05   6.035947E-05   6.035947E-05   6.035947E-05   6.035947E-05   6.035947E-05
   6.035947E-05   6.035947E-05   6.035947E-05   6.035947E-05   5.707746E-05   5.707746E-05   5.707746E-05   5.707746E-05   6.035947E-05   6.035947E-05   6.035947E-05   6.035947E-05   6.035947E-05   6.035947E-05   6.035947E-05   6.035947E-05   6.035947E-05   6.035947E-05   6.035947E-05   6.035947E-05
   6.035947E-05   6.035947E-05   6.035947E-05   6.035947E-05   5.707746E-05   5.707746E-05   5.707746E-05   5.707746E-05   6.035947E-05   6.035947E-05   6.035947E-05   6.035947E-05   6.035947E-05   6.035947E-05   6.035947E-05   6.035947E-05   6.035947E-05   6.035947E-05   6.035947E-05   6.035947E-05
   6.035947E-05   6.035947E-05   6.035947E-05   6.035947E-05   5.707746E-05   5.707746E-05   5.707746E-05   5.707746E-05   6.035947E-05   6.035947E-05   6.035947E-05   6.035947E-05   6.035947E-05   6.035947E-05   6.035947E-05   6.035947E-05   6.035947E-05   6.035947E-05   6.035947E-05   6.035947E-05
   6.035947E-05   6.035947E-05   6.035947E-05   6.035947E-05   5.707746E-05   5.707746E-05   5.707746E-05   5.707746E-05   6.035947E-05   6.035947E-05   6.035947E-05   6.035947E-05   6.035947E-05   6.035947E-05   6.035947E-05   6.035947E-05   6.035947E-05   6.035947E-05   6.035947E-05   6.035947E-05
   6.035947E-05   6.035947E-05   6.035947E-05   6.035947E-05   5.707746E-05   5.707746E-05   6.035947E-05   6.035947E-05   6.035947E-05   6.035947E-05   6.035947E-05   6.035947E-05   6.035947E-05   6.035947E-05   6.035947E-05   6.035947E-05   6.035947E-05   6.035947E-05   6.035947E-05   6.035947E-05
   6.035947E-05   6.035947E-05   6.035947E-05   6.035947E-05   6.035947E-05   5.707746E-05   6.035947E-05   6.035947E-05   6.035947E-05   6.035947E-05   6.035947E-05   6.035947E-05   6.035947E-05   6.035947E-05   6.035947E-05   6.035947E-05   6.035947E-05   6.035947E-05   6.035947E-05   6.035947E-05
   6.035947E-05   6.035947E-05   6.035947E-05   6.035947E-05   6.035947E-05   6.035947E-05   6.035947E-05   6.035947E-05   6.035947E-05   6.035947E-05   6.035947E-05   6.035947E-05   6.035947E-05   6.035947E-05   6.035947E-05   6.035947E-05   6.035947E-05   6.035947E-05   6.035947E-05   6.035947E-05
   6.035947E-05   6.035947E-05   6.035947E-05   6.035947E-05   6.035947E-05   6.035947E-05   6.035947E-05   6.035947E-05   6.035947E-05   6.035947E-05   6.035947E-05   6.035947E-05   6.035947E-05   6.035947E-05   6.035947E-05   6.035947E-05   6.035947E-05   6.035947E-05   6.035947E-05   6.035947E-05
   6.035947E-05   6.035947E-05   6.035947E-05   6.035947E-05   6.035947E-05   6.035947E-05   6.035947E-05   6.035947E-05   6.035947E-05   6.035947E-05   6.035947E-05   6.035947E-05   6.035947E-05   6.035947E-05   6.035947E-05   6.035947E-05   6.035947E-05   6.035947E-05   6.035947E-05   6.035947E-05
   6.035947E-05   6.035947E-05   6.035947E-05   6.035947E-05   6.035947E-05   6.035947E-05   6.035947E-05   6.035947E-05   6.035947E-05   6.035947E-05   6.035947E-05   6.035947E-05   6.035947E-05   6.035947E-05   6.035947E-05   6.035947E-05   6.035947E-05   6.035947E-05   6.035947E-05   6.035947E-05
   6.035947E-05   6.035947E-05   6.035947E-05   6.035947E-05   6.035947E-05   6.035947E-05   6.035947E-05   6.035947E-05   6.035947E-05   6.035947E-05   6.035947E-05   6.035947E-05   6.035947E-05   6.035947E-05   6.035947E-05   6.035947E-05   6.035947E-05   6.035947E-05   6.035947E-05   6.035947E-05
   6.035947E-05   6.035947E-05   6.035947E-05   6.035947E-05   6.035947E-05   6.035947E-05   6.035947E-05   6.035947E-05   6.035947E-05   6.035947E-05   6.035947E-05   6.035947E-05   6.035947E-05   6.035947E-05   6.035947E-05   6.035947E-05   6.035947E-05   6.035947E-05   6.035947E-05   6.035947E-05
   6.035947E-05   6.035947E-05   6.035947E-05   6.035947E-05   6.035947E-05   6.035947E-05   6.035947E-05   6.035947E-05   6.035947E-05   6.035947E-05   6.035947E-05   6.035947E-05   6.035947E-05   6.035947E-05   6.035947E-05   6.035947E-05   6.035947E-05   6.035947E-05   6.035947E-05   6.035947E-05
   6.035947E-05   6.035947E-05   6.035947E-05   6.035947E-05   6.035947E-05   6.035947E-05   6.035947E-05   6.035947E-05   6.035947E-05   6.035947E-05   6.035947E-05   6.035947E-05   6.035947E-05   6.035947E-05   6.035947E-05   6.035947E-05   6.035947E-05   6.035947E-05   6.035947E-05   6.035947E-05
   6.035947E-05   6.035947E-05   6.035947E-05   6.035947E-05   6.035947E-05   6.035947E-05   6.035947E-05   6.035947E-05   6.035947E-05   6.035947E-05   6.035947E-05   6.035947E-05   6.035947E-05   6.035947E-05   6.035947E-05   6.035947E-05   6.035947E-05   6.035947E-05   6.035947E-05   6.035947E-05
   5.707746E-05   6.035947E-05   6.035947E-05   6.035947E-05   6.035947E-05   6.035947E-05   6.035947E-05   6.035947E-05   6.035947E-05   6.035947E-05   6.035947E-05   6.035947E-05   6.035947E-05   6.035947E-05   6.035947E-05   6.035947E-05   6.035947E-05   6.035947E-05   6.035947E-05   6.035947E-05
   5.707746E-05   5.707746E-05   6.035947E-05   6.035947E-05   6.035947E-05   6.035947E-05   6.035947E-05   6.035947E-05   6.035947E-05   6.035947E-05   6.035947E-05   6.035947E-05   6.035947E-05   6.035947E-05   6.035947E-05   6.035947E-05   6.035947E-05   6.035947E-05   6.035947E-05   6.035947E-05
   5.707746E-05   5.707746E-05   5.707746E-05   6.035947E-05   6.035947E-05   6.035947E-05   6.035947E-05   6.035947E-05   6.035947E-05   6.035947E-05   6.035947E-05   6.035947E-05   6.035947E-05   6.035947E-05   6.035947E-05   6.035947E-05   6.035947E-05   6.035947E-05   6.035947E-05   6.035947E-05
   5.707746E-05   5.707746E-05   5.707746E-05   5.707746E-05   6.035947E-05   6.035947E-05   6.035947E-05   6.035947E-05   6.035947E-05   6.035947E-05   6.035947E-05   6.035947E-05   6.035947E-05   6.035947E-05   6.035947E-05   6.035947E-05   6.035947E-05   6.035947E-05   6.035947E-05   5.707746E-05
   5.707746E-05   5.707746E-05   5.707746E-05   5.707746E-05   6.035947E-05   6.035947E-05   6.035947E-05   6.035947E-05   6.035947E-05   6.035947E-05   6.035947E-05   6.035947E-05   6.035947E-05   6.035947E-05   6.035947E-05   6.035947E-05   6.035947E-05   6.035947E-05   6.035947E-05   5.707746E-05
   5.707746E-05   5.707746E-05   5.707746E-05   5.707746E-05   5.707746E-05   6.035947E-05   6.035947E-05   6.035947E-05   6.035947E-05   6.035947E-05   6.035947E-05   6.035947E-05   6.035947E-05   6.035947E-05   6.035947E-05   6.035947E-05   6.035947E-05   6.035947E-05   5.707746E-05   5.707746E-05
   5.707746E-05   5.707746E-05   5.707746E-05   5.707746E-05   5.707746E-05   6.035947E-05   6.035947E-05   6.035947E-05   6.035947E-05   6.035947E-05   6.035947E-05   6.035947E-05   6.035947E-05   6.035947E-05   6.035947E-05   6.035947E-05   6.035947E-05   5.707746E-05   5.707746E-05   5.707746E-05
   5.707746E-05   5.707746E-05   5.707746E-05   5.707746E-05   5.707746E-05   6.035947E-05   6.035947E-05   6.035947E-05   6.035947E-05   6.035947E-05   6.035947E-05   6.035947E-05   6.035947E-05   6.035947E-05   6.035947E-05   6.035947E-05   5.707746E-05   5.707746E-05   5.707746E-05   5.707746E-05
