   5.859616E-05   5.859616E-05   5.859616E-05   5.859616E-05   5.859616E-05   5.859616E-05   5.859616E-05   5.859616E-05   5.859616E-05   5.859616E-05   5.859616E-05   5.859616E-05   5.859616E-05   5.859616E-05   5.859616E-05   5.859616E-05   5.859616E-05   5.859616E-05   5.859616E-05   5.859616E-05
   5.859616E-05   5.859616E-05   5.859616E-05   5.859616E-05   5.859616E-05   5.859616E-05   5.859616E-05   5.859616E-05   5.859616E-05   5.859616E-05   5.859616E-05   5.859616E-05   5.859616E-05   5.859616E-05   5.859616E-05   5.859616E-05   5.859616E-05   5.859616E-05   5.859616E-05   5.859616E-05
   5.859616E-05   5.859616E-05   5.859616E-05   5.859616E-05   5.859616E-05   5.859616E-05   5.859616E-05   5.859616E-05   5.859616E-05   5.859616E-05   5.859616E-05   5.859616E-05   5.859616E-05   5.859616E-05   5.859616E-05   5.859616E-05   5.859616E-05   5.859616E-05   5.859616E-05   5.859616E-05
   5.859616E-05   5.859616E-05   5.859616E-05   5.859616E-05   5.859616E-05   5.859616E-05   5.859616E-05   5.859616E-05   5.859616E-05   5.859616E-05   5.859616E-05   5.859616E-05   5.859616E-05   5.859616E-05   5.859616E-05   5.859616E-05   5.859616E-05   5.859616E-05   5.859616E-05   5.859616E-05
   5.859616E-05   5.859616E-05   5.859616E-05   5.859616E-05   5.859616E-05   5.859616E-05   5.859616E-05   5.859616E-05   5.859616E-05   5.859616E-05   5.859616E-05   5.859616E-05   5.859616E-05   5.859616E-05   5.859616E-05   5.859616E-05   5.859616E-05   5.859616E-05   5.859616E-05   5.859616E-05
   5.859616E-05   5.859616E-05   5.859616E-05   5.859616E-05   5.859616E-05   5.859616E-05   5.859616E-05   5.859616E-05   5.859616E-05   5.859616E-05   5.859616E-05   5.859616E-05   5.859616E-05   5.859616E-05   5.859616E-05   5.859616E-05   5.859616E-05   5.859616E-05   5.859616E-05   5.859616E-05
   5.859616E-05   5.859616E-05   5.859616E-05   5.859616E-05   5.859616E-05   5.859616E-05   5.859616E-05   5.859616E-05   5.859616E-05   5.859616E-05   5.859616E-05   5.859616E-05   5.859616E-05   5.859616E-05   5.859616E-05   5.859616E-05   5.859616E-05   5.859616E-05   5.859616E-05   5.859616E-05
   5.859616E-05   5.859616E-05   5.859616E-05   5.859616E-05   5.859616E-05   5.859616E-05   5.859616E-05   5.859616E-05   5.859616E-05   5.859616E-05   5.859616E-05   5.859616E-05   5.859616E-05   5.859616E-05   5.859616E-05   5.859616E-05   5.859616E-05   5.859616E-05   5.859616E-05   5.859616E-05
   5.859616E-05   5.859616E-05   5.859616E-05   5.859616E-05   8.412827E-05   8.412827E-05   8.412827E-05   5.859616E-05   5.859616E-05   5.859616E-05   5.859616E-05   5.859616E-05   5.859616E-05   5.859616E-05   5.859616E-05   5.859616E-05   5.859616E-05   5.859616E-05   5.859616E-05   5.859616E-05
   5.859616E-05   5.859616E-05   5.859616E-05   5.859616E-05   8.412827E-05   8.412827E-05   8.412827E-05   8.412827E-05   5.859616E-05   5.859616E-05   5.859616E-05   5.859616E-05   5.859616E-05   5.859616E-05   5.859616E-05   5.859616E-05   5.859616E-05   5.859616E-05   5.859616E-05   5.859616E-05
   5.859616E-05   5.859616E-05   5.859616E-05   5.859616E-05   8.412827E-05   8.412827E-05   8.412827E-05   8.412827E-05   5.859616E-05   5.859616E-05   5.859616E-05   5.859616E-05   5.859616E-05   5.859616E-05   5.859616E-05   5.859616E-05   5.859616E-05   5.859616E-05   5.859616E-05   5.859616E-05
   5.859616E-05   5.859616E-05   5.859616E-05   5.859616E-05   8.412827E-05   8.412827E-05   8.412827E-05   8.412827E-05   5.859616E-05   5.859616E-05   5.859616E-05   5.859616E-05   5.859616E-05   5.859616E-05   5.859616E-05   5.859616E-05   5.859616E-05   5.859616E-05   5.859616E-05   5.859616E-05
   5.859616E-05   5.859616E-05   5.859616E-05   5.859616E-05   8.412827E-05   8.412827E-05   8.412827E-05   8.412827E-05   5.859616E-05   5.859616E-05   5.859616E-05   5.859616E-05   5.859616E-05   5.859616E-05   5.859616E-05   5.859616E-05   5.859616E-05   5.859616E-05   5.859616E-05   5.859616E-05
   5.859616E-05   5.859616E-05   5.859616E-05   5.859616E-05   8.412827E-05   8.412827E-05   8.412827E-05   8.412827E-05   5.859616E-05   5.859616E-05   5.859616E-05   5.859616E-05   5.859616E-05   5.859616E-05   5.859616E-05   5.859616E-05   5.859616E-05   5.859616E-05   5.859616E-05   5.859616E-05
   5.859616E-05   5.859616E-05   5.859616E-05   5.859616E-05   8.412827E-05   8.412827E-05   8.412827E-05   8.412827E-05   5.859616E-05   5.859616E-05   5.859616E-05   5.859616E-05   5.859616E-05   5.859616E-05   5.859616E-05   5.859616E-05   5.859616E-05   5.859616E-05   5.859616E-05   5.859616E-05
   5.859616E-05   5.859616E-05   5.859616E-05   5.859616E-05   8.412827E-05   8.412827E-05   8.412827E-05   8.412827E-05   5.859616E-05   5.859616E-05   5.859616E-05   5.859616E-05   5.859616E-05   5.859616E-05   5.859616E-05   5.859616E-05   5.859616E-05   5.859616E-05   5.859616E-05   5.859616E-05
   5.859616E-05   5.859616E-05   5.859616E-05   5.859616E-05   8.412827E-05   8.412827E-05   8.412827E-05   8.412827E-05   5.859616E-05   5.859616E-05   5.859616E-05   5.859616E-05   5.859616E-05   5.859616E-05   5.859616E-05   5.859616E-05   5.859616E-05   5.859616E-05   5.859616E-05   5.859616E-05
   5.859616E-05   5.859616E-05   5.859616E-05   5.859616E-05   8.412827E-05   8.412827E-05   8.412827E-05   8.412827E-05   5.859616E-05   5.859616E-05   5.859616E-05   5.859616E-05   5.859616E-05   5.859616E-05   5.859616E-05   5.859616E-05   5.859616E-05   5.859616E-05   5.859616E-05   5.859616E-05
   5.859616E-05   5.859616E-05   5.859616E-05   5.859616E-05   8.412827E-05   8.412827E-05   8.412827E-05   8.412827E-05   5.859616E-05   5.859616E-05   5.859616E-05   5.859616E-05   5.859616E-05   5.859616E-05   5.859616E-05   5.859616E-05   5.859616E-05   5.859616E-05   5.859616E-05   5.859616E-05
   5.859616E-05   5.859616E-05   5.859616E-05   5.859616E-05   8.412827E-05   8.412827E-05   8.412827E-05   8.412827E-05   5.859616E-05   5.859616E-05   5.859616E-05   5.859616E-05   5.859616E-05   5.859616E-05   5.859616E-05   5.859616E-05   5.859616E-05   5.859616E-05   5.859616E-05   5.859616E-05
   5.859616E-05   5.859616E-05   5.859616E-05   5.859616E-05   8.412827E-05   8.412827E-05   8.412827E-05   8.412827E-05   5.859616E-05   5.859616E-05   5.859616E-05   5.859616E-05   5.859616E-05   5.859616E-05   5.859616E-05   5.859616E-05   5.859616E-05   5.859616E-05   5.859616E-05   5.859616E-05
   5.859616E-05   5.859616E-05   5.859616E-05   5.859616E-05   8.412827E-05   8.412827E-05   5.859616E-05   5.859616E-05   5.859616E-05   5.859616E-05   5.859616E-05   5.859616E-05   5.859616E-05   5.859616E-05   5.859616E-05   5.859616E-05   5.859616E-05   5.859616E-05   5.859616E-05   5.859616E-05
   5.859616E-05   5.859616E-05   5.859616E-05   5.859616E-05   5.859616E-05   8.412827E-05   5.859616E-05   5.859616E-05   5.859616E-05   5.859616E-05   5.859616E-05   5.859616E-05   5.859616E-05   5.859616E-05   5.859616E-05   5.859616E-05   5.859616E-05   5.859616E-05   5.859616E-05   5.859616E-05
   5.859616E-05   5.859616E-05   5.859616E-05   5.859616E-05   5.859616E-05   5.859616E-05   5.859616E-05   5.859616E-05   5.859616E-05   5.859616E-05   5.859616E-05   5.859616E-05   5.859616E-05   5.859616E-05   5.859616E-05   5.859616E-05   5.859616E-05   5.859616E-05   5.859616E-05   5.859616E-05
   5.859616E-05   5.859616E-05   5.859616E-05   5.859616E-05   5.859616E-05   5.859616E-05   5.859616E-05   5.859616E-05   5.859616E-05   5.859616E-05   5.859616E-05   5.859616E-05   5.859616E-05   5.859616E-05   5.859616E-05   5.859616E-05   5.859616E-05   5.859616E-05   5.859616E-05   5.859616E-05
   5.859616E-05   5.859616E-05   5.859616E-05   5.859616E-05   5.859616E-05   5.859616E-05   5.859616E-05   5.859616E-05   5.859616E-05   5.859616E-05   5.859616E-05   5.859616E-05   5.859616E-05   5.859616E-05   5.859616E-05   5.859616E-05   5.859616E-05   5.859616E-05   5.859616E-05   5.859616E-05
   5.859616E-05   5.859616E-05   5.859616E-05   5.859616E-05   5.859616E-05   5.859616E-05   5.859616E-05   5.859616E-05   5.859616E-05   5.859616E-05   5.859616E-05   5.859616E-05   5.859616E-05   5.859616E-05   5.859616E-05   5.859616E-05   5.859616E-05   5.859616E-05   5.859616E-05   5.859616E-05
   5.859616E-05   5.859616E-05   5.859616E-05   5.859616E-05   5.859616E-05   5.859616E-05   5.859616E-05   5.859616E-05   5.859616E-05   5.859616E-05   5.859616E-05   5.859616E-05   5.859616E-05   5.859616E-05   5.859616E-05   5.859616E-05   5.859616E-05   5.859616E-05   5.859616E-05   5.859616E-05
   5.859616E-05   5.859616E-05   5.859616E-05   5.859616E-05   5.859616E-05   5.859616E-05   5.859616E-05   5.859616E-05   5.859616E-05   5.859616E-05   5.859616E-05   5.859616E-05   5.859616E-05   5.859616E-05   5.859616E-05   5.859616E-05   5.859616E-05   5.859616E-05   5.859616E-05   5.859616E-05
   5.859616E-05   5.859616E-05   5.859616E-05   5.859616E-05   5.859616E-05   5.859616E-05   5.859616E-05   5.859616E-05   5.859616E-05   5.859616E-05   5.859616E-05   5.859616E-05   5.859616E-05   5.859616E-05   5.859616E-05   5.859616E-05   5.859616E-05   5.859616E-05   5.859616E-05   5.859616E-05
   5.859616E-05   5.859616E-05   5.859616E-05   5.859616E-05   5.859616E-05   5.859616E-05   5.859616E-05   5.859616E-05   5.859616E-05   5.859616E-05   5.859616E-05   5.859616E-05   5.859616E-05   5.859616E-05   5.859616E-05   5.859616E-05   5.859616E-05   5.859616E-05   5.859616E-05   5.859616E-05
   5.859616E-05   5.859616E-05   5.859616E-05   5.859616E-05   5.859616E-05   5.859616E-05   5.859616E-05   5.859616E-05   5.859616E-05   5.859616E-05   5.859616E-05   5.859616E-05   5.859616E-05   5.859616E-05   5.859616E-05   5.859616E-05   5.859616E-05   5.859616E-05   5.859616E-05   5.859616E-05
   8.412827E-05   5.859616E-05   5.859616E-05   5.859616E-05   5.859616E-05   5.859616E-05   5.859616E-05   5.859616E-05   5.859616E-05   5.859616E-05   5.859616E-05   5.859616E-05   5.859616E-05   5.859616E-05   5.859616E-05   5.859616E-05   5.859616E-05   5.859616E-05   5.859616E-05   5.859616E-05
   8.412827E-05   8.412827E-05   5.859616E-05   5.859616E-05   5.859616E-05   5.859616E-05   5.859616E-05   5.859616E-05   5.859616E-05   5.859616E-05   5.859616E-05   5.859616E-05   5.859616E-05   5.859616E-05   5.859616E-05   5.859616E-05   5.859616E-05   5.859616E-05   5.859616E-05   5.859616E-05
   8.412827E-05   8.412827E-05   8.412827E-05   5.859616E-05   5.859616E-05   5.859616E-05   5.859616E-05   5.859616E-05   5.859616E-05   5.859616E-05   5.859616E-05   5.859616E-05   5.859616E-05   5.859616E-05   5.859616E-05   5.859616E-05   5.859616E-05   5.859616E-05   5.859616E-05   5.859616E-05
   8.412827E-05   8.412827E-05   8.412827E-05   8.412827E-05   5.859616E-05   5.859616E-05   5.859616E-05   5.859616E-05   5.859616E-05   5.859616E-05   5.859616E-05   5.859616E-05   5.859616E-05   5.859616E-05   5.859616E-05   5.859616E-05   5.859616E-05   5.859616E-05   5.859616E-05   8.412827E-05
   8.412827E-05   8.412827E-05   8.412827E-05   8.412827E-05   5.859616E-05   5.859616E-05   5.859616E-05   5.859616E-05   5.859616E-05   5.859616E-05   5.859616E-05   5.859616E-05   5.859616E-05   5.859616E-05   5.859616E-05   5.859616E-05   5.859616E-05   5.859616E-05   5.859616E-05   8.412827E-05
   8.412827E-05   8.412827E-05   8.412827E-05   8.412827E-05   8.412827E-05   5.859616E-05   5.859616E-05   5.859616E-05   5.859616E-05   5.859616E-05   5.859616E-05   5.859616E-05   5.859616E-05   5.859616E-05   5.859616E-05   5.859616E-05   5.859616E-05   5.859616E-05   8.412827E-05   8.412827E-05
   8.412827E-05   8.412827E-05   8.412827E-05   8.412827E-05   8.412827E-05   5.859616E-05   5.859616E-05   5.859616E-05   5.859616E-05   5.859616E-05   5.859616E-05   5.859616E-05   5.859616E-05   5.859616E-05   5.859616E-05   5.859616E-05   5.859616E-05   8.412827E-05   8.412827E-05   8.412827E-05
   8.412827E-05   8.412827E-05   8.412827E-05   8.412827E-05   8.412827E-05   5.859616E-05   5.859616E-05   5.859616E-05   5.859616E-05   5.859616E-05   5.859616E-05   5.859616E-05   5.859616E-05   5.859616E-05   5.859616E-05   5.859616E-05   8.412827E-05   8.412827E-05   8.412827E-05   8.412827E-05
