   3.466675E+01    3.466161E+01    3.465134E+01    3.463630E+01    3.461732E+01    3.459526E+01    3.457110E+01    3.454613E+01    3.452157E+01    3.449822E+01    3.447619E+01    3.445492E+01    3.443364E+01    3.441189E+01    3.438851E+01    3.429412E+01    3.436775E+01    3.437085E+01    3.437239E+01    3.437319E+01
   3.466729E+01    3.466211E+01    3.465162E+01    3.463621E+01    3.461685E+01    3.459438E+01    3.456965E+01    3.454409E+01    3.451915E+01    3.449558E+01    3.447358E+01    3.445252E+01    3.443127E+01    3.440947E+01    3.438603E+01    3.429128E+01    3.436515E+01    3.436833E+01    3.436994E+01    3.437077E+01
   3.466825E+01    3.466295E+01    3.465207E+01    3.463594E+01    3.461590E+01    3.459269E+01    3.456698E+01    3.454054E+01    3.451505E+01    3.449105E+01    3.446892E+01    3.444808E+01    3.442666E+01    3.440458E+01    3.438089E+01    3.428289E+01    3.435975E+01    3.436329E+01    3.436509E+01    3.436600E+01
   3.466953E+01    3.466393E+01    3.465251E+01    3.463567E+01    3.461450E+01    3.459000E+01    3.456326E+01    3.453604E+01    3.450981E+01    3.448526E+01    3.446279E+01    3.444140E+01    3.441967E+01    3.439727E+01    3.437249E+01    3.424596E+01    3.435138E+01    3.435589E+01    3.435797E+01    3.435901E+01
   3.467130E+01    3.466540E+01    3.465341E+01    3.463562E+01    3.461295E+01    3.458676E+01    3.455851E+01    3.452997E+01    3.450274E+01    3.447742E+01    3.445417E+01    3.443215E+01    3.441018E+01    3.438769E+01    3.436346E+01    3.426603E+01    3.434256E+01    3.434657E+01    3.434881E+01    3.434999E+01
   3.467383E+01    3.466777E+01    3.465531E+01    3.463645E+01    3.461175E+01    3.458322E+01    3.455254E+01    3.452155E+01    3.449268E+01    3.446650E+01    3.444271E+01    3.442028E+01    3.439815E+01    3.437567E+01    3.435155E+01    3.425157E+01    3.433096E+01    3.433520E+01    3.433775E+01    3.433917E+01
   3.467719E+01    3.467140E+01    3.465901E+01    3.463948E+01    3.461161E+01    3.457992E+01    3.454556E+01    3.450990E+01    3.447875E+01    3.445196E+01    3.442809E+01    3.440571E+01    3.438372E+01    3.436138E+01    3.433742E+01    3.423564E+01    3.431702E+01    3.432181E+01    3.432498E+01    3.432681E+01
   3.468109E+01    3.467626E+01    3.466589E+01    3.464772E+01    3.461302E+01    3.457774E+01    3.453895E+01    3.449298E+01    3.445945E+01    3.443317E+01    3.441029E+01    3.438871E+01    3.436720E+01    3.434519E+01    3.432164E+01    3.422864E+01    3.430060E+01    3.430645E+01    3.431090E+01    3.431335E+01
   3.468462E+01    3.468153E+01    3.467574E+01    3.466908E+01    1.000000E+30    1.000000E+30    1.000000E+30    3.446353E+01    3.443219E+01    3.440996E+01    3.438983E+01    3.436981E+01    3.434905E+01    3.432740E+01    3.430407E+01    3.420720E+01    3.427932E+01    3.428914E+01    3.429613E+01    3.429966E+01
   3.468620E+01    3.468448E+01    3.468153E+01    3.467879E+01    1.000000E+30    1.000000E+30    1.000000E+30    1.000000E+30    3.439541E+01    3.438381E+01    3.436810E+01    3.435009E+01    3.432990E+01    3.430827E+01    3.428630E+01    3.419886E+01    3.424777E+01    3.427144E+01    3.428227E+01    3.428686E+01
   3.468469E+01    3.468374E+01    3.468231E+01    3.468101E+01    1.000000E+30    1.000000E+30    1.000000E+30    1.000000E+30    3.436851E+01    3.436069E+01    3.434773E+01    3.433101E+01    3.431022E+01    3.428669E+01    3.427000E+01    3.418379E+01    3.425347E+01    3.426462E+01    3.427226E+01    3.427607E+01
   3.467943E+01    3.467889E+01    3.467811E+01    3.467752E+01    1.000000E+30    1.000000E+30    1.000000E+30    1.000000E+30    3.434732E+01    3.434125E+01    3.433006E+01    3.431386E+01    3.429116E+01    3.425620E+01    3.425475E+01    3.417263E+01    3.424975E+01    3.425805E+01    3.426374E+01    3.426671E+01
   3.467057E+01    3.467017E+01    3.466971E+01    3.466946E+01    1.000000E+30    1.000000E+30    1.000000E+30    1.000000E+30    3.432980E+01    3.432478E+01    3.431509E+01    3.430106E+01    3.428309E+01    3.426270E+01    3.424976E+01    3.416079E+01    3.424356E+01    3.425089E+01    3.425546E+01    3.425784E+01
   3.465825E+01    3.465795E+01    3.465764E+01    3.465759E+01    1.000000E+30    1.000000E+30    1.000000E+30    1.000000E+30    3.431475E+01    3.431052E+01    3.430213E+01    3.429002E+01    3.427528E+01    3.425952E+01    3.424438E+01    3.415411E+01    3.423640E+01    3.424300E+01    3.424696E+01    3.424897E+01
   3.464275E+01    3.464254E+01    3.464231E+01    3.464239E+01    1.000000E+30    1.000000E+30    1.000000E+30    1.000000E+30    3.430130E+01    3.429764E+01    3.429035E+01    3.427926E+01    3.426619E+01    3.425219E+01    3.423711E+01    3.413707E+01    3.422802E+01    3.423431E+01    3.423785E+01    3.423966E+01
   3.462419E+01    3.462403E+01    3.462396E+01    3.462405E+01    1.000000E+30    1.000000E+30    1.000000E+30    1.000000E+30    3.428884E+01    3.428537E+01    3.427827E+01    3.426800E+01    3.425558E+01    3.424218E+01    3.422766E+01    3.415757E+01    3.421917E+01    3.422472E+01    3.422826E+01    3.423005E+01
   3.460266E+01    3.460248E+01    3.460239E+01    3.460256E+01    1.000000E+30    1.000000E+30    1.000000E+30    1.000000E+30    3.427692E+01    3.427348E+01    3.426633E+01    3.425598E+01    3.424353E+01    3.423000E+01    3.421515E+01    3.412776E+01    3.420766E+01    3.421405E+01    3.421790E+01    3.421985E+01
   3.457833E+01    3.457803E+01    3.457780E+01    3.457801E+01    1.000000E+30    1.000000E+30    1.000000E+30    1.000000E+30    3.426540E+01    3.426184E+01    3.425439E+01    3.424340E+01    3.423037E+01    3.421640E+01    3.420144E+01    3.411737E+01    3.419555E+01    3.420269E+01    3.420705E+01    3.420924E+01
   3.455147E+01    3.455096E+01    3.455032E+01    3.455052E+01    1.000000E+30    1.000000E+30    1.000000E+30    1.000000E+30    3.425438E+01    3.425040E+01    3.424234E+01    3.423041E+01    3.421665E+01    3.420178E+01    3.418613E+01    3.410168E+01    3.418292E+01    3.419103E+01    3.419608E+01    3.419856E+01
   3.452224E+01    3.452140E+01    3.452043E+01    3.451992E+01    1.000000E+30    1.000000E+30    1.000000E+30    1.000000E+30    3.424438E+01    3.423951E+01    3.423034E+01    3.421797E+01    3.420323E+01    3.418655E+01    3.416834E+01    3.408915E+01    3.417042E+01    3.417965E+01    3.418519E+01    3.418793E+01
   3.449100E+01    3.448946E+01    3.448722E+01    3.448542E+01    1.000000E+30    1.000000E+30    1.000000E+30    1.000000E+30    3.423642E+01    3.423013E+01    3.421991E+01    3.420689E+01    3.419123E+01    3.417158E+01    3.414183E+01    3.407173E+01    3.415899E+01    3.416903E+01    3.417487E+01    3.417771E+01
   3.445850E+01    3.445582E+01    3.445104E+01    3.444589E+01    1.000000E+30    1.000000E+30    3.424568E+01    3.423977E+01    3.423198E+01    3.422237E+01    3.421078E+01    3.419750E+01    3.418266E+01    3.416635E+01    3.414874E+01    3.407020E+01    3.415093E+01    3.415980E+01    3.416518E+01    3.416787E+01
   3.442606E+01    3.442192E+01    3.441322E+01    3.439830E+01    3.436815E+01    1.000000E+30    3.424911E+01    3.423892E+01    3.422689E+01    3.421442E+01    3.420180E+01    3.418834E+01    3.417465E+01    3.416068E+01    3.414677E+01    3.407680E+01    3.414368E+01    3.415113E+01    3.415589E+01    3.415845E+01
   3.439515E+01    3.439020E+01    3.437991E+01    3.436244E+01    3.433436E+01    3.429277E+01    3.425907E+01    3.423767E+01    3.422036E+01    3.420488E+01    3.419073E+01    3.417794E+01    3.416562E+01    3.415323E+01    3.414017E+01    3.406568E+01    3.413515E+01    3.414211E+01    3.414655E+01    3.414885E+01
   3.436657E+01    3.436140E+01    3.435077E+01    3.433398E+01    3.431033E+01    3.428111E+01    3.425350E+01    3.423049E+01    3.421048E+01    3.419245E+01    3.417673E+01    3.416525E+01    3.415468E+01    3.414353E+01    3.413082E+01    3.406740E+01    3.412533E+01    3.413211E+01    3.413648E+01    3.413871E+01
   3.434061E+01    3.433549E+01    3.432518E+01    3.430958E+01    3.428905E+01    3.426525E+01    3.424125E+01    3.421870E+01    3.419730E+01    3.417651E+01    3.415699E+01    3.414954E+01    3.414176E+01    3.413179E+01    3.411832E+01    3.401879E+01    3.411297E+01    3.412107E+01    3.412574E+01    3.412801E+01
   3.431720E+01    3.431224E+01    3.430241E+01    3.428749E+01    3.426852E+01    3.424710E+01    3.422559E+01    3.420386E+01    3.418231E+01    3.415831E+01    3.412478E+01    3.413201E+01    3.412809E+01    3.411916E+01    3.410615E+01    3.403033E+01    3.410141E+01    3.410943E+01    3.411430E+01    3.411677E+01
   3.429604E+01    3.429112E+01    3.428124E+01    3.426653E+01    3.424789E+01    3.422676E+01    3.420527E+01    3.418658E+01    3.416841E+01    3.414971E+01    3.413132E+01    3.412423E+01    3.411650E+01    3.410640E+01    3.409348E+01    3.402976E+01    3.408923E+01    3.409723E+01    3.410231E+01    3.410492E+01
   3.427711E+01    3.427195E+01    3.426166E+01    3.424649E+01    3.422705E+01    3.420400E+01    3.417947E+01    3.416669E+01    3.415357E+01    3.413934E+01    3.412552E+01    3.411489E+01    3.410462E+01    3.409328E+01    3.407985E+01    3.400621E+01    3.407590E+01    3.408446E+01    3.408990E+01    3.409270E+01
   3.426054E+01    3.425480E+01    3.424380E+01    3.422784E+01    3.420723E+01    3.418044E+01    3.414106E+01    3.414545E+01    3.413803E+01    3.412664E+01    3.411442E+01    3.410287E+01    3.409141E+01    3.407937E+01    3.406585E+01    3.399625E+01    3.406254E+01    3.407150E+01    3.407727E+01    3.408029E+01
   3.424695E+01    3.423968E+01    3.422763E+01    3.421104E+01    3.419128E+01    3.416877E+01    3.414549E+01    3.413508E+01    3.412442E+01    3.411265E+01    3.410060E+01    3.408845E+01    3.407647E+01    3.406438E+01    3.405095E+01    3.397561E+01    3.404897E+01    3.405850E+01    3.406465E+01    3.406789E+01
   3.423790E+01    3.422619E+01    3.421182E+01    3.419479E+01    3.417584E+01    3.415605E+01    3.413729E+01    3.412281E+01    3.410973E+01    3.409685E+01    3.408403E+01    3.407135E+01    3.405925E+01    3.404809E+01    3.403634E+01    3.396479E+01    3.403577E+01    3.404558E+01    3.405214E+01    3.405568E+01
   1.000000E+30    3.421233E+01    3.419586E+01    3.417775E+01    3.415871E+01    3.413999E+01    3.412246E+01    3.410683E+01    3.409240E+01    3.407845E+01    3.406465E+01    3.405101E+01    3.403851E+01    3.402939E+01    3.402036E+01    3.396529E+01    3.402246E+01    3.403254E+01    3.403979E+01    3.404401E+01
   1.000000E+30    1.000000E+30    3.417871E+01    3.415881E+01    3.413840E+01    3.411984E+01    3.410280E+01    3.408687E+01    3.407191E+01    3.405728E+01    3.404242E+01    3.402693E+01    3.401165E+01    3.400726E+01    3.400182E+01    3.395154E+01    3.400764E+01    3.401896E+01    3.402755E+01    3.403348E+01
   1.000000E+30    1.000000E+30    1.000000E+30    3.413744E+01    3.411311E+01    3.409472E+01    3.407851E+01    3.406283E+01    3.404821E+01    3.403373E+01    3.401818E+01    3.400012E+01    3.397169E+01    3.398265E+01    3.398121E+01    3.388929E+01    3.399082E+01    3.400461E+01    3.401499E+01    3.402582E+01
   1.000000E+30    1.000000E+30    1.000000E+30    1.000000E+30    3.407864E+01    3.406383E+01    3.404875E+01    3.403481E+01    3.402165E+01    3.400874E+01    3.399567E+01    3.398226E+01    3.396919E+01    3.396728E+01    3.396395E+01    3.389375E+01    3.397546E+01    3.398968E+01    3.399894E+01    1.000000E+30
   1.000000E+30    1.000000E+30    1.000000E+30    1.000000E+30    3.405590E+01    3.403009E+01    3.401517E+01    3.400319E+01    3.399223E+01    3.398160E+01    3.397132E+01    3.396167E+01    3.395363E+01    3.394956E+01    3.394612E+01    3.389827E+01    3.396001E+01    3.397585E+01    3.398900E+01    1.000000E+30
   1.000000E+30    1.000000E+30    1.000000E+30    1.000000E+30    1.000000E+30    3.398254E+01    3.397590E+01    3.396789E+01    3.395969E+01    3.395148E+01    3.394368E+01    3.393670E+01    3.393115E+01    3.392760E+01    3.392446E+01    3.385585E+01    3.394210E+01    3.396099E+01    1.000000E+30    1.000000E+30
   1.000000E+30    1.000000E+30    1.000000E+30    1.000000E+30    1.000000E+30    3.393802E+01    3.393451E+01    3.392930E+01    3.392351E+01    3.391751E+01    3.391186E+01    3.390693E+01    3.390317E+01    3.390090E+01    3.389945E+01    3.383924E+01    3.392296E+01    1.000000E+30    1.000000E+30    1.000000E+30
   1.000000E+30    1.000000E+30    1.000000E+30    1.000000E+30    1.000000E+30    3.384270E+01    3.384131E+01    3.383887E+01    3.383548E+01    3.383245E+01    3.382949E+01    3.382676E+01    3.382455E+01    3.382337E+01    3.382390E+01    3.381409E+01    1.000000E+30    1.000000E+30    1.000000E+30    1.000000E+30
