   1.289380E-04    1.289380E-04    1.289380E-04    1.289380E-04    1.289380E-04    1.289380E-04    1.289380E-04    1.289380E-04    1.289380E-04    1.289380E-04    1.289380E-04    1.289380E-04    1.289380E-04    1.289380E-04    1.289380E-04    1.289380E-04    1.289380E-04    1.289380E-04    1.289380E-04    1.289380E-04
   1.289380E-04    1.289380E-04    1.289380E-04    1.289380E-04    1.289380E-04    1.289380E-04    1.289380E-04    1.289380E-04    1.289380E-04    1.289380E-04    1.289380E-04    1.289380E-04    1.289380E-04    1.289380E-04    1.289380E-04    1.289380E-04    1.289380E-04    1.289380E-04    1.289380E-04    1.289380E-04
   1.289380E-04    1.289380E-04    1.289380E-04    1.289380E-04    1.289380E-04    1.289380E-04    1.289380E-04    1.289380E-04    1.289380E-04    1.289380E-04    1.289380E-04    1.289380E-04    1.289380E-04    1.289380E-04    1.289380E-04    1.289380E-04    1.289380E-04    1.289380E-04    1.289380E-04    1.289380E-04
   1.289380E-04    1.289380E-04    1.289380E-04    1.289380E-04    1.289380E-04    1.289380E-04    1.289380E-04    1.289380E-04    1.289380E-04    1.289380E-04    1.289380E-04    1.289380E-04    1.289380E-04    1.289380E-04    1.289380E-04    1.289380E-04    1.289380E-04    1.289380E-04    1.289380E-04    1.289380E-04
   1.289380E-04    1.289380E-04    1.289380E-04    1.289380E-04    1.289380E-04    1.289380E-04    1.289380E-04    1.289380E-04    1.289380E-04    1.289380E-04    1.289380E-04    1.289380E-04    1.289380E-04    1.289380E-04    1.289380E-04    1.289380E-04    1.289380E-04    1.289380E-04    1.289380E-04    1.289380E-04
   1.289380E-04    1.289380E-04    1.289380E-04    1.289380E-04    1.289380E-04    1.289380E-04    1.289380E-04    1.289380E-04    1.289380E-04    1.289380E-04    1.289380E-04    1.289380E-04    1.289380E-04    1.289380E-04    1.289380E-04    1.289380E-04    1.289380E-04    1.289380E-04    1.289380E-04    1.289380E-04
   1.289380E-04    1.289380E-04    1.289380E-04    1.289380E-04    1.289380E-04    1.289380E-04    1.289380E-04    1.289380E-04    1.289380E-04    1.289380E-04    1.289380E-04    1.289380E-04    1.289380E-04    1.289380E-04    1.289380E-04    1.289380E-04    1.289380E-04    1.289380E-04    1.289380E-04    1.289380E-04
   1.289380E-04    1.289380E-04    1.289380E-04    1.289380E-04    1.289380E-04    1.289380E-04    1.289380E-04    1.289380E-04    1.289380E-04    1.289380E-04    1.289380E-04    1.289380E-04    1.289380E-04    1.289380E-04    1.289380E-04    1.289380E-04    1.289380E-04    1.289380E-04    1.289380E-04    1.289380E-04
   1.289380E-04    1.289380E-04    1.289380E-04    1.289380E-04    1.289380E-04    1.289380E-04    1.289380E-04    1.289380E-04    1.289380E-04    1.289380E-04    1.289380E-04    1.289380E-04    1.289380E-04    1.289380E-04    1.289380E-04    1.289380E-04    1.289380E-04    1.289380E-04    1.289380E-04    1.289380E-04
   1.289380E-04    1.289380E-04    1.289380E-04    1.289380E-04    1.289380E-04    1.289380E-04    1.289380E-04    1.289380E-04    1.289380E-04    1.289380E-04    1.289380E-04    1.289380E-04    1.289380E-04    1.289380E-04    1.289380E-04    1.289380E-04    1.289380E-04    1.289380E-04    1.289380E-04    1.289380E-04
   1.289380E-04    1.289380E-04    1.289380E-04    1.289380E-04    1.289380E-04    1.289380E-04    1.289380E-04    1.289380E-04    1.289380E-04    1.289380E-04    1.289380E-04    1.289380E-04    1.289380E-04    1.289380E-04    1.289380E-04    1.289380E-04    1.289380E-04    1.289380E-04    1.289380E-04    1.289380E-04
   1.289380E-04    1.289380E-04    1.289380E-04    1.289380E-04    1.289380E-04    1.289380E-04    1.289380E-04    1.289380E-04    1.289380E-04    1.289380E-04    1.289380E-04    1.289380E-04    1.289380E-04    1.289380E-04    1.289380E-04    1.289380E-04    1.289380E-04    1.289380E-04    1.289380E-04    1.289380E-04
   1.289380E-04    1.289380E-04    1.289380E-04    1.289380E-04    1.289380E-04    1.289380E-04    1.289380E-04    1.289380E-04    1.289380E-04    1.289380E-04    1.289380E-04    1.289380E-04    1.289380E-04    1.289380E-04    1.289380E-04    1.289380E-04    1.289380E-04    1.289380E-04    1.289380E-04    1.289380E-04
   1.289380E-04    1.289380E-04    1.289380E-04    1.289380E-04    1.289380E-04    1.289380E-04    1.289380E-04    1.289380E-04    1.289380E-04    1.289380E-04    1.289380E-04    1.289380E-04    1.289380E-04    1.289380E-04    1.289380E-04    1.289380E-04    1.289380E-04    1.289380E-04    1.289380E-04    1.289380E-04
   1.289380E-04    1.289380E-04    1.289380E-04    1.289380E-04    1.289380E-04    1.289380E-04    1.289380E-04    1.289380E-04    1.289380E-04    1.289380E-04    1.289380E-04    1.289380E-04    1.289380E-04    1.289380E-04    1.289380E-04    1.289380E-04    1.289380E-04    1.289380E-04    1.289380E-04    1.289380E-04
   1.289380E-04    1.289380E-04    1.289380E-04    1.289380E-04    1.289380E-04    1.289380E-04    1.289380E-04    1.289380E-04    1.289380E-04    1.289380E-04    1.289380E-04    1.289380E-04    1.289380E-04    1.289380E-04    1.289380E-04    1.289380E-04    1.289380E-04    1.289380E-04    1.289380E-04    1.289380E-04
   1.289380E-04    1.289380E-04    1.289380E-04    1.289380E-04    1.289380E-04    1.289380E-04    1.289380E-04    1.289380E-04    1.289380E-04    1.289380E-04    1.289380E-04    1.289380E-04    1.289380E-04    1.289380E-04    1.289380E-04    1.289380E-04    1.289380E-04    1.289380E-04    1.289380E-04    1.289380E-04
   1.289380E-04    1.289380E-04    1.289380E-04    1.289380E-04    1.289380E-04    1.289380E-04    1.289380E-04    1.289380E-04    1.289380E-04    1.289380E-04    1.289380E-04    1.289380E-04    1.289380E-04    1.289380E-04    1.289380E-04    1.289380E-04    1.289380E-04    1.289380E-04    1.289380E-04    1.289380E-04
   1.289380E-04    1.289380E-04    1.289380E-04    1.289380E-04    1.289380E-04    1.289380E-04    1.289380E-04    1.289380E-04    1.289380E-04    1.289380E-04    1.289380E-04    1.289380E-04    1.289380E-04    1.289380E-04    1.289380E-04    1.289380E-04    1.289380E-04    1.289380E-04    1.289380E-04    1.289380E-04
   1.289380E-04    1.289380E-04    1.289380E-04    1.289380E-04    1.289380E-04    1.289380E-04    1.289380E-04    1.289380E-04    1.289380E-04    1.289380E-04    1.289380E-04    1.289380E-04    1.289380E-04    1.289380E-04    1.289380E-04    1.289380E-04    1.289380E-04    1.289380E-04    1.289380E-04    1.289380E-04
   1.289380E-04    1.289380E-04    1.289380E-04    1.289380E-04    1.289380E-04    1.289380E-04    1.289380E-04    1.289380E-04    1.289380E-04    1.289380E-04    1.289380E-04    1.289380E-04    1.289380E-04    1.289380E-04    1.289380E-04    1.289380E-04    1.289380E-04    1.289380E-04    1.289380E-04    1.289380E-04
   1.289380E-04    1.289380E-04    1.289380E-04    1.289380E-04    1.289380E-04    1.289380E-04    1.289380E-04    1.289380E-04    1.289380E-04    1.289380E-04    1.289380E-04    1.289380E-04    1.289380E-04    1.289380E-04    1.289380E-04    1.289380E-04    1.289380E-04    1.289380E-04    1.289380E-04    1.289380E-04
   1.289380E-04    1.289380E-04    1.289380E-04    1.289380E-04    1.289380E-04    1.289380E-04    1.289380E-04    1.289380E-04    1.289380E-04    1.289380E-04    1.289380E-04    1.289380E-04    1.289380E-04    1.289380E-04    1.289380E-04    1.289380E-04    1.289380E-04    1.289380E-04    1.289380E-04    1.289380E-04
   1.289380E-04    1.289380E-04    1.289380E-04    1.289380E-04    1.289380E-04    1.289380E-04    1.289380E-04    1.289380E-04    1.289380E-04    1.289380E-04    1.289380E-04    1.289380E-04    1.289380E-04    1.289380E-04    1.289380E-04    1.289380E-04    1.289380E-04    1.289380E-04    1.289380E-04    1.289380E-04
   1.289380E-04    1.289380E-04    1.289380E-04    1.289380E-04    1.289380E-04    1.289380E-04    1.289380E-04    1.289380E-04    1.289380E-04    1.289380E-04    1.289380E-04    1.289380E-04    1.289380E-04    1.289380E-04    1.289380E-04    1.289380E-04    1.289380E-04    1.289380E-04    1.289380E-04    1.289380E-04
   1.289380E-04    1.289380E-04    1.289380E-04    1.289380E-04    1.289380E-04    1.289380E-04    1.289380E-04    1.289380E-04    1.289380E-04    1.289380E-04    1.289380E-04    1.289380E-04    1.289380E-04    1.289380E-04    1.289380E-04    1.289380E-04    1.289380E-04    1.289380E-04    1.289380E-04    1.289380E-04
   1.289380E-04    1.289380E-04    1.289380E-04    1.289380E-04    1.289380E-04    1.289380E-04    1.289380E-04    1.289380E-04    1.289380E-04    1.289380E-04    1.289380E-04    1.289380E-04    1.289380E-04    1.289380E-04    1.289380E-04    1.289380E-04    1.289380E-04    1.289380E-04    1.289380E-04    1.289380E-04
   1.289380E-04    1.289380E-04    1.289380E-04    1.289380E-04    1.289380E-04    1.289380E-04    1.289380E-04    1.289380E-04    1.289380E-04    1.289380E-04    1.289380E-04    1.289380E-04    1.289380E-04    1.289380E-04    1.289380E-04    1.289380E-04    1.289380E-04    1.289380E-04    1.289380E-04    1.289380E-04
   1.289380E-04    1.289380E-04    1.289380E-04    1.289380E-04    1.289380E-04    1.289380E-04    1.289380E-04    1.289380E-04    1.289380E-04    1.289380E-04    1.289380E-04    1.289380E-04    1.289380E-04    1.289380E-04    1.289380E-04    1.289380E-04    1.289380E-04    1.289380E-04    1.289380E-04    1.289380E-04
   1.289380E-04    1.289380E-04    1.289380E-04    1.289380E-04    1.289380E-04    1.289380E-04    1.289380E-04    1.289380E-04    1.289380E-04    1.289380E-04    1.289380E-04    1.289380E-04    1.289380E-04    1.289380E-04    1.289380E-04    1.289380E-04    1.289380E-04    1.289380E-04    1.289380E-04    1.289380E-04
   1.289380E-04    1.289380E-04    1.289380E-04    1.289380E-04    1.289380E-04    1.289380E-04    1.289380E-04    1.289380E-04    1.289380E-04    1.289380E-04    1.289380E-04    1.289380E-04    1.289380E-04    1.289380E-04    1.289380E-04    1.289380E-04    1.289380E-04    1.289380E-04    1.289380E-04    1.289380E-04
   1.289380E-04    1.289380E-04    1.289380E-04    1.289380E-04    1.289380E-04    1.289380E-04    1.289380E-04    1.289380E-04    1.289380E-04    1.289380E-04    1.289380E-04    1.289380E-04    1.289380E-04    1.289380E-04    1.289380E-04    1.289380E-04    1.289380E-04    1.289380E-04    1.289380E-04    1.289380E-04
   1.289380E-04    1.289380E-04    1.289380E-04    1.289380E-04    1.289380E-04    1.289380E-04    1.289380E-04    1.289380E-04    1.289380E-04    1.289380E-04    1.289380E-04    1.289380E-04    1.289380E-04    1.289380E-04    1.289380E-04    1.289380E-04    1.289380E-04    1.289380E-04    1.289380E-04    1.289380E-04
   1.289380E-04    1.289380E-04    1.289380E-04    1.289380E-04    1.289380E-04    1.289380E-04    1.289380E-04    1.289380E-04    1.289380E-04    1.289380E-04    1.289380E-04    1.289380E-04    1.289380E-04    1.289380E-04    1.289380E-04    1.289380E-04    1.289380E-04    1.289380E-04    1.289380E-04    1.289380E-04
   1.289380E-04    1.289380E-04    1.289380E-04    1.289380E-04    1.289380E-04    1.289380E-04    1.289380E-04    1.289380E-04    1.289380E-04    1.289380E-04    1.289380E-04    1.289380E-04    1.289380E-04    1.289380E-04    1.289380E-04    1.289380E-04    1.289380E-04    1.289380E-04    1.289380E-04    1.289380E-04
   1.289380E-04    1.289380E-04    1.289380E-04    1.289380E-04    1.289380E-04    1.289380E-04    1.289380E-04    1.289380E-04    1.289380E-04    1.289380E-04    1.289380E-04    1.289380E-04    1.289380E-04    1.289380E-04    1.289380E-04    1.289380E-04    1.289380E-04    1.289380E-04    1.289380E-04    1.289380E-04
   1.289380E-04    1.289380E-04    1.289380E-04    1.289380E-04    1.289380E-04    1.289380E-04    1.289380E-04    1.289380E-04    1.289380E-04    1.289380E-04    1.289380E-04    1.289380E-04    1.289380E-04    1.289380E-04    1.289380E-04    1.289380E-04    1.289380E-04    1.289380E-04    1.289380E-04    1.289380E-04
   1.289380E-04    1.289380E-04    1.289380E-04    1.289380E-04    1.289380E-04    1.289380E-04    1.289380E-04    1.289380E-04    1.289380E-04    1.289380E-04    1.289380E-04    1.289380E-04    1.289380E-04    1.289380E-04    1.289380E-04    1.289380E-04    1.289380E-04    1.289380E-04    1.289380E-04    1.289380E-04
   1.289380E-04    1.289380E-04    1.289380E-04    1.289380E-04    1.289380E-04    1.289380E-04    1.289380E-04    1.289380E-04    1.289380E-04    1.289380E-04    1.289380E-04    1.289380E-04    1.289380E-04    1.289380E-04    1.289380E-04    1.289380E-04    1.289380E-04    1.289380E-04    1.289380E-04    1.289380E-04
   1.289380E-04    1.289380E-04    1.289380E-04    1.289380E-04    1.289380E-04    1.289380E-04    1.289380E-04    1.289380E-04    1.289380E-04    1.289380E-04    1.289380E-04    1.289380E-04    1.289380E-04    1.289380E-04    1.289380E-04    1.289380E-04    1.289380E-04    1.289380E-04    1.289380E-04    1.289380E-04
