 13.8049033213 13.8049033213 13.8049033213 13.8049033213 13.8049033213 13.8049033213 13.8049033213 13.8049033213 13.8049033213 13.8049033213 13.8049033213 13.8049033213 13.8049033213 13.8049033213 13.8049033213 13.8049033213 13.8049033213 13.8049033213 13.8049033213 13.8049033213
 13.8049033213 13.8049033213 13.8049033213 13.8049033213 13.8049033213 13.8049033213 13.8049033213 13.8049033213 13.8049033213 13.8049033213 13.8049033213 13.8049033213 13.8049033213 13.8049033213 13.8049033213 13.8049033213 13.8049033213 13.8049033213 13.8049033213 13.8049033213
 13.8049033213 13.8049033213 13.8049033213 13.8049033213 13.8049033213 13.8049033213 13.8049033213 13.8049033213 13.8049033213 13.8049033213 13.8049033213 13.8049033213 13.8049033213 13.8049033213 13.8049033213 13.8049033213 13.8049033213 13.8049033213 13.8049033213 13.8049033213
 13.8049033213 13.8049033213 13.8049033213 13.8049033213 13.8049033213 13.8049033213 13.8049033213 13.8049033213 13.8049033213 13.8049033213 13.8049033213 13.8049033213 13.8049033213 13.8049033213 13.8049033213 13.8049033213 13.8049033213 13.8049033213 13.8049033213 13.8049033213
 13.8049033213 13.8049033213 13.8049033213 13.8049033213 13.8049033213 13.8049033213 13.8049033213 13.8049033213 13.8049033213 13.8049033213 13.8049033213 13.8049033213 13.8049033213 13.8049033213 13.8049033213 13.8049033213 13.8049033213 13.8049033213 13.8049033213 13.8049033213
 13.8049033213 13.8049033213 13.8049033213 13.8049033213 13.8049033213 13.8049033213 13.8049033213 13.8049033213 13.8049033213 13.8049033213 13.8049033213 13.8049033213 13.8049033213 13.8049033213 13.8049033213 13.8049033213 13.8049033213 13.8049033213 13.8049033213 13.8049033213
 13.8049033213 13.8049033213 13.8049033213 13.8049033213 13.8049033213 13.8049033213 13.8049033213 13.8049033213 13.8049033213 13.8049033213 13.8049033213 13.8049033213 13.8049033213 13.8049033213 13.8049033213 13.8049033213 13.8049033213 13.8049033213 13.8049033213 13.8049033213
 13.8049033213 13.8049033213 13.8049033213 13.8049033213 13.8049033213 13.8049033213 13.8049033213 13.8049033213 13.8049033213 13.8049033213 13.8049033213 13.8049033213 13.8049033213 13.8049033213 13.8049033213 13.8049033213 13.8049033213 13.8049033213 13.8049033213 13.8049033213
 13.8049033213 13.8049033213 13.8049033213 13.8049033213 13.8049033213 13.8049033213 13.8049033213 13.8049033213 13.8049033213 13.8049033213 13.8049033213 13.8049033213 13.8049033213 13.8049033213 13.8049033213 13.8049033213 13.8049033213 13.8049033213 13.8049033213 13.8049033213
 13.8049033213 13.8049033213 13.8049033213 13.8049033213 13.8049033213 13.8049033213 13.8049033213 13.8049033213 13.8049033213 13.8049033213 13.8049033213 13.8049033213 13.8049033213 13.8049033213 13.8049033213 13.8049033213 13.8049033213 13.8049033213 13.8049033213 13.8049033213
 13.8049033213 13.8049033213 13.8049033213 13.8049033213 13.8049033213 13.8049033213 13.8049033213 13.8049033213 13.8049033213 13.8049033213 13.8049033213 13.8049033213 13.8049033213 13.8049033213 13.8049033213 13.8049033213 13.8049033213 13.8049033213 13.8049033213 13.8049033213
 13.8049033213 13.8049033213 13.8049033213 13.8049033213 13.8049033213 13.8049033213 13.8049033213 13.8049033213 13.8049033213 13.8049033213 13.8049033213 13.8049033213 13.8049033213 13.8049033213 13.8049033213 13.8049033213 13.8049033213 13.8049033213 13.8049033213 13.8049033213
 13.8049033213 13.8049033213 13.8049033213 13.8049033213 13.8049033213 13.8049033213 13.8049033213 13.8049033213 13.8049033213 13.8049033213 13.8049033213 13.8049033213 13.8049033213 13.8049033213 13.8049033213 13.8049033213 13.8049033213 13.8049033213 13.8049033213 13.8049033213
 13.8049033213 13.8049033213 13.8049033213 13.8049033213 13.8049033213 13.8049033213 13.8049033213 13.8049033213 13.8049033213 13.8049033213 13.8049033213 13.8049033213 13.8049033213 13.8049033213 13.8049033213 13.8049033213 13.8049033213 13.8049033213 13.8049033213 13.8049033213
 13.8049033213 13.8049033213 13.8049033213 13.8049033213 13.8049033213 13.8049033213 13.8049033213 13.8049033213 13.8049033213 13.8049033213 13.8049033213 13.8049033213 13.8049033213 13.8049033213 13.8049033213 13.8049033213 13.8049033213 13.8049033213 13.8049033213 13.8049033213
 13.8049033213 13.8049033213 13.8049033213 13.8049033213 13.8049033213 13.8049033213 13.8049033213 13.8049033213 13.8049033213 13.8049033213 13.8049033213 13.8049033213 13.8049033213 13.8049033213 13.8049033213 13.8049033213 13.8049033213 13.8049033213 13.8049033213 13.8049033213
 13.8049033213 13.8049033213 13.8049033213 13.8049033213 13.8049033213 13.8049033213 13.8049033213 13.8049033213 13.8049033213 13.8049033213 13.8049033213 13.8049033213 13.8049033213 13.8049033213 13.8049033213 13.8049033213 13.8049033213 13.8049033213 13.8049033213 13.8049033213
 13.8049033213 13.8049033213 13.8049033213 13.8049033213 13.8049033213 13.8049033213 13.8049033213 13.8049033213 13.8049033213 13.8049033213 13.8049033213 13.8049033213 13.8049033213 13.8049033213 13.8049033213 13.8049033213 13.8049033213 13.8049033213 13.8049033213 13.8049033213
 13.8049033213 13.8049033213 13.8049033213 13.8049033213 13.8049033213 13.8049033213 13.8049033213 13.8049033213 13.8049033213 13.8049033213 13.8049033213 13.8049033213 13.8049033213 13.8049033213 13.8049033213 13.8049033213 13.8049033213 13.8049033213 13.8049033213 13.8049033213
 13.8049033213 13.8049033213 13.8049033213 13.8049033213 13.8049033213 13.8049033213 13.8049033213 13.8049033213 13.8049033213 13.8049033213 13.8049033213 13.8049033213 13.8049033213 13.8049033213 13.8049033213 13.8049033213 13.8049033213 13.8049033213 13.8049033213 13.8049033213
 13.8049033213 13.8049033213 13.8049033213 13.8049033213 13.8049033213 13.8049033213 13.8049033213 13.8049033213 13.8049033213 13.8049033213 13.8049033213 13.8049033213 13.8049033213 13.8049033213 13.8049033213 13.8049033213 13.8049033213 13.8049033213 13.8049033213 13.8049033213
 13.8049033213 13.8049033213 13.8049033213 13.8049033213 13.8049033213 13.8049033213 13.8049033213 13.8049033213 13.8049033213 13.8049033213 13.8049033213 13.8049033213 13.8049033213 13.8049033213 13.8049033213 13.8049033213 13.8049033213 13.8049033213 13.8049033213 13.8049033213
 13.8049033213 13.8049033213 13.8049033213 13.8049033213 13.8049033213 13.8049033213 13.8049033213 13.8049033213 13.8049033213 13.8049033213 13.8049033213 13.8049033213 13.8049033213 13.8049033213 13.8049033213 13.8049033213 13.8049033213 13.8049033213 13.8049033213 13.8049033213
 13.8049033213 13.8049033213 13.8049033213 13.8049033213 13.8049033213 13.8049033213 13.8049033213 13.8049033213 13.8049033213 13.8049033213 13.8049033213 13.8049033213 13.8049033213 13.8049033213 13.8049033213 13.8049033213 13.8049033213 13.8049033213 13.8049033213 13.8049033213
 13.8049033213 13.8049033213 13.8049033213 13.8049033213 13.8049033213 13.8049033213 13.8049033213 13.8049033213 13.8049033213 13.8049033213 13.8049033213 13.8049033213 13.8049033213 13.8049033213 13.8049033213 13.8049033213 13.8049033213 13.8049033213 13.8049033213 13.8049033213
 13.8049033213 13.8049033213 13.8049033213 13.8049033213 13.8049033213 13.8049033213 13.8049033213 13.8049033213 13.8049033213 13.8049033213 13.8049033213 13.8049033213 13.8049033213 13.8049033213 13.8049033213 13.8049033213 13.8049033213 13.8049033213 13.8049033213 13.8049033213
 13.8049033213 13.8049033213 13.8049033213 13.8049033213 13.8049033213 13.8049033213 13.8049033213 13.8049033213 13.8049033213 13.8049033213 13.8049033213 13.8049033213 13.8049033213 13.8049033213 13.8049033213 13.8049033213 13.8049033213 13.8049033213 13.8049033213 13.8049033213
 13.8049033213 13.8049033213 13.8049033213 13.8049033213 13.8049033213 13.8049033213 13.8049033213 13.8049033213 13.8049033213 13.8049033213 13.8049033213 13.8049033213 13.8049033213 13.8049033213 13.8049033213 13.8049033213 13.8049033213 13.8049033213 13.8049033213 13.8049033213
 13.8049033213 13.8049033213 13.8049033213 13.8049033213 13.8049033213 13.8049033213 13.8049033213 13.8049033213 13.8049033213 13.8049033213 13.8049033213 13.8049033213 13.8049033213 13.8049033213 13.8049033213 13.8049033213 13.8049033213 13.8049033213 13.8049033213 13.8049033213
 13.8049033213 13.8049033213 13.8049033213 13.8049033213 13.8049033213 13.8049033213 13.8049033213 13.8049033213 13.8049033213 13.8049033213 13.8049033213 13.8049033213 13.8049033213 13.8049033213 13.8049033213 13.8049033213 13.8049033213 13.8049033213 13.8049033213 13.8049033213
 13.8049033213 13.8049033213 13.8049033213 13.8049033213 13.8049033213 13.8049033213 13.8049033213 13.8049033213 13.8049033213 13.8049033213 13.8049033213 13.8049033213 13.8049033213 13.8049033213 13.8049033213 13.8049033213 13.8049033213 13.8049033213 13.8049033213 13.8049033213
 13.8049033213 13.8049033213 13.8049033213 13.8049033213 13.8049033213 13.8049033213 13.8049033213 13.8049033213 13.8049033213 13.8049033213 13.8049033213 13.8049033213 13.8049033213 13.8049033213 13.8049033213 13.8049033213 13.8049033213 13.8049033213 13.8049033213 13.8049033213
 13.8049033213 13.8049033213 13.8049033213 13.8049033213 13.8049033213 13.8049033213 13.8049033213 13.8049033213 13.8049033213 13.8049033213 13.8049033213 13.8049033213 13.8049033213 13.8049033213 13.8049033213 13.8049033213 13.8049033213 13.8049033213 13.8049033213 13.8049033213
 13.8049033213 13.8049033213 13.8049033213 13.8049033213 13.8049033213 13.8049033213 13.8049033213 13.8049033213 13.8049033213 13.8049033213 13.8049033213 13.8049033213 13.8049033213 13.8049033213 13.8049033213 13.8049033213 13.8049033213 13.8049033213 13.8049033213 13.8049033213
 13.8049033213 13.8049033213 13.8049033213 13.8049033213 13.8049033213 13.8049033213 13.8049033213 13.8049033213 13.8049033213 13.8049033213 13.8049033213 13.8049033213 13.8049033213 13.8049033213 13.8049033213 13.8049033213 13.8049033213 13.8049033213 13.8049033213 13.8049033213
 13.8049033213 13.8049033213 13.8049033213 13.8049033213 13.8049033213 13.8049033213 13.8049033213 13.8049033213 13.8049033213 13.8049033213 13.8049033213 13.8049033213 13.8049033213 13.8049033213 13.8049033213 13.8049033213 13.8049033213 13.8049033213 13.8049033213 13.8049033213
 13.8049033213 13.8049033213 13.8049033213 13.8049033213 13.8049033213 13.8049033213 13.8049033213 13.8049033213 13.8049033213 13.8049033213 13.8049033213 13.8049033213 13.8049033213 13.8049033213 13.8049033213 13.8049033213 13.8049033213 13.8049033213 13.8049033213 13.8049033213
 13.8049033213 13.8049033213 13.8049033213 13.8049033213 13.8049033213 13.8049033213 13.8049033213 13.8049033213 13.8049033213 13.8049033213 13.8049033213 13.8049033213 13.8049033213 13.8049033213 13.8049033213 13.8049033213 13.8049033213 13.8049033213 13.8049033213 13.8049033213
 13.8049033213 13.8049033213 13.8049033213 13.8049033213 13.8049033213 13.8049033213 13.8049033213 13.8049033213 13.8049033213 13.8049033213 13.8049033213 13.8049033213 13.8049033213 13.8049033213 13.8049033213 13.8049033213 13.8049033213 13.8049033213 13.8049033213 13.8049033213
 13.8049033213 13.8049033213 13.8049033213 13.8049033213 13.8049033213 13.8049033213 13.8049033213 13.8049033213 13.8049033213 13.8049033213 13.8049033213 13.8049033213 13.8049033213 13.8049033213 13.8049033213 13.8049033213 13.8049033213 13.8049033213 13.8049033213 13.8049033213
