  1.79868250E-05  1.79868250E-05  1.79868250E-05  1.79868250E-05  1.79868250E-05  1.79868250E-05  1.79868250E-05  1.79868250E-05  1.79868250E-05  1.79868250E-05  1.79868250E-05  1.79868250E-05  1.79868250E-05  1.79868250E-05  1.79868250E-05  1.79868250E-05  1.79868250E-05  1.79868250E-05  1.79868250E-05  1.79868250E-05
  1.79868250E-05  1.79868250E-05  1.79868250E-05  1.79868250E-05  1.79868250E-05  1.79868250E-05  1.79868250E-05  1.79868250E-05  1.79868250E-05  1.79868250E-05  1.79868250E-05  1.79868250E-05  1.79868250E-05  1.79868250E-05  1.79868250E-05  1.79868250E-05  1.79868250E-05  1.79868250E-05  1.79868250E-05  1.79868250E-05
  1.79868250E-05  1.79868250E-05  1.79868250E-05  1.79868250E-05  1.79868250E-05  1.79868250E-05  1.79868250E-05  1.79868250E-05  1.79868250E-05  1.79868250E-05  1.79868250E-05  1.79868250E-05  1.79868250E-05  1.79868250E-05  1.79868250E-05  1.79868250E-05  1.79868250E-05  1.79868250E-05  1.79868250E-05  1.79868250E-05
  1.79868250E-05  1.79868250E-05  1.79868250E-05  1.79868250E-05  1.79868250E-05  1.79868250E-05  1.79868250E-05  1.79868250E-05  1.79868250E-05  1.79868250E-05  1.79868250E-05  1.79868250E-05  1.79868250E-05  1.79868250E-05  1.79868250E-05  1.79868250E-05  1.79868250E-05  1.79868250E-05  1.79868250E-05  1.79868250E-05
  1.79868250E-05  1.79868250E-05  1.79868250E-05  1.79868250E-05  1.79868250E-05  1.79868250E-05  1.79868250E-05  1.79868250E-05  1.79868250E-05  1.79868250E-05  1.79868250E-05  1.79868250E-05  1.79868250E-05  1.79868250E-05  1.79868250E-05  1.79868250E-05  1.79868250E-05  1.79868250E-05  1.79868250E-05  1.79868250E-05
  1.79868250E-05  1.79868250E-05  1.79868250E-05  1.79868250E-05  1.79868250E-05  1.79868250E-05  1.79868250E-05  1.79868250E-05  1.79868250E-05  1.79868250E-05  1.79868250E-05  1.79868250E-05  1.79868250E-05  1.79868250E-05  1.79868250E-05  1.79868250E-05  1.79868250E-05  1.79868250E-05  1.79868250E-05  1.79868250E-05
  1.79868250E-05  1.79868250E-05  1.79868250E-05  1.79868250E-05  1.79868250E-05  1.79868250E-05  1.79868250E-05  1.79868250E-05  1.79868250E-05  1.79868250E-05  1.79868250E-05  1.79868250E-05  1.79868250E-05  1.79868250E-05  1.79868250E-05  1.79868250E-05  1.79868250E-05  1.79868250E-05  1.79868250E-05  1.79868250E-05
  1.79868250E-05  1.79868250E-05  1.79868250E-05  1.79868250E-05  1.79868250E-05  1.79868250E-05  1.79868250E-05  1.79868250E-05  1.79868250E-05  1.79868250E-05  1.79868250E-05  1.79868250E-05  1.79868250E-05  1.79868250E-05  1.79868250E-05  1.79868250E-05  1.79868250E-05  1.79868250E-05  1.79868250E-05  1.79868250E-05
  1.79868250E-05  1.79868250E-05  1.79868250E-05  1.79868250E-05  1.79868250E-05  1.79868250E-05  1.79868250E-05  1.79868250E-05  1.79868250E-05  1.79868250E-05  1.79868250E-05  1.79868250E-05  1.79868250E-05  1.79868250E-05  1.79868250E-05  1.79868250E-05  1.79868250E-05  1.79868250E-05  1.79868250E-05  1.79868250E-05
  1.79868250E-05  1.79868250E-05  1.79868250E-05  1.79868250E-05  1.79868250E-05  1.79868250E-05  1.79868250E-05  1.79868250E-05  1.79868250E-05  1.79868250E-05  1.79868250E-05  1.79868250E-05  1.79868250E-05  1.79868250E-05  1.79868250E-05  1.79868250E-05  1.79868250E-05  1.79868250E-05  1.79868250E-05  1.79868250E-05
  1.79868250E-05  1.79868250E-05  1.79868250E-05  1.79868250E-05  1.79868250E-05  1.79868250E-05  1.79868250E-05  1.79868250E-05  1.79868250E-05  1.79868250E-05  1.79868250E-05  1.79868250E-05  1.79868250E-05  1.79868250E-05  1.79868250E-05  1.79868250E-05  1.79868250E-05  1.79868250E-05  1.79868250E-05  1.79868250E-05
  1.79868250E-05  1.79868250E-05  1.79868250E-05  1.79868250E-05  1.79868250E-05  1.79868250E-05  1.79868250E-05  1.79868250E-05  1.79868250E-05  1.79868250E-05  1.79868250E-05  1.79868250E-05  1.79868250E-05  1.79868250E-05  1.79868250E-05  1.79868250E-05  1.79868250E-05  1.79868250E-05  1.79868250E-05  1.79868250E-05
  1.79868250E-05  1.79868250E-05  1.79868250E-05  1.79868250E-05  1.79868250E-05  1.79868250E-05  1.79868250E-05  1.79868250E-05  1.79868250E-05  1.79868250E-05  1.79868250E-05  1.79868250E-05  1.79868250E-05  1.79868250E-05  1.79868250E-05  1.79868250E-05  1.79868250E-05  1.79868250E-05  1.79868250E-05  1.79868250E-05
  1.79868250E-05  1.79868250E-05  1.79868250E-05  1.79868250E-05  1.79868250E-05  1.79868250E-05  1.79868250E-05  1.79868250E-05  1.79868250E-05  1.79868250E-05  1.79868250E-05  1.79868250E-05  1.79868250E-05  1.79868250E-05  1.79868250E-05  1.79868250E-05  1.79868250E-05  1.79868250E-05  1.79868250E-05  1.79868250E-05
  1.79868250E-05  1.79868250E-05  1.79868250E-05  1.79868250E-05  1.79868250E-05  1.79868250E-05  1.79868250E-05  1.79868250E-05  1.79868250E-05  1.79868250E-05  1.79868250E-05  1.79868250E-05  1.79868250E-05  1.79868250E-05  1.79868250E-05  1.79868250E-05  1.79868250E-05  1.79868250E-05  1.79868250E-05  1.79868250E-05
  1.79868250E-05  1.79868250E-05  1.79868250E-05  1.79868250E-05  1.79868250E-05  1.79868250E-05  1.79868250E-05  1.79868250E-05  1.79868250E-05  1.79868250E-05  1.79868250E-05  1.79868250E-05  1.79868250E-05  1.79868250E-05  1.79868250E-05  1.79868250E-05  1.79868250E-05  1.79868250E-05  1.79868250E-05  1.79868250E-05
  1.79868250E-05  1.79868250E-05  1.79868250E-05  1.79868250E-05  1.79868250E-05  1.79868250E-05  1.79868250E-05  1.79868250E-05  1.79868250E-05  1.79868250E-05  1.79868250E-05  1.79868250E-05  1.79868250E-05  1.79868250E-05  1.79868250E-05  1.79868250E-05  1.79868250E-05  1.79868250E-05  1.79868250E-05  1.79868250E-05
  1.79868250E-05  1.79868250E-05  1.79868250E-05  1.79868250E-05  1.79868250E-05  1.79868250E-05  1.79868250E-05  1.79868250E-05  1.79868250E-05  1.79868250E-05  1.79868250E-05  1.79868250E-05  1.79868250E-05  1.79868250E-05  1.79868250E-05  1.79868250E-05  1.79868250E-05  1.79868250E-05  1.79868250E-05  1.79868250E-05
  1.79868250E-05  1.79868250E-05  1.79868250E-05  1.79868250E-05  1.79868250E-05  1.79868250E-05  1.79868250E-05  1.79868250E-05  1.79868250E-05  1.79868250E-05  1.79868250E-05  1.79868250E-05  1.79868250E-05  1.79868250E-05  1.79868250E-05  1.79868250E-05  1.79868250E-05  1.79868250E-05  1.79868250E-05  1.79868250E-05
  1.79868250E-05  1.79868250E-05  1.79868250E-05  1.79868250E-05  1.79868250E-05  1.79868250E-05  1.79868250E-05  1.79868250E-05  1.79868250E-05  1.79868250E-05  1.79868250E-05  1.79868250E-05  1.79868250E-05  1.79868250E-05  1.79868250E-05  1.79868250E-05  1.79868250E-05  1.79868250E-05  1.79868250E-05  1.79868250E-05
  1.79868250E-05  1.79868250E-05  1.79868250E-05  1.79868250E-05  1.79868250E-05  1.79868250E-05  1.79868250E-05  1.79868250E-05  1.79868250E-05  1.79868250E-05  1.79868250E-05  1.79868250E-05  1.79868250E-05  1.79868250E-05  1.79868250E-05  1.79868250E-05  1.79868250E-05  1.79868250E-05  1.79868250E-05  1.79868250E-05
  1.79868250E-05  1.79868250E-05  1.79868250E-05  1.79868250E-05  1.79868250E-05  1.79868250E-05  1.79868250E-05  1.79868250E-05  1.79868250E-05  1.79868250E-05  1.79868250E-05  1.79868250E-05  1.79868250E-05  1.79868250E-05  1.79868250E-05  1.79868250E-05  1.79868250E-05  1.79868250E-05  1.79868250E-05  1.79868250E-05
  1.79868250E-05  1.79868250E-05  1.79868250E-05  1.79868250E-05  1.79868250E-05  1.79868250E-05  1.79868250E-05  1.79868250E-05  1.79868250E-05  1.79868250E-05  1.79868250E-05  1.79868250E-05  1.79868250E-05  1.79868250E-05  1.79868250E-05  1.79868250E-05  1.79868250E-05  1.79868250E-05  1.79868250E-05  1.79868250E-05
  1.79868250E-05  1.79868250E-05  1.79868250E-05  1.79868250E-05  1.79868250E-05  1.79868250E-05  1.79868250E-05  1.79868250E-05  1.79868250E-05  1.79868250E-05  1.79868250E-05  1.79868250E-05  1.79868250E-05  1.79868250E-05  1.79868250E-05  1.79868250E-05  1.79868250E-05  1.79868250E-05  1.79868250E-05  1.79868250E-05
  1.79868250E-05  1.79868250E-05  1.79868250E-05  1.79868250E-05  1.79868250E-05  1.79868250E-05  1.79868250E-05  1.79868250E-05  1.79868250E-05  1.79868250E-05  1.79868250E-05  1.79868250E-05  1.79868250E-05  1.79868250E-05  1.79868250E-05  1.79868250E-05  1.79868250E-05  1.79868250E-05  1.79868250E-05  1.79868250E-05
  1.79868250E-05  1.79868250E-05  1.79868250E-05  1.79868250E-05  1.79868250E-05  1.79868250E-05  1.79868250E-05  1.79868250E-05  1.79868250E-05  1.79868250E-05  1.79868250E-05  1.79868250E-05  1.79868250E-05  1.79868250E-05  1.79868250E-05  1.79868250E-05  1.79868250E-05  1.79868250E-05  1.79868250E-05  1.79868250E-05
  1.79868250E-05  1.79868250E-05  1.79868250E-05  1.79868250E-05  1.79868250E-05  1.79868250E-05  1.79868250E-05  1.79868250E-05  1.79868250E-05  1.79868250E-05  1.79868250E-05  1.79868250E-05  1.79868250E-05  1.79868250E-05  1.79868250E-05  1.79868250E-05  1.79868250E-05  1.79868250E-05  1.79868250E-05  1.79868250E-05
  1.79868250E-05  1.79868250E-05  1.79868250E-05  1.79868250E-05  1.79868250E-05  1.79868250E-05  1.79868250E-05  1.79868250E-05  1.79868250E-05  1.79868250E-05  1.79868250E-05  1.79868250E-05  1.79868250E-05  1.79868250E-05  1.79868250E-05  1.79868250E-05  1.79868250E-05  1.79868250E-05  1.79868250E-05  1.79868250E-05
  1.79868250E-05  1.79868250E-05  1.79868250E-05  1.79868250E-05  1.79868250E-05  1.79868250E-05  1.79868250E-05  1.79868250E-05  1.79868250E-05  1.79868250E-05  1.79868250E-05  1.79868250E-05  1.79868250E-05  1.79868250E-05  1.79868250E-05  1.79868250E-05  1.79868250E-05  1.79868250E-05  1.79868250E-05  1.79868250E-05
  1.79868250E-05  1.79868250E-05  1.79868250E-05  1.79868250E-05  1.79868250E-05  1.79868250E-05  1.79868250E-05  1.79868250E-05  1.79868250E-05  1.79868250E-05  1.79868250E-05  1.79868250E-05  1.79868250E-05  1.79868250E-05  1.79868250E-05  1.79868250E-05  1.79868250E-05  1.79868250E-05  1.79868250E-05  1.79868250E-05
  1.79868250E-05  1.79868250E-05  1.79868250E-05  1.79868250E-05  1.79868250E-05  1.79868250E-05  1.79868250E-05  1.79868250E-05  1.79868250E-05  1.79868250E-05  1.79868250E-05  1.79868250E-05  1.79868250E-05  1.79868250E-05  1.79868250E-05  1.79868250E-05  1.79868250E-05  1.79868250E-05  1.79868250E-05  1.79868250E-05
  1.79868250E-05  1.79868250E-05  1.79868250E-05  1.79868250E-05  1.79868250E-05  1.79868250E-05  1.79868250E-05  1.79868250E-05  1.79868250E-05  1.79868250E-05  1.79868250E-05  1.79868250E-05  1.79868250E-05  1.79868250E-05  1.79868250E-05  1.79868250E-05  1.79868250E-05  1.79868250E-05  1.79868250E-05  1.79868250E-05
  1.79868250E-05  1.79868250E-05  1.79868250E-05  1.79868250E-05  1.79868250E-05  1.79868250E-05  1.79868250E-05  1.79868250E-05  1.79868250E-05  1.79868250E-05  1.79868250E-05  1.79868250E-05  1.79868250E-05  1.79868250E-05  1.79868250E-05  1.79868250E-05  1.79868250E-05  1.79868250E-05  1.79868250E-05  1.79868250E-05
  1.79868250E-05  1.79868250E-05  1.79868250E-05  1.79868250E-05  1.79868250E-05  1.79868250E-05  1.79868250E-05  1.79868250E-05  1.79868250E-05  1.79868250E-05  1.79868250E-05  1.79868250E-05  1.79868250E-05  1.79868250E-05  1.79868250E-05  1.79868250E-05  1.79868250E-05  1.79868250E-05  1.79868250E-05  1.79868250E-05
  1.79868250E-05  1.79868250E-05  1.79868250E-05  1.79868250E-05  1.79868250E-05  1.79868250E-05  1.79868250E-05  1.79868250E-05  1.79868250E-05  1.79868250E-05  1.79868250E-05  1.79868250E-05  1.79868250E-05  1.79868250E-05  1.79868250E-05  1.79868250E-05  1.79868250E-05  1.79868250E-05  1.79868250E-05  1.79868250E-05
  1.79868250E-05  1.79868250E-05  1.79868250E-05  1.79868250E-05  1.79868250E-05  1.79868250E-05  1.79868250E-05  1.79868250E-05  1.79868250E-05  1.79868250E-05  1.79868250E-05  1.79868250E-05  1.79868250E-05  1.79868250E-05  1.79868250E-05  1.79868250E-05  1.79868250E-05  1.79868250E-05  1.79868250E-05  1.79868250E-05
  1.79868250E-05  1.79868250E-05  1.79868250E-05  1.79868250E-05  1.79868250E-05  1.79868250E-05  1.79868250E-05  1.79868250E-05  1.79868250E-05  1.79868250E-05  1.79868250E-05  1.79868250E-05  1.79868250E-05  1.79868250E-05  1.79868250E-05  1.79868250E-05  1.79868250E-05  1.79868250E-05  1.79868250E-05  1.79868250E-05
  1.79868250E-05  1.79868250E-05  1.79868250E-05  1.79868250E-05  1.79868250E-05  1.79868250E-05  1.79868250E-05  1.79868250E-05  1.79868250E-05  1.79868250E-05  1.79868250E-05  1.79868250E-05  1.79868250E-05  1.79868250E-05  1.79868250E-05  1.79868250E-05  1.79868250E-05  1.79868250E-05  1.79868250E-05  1.79868250E-05
  1.79868250E-05  1.79868250E-05  1.79868250E-05  1.79868250E-05  1.79868250E-05  1.79868250E-05  1.79868250E-05  1.79868250E-05  1.79868250E-05  1.79868250E-05  1.79868250E-05  1.79868250E-05  1.79868250E-05  1.79868250E-05  1.79868250E-05  1.79868250E-05  1.79868250E-05  1.79868250E-05  1.79868250E-05  1.79868250E-05
  1.79868250E-05  1.79868250E-05  1.79868250E-05  1.79868250E-05  1.79868250E-05  1.79868250E-05  1.79868250E-05  1.79868250E-05  1.79868250E-05  1.79868250E-05  1.79868250E-05  1.79868250E-05  1.79868250E-05  1.79868250E-05  1.79868250E-05  1.79868250E-05  1.79868250E-05  1.79868250E-05  1.79868250E-05  1.79868250E-05
