  4.76309850E-05  4.76309850E-05  4.76309850E-05  4.76309850E-05  4.76309850E-05  4.76309850E-05  4.76309850E-05  4.76309850E-05  4.76309850E-05  4.76309850E-05  4.76309850E-05  4.76309850E-05  4.76309850E-05  4.76309850E-05  4.76309850E-05  4.76309850E-05  4.76309850E-05  4.76309850E-05  4.76309850E-05  4.76309850E-05
  4.76309850E-05  4.76309850E-05  4.76309850E-05  4.76309850E-05  4.76309850E-05  4.76309850E-05  4.76309850E-05  4.76309850E-05  4.76309850E-05  4.76309850E-05  4.76309850E-05  4.76309850E-05  4.76309850E-05  4.76309850E-05  4.76309850E-05  4.76309850E-05  4.76309850E-05  4.76309850E-05  4.76309850E-05  4.76309850E-05
  4.76309850E-05  4.76309850E-05  4.76309850E-05  4.76309850E-05  4.76309850E-05  4.76309850E-05  4.76309850E-05  4.76309850E-05  4.76309850E-05  4.76309850E-05  4.76309850E-05  4.76309850E-05  4.76309850E-05  4.76309850E-05  4.76309850E-05  4.76309850E-05  4.76309850E-05  4.76309850E-05  4.76309850E-05  4.76309850E-05
  4.76309850E-05  4.76309850E-05  4.76309850E-05  4.76309850E-05  4.76309850E-05  4.76309850E-05  4.76309850E-05  4.76309850E-05  4.76309850E-05  4.76309850E-05  4.76309850E-05  4.76309850E-05  4.76309850E-05  4.76309850E-05  4.76309850E-05  4.76309850E-05  4.76309850E-05  4.76309850E-05  4.76309850E-05  4.76309850E-05
  4.76309850E-05  4.76309850E-05  4.76309850E-05  4.76309850E-05  4.76309850E-05  4.76309850E-05  4.76309850E-05  4.76309850E-05  4.76309850E-05  4.76309850E-05  4.76309850E-05  4.76309850E-05  4.76309850E-05  4.76309850E-05  4.76309850E-05  4.76309850E-05  4.76309850E-05  4.76309850E-05  4.76309850E-05  4.76309850E-05
  4.76309850E-05  4.76309850E-05  4.76309850E-05  4.76309850E-05  4.76309850E-05  4.76309850E-05  4.76309850E-05  4.76309850E-05  4.76309850E-05  4.76309850E-05  4.76309850E-05  4.76309850E-05  4.76309850E-05  4.76309850E-05  4.76309850E-05  4.76309850E-05  4.76309850E-05  4.76309850E-05  4.76309850E-05  4.76309850E-05
  4.76309850E-05  4.76309850E-05  4.76309850E-05  4.76309850E-05  4.76309850E-05  4.76309850E-05  4.76309850E-05  4.76309850E-05  4.76309850E-05  4.76309850E-05  4.76309850E-05  4.76309850E-05  4.76309850E-05  4.76309850E-05  4.76309850E-05  4.76309850E-05  4.76309850E-05  4.76309850E-05  4.76309850E-05  4.76309850E-05
  4.76309850E-05  4.76309850E-05  4.76309850E-05  4.76309850E-05  4.76309850E-05  4.76309850E-05  4.76309850E-05  4.76309850E-05  4.76309850E-05  4.76309850E-05  4.76309850E-05  4.76309850E-05  4.76309850E-05  4.76309850E-05  4.76309850E-05  4.76309850E-05  4.76309850E-05  4.76309850E-05  4.76309850E-05  4.76309850E-05
  4.76309850E-05  4.76309850E-05  4.76309850E-05  4.76309850E-05  4.76309850E-05  4.76309850E-05  4.76309850E-05  4.76309850E-05  4.76309850E-05  4.76309850E-05  4.76309850E-05  4.76309850E-05  4.76309850E-05  4.76309850E-05  4.76309850E-05  4.76309850E-05  4.76309850E-05  4.76309850E-05  4.76309850E-05  4.76309850E-05
  4.76309850E-05  4.76309850E-05  4.76309850E-05  4.76309850E-05  4.76309850E-05  4.76309850E-05  4.76309850E-05  4.76309850E-05  4.76309850E-05  4.76309850E-05  4.76309850E-05  4.76309850E-05  4.76309850E-05  4.76309850E-05  4.76309850E-05  4.76309850E-05  4.76309850E-05  4.76309850E-05  4.76309850E-05  4.76309850E-05
  4.76309850E-05  4.76309850E-05  4.76309850E-05  4.76309850E-05  4.76309850E-05  4.76309850E-05  4.76309850E-05  4.76309850E-05  4.76309850E-05  4.76309850E-05  4.76309850E-05  4.76309850E-05  4.76309850E-05  4.76309850E-05  4.76309850E-05  4.76309850E-05  4.76309850E-05  4.76309850E-05  4.76309850E-05  4.76309850E-05
  4.76309850E-05  4.76309850E-05  4.76309850E-05  4.76309850E-05  4.76309850E-05  4.76309850E-05  4.76309850E-05  4.76309850E-05  4.76309850E-05  4.76309850E-05  4.76309850E-05  4.76309850E-05  4.76309850E-05  4.76309850E-05  4.76309850E-05  4.76309850E-05  4.76309850E-05  4.76309850E-05  4.76309850E-05  4.76309850E-05
  4.76309850E-05  4.76309850E-05  4.76309850E-05  4.76309850E-05  4.76309850E-05  4.76309850E-05  4.76309850E-05  4.76309850E-05  4.76309850E-05  4.76309850E-05  4.76309850E-05  4.76309850E-05  4.76309850E-05  4.76309850E-05  4.76309850E-05  4.76309850E-05  4.76309850E-05  4.76309850E-05  4.76309850E-05  4.76309850E-05
  4.76309850E-05  4.76309850E-05  4.76309850E-05  4.76309850E-05  4.76309850E-05  4.76309850E-05  4.76309850E-05  4.76309850E-05  4.76309850E-05  4.76309850E-05  4.76309850E-05  4.76309850E-05  4.76309850E-05  4.76309850E-05  4.76309850E-05  4.76309850E-05  4.76309850E-05  4.76309850E-05  4.76309850E-05  4.76309850E-05
  4.76309850E-05  4.76309850E-05  4.76309850E-05  4.76309850E-05  4.76309850E-05  4.76309850E-05  4.76309850E-05  4.76309850E-05  4.76309850E-05  4.76309850E-05  4.76309850E-05  4.76309850E-05  4.76309850E-05  4.76309850E-05  4.76309850E-05  4.76309850E-05  4.76309850E-05  4.76309850E-05  4.76309850E-05  4.76309850E-05
  4.76309850E-05  4.76309850E-05  4.76309850E-05  4.76309850E-05  4.76309850E-05  4.76309850E-05  4.76309850E-05  4.76309850E-05  4.76309850E-05  4.76309850E-05  4.76309850E-05  4.76309850E-05  4.76309850E-05  4.76309850E-05  4.76309850E-05  4.76309850E-05  4.76309850E-05  4.76309850E-05  4.76309850E-05  4.76309850E-05
  4.76309850E-05  4.76309850E-05  4.76309850E-05  4.76309850E-05  4.76309850E-05  4.76309850E-05  4.76309850E-05  4.76309850E-05  4.76309850E-05  4.76309850E-05  4.76309850E-05  4.76309850E-05  4.76309850E-05  4.76309850E-05  4.76309850E-05  4.76309850E-05  4.76309850E-05  4.76309850E-05  4.76309850E-05  4.76309850E-05
  4.76309850E-05  4.76309850E-05  4.76309850E-05  4.76309850E-05  4.76309850E-05  4.76309850E-05  4.76309850E-05  4.76309850E-05  4.76309850E-05  4.76309850E-05  4.76309850E-05  4.76309850E-05  4.76309850E-05  4.76309850E-05  4.76309850E-05  4.76309850E-05  4.76309850E-05  4.76309850E-05  4.76309850E-05  4.76309850E-05
  4.76309850E-05  4.76309850E-05  4.76309850E-05  4.76309850E-05  4.76309850E-05  4.76309850E-05  4.76309850E-05  4.76309850E-05  4.76309850E-05  4.76309850E-05  4.76309850E-05  4.76309850E-05  4.76309850E-05  4.76309850E-05  4.76309850E-05  4.76309850E-05  4.76309850E-05  4.76309850E-05  4.76309850E-05  4.76309850E-05
  4.76309850E-05  4.76309850E-05  4.76309850E-05  4.76309850E-05  4.76309850E-05  4.76309850E-05  4.76309850E-05  4.76309850E-05  4.76309850E-05  4.76309850E-05  4.76309850E-05  4.76309850E-05  4.76309850E-05  4.76309850E-05  4.76309850E-05  4.76309850E-05  4.76309850E-05  4.76309850E-05  4.76309850E-05  4.76309850E-05
  4.76309850E-05  4.76309850E-05  4.76309850E-05  4.76309850E-05  4.76309850E-05  4.76309850E-05  4.76309850E-05  4.76309850E-05  4.76309850E-05  4.76309850E-05  4.76309850E-05  4.76309850E-05  4.76309850E-05  4.76309850E-05  4.76309850E-05  4.76309850E-05  4.76309850E-05  4.76309850E-05  4.76309850E-05  4.76309850E-05
  4.76309850E-05  4.76309850E-05  4.76309850E-05  4.76309850E-05  4.76309850E-05  4.76309850E-05  4.76309850E-05  4.76309850E-05  4.76309850E-05  4.76309850E-05  4.76309850E-05  4.76309850E-05  4.76309850E-05  4.76309850E-05  4.76309850E-05  4.76309850E-05  4.76309850E-05  4.76309850E-05  4.76309850E-05  4.76309850E-05
  4.76309850E-05  4.76309850E-05  4.76309850E-05  4.76309850E-05  4.76309850E-05  4.76309850E-05  4.76309850E-05  4.76309850E-05  4.76309850E-05  4.76309850E-05  4.76309850E-05  4.76309850E-05  4.76309850E-05  4.76309850E-05  4.76309850E-05  4.76309850E-05  4.76309850E-05  4.76309850E-05  4.76309850E-05  4.76309850E-05
  4.76309850E-05  4.76309850E-05  4.76309850E-05  4.76309850E-05  4.76309850E-05  4.76309850E-05  4.76309850E-05  4.76309850E-05  4.76309850E-05  4.76309850E-05  4.76309850E-05  4.76309850E-05  4.76309850E-05  4.76309850E-05  4.76309850E-05  4.76309850E-05  4.76309850E-05  4.76309850E-05  4.76309850E-05  4.76309850E-05
  4.76309850E-05  4.76309850E-05  4.76309850E-05  4.76309850E-05  4.76309850E-05  4.76309850E-05  4.76309850E-05  4.76309850E-05  4.76309850E-05  4.76309850E-05  4.76309850E-05  4.76309850E-05  4.76309850E-05  4.76309850E-05  4.76309850E-05  4.76309850E-05  4.76309850E-05  4.76309850E-05  4.76309850E-05  4.76309850E-05
  4.76309850E-05  4.76309850E-05  4.76309850E-05  4.76309850E-05  4.76309850E-05  4.76309850E-05  4.76309850E-05  4.76309850E-05  4.76309850E-05  4.76309850E-05  4.76309850E-05  4.76309850E-05  4.76309850E-05  4.76309850E-05  4.76309850E-05  4.76309850E-05  4.76309850E-05  4.76309850E-05  4.76309850E-05  4.76309850E-05
  4.76309850E-05  4.76309850E-05  4.76309850E-05  4.76309850E-05  4.76309850E-05  4.76309850E-05  4.76309850E-05  4.76309850E-05  4.76309850E-05  4.76309850E-05  4.76309850E-05  4.76309850E-05  4.76309850E-05  4.76309850E-05  4.76309850E-05  4.76309850E-05  4.76309850E-05  4.76309850E-05  4.76309850E-05  4.76309850E-05
  4.76309850E-05  4.76309850E-05  4.76309850E-05  4.76309850E-05  4.76309850E-05  4.76309850E-05  4.76309850E-05  4.76309850E-05  4.76309850E-05  4.76309850E-05  4.76309850E-05  4.76309850E-05  4.76309850E-05  4.76309850E-05  4.76309850E-05  4.76309850E-05  4.76309850E-05  4.76309850E-05  4.76309850E-05  4.76309850E-05
  4.76309850E-05  4.76309850E-05  4.76309850E-05  4.76309850E-05  4.76309850E-05  4.76309850E-05  4.76309850E-05  4.76309850E-05  4.76309850E-05  4.76309850E-05  4.76309850E-05  4.76309850E-05  4.76309850E-05  4.76309850E-05  4.76309850E-05  4.76309850E-05  4.76309850E-05  4.76309850E-05  4.76309850E-05  4.76309850E-05
  4.76309850E-05  4.76309850E-05  4.76309850E-05  4.76309850E-05  4.76309850E-05  4.76309850E-05  4.76309850E-05  4.76309850E-05  4.76309850E-05  4.76309850E-05  4.76309850E-05  4.76309850E-05  4.76309850E-05  4.76309850E-05  4.76309850E-05  4.76309850E-05  4.76309850E-05  4.76309850E-05  4.76309850E-05  4.76309850E-05
  4.76309850E-05  4.76309850E-05  4.76309850E-05  4.76309850E-05  4.76309850E-05  4.76309850E-05  4.76309850E-05  4.76309850E-05  4.76309850E-05  4.76309850E-05  4.76309850E-05  4.76309850E-05  4.76309850E-05  4.76309850E-05  4.76309850E-05  4.76309850E-05  4.76309850E-05  4.76309850E-05  4.76309850E-05  4.76309850E-05
  4.76309850E-05  4.76309850E-05  4.76309850E-05  4.76309850E-05  4.76309850E-05  4.76309850E-05  4.76309850E-05  4.76309850E-05  4.76309850E-05  4.76309850E-05  4.76309850E-05  4.76309850E-05  4.76309850E-05  4.76309850E-05  4.76309850E-05  4.76309850E-05  4.76309850E-05  4.76309850E-05  4.76309850E-05  4.76309850E-05
  4.76309850E-05  4.76309850E-05  4.76309850E-05  4.76309850E-05  4.76309850E-05  4.76309850E-05  4.76309850E-05  4.76309850E-05  4.76309850E-05  4.76309850E-05  4.76309850E-05  4.76309850E-05  4.76309850E-05  4.76309850E-05  4.76309850E-05  4.76309850E-05  4.76309850E-05  4.76309850E-05  4.76309850E-05  4.76309850E-05
  4.76309850E-05  4.76309850E-05  4.76309850E-05  4.76309850E-05  4.76309850E-05  4.76309850E-05  4.76309850E-05  4.76309850E-05  4.76309850E-05  4.76309850E-05  4.76309850E-05  4.76309850E-05  4.76309850E-05  4.76309850E-05  4.76309850E-05  4.76309850E-05  4.76309850E-05  4.76309850E-05  4.76309850E-05  4.76309850E-05
  4.76309850E-05  4.76309850E-05  4.76309850E-05  4.76309850E-05  4.76309850E-05  4.76309850E-05  4.76309850E-05  4.76309850E-05  4.76309850E-05  4.76309850E-05  4.76309850E-05  4.76309850E-05  4.76309850E-05  4.76309850E-05  4.76309850E-05  4.76309850E-05  4.76309850E-05  4.76309850E-05  4.76309850E-05  4.76309850E-05
  4.76309850E-05  4.76309850E-05  4.76309850E-05  4.76309850E-05  4.76309850E-05  4.76309850E-05  4.76309850E-05  4.76309850E-05  4.76309850E-05  4.76309850E-05  4.76309850E-05  4.76309850E-05  4.76309850E-05  4.76309850E-05  4.76309850E-05  4.76309850E-05  4.76309850E-05  4.76309850E-05  4.76309850E-05  4.76309850E-05
  4.76309850E-05  4.76309850E-05  4.76309850E-05  4.76309850E-05  4.76309850E-05  4.76309850E-05  4.76309850E-05  4.76309850E-05  4.76309850E-05  4.76309850E-05  4.76309850E-05  4.76309850E-05  4.76309850E-05  4.76309850E-05  4.76309850E-05  4.76309850E-05  4.76309850E-05  4.76309850E-05  4.76309850E-05  4.76309850E-05
  4.76309850E-05  4.76309850E-05  4.76309850E-05  4.76309850E-05  4.76309850E-05  4.76309850E-05  4.76309850E-05  4.76309850E-05  4.76309850E-05  4.76309850E-05  4.76309850E-05  4.76309850E-05  4.76309850E-05  4.76309850E-05  4.76309850E-05  4.76309850E-05  4.76309850E-05  4.76309850E-05  4.76309850E-05  4.76309850E-05
  4.76309850E-05  4.76309850E-05  4.76309850E-05  4.76309850E-05  4.76309850E-05  4.76309850E-05  4.76309850E-05  4.76309850E-05  4.76309850E-05  4.76309850E-05  4.76309850E-05  4.76309850E-05  4.76309850E-05  4.76309850E-05  4.76309850E-05  4.76309850E-05  4.76309850E-05  4.76309850E-05  4.76309850E-05  4.76309850E-05
  4.76309850E-05  4.76309850E-05  4.76309850E-05  4.76309850E-05  4.76309850E-05  4.76309850E-05  4.76309850E-05  4.76309850E-05  4.76309850E-05  4.76309850E-05  4.76309850E-05  4.76309850E-05  4.76309850E-05  4.76309850E-05  4.76309850E-05  4.76309850E-05  4.76309850E-05  4.76309850E-05  4.76309850E-05  4.76309850E-05
