  4.20641350E-05  4.20641350E-05  4.20641350E-05  4.20641350E-05  4.20641350E-05  4.20641350E-05  4.20641350E-05  4.20641350E-05  4.20641350E-05  4.20641350E-05  4.20641350E-05  4.20641350E-05  4.20641350E-05  4.20641350E-05  4.20641350E-05  4.20641350E-05  4.20641350E-05  4.20641350E-05  4.20641350E-05  4.20641350E-05
  4.20641350E-05  4.20641350E-05  4.20641350E-05  4.20641350E-05  4.20641350E-05  4.20641350E-05  4.20641350E-05  4.20641350E-05  4.20641350E-05  4.20641350E-05  4.20641350E-05  4.20641350E-05  4.20641350E-05  4.20641350E-05  4.20641350E-05  4.20641350E-05  4.20641350E-05  4.20641350E-05  4.20641350E-05  4.20641350E-05
  4.20641350E-05  4.20641350E-05  4.20641350E-05  4.20641350E-05  4.20641350E-05  4.20641350E-05  4.20641350E-05  4.20641350E-05  4.20641350E-05  4.20641350E-05  4.20641350E-05  4.20641350E-05  4.20641350E-05  4.20641350E-05  4.20641350E-05  4.20641350E-05  4.20641350E-05  4.20641350E-05  4.20641350E-05  4.20641350E-05
  4.20641350E-05  4.20641350E-05  4.20641350E-05  4.20641350E-05  4.20641350E-05  4.20641350E-05  4.20641350E-05  4.20641350E-05  4.20641350E-05  4.20641350E-05  4.20641350E-05  4.20641350E-05  4.20641350E-05  4.20641350E-05  4.20641350E-05  4.20641350E-05  4.20641350E-05  4.20641350E-05  4.20641350E-05  4.20641350E-05
  4.20641350E-05  4.20641350E-05  4.20641350E-05  4.20641350E-05  4.20641350E-05  4.20641350E-05  4.20641350E-05  4.20641350E-05  4.20641350E-05  4.20641350E-05  4.20641350E-05  4.20641350E-05  4.20641350E-05  4.20641350E-05  4.20641350E-05  4.20641350E-05  4.20641350E-05  4.20641350E-05  4.20641350E-05  4.20641350E-05
  4.20641350E-05  4.20641350E-05  4.20641350E-05  4.20641350E-05  4.20641350E-05  4.20641350E-05  4.20641350E-05  4.20641350E-05  4.20641350E-05  4.20641350E-05  4.20641350E-05  4.20641350E-05  4.20641350E-05  4.20641350E-05  4.20641350E-05  4.20641350E-05  4.20641350E-05  4.20641350E-05  4.20641350E-05  4.20641350E-05
  4.20641350E-05  4.20641350E-05  4.20641350E-05  4.20641350E-05  4.20641350E-05  4.20641350E-05  4.20641350E-05  4.20641350E-05  4.20641350E-05  4.20641350E-05  4.20641350E-05  4.20641350E-05  4.20641350E-05  4.20641350E-05  4.20641350E-05  4.20641350E-05  4.20641350E-05  4.20641350E-05  4.20641350E-05  4.20641350E-05
  4.20641350E-05  4.20641350E-05  4.20641350E-05  4.20641350E-05  4.20641350E-05  4.20641350E-05  4.20641350E-05  4.20641350E-05  4.20641350E-05  4.20641350E-05  4.20641350E-05  4.20641350E-05  4.20641350E-05  4.20641350E-05  4.20641350E-05  4.20641350E-05  4.20641350E-05  4.20641350E-05  4.20641350E-05  4.20641350E-05
  4.20641350E-05  4.20641350E-05  4.20641350E-05  4.20641350E-05  4.20641350E-05  4.20641350E-05  4.20641350E-05  4.20641350E-05  4.20641350E-05  4.20641350E-05  4.20641350E-05  4.20641350E-05  4.20641350E-05  4.20641350E-05  4.20641350E-05  4.20641350E-05  4.20641350E-05  4.20641350E-05  4.20641350E-05  4.20641350E-05
  4.20641350E-05  4.20641350E-05  4.20641350E-05  4.20641350E-05  4.20641350E-05  4.20641350E-05  4.20641350E-05  4.20641350E-05  4.20641350E-05  4.20641350E-05  4.20641350E-05  4.20641350E-05  4.20641350E-05  4.20641350E-05  4.20641350E-05  4.20641350E-05  4.20641350E-05  4.20641350E-05  4.20641350E-05  4.20641350E-05
  4.20641350E-05  4.20641350E-05  4.20641350E-05  4.20641350E-05  4.20641350E-05  4.20641350E-05  4.20641350E-05  4.20641350E-05  4.20641350E-05  4.20641350E-05  4.20641350E-05  4.20641350E-05  4.20641350E-05  4.20641350E-05  4.20641350E-05  4.20641350E-05  4.20641350E-05  4.20641350E-05  4.20641350E-05  4.20641350E-05
  4.20641350E-05  4.20641350E-05  4.20641350E-05  4.20641350E-05  4.20641350E-05  4.20641350E-05  4.20641350E-05  4.20641350E-05  4.20641350E-05  4.20641350E-05  4.20641350E-05  4.20641350E-05  4.20641350E-05  4.20641350E-05  4.20641350E-05  4.20641350E-05  4.20641350E-05  4.20641350E-05  4.20641350E-05  4.20641350E-05
  4.20641350E-05  4.20641350E-05  4.20641350E-05  4.20641350E-05  4.20641350E-05  4.20641350E-05  4.20641350E-05  4.20641350E-05  4.20641350E-05  4.20641350E-05  4.20641350E-05  4.20641350E-05  4.20641350E-05  4.20641350E-05  4.20641350E-05  4.20641350E-05  4.20641350E-05  4.20641350E-05  4.20641350E-05  4.20641350E-05
  4.20641350E-05  4.20641350E-05  4.20641350E-05  4.20641350E-05  4.20641350E-05  4.20641350E-05  4.20641350E-05  4.20641350E-05  4.20641350E-05  4.20641350E-05  4.20641350E-05  4.20641350E-05  4.20641350E-05  4.20641350E-05  4.20641350E-05  4.20641350E-05  4.20641350E-05  4.20641350E-05  4.20641350E-05  4.20641350E-05
  4.20641350E-05  4.20641350E-05  4.20641350E-05  4.20641350E-05  4.20641350E-05  4.20641350E-05  4.20641350E-05  4.20641350E-05  4.20641350E-05  4.20641350E-05  4.20641350E-05  4.20641350E-05  4.20641350E-05  4.20641350E-05  4.20641350E-05  4.20641350E-05  4.20641350E-05  4.20641350E-05  4.20641350E-05  4.20641350E-05
  4.20641350E-05  4.20641350E-05  4.20641350E-05  4.20641350E-05  4.20641350E-05  4.20641350E-05  4.20641350E-05  4.20641350E-05  4.20641350E-05  4.20641350E-05  4.20641350E-05  4.20641350E-05  4.20641350E-05  4.20641350E-05  4.20641350E-05  4.20641350E-05  4.20641350E-05  4.20641350E-05  4.20641350E-05  4.20641350E-05
  4.20641350E-05  4.20641350E-05  4.20641350E-05  4.20641350E-05  4.20641350E-05  4.20641350E-05  4.20641350E-05  4.20641350E-05  4.20641350E-05  4.20641350E-05  4.20641350E-05  4.20641350E-05  4.20641350E-05  4.20641350E-05  4.20641350E-05  4.20641350E-05  4.20641350E-05  4.20641350E-05  4.20641350E-05  4.20641350E-05
  4.20641350E-05  4.20641350E-05  4.20641350E-05  4.20641350E-05  4.20641350E-05  4.20641350E-05  4.20641350E-05  4.20641350E-05  4.20641350E-05  4.20641350E-05  4.20641350E-05  4.20641350E-05  4.20641350E-05  4.20641350E-05  4.20641350E-05  4.20641350E-05  4.20641350E-05  4.20641350E-05  4.20641350E-05  4.20641350E-05
  4.20641350E-05  4.20641350E-05  4.20641350E-05  4.20641350E-05  4.20641350E-05  4.20641350E-05  4.20641350E-05  4.20641350E-05  4.20641350E-05  4.20641350E-05  4.20641350E-05  4.20641350E-05  4.20641350E-05  4.20641350E-05  4.20641350E-05  4.20641350E-05  4.20641350E-05  4.20641350E-05  4.20641350E-05  4.20641350E-05
  4.20641350E-05  4.20641350E-05  4.20641350E-05  4.20641350E-05  4.20641350E-05  4.20641350E-05  4.20641350E-05  4.20641350E-05  4.20641350E-05  4.20641350E-05  4.20641350E-05  4.20641350E-05  4.20641350E-05  4.20641350E-05  4.20641350E-05  4.20641350E-05  4.20641350E-05  4.20641350E-05  4.20641350E-05  4.20641350E-05
  4.20641350E-05  4.20641350E-05  4.20641350E-05  4.20641350E-05  4.20641350E-05  4.20641350E-05  4.20641350E-05  4.20641350E-05  4.20641350E-05  4.20641350E-05  4.20641350E-05  4.20641350E-05  4.20641350E-05  4.20641350E-05  4.20641350E-05  4.20641350E-05  4.20641350E-05  4.20641350E-05  4.20641350E-05  4.20641350E-05
  4.20641350E-05  4.20641350E-05  4.20641350E-05  4.20641350E-05  4.20641350E-05  4.20641350E-05  4.20641350E-05  4.20641350E-05  4.20641350E-05  4.20641350E-05  4.20641350E-05  4.20641350E-05  4.20641350E-05  4.20641350E-05  4.20641350E-05  4.20641350E-05  4.20641350E-05  4.20641350E-05  4.20641350E-05  4.20641350E-05
  4.20641350E-05  4.20641350E-05  4.20641350E-05  4.20641350E-05  4.20641350E-05  4.20641350E-05  4.20641350E-05  4.20641350E-05  4.20641350E-05  4.20641350E-05  4.20641350E-05  4.20641350E-05  4.20641350E-05  4.20641350E-05  4.20641350E-05  4.20641350E-05  4.20641350E-05  4.20641350E-05  4.20641350E-05  4.20641350E-05
  4.20641350E-05  4.20641350E-05  4.20641350E-05  4.20641350E-05  4.20641350E-05  4.20641350E-05  4.20641350E-05  4.20641350E-05  4.20641350E-05  4.20641350E-05  4.20641350E-05  4.20641350E-05  4.20641350E-05  4.20641350E-05  4.20641350E-05  4.20641350E-05  4.20641350E-05  4.20641350E-05  4.20641350E-05  4.20641350E-05
  4.20641350E-05  4.20641350E-05  4.20641350E-05  4.20641350E-05  4.20641350E-05  4.20641350E-05  4.20641350E-05  4.20641350E-05  4.20641350E-05  4.20641350E-05  4.20641350E-05  4.20641350E-05  4.20641350E-05  4.20641350E-05  4.20641350E-05  4.20641350E-05  4.20641350E-05  4.20641350E-05  4.20641350E-05  4.20641350E-05
  4.20641350E-05  4.20641350E-05  4.20641350E-05  4.20641350E-05  4.20641350E-05  4.20641350E-05  4.20641350E-05  4.20641350E-05  4.20641350E-05  4.20641350E-05  4.20641350E-05  4.20641350E-05  4.20641350E-05  4.20641350E-05  4.20641350E-05  4.20641350E-05  4.20641350E-05  4.20641350E-05  4.20641350E-05  4.20641350E-05
  4.20641350E-05  4.20641350E-05  4.20641350E-05  4.20641350E-05  4.20641350E-05  4.20641350E-05  4.20641350E-05  4.20641350E-05  4.20641350E-05  4.20641350E-05  4.20641350E-05  4.20641350E-05  4.20641350E-05  4.20641350E-05  4.20641350E-05  4.20641350E-05  4.20641350E-05  4.20641350E-05  4.20641350E-05  4.20641350E-05
  4.20641350E-05  4.20641350E-05  4.20641350E-05  4.20641350E-05  4.20641350E-05  4.20641350E-05  4.20641350E-05  4.20641350E-05  4.20641350E-05  4.20641350E-05  4.20641350E-05  4.20641350E-05  4.20641350E-05  4.20641350E-05  4.20641350E-05  4.20641350E-05  4.20641350E-05  4.20641350E-05  4.20641350E-05  4.20641350E-05
  4.20641350E-05  4.20641350E-05  4.20641350E-05  4.20641350E-05  4.20641350E-05  4.20641350E-05  4.20641350E-05  4.20641350E-05  4.20641350E-05  4.20641350E-05  4.20641350E-05  4.20641350E-05  4.20641350E-05  4.20641350E-05  4.20641350E-05  4.20641350E-05  4.20641350E-05  4.20641350E-05  4.20641350E-05  4.20641350E-05
  4.20641350E-05  4.20641350E-05  4.20641350E-05  4.20641350E-05  4.20641350E-05  4.20641350E-05  4.20641350E-05  4.20641350E-05  4.20641350E-05  4.20641350E-05  4.20641350E-05  4.20641350E-05  4.20641350E-05  4.20641350E-05  4.20641350E-05  4.20641350E-05  4.20641350E-05  4.20641350E-05  4.20641350E-05  4.20641350E-05
  4.20641350E-05  4.20641350E-05  4.20641350E-05  4.20641350E-05  4.20641350E-05  4.20641350E-05  4.20641350E-05  4.20641350E-05  4.20641350E-05  4.20641350E-05  4.20641350E-05  4.20641350E-05  4.20641350E-05  4.20641350E-05  4.20641350E-05  4.20641350E-05  4.20641350E-05  4.20641350E-05  4.20641350E-05  4.20641350E-05
  4.20641350E-05  4.20641350E-05  4.20641350E-05  4.20641350E-05  4.20641350E-05  4.20641350E-05  4.20641350E-05  4.20641350E-05  4.20641350E-05  4.20641350E-05  4.20641350E-05  4.20641350E-05  4.20641350E-05  4.20641350E-05  4.20641350E-05  4.20641350E-05  4.20641350E-05  4.20641350E-05  4.20641350E-05  4.20641350E-05
  4.20641350E-05  4.20641350E-05  4.20641350E-05  4.20641350E-05  4.20641350E-05  4.20641350E-05  4.20641350E-05  4.20641350E-05  4.20641350E-05  4.20641350E-05  4.20641350E-05  4.20641350E-05  4.20641350E-05  4.20641350E-05  4.20641350E-05  4.20641350E-05  4.20641350E-05  4.20641350E-05  4.20641350E-05  4.20641350E-05
  4.20641350E-05  4.20641350E-05  4.20641350E-05  4.20641350E-05  4.20641350E-05  4.20641350E-05  4.20641350E-05  4.20641350E-05  4.20641350E-05  4.20641350E-05  4.20641350E-05  4.20641350E-05  4.20641350E-05  4.20641350E-05  4.20641350E-05  4.20641350E-05  4.20641350E-05  4.20641350E-05  4.20641350E-05  4.20641350E-05
  4.20641350E-05  4.20641350E-05  4.20641350E-05  4.20641350E-05  4.20641350E-05  4.20641350E-05  4.20641350E-05  4.20641350E-05  4.20641350E-05  4.20641350E-05  4.20641350E-05  4.20641350E-05  4.20641350E-05  4.20641350E-05  4.20641350E-05  4.20641350E-05  4.20641350E-05  4.20641350E-05  4.20641350E-05  4.20641350E-05
  4.20641350E-05  4.20641350E-05  4.20641350E-05  4.20641350E-05  4.20641350E-05  4.20641350E-05  4.20641350E-05  4.20641350E-05  4.20641350E-05  4.20641350E-05  4.20641350E-05  4.20641350E-05  4.20641350E-05  4.20641350E-05  4.20641350E-05  4.20641350E-05  4.20641350E-05  4.20641350E-05  4.20641350E-05  4.20641350E-05
  4.20641350E-05  4.20641350E-05  4.20641350E-05  4.20641350E-05  4.20641350E-05  4.20641350E-05  4.20641350E-05  4.20641350E-05  4.20641350E-05  4.20641350E-05  4.20641350E-05  4.20641350E-05  4.20641350E-05  4.20641350E-05  4.20641350E-05  4.20641350E-05  4.20641350E-05  4.20641350E-05  4.20641350E-05  4.20641350E-05
  4.20641350E-05  4.20641350E-05  4.20641350E-05  4.20641350E-05  4.20641350E-05  4.20641350E-05  4.20641350E-05  4.20641350E-05  4.20641350E-05  4.20641350E-05  4.20641350E-05  4.20641350E-05  4.20641350E-05  4.20641350E-05  4.20641350E-05  4.20641350E-05  4.20641350E-05  4.20641350E-05  4.20641350E-05  4.20641350E-05
  4.20641350E-05  4.20641350E-05  4.20641350E-05  4.20641350E-05  4.20641350E-05  4.20641350E-05  4.20641350E-05  4.20641350E-05  4.20641350E-05  4.20641350E-05  4.20641350E-05  4.20641350E-05  4.20641350E-05  4.20641350E-05  4.20641350E-05  4.20641350E-05  4.20641350E-05  4.20641350E-05  4.20641350E-05  4.20641350E-05
  4.20641350E-05  4.20641350E-05  4.20641350E-05  4.20641350E-05  4.20641350E-05  4.20641350E-05  4.20641350E-05  4.20641350E-05  4.20641350E-05  4.20641350E-05  4.20641350E-05  4.20641350E-05  4.20641350E-05  4.20641350E-05  4.20641350E-05  4.20641350E-05  4.20641350E-05  4.20641350E-05  4.20641350E-05  4.20641350E-05
