  4.84647050E-05  4.84647050E-05  4.84647050E-05  4.84647050E-05  4.84647050E-05  4.84647050E-05  4.84647050E-05  4.84647050E-05  4.84647050E-05  4.84647050E-05  4.84647050E-05  4.84647050E-05  4.84647050E-05  4.84647050E-05  4.84647050E-05  4.84647050E-05  4.84647050E-05  4.84647050E-05  4.84647050E-05  4.84647050E-05
  4.84647050E-05  4.84647050E-05  4.84647050E-05  4.84647050E-05  4.84647050E-05  4.84647050E-05  4.84647050E-05  4.84647050E-05  4.84647050E-05  4.84647050E-05  4.84647050E-05  4.84647050E-05  4.84647050E-05  4.84647050E-05  4.84647050E-05  4.84647050E-05  4.84647050E-05  4.84647050E-05  4.84647050E-05  4.84647050E-05
  4.84647050E-05  4.84647050E-05  4.84647050E-05  4.84647050E-05  4.84647050E-05  4.84647050E-05  4.84647050E-05  4.84647050E-05  4.84647050E-05  4.84647050E-05  4.84647050E-05  4.84647050E-05  4.84647050E-05  4.84647050E-05  4.84647050E-05  4.84647050E-05  4.84647050E-05  4.84647050E-05  4.84647050E-05  4.84647050E-05
  4.84647050E-05  4.84647050E-05  4.84647050E-05  4.84647050E-05  4.84647050E-05  4.84647050E-05  4.84647050E-05  4.84647050E-05  4.84647050E-05  4.84647050E-05  4.84647050E-05  4.84647050E-05  4.84647050E-05  4.84647050E-05  4.84647050E-05  4.84647050E-05  4.84647050E-05  4.84647050E-05  4.84647050E-05  4.84647050E-05
  4.84647050E-05  4.84647050E-05  4.84647050E-05  4.84647050E-05  4.84647050E-05  4.84647050E-05  4.84647050E-05  4.84647050E-05  4.84647050E-05  4.84647050E-05  4.84647050E-05  4.84647050E-05  4.84647050E-05  4.84647050E-05  4.84647050E-05  4.84647050E-05  4.84647050E-05  4.84647050E-05  4.84647050E-05  4.84647050E-05
  4.84647050E-05  4.84647050E-05  4.84647050E-05  4.84647050E-05  4.84647050E-05  4.84647050E-05  4.84647050E-05  4.84647050E-05  4.84647050E-05  4.84647050E-05  4.84647050E-05  4.84647050E-05  4.84647050E-05  4.84647050E-05  4.84647050E-05  4.84647050E-05  4.84647050E-05  4.84647050E-05  4.84647050E-05  4.84647050E-05
  4.84647050E-05  4.84647050E-05  4.84647050E-05  4.84647050E-05  4.84647050E-05  4.84647050E-05  4.84647050E-05  4.84647050E-05  4.84647050E-05  4.84647050E-05  4.84647050E-05  4.84647050E-05  4.84647050E-05  4.84647050E-05  4.84647050E-05  4.84647050E-05  4.84647050E-05  4.84647050E-05  4.84647050E-05  4.84647050E-05
  4.84647050E-05  4.84647050E-05  4.84647050E-05  4.84647050E-05  4.84647050E-05  4.84647050E-05  4.84647050E-05  4.84647050E-05  4.84647050E-05  4.84647050E-05  4.84647050E-05  4.84647050E-05  4.84647050E-05  4.84647050E-05  4.84647050E-05  4.84647050E-05  4.84647050E-05  4.84647050E-05  4.84647050E-05  4.84647050E-05
  4.84647050E-05  4.84647050E-05  4.84647050E-05  4.84647050E-05  4.84647050E-05  4.84647050E-05  4.84647050E-05  4.84647050E-05  4.84647050E-05  4.84647050E-05  4.84647050E-05  4.84647050E-05  4.84647050E-05  4.84647050E-05  4.84647050E-05  4.84647050E-05  4.84647050E-05  4.84647050E-05  4.84647050E-05  4.84647050E-05
  4.84647050E-05  4.84647050E-05  4.84647050E-05  4.84647050E-05  4.84647050E-05  4.84647050E-05  4.84647050E-05  4.84647050E-05  4.84647050E-05  4.84647050E-05  4.84647050E-05  4.84647050E-05  4.84647050E-05  4.84647050E-05  4.84647050E-05  4.84647050E-05  4.84647050E-05  4.84647050E-05  4.84647050E-05  4.84647050E-05
  4.84647050E-05  4.84647050E-05  4.84647050E-05  4.84647050E-05  4.84647050E-05  4.84647050E-05  4.84647050E-05  4.84647050E-05  4.84647050E-05  4.84647050E-05  4.84647050E-05  4.84647050E-05  4.84647050E-05  4.84647050E-05  4.84647050E-05  4.84647050E-05  4.84647050E-05  4.84647050E-05  4.84647050E-05  4.84647050E-05
  4.84647050E-05  4.84647050E-05  4.84647050E-05  4.84647050E-05  4.84647050E-05  4.84647050E-05  4.84647050E-05  4.84647050E-05  4.84647050E-05  4.84647050E-05  4.84647050E-05  4.84647050E-05  4.84647050E-05  4.84647050E-05  4.84647050E-05  4.84647050E-05  4.84647050E-05  4.84647050E-05  4.84647050E-05  4.84647050E-05
  4.84647050E-05  4.84647050E-05  4.84647050E-05  4.84647050E-05  4.84647050E-05  4.84647050E-05  4.84647050E-05  4.84647050E-05  4.84647050E-05  4.84647050E-05  4.84647050E-05  4.84647050E-05  4.84647050E-05  4.84647050E-05  4.84647050E-05  4.84647050E-05  4.84647050E-05  4.84647050E-05  4.84647050E-05  4.84647050E-05
  4.84647050E-05  4.84647050E-05  4.84647050E-05  4.84647050E-05  4.84647050E-05  4.84647050E-05  4.84647050E-05  4.84647050E-05  4.84647050E-05  4.84647050E-05  4.84647050E-05  4.84647050E-05  4.84647050E-05  4.84647050E-05  4.84647050E-05  4.84647050E-05  4.84647050E-05  4.84647050E-05  4.84647050E-05  4.84647050E-05
  4.84647050E-05  4.84647050E-05  4.84647050E-05  4.84647050E-05  4.84647050E-05  4.84647050E-05  4.84647050E-05  4.84647050E-05  4.84647050E-05  4.84647050E-05  4.84647050E-05  4.84647050E-05  4.84647050E-05  4.84647050E-05  4.84647050E-05  4.84647050E-05  4.84647050E-05  4.84647050E-05  4.84647050E-05  4.84647050E-05
  4.84647050E-05  4.84647050E-05  4.84647050E-05  4.84647050E-05  4.84647050E-05  4.84647050E-05  4.84647050E-05  4.84647050E-05  4.84647050E-05  4.84647050E-05  4.84647050E-05  4.84647050E-05  4.84647050E-05  4.84647050E-05  4.84647050E-05  4.84647050E-05  4.84647050E-05  4.84647050E-05  4.84647050E-05  4.84647050E-05
  4.84647050E-05  4.84647050E-05  4.84647050E-05  4.84647050E-05  4.84647050E-05  4.84647050E-05  4.84647050E-05  4.84647050E-05  4.84647050E-05  4.84647050E-05  4.84647050E-05  4.84647050E-05  4.84647050E-05  4.84647050E-05  4.84647050E-05  4.84647050E-05  4.84647050E-05  4.84647050E-05  4.84647050E-05  4.84647050E-05
  4.84647050E-05  4.84647050E-05  4.84647050E-05  4.84647050E-05  4.84647050E-05  4.84647050E-05  4.84647050E-05  4.84647050E-05  4.84647050E-05  4.84647050E-05  4.84647050E-05  4.84647050E-05  4.84647050E-05  4.84647050E-05  4.84647050E-05  4.84647050E-05  4.84647050E-05  4.84647050E-05  4.84647050E-05  4.84647050E-05
  4.84647050E-05  4.84647050E-05  4.84647050E-05  4.84647050E-05  4.84647050E-05  4.84647050E-05  4.84647050E-05  4.84647050E-05  4.84647050E-05  4.84647050E-05  4.84647050E-05  4.84647050E-05  4.84647050E-05  4.84647050E-05  4.84647050E-05  4.84647050E-05  4.84647050E-05  4.84647050E-05  4.84647050E-05  4.84647050E-05
  4.84647050E-05  4.84647050E-05  4.84647050E-05  4.84647050E-05  4.84647050E-05  4.84647050E-05  4.84647050E-05  4.84647050E-05  4.84647050E-05  4.84647050E-05  4.84647050E-05  4.84647050E-05  4.84647050E-05  4.84647050E-05  4.84647050E-05  4.84647050E-05  4.84647050E-05  4.84647050E-05  4.84647050E-05  4.84647050E-05
  4.84647050E-05  4.84647050E-05  4.84647050E-05  4.84647050E-05  4.84647050E-05  4.84647050E-05  4.84647050E-05  4.84647050E-05  4.84647050E-05  4.84647050E-05  4.84647050E-05  4.84647050E-05  4.84647050E-05  4.84647050E-05  4.84647050E-05  4.84647050E-05  4.84647050E-05  4.84647050E-05  4.84647050E-05  4.84647050E-05
  4.84647050E-05  4.84647050E-05  4.84647050E-05  4.84647050E-05  4.84647050E-05  4.84647050E-05  4.84647050E-05  4.84647050E-05  4.84647050E-05  4.84647050E-05  4.84647050E-05  4.84647050E-05  4.84647050E-05  4.84647050E-05  4.84647050E-05  4.84647050E-05  4.84647050E-05  4.84647050E-05  4.84647050E-05  4.84647050E-05
  4.84647050E-05  4.84647050E-05  4.84647050E-05  4.84647050E-05  4.84647050E-05  4.84647050E-05  4.84647050E-05  4.84647050E-05  4.84647050E-05  4.84647050E-05  4.84647050E-05  4.84647050E-05  4.84647050E-05  4.84647050E-05  4.84647050E-05  4.84647050E-05  4.84647050E-05  4.84647050E-05  4.84647050E-05  4.84647050E-05
  4.84647050E-05  4.84647050E-05  4.84647050E-05  4.84647050E-05  4.84647050E-05  4.84647050E-05  4.84647050E-05  4.84647050E-05  4.84647050E-05  4.84647050E-05  4.84647050E-05  4.84647050E-05  4.84647050E-05  4.84647050E-05  4.84647050E-05  4.84647050E-05  4.84647050E-05  4.84647050E-05  4.84647050E-05  4.84647050E-05
  4.84647050E-05  4.84647050E-05  4.84647050E-05  4.84647050E-05  4.84647050E-05  4.84647050E-05  4.84647050E-05  4.84647050E-05  4.84647050E-05  4.84647050E-05  4.84647050E-05  4.84647050E-05  4.84647050E-05  4.84647050E-05  4.84647050E-05  4.84647050E-05  4.84647050E-05  4.84647050E-05  4.84647050E-05  4.84647050E-05
  4.84647050E-05  4.84647050E-05  4.84647050E-05  4.84647050E-05  4.84647050E-05  4.84647050E-05  4.84647050E-05  4.84647050E-05  4.84647050E-05  4.84647050E-05  4.84647050E-05  4.84647050E-05  4.84647050E-05  4.84647050E-05  4.84647050E-05  4.84647050E-05  4.84647050E-05  4.84647050E-05  4.84647050E-05  4.84647050E-05
  4.84647050E-05  4.84647050E-05  4.84647050E-05  4.84647050E-05  4.84647050E-05  4.84647050E-05  4.84647050E-05  4.84647050E-05  4.84647050E-05  4.84647050E-05  4.84647050E-05  4.84647050E-05  4.84647050E-05  4.84647050E-05  4.84647050E-05  4.84647050E-05  4.84647050E-05  4.84647050E-05  4.84647050E-05  4.84647050E-05
  4.84647050E-05  4.84647050E-05  4.84647050E-05  4.84647050E-05  4.84647050E-05  4.84647050E-05  4.84647050E-05  4.84647050E-05  4.84647050E-05  4.84647050E-05  4.84647050E-05  4.84647050E-05  4.84647050E-05  4.84647050E-05  4.84647050E-05  4.84647050E-05  4.84647050E-05  4.84647050E-05  4.84647050E-05  4.84647050E-05
  4.84647050E-05  4.84647050E-05  4.84647050E-05  4.84647050E-05  4.84647050E-05  4.84647050E-05  4.84647050E-05  4.84647050E-05  4.84647050E-05  4.84647050E-05  4.84647050E-05  4.84647050E-05  4.84647050E-05  4.84647050E-05  4.84647050E-05  4.84647050E-05  4.84647050E-05  4.84647050E-05  4.84647050E-05  4.84647050E-05
  4.84647050E-05  4.84647050E-05  4.84647050E-05  4.84647050E-05  4.84647050E-05  4.84647050E-05  4.84647050E-05  4.84647050E-05  4.84647050E-05  4.84647050E-05  4.84647050E-05  4.84647050E-05  4.84647050E-05  4.84647050E-05  4.84647050E-05  4.84647050E-05  4.84647050E-05  4.84647050E-05  4.84647050E-05  4.84647050E-05
  4.84647050E-05  4.84647050E-05  4.84647050E-05  4.84647050E-05  4.84647050E-05  4.84647050E-05  4.84647050E-05  4.84647050E-05  4.84647050E-05  4.84647050E-05  4.84647050E-05  4.84647050E-05  4.84647050E-05  4.84647050E-05  4.84647050E-05  4.84647050E-05  4.84647050E-05  4.84647050E-05  4.84647050E-05  4.84647050E-05
  4.84647050E-05  4.84647050E-05  4.84647050E-05  4.84647050E-05  4.84647050E-05  4.84647050E-05  4.84647050E-05  4.84647050E-05  4.84647050E-05  4.84647050E-05  4.84647050E-05  4.84647050E-05  4.84647050E-05  4.84647050E-05  4.84647050E-05  4.84647050E-05  4.84647050E-05  4.84647050E-05  4.84647050E-05  4.84647050E-05
  4.84647050E-05  4.84647050E-05  4.84647050E-05  4.84647050E-05  4.84647050E-05  4.84647050E-05  4.84647050E-05  4.84647050E-05  4.84647050E-05  4.84647050E-05  4.84647050E-05  4.84647050E-05  4.84647050E-05  4.84647050E-05  4.84647050E-05  4.84647050E-05  4.84647050E-05  4.84647050E-05  4.84647050E-05  4.84647050E-05
  4.84647050E-05  4.84647050E-05  4.84647050E-05  4.84647050E-05  4.84647050E-05  4.84647050E-05  4.84647050E-05  4.84647050E-05  4.84647050E-05  4.84647050E-05  4.84647050E-05  4.84647050E-05  4.84647050E-05  4.84647050E-05  4.84647050E-05  4.84647050E-05  4.84647050E-05  4.84647050E-05  4.84647050E-05  4.84647050E-05
  4.84647050E-05  4.84647050E-05  4.84647050E-05  4.84647050E-05  4.84647050E-05  4.84647050E-05  4.84647050E-05  4.84647050E-05  4.84647050E-05  4.84647050E-05  4.84647050E-05  4.84647050E-05  4.84647050E-05  4.84647050E-05  4.84647050E-05  4.84647050E-05  4.84647050E-05  4.84647050E-05  4.84647050E-05  4.84647050E-05
  4.84647050E-05  4.84647050E-05  4.84647050E-05  4.84647050E-05  4.84647050E-05  4.84647050E-05  4.84647050E-05  4.84647050E-05  4.84647050E-05  4.84647050E-05  4.84647050E-05  4.84647050E-05  4.84647050E-05  4.84647050E-05  4.84647050E-05  4.84647050E-05  4.84647050E-05  4.84647050E-05  4.84647050E-05  4.84647050E-05
  4.84647050E-05  4.84647050E-05  4.84647050E-05  4.84647050E-05  4.84647050E-05  4.84647050E-05  4.84647050E-05  4.84647050E-05  4.84647050E-05  4.84647050E-05  4.84647050E-05  4.84647050E-05  4.84647050E-05  4.84647050E-05  4.84647050E-05  4.84647050E-05  4.84647050E-05  4.84647050E-05  4.84647050E-05  4.84647050E-05
  4.84647050E-05  4.84647050E-05  4.84647050E-05  4.84647050E-05  4.84647050E-05  4.84647050E-05  4.84647050E-05  4.84647050E-05  4.84647050E-05  4.84647050E-05  4.84647050E-05  4.84647050E-05  4.84647050E-05  4.84647050E-05  4.84647050E-05  4.84647050E-05  4.84647050E-05  4.84647050E-05  4.84647050E-05  4.84647050E-05
  4.84647050E-05  4.84647050E-05  4.84647050E-05  4.84647050E-05  4.84647050E-05  4.84647050E-05  4.84647050E-05  4.84647050E-05  4.84647050E-05  4.84647050E-05  4.84647050E-05  4.84647050E-05  4.84647050E-05  4.84647050E-05  4.84647050E-05  4.84647050E-05  4.84647050E-05  4.84647050E-05  4.84647050E-05  4.84647050E-05
  4.84647050E-05  4.84647050E-05  4.84647050E-05  4.84647050E-05  4.84647050E-05  4.84647050E-05  4.84647050E-05  4.84647050E-05  4.84647050E-05  4.84647050E-05  4.84647050E-05  4.84647050E-05  4.84647050E-05  4.84647050E-05  4.84647050E-05  4.84647050E-05  4.84647050E-05  4.84647050E-05  4.84647050E-05  4.84647050E-05
