  2.25440400E-05  2.25440400E-05  2.25440400E-05  2.25440400E-05  2.25440400E-05  2.25440400E-05  2.25440400E-05  2.25440400E-05  2.25440400E-05  2.25440400E-05  2.25440400E-05  2.25440400E-05  2.25440400E-05  2.25440400E-05  2.25440400E-05  2.25440400E-05  2.25440400E-05  2.25440400E-05  2.25440400E-05  2.25440400E-05
  2.25440400E-05  2.25440400E-05  2.25440400E-05  2.25440400E-05  2.25440400E-05  2.25440400E-05  2.25440400E-05  2.25440400E-05  2.25440400E-05  2.25440400E-05  2.25440400E-05  2.25440400E-05  2.25440400E-05  2.25440400E-05  2.25440400E-05  2.25440400E-05  2.25440400E-05  2.25440400E-05  2.25440400E-05  2.25440400E-05
  2.25440400E-05  2.25440400E-05  2.25440400E-05  2.25440400E-05  2.25440400E-05  2.25440400E-05  2.25440400E-05  2.25440400E-05  2.25440400E-05  2.25440400E-05  2.25440400E-05  2.25440400E-05  2.25440400E-05  2.25440400E-05  2.25440400E-05  2.25440400E-05  2.25440400E-05  2.25440400E-05  2.25440400E-05  2.25440400E-05
  2.25440400E-05  2.25440400E-05  2.25440400E-05  2.25440400E-05  2.25440400E-05  2.25440400E-05  2.25440400E-05  2.25440400E-05  2.25440400E-05  2.25440400E-05  2.25440400E-05  2.25440400E-05  2.25440400E-05  2.25440400E-05  2.25440400E-05  2.25440400E-05  2.25440400E-05  2.25440400E-05  2.25440400E-05  2.25440400E-05
  2.25440400E-05  2.25440400E-05  2.25440400E-05  2.25440400E-05  2.25440400E-05  2.25440400E-05  2.25440400E-05  2.25440400E-05  2.25440400E-05  2.25440400E-05  2.25440400E-05  2.25440400E-05  2.25440400E-05  2.25440400E-05  2.25440400E-05  2.25440400E-05  2.25440400E-05  2.25440400E-05  2.25440400E-05  2.25440400E-05
  2.25440400E-05  2.25440400E-05  2.25440400E-05  2.25440400E-05  2.25440400E-05  2.25440400E-05  2.25440400E-05  2.25440400E-05  2.25440400E-05  2.25440400E-05  2.25440400E-05  2.25440400E-05  2.25440400E-05  2.25440400E-05  2.25440400E-05  2.25440400E-05  2.25440400E-05  2.25440400E-05  2.25440400E-05  2.25440400E-05
  2.25440400E-05  2.25440400E-05  2.25440400E-05  2.25440400E-05  2.25440400E-05  2.25440400E-05  2.25440400E-05  2.25440400E-05  2.25440400E-05  2.25440400E-05  2.25440400E-05  2.25440400E-05  2.25440400E-05  2.25440400E-05  2.25440400E-05  2.25440400E-05  2.25440400E-05  2.25440400E-05  2.25440400E-05  2.25440400E-05
  2.25440400E-05  2.25440400E-05  2.25440400E-05  2.25440400E-05  2.25440400E-05  2.25440400E-05  2.25440400E-05  2.25440400E-05  2.25440400E-05  2.25440400E-05  2.25440400E-05  2.25440400E-05  2.25440400E-05  2.25440400E-05  2.25440400E-05  2.25440400E-05  2.25440400E-05  2.25440400E-05  2.25440400E-05  2.25440400E-05
  2.25440400E-05  2.25440400E-05  2.25440400E-05  2.25440400E-05  2.25440400E-05  2.25440400E-05  2.25440400E-05  2.25440400E-05  2.25440400E-05  2.25440400E-05  2.25440400E-05  2.25440400E-05  2.25440400E-05  2.25440400E-05  2.25440400E-05  2.25440400E-05  2.25440400E-05  2.25440400E-05  2.25440400E-05  2.25440400E-05
  2.25440400E-05  2.25440400E-05  2.25440400E-05  2.25440400E-05  2.25440400E-05  2.25440400E-05  2.25440400E-05  2.25440400E-05  2.25440400E-05  2.25440400E-05  2.25440400E-05  2.25440400E-05  2.25440400E-05  2.25440400E-05  2.25440400E-05  2.25440400E-05  2.25440400E-05  2.25440400E-05  2.25440400E-05  2.25440400E-05
  2.25440400E-05  2.25440400E-05  2.25440400E-05  2.25440400E-05  2.25440400E-05  2.25440400E-05  2.25440400E-05  2.25440400E-05  2.25440400E-05  2.25440400E-05  2.25440400E-05  2.25440400E-05  2.25440400E-05  2.25440400E-05  2.25440400E-05  2.25440400E-05  2.25440400E-05  2.25440400E-05  2.25440400E-05  2.25440400E-05
  2.25440400E-05  2.25440400E-05  2.25440400E-05  2.25440400E-05  2.25440400E-05  2.25440400E-05  2.25440400E-05  2.25440400E-05  2.25440400E-05  2.25440400E-05  2.25440400E-05  2.25440400E-05  2.25440400E-05  2.25440400E-05  2.25440400E-05  2.25440400E-05  2.25440400E-05  2.25440400E-05  2.25440400E-05  2.25440400E-05
  2.25440400E-05  2.25440400E-05  2.25440400E-05  2.25440400E-05  2.25440400E-05  2.25440400E-05  2.25440400E-05  2.25440400E-05  2.25440400E-05  2.25440400E-05  2.25440400E-05  2.25440400E-05  2.25440400E-05  2.25440400E-05  2.25440400E-05  2.25440400E-05  2.25440400E-05  2.25440400E-05  2.25440400E-05  2.25440400E-05
  2.25440400E-05  2.25440400E-05  2.25440400E-05  2.25440400E-05  2.25440400E-05  2.25440400E-05  2.25440400E-05  2.25440400E-05  2.25440400E-05  2.25440400E-05  2.25440400E-05  2.25440400E-05  2.25440400E-05  2.25440400E-05  2.25440400E-05  2.25440400E-05  2.25440400E-05  2.25440400E-05  2.25440400E-05  2.25440400E-05
  2.25440400E-05  2.25440400E-05  2.25440400E-05  2.25440400E-05  2.25440400E-05  2.25440400E-05  2.25440400E-05  2.25440400E-05  2.25440400E-05  2.25440400E-05  2.25440400E-05  2.25440400E-05  2.25440400E-05  2.25440400E-05  2.25440400E-05  2.25440400E-05  2.25440400E-05  2.25440400E-05  2.25440400E-05  2.25440400E-05
  2.25440400E-05  2.25440400E-05  2.25440400E-05  2.25440400E-05  2.25440400E-05  2.25440400E-05  2.25440400E-05  2.25440400E-05  2.25440400E-05  2.25440400E-05  2.25440400E-05  2.25440400E-05  2.25440400E-05  2.25440400E-05  2.25440400E-05  2.25440400E-05  2.25440400E-05  2.25440400E-05  2.25440400E-05  2.25440400E-05
  2.25440400E-05  2.25440400E-05  2.25440400E-05  2.25440400E-05  2.25440400E-05  2.25440400E-05  2.25440400E-05  2.25440400E-05  2.25440400E-05  2.25440400E-05  2.25440400E-05  2.25440400E-05  2.25440400E-05  2.25440400E-05  2.25440400E-05  2.25440400E-05  2.25440400E-05  2.25440400E-05  2.25440400E-05  2.25440400E-05
  2.25440400E-05  2.25440400E-05  2.25440400E-05  2.25440400E-05  2.25440400E-05  2.25440400E-05  2.25440400E-05  2.25440400E-05  2.25440400E-05  2.25440400E-05  2.25440400E-05  2.25440400E-05  2.25440400E-05  2.25440400E-05  2.25440400E-05  2.25440400E-05  2.25440400E-05  2.25440400E-05  2.25440400E-05  2.25440400E-05
  2.25440400E-05  2.25440400E-05  2.25440400E-05  2.25440400E-05  2.25440400E-05  2.25440400E-05  2.25440400E-05  2.25440400E-05  2.25440400E-05  2.25440400E-05  2.25440400E-05  2.25440400E-05  2.25440400E-05  2.25440400E-05  2.25440400E-05  2.25440400E-05  2.25440400E-05  2.25440400E-05  2.25440400E-05  2.25440400E-05
  2.25440400E-05  2.25440400E-05  2.25440400E-05  2.25440400E-05  2.25440400E-05  2.25440400E-05  2.25440400E-05  2.25440400E-05  2.25440400E-05  2.25440400E-05  2.25440400E-05  2.25440400E-05  2.25440400E-05  2.25440400E-05  2.25440400E-05  2.25440400E-05  2.25440400E-05  2.25440400E-05  2.25440400E-05  2.25440400E-05
  2.25440400E-05  2.25440400E-05  2.25440400E-05  2.25440400E-05  2.25440400E-05  2.25440400E-05  2.25440400E-05  2.25440400E-05  2.25440400E-05  2.25440400E-05  2.25440400E-05  2.25440400E-05  2.25440400E-05  2.25440400E-05  2.25440400E-05  2.25440400E-05  2.25440400E-05  2.25440400E-05  2.25440400E-05  2.25440400E-05
  2.25440400E-05  2.25440400E-05  2.25440400E-05  2.25440400E-05  2.25440400E-05  2.25440400E-05  2.25440400E-05  2.25440400E-05  2.25440400E-05  2.25440400E-05  2.25440400E-05  2.25440400E-05  2.25440400E-05  2.25440400E-05  2.25440400E-05  2.25440400E-05  2.25440400E-05  2.25440400E-05  2.25440400E-05  2.25440400E-05
  2.25440400E-05  2.25440400E-05  2.25440400E-05  2.25440400E-05  2.25440400E-05  2.25440400E-05  2.25440400E-05  2.25440400E-05  2.25440400E-05  2.25440400E-05  2.25440400E-05  2.25440400E-05  2.25440400E-05  2.25440400E-05  2.25440400E-05  2.25440400E-05  2.25440400E-05  2.25440400E-05  2.25440400E-05  2.25440400E-05
  2.25440400E-05  2.25440400E-05  2.25440400E-05  2.25440400E-05  2.25440400E-05  2.25440400E-05  2.25440400E-05  2.25440400E-05  2.25440400E-05  2.25440400E-05  2.25440400E-05  2.25440400E-05  2.25440400E-05  2.25440400E-05  2.25440400E-05  2.25440400E-05  2.25440400E-05  2.25440400E-05  2.25440400E-05  2.25440400E-05
  2.25440400E-05  2.25440400E-05  2.25440400E-05  2.25440400E-05  2.25440400E-05  2.25440400E-05  2.25440400E-05  2.25440400E-05  2.25440400E-05  2.25440400E-05  2.25440400E-05  2.25440400E-05  2.25440400E-05  2.25440400E-05  2.25440400E-05  2.25440400E-05  2.25440400E-05  2.25440400E-05  2.25440400E-05  2.25440400E-05
  2.25440400E-05  2.25440400E-05  2.25440400E-05  2.25440400E-05  2.25440400E-05  2.25440400E-05  2.25440400E-05  2.25440400E-05  2.25440400E-05  2.25440400E-05  2.25440400E-05  2.25440400E-05  2.25440400E-05  2.25440400E-05  2.25440400E-05  2.25440400E-05  2.25440400E-05  2.25440400E-05  2.25440400E-05  2.25440400E-05
  2.25440400E-05  2.25440400E-05  2.25440400E-05  2.25440400E-05  2.25440400E-05  2.25440400E-05  2.25440400E-05  2.25440400E-05  2.25440400E-05  2.25440400E-05  2.25440400E-05  2.25440400E-05  2.25440400E-05  2.25440400E-05  2.25440400E-05  2.25440400E-05  2.25440400E-05  2.25440400E-05  2.25440400E-05  2.25440400E-05
  2.25440400E-05  2.25440400E-05  2.25440400E-05  2.25440400E-05  2.25440400E-05  2.25440400E-05  2.25440400E-05  2.25440400E-05  2.25440400E-05  2.25440400E-05  2.25440400E-05  2.25440400E-05  2.25440400E-05  2.25440400E-05  2.25440400E-05  2.25440400E-05  2.25440400E-05  2.25440400E-05  2.25440400E-05  2.25440400E-05
  2.25440400E-05  2.25440400E-05  2.25440400E-05  2.25440400E-05  2.25440400E-05  2.25440400E-05  2.25440400E-05  2.25440400E-05  2.25440400E-05  2.25440400E-05  2.25440400E-05  2.25440400E-05  2.25440400E-05  2.25440400E-05  2.25440400E-05  2.25440400E-05  2.25440400E-05  2.25440400E-05  2.25440400E-05  2.25440400E-05
  2.25440400E-05  2.25440400E-05  2.25440400E-05  2.25440400E-05  2.25440400E-05  2.25440400E-05  2.25440400E-05  2.25440400E-05  2.25440400E-05  2.25440400E-05  2.25440400E-05  2.25440400E-05  2.25440400E-05  2.25440400E-05  2.25440400E-05  2.25440400E-05  2.25440400E-05  2.25440400E-05  2.25440400E-05  2.25440400E-05
  2.25440400E-05  2.25440400E-05  2.25440400E-05  2.25440400E-05  2.25440400E-05  2.25440400E-05  2.25440400E-05  2.25440400E-05  2.25440400E-05  2.25440400E-05  2.25440400E-05  2.25440400E-05  2.25440400E-05  2.25440400E-05  2.25440400E-05  2.25440400E-05  2.25440400E-05  2.25440400E-05  2.25440400E-05  2.25440400E-05
  2.25440400E-05  2.25440400E-05  2.25440400E-05  2.25440400E-05  2.25440400E-05  2.25440400E-05  2.25440400E-05  2.25440400E-05  2.25440400E-05  2.25440400E-05  2.25440400E-05  2.25440400E-05  2.25440400E-05  2.25440400E-05  2.25440400E-05  2.25440400E-05  2.25440400E-05  2.25440400E-05  2.25440400E-05  2.25440400E-05
  2.25440400E-05  2.25440400E-05  2.25440400E-05  2.25440400E-05  2.25440400E-05  2.25440400E-05  2.25440400E-05  2.25440400E-05  2.25440400E-05  2.25440400E-05  2.25440400E-05  2.25440400E-05  2.25440400E-05  2.25440400E-05  2.25440400E-05  2.25440400E-05  2.25440400E-05  2.25440400E-05  2.25440400E-05  2.25440400E-05
  2.25440400E-05  2.25440400E-05  2.25440400E-05  2.25440400E-05  2.25440400E-05  2.25440400E-05  2.25440400E-05  2.25440400E-05  2.25440400E-05  2.25440400E-05  2.25440400E-05  2.25440400E-05  2.25440400E-05  2.25440400E-05  2.25440400E-05  2.25440400E-05  2.25440400E-05  2.25440400E-05  2.25440400E-05  2.25440400E-05
  2.25440400E-05  2.25440400E-05  2.25440400E-05  2.25440400E-05  2.25440400E-05  2.25440400E-05  2.25440400E-05  2.25440400E-05  2.25440400E-05  2.25440400E-05  2.25440400E-05  2.25440400E-05  2.25440400E-05  2.25440400E-05  2.25440400E-05  2.25440400E-05  2.25440400E-05  2.25440400E-05  2.25440400E-05  2.25440400E-05
  2.25440400E-05  2.25440400E-05  2.25440400E-05  2.25440400E-05  2.25440400E-05  2.25440400E-05  2.25440400E-05  2.25440400E-05  2.25440400E-05  2.25440400E-05  2.25440400E-05  2.25440400E-05  2.25440400E-05  2.25440400E-05  2.25440400E-05  2.25440400E-05  2.25440400E-05  2.25440400E-05  2.25440400E-05  2.25440400E-05
  2.25440400E-05  2.25440400E-05  2.25440400E-05  2.25440400E-05  2.25440400E-05  2.25440400E-05  2.25440400E-05  2.25440400E-05  2.25440400E-05  2.25440400E-05  2.25440400E-05  2.25440400E-05  2.25440400E-05  2.25440400E-05  2.25440400E-05  2.25440400E-05  2.25440400E-05  2.25440400E-05  2.25440400E-05  2.25440400E-05
  2.25440400E-05  2.25440400E-05  2.25440400E-05  2.25440400E-05  2.25440400E-05  2.25440400E-05  2.25440400E-05  2.25440400E-05  2.25440400E-05  2.25440400E-05  2.25440400E-05  2.25440400E-05  2.25440400E-05  2.25440400E-05  2.25440400E-05  2.25440400E-05  2.25440400E-05  2.25440400E-05  2.25440400E-05  2.25440400E-05
  2.25440400E-05  2.25440400E-05  2.25440400E-05  2.25440400E-05  2.25440400E-05  2.25440400E-05  2.25440400E-05  2.25440400E-05  2.25440400E-05  2.25440400E-05  2.25440400E-05  2.25440400E-05  2.25440400E-05  2.25440400E-05  2.25440400E-05  2.25440400E-05  2.25440400E-05  2.25440400E-05  2.25440400E-05  2.25440400E-05
  2.25440400E-05  2.25440400E-05  2.25440400E-05  2.25440400E-05  2.25440400E-05  2.25440400E-05  2.25440400E-05  2.25440400E-05  2.25440400E-05  2.25440400E-05  2.25440400E-05  2.25440400E-05  2.25440400E-05  2.25440400E-05  2.25440400E-05  2.25440400E-05  2.25440400E-05  2.25440400E-05  2.25440400E-05  2.25440400E-05
