       7.00000000       7.00000000       7.00000000       7.00000000       7.00000000       7.00000000       7.00000000       7.00000000       7.00000000       7.00000000       7.00000000       7.00000000       7.00000000       7.00000000       7.00000000       7.00000000       7.00000000       7.00000000       7.00000000       7.00000000
       7.00000000       7.00000000       7.00000000       7.00000000       7.00000000       7.00000000       7.00000000       7.00000000       7.00000000       7.00000000       7.00000000       7.00000000       7.00000000       7.00000000       7.00000000       7.00000000       7.00000000       7.00000000       7.00000000       7.00000000
       7.00000000       7.00000000       7.00000000       7.00000000       7.00000000       7.00000000       7.00000000       7.00000000       7.00000000       7.00000000       7.00000000       7.00000000       7.00000000       7.00000000       7.00000000       7.00000000       7.00000000       7.00000000       7.00000000       7.00000000
       7.00000000       7.00000000       7.00000000       7.00000000       7.00000000       7.00000000       7.00000000       7.00000000       7.00000000       7.00000000       7.00000000       7.00000000       7.00000000       7.00000000       7.00000000       7.00000000       7.00000000       7.00000000       7.00000000       7.00000000
       7.00000000       7.00000000       7.00000000       7.00000000       7.00000000       7.00000000       7.00000000       7.00000000       7.00000000       7.00000000       7.00000000       7.00000000       7.00000000       7.00000000       7.00000000       7.00000000       7.00000000       7.00000000       7.00000000       7.00000000
       7.00000000       7.00000000       7.00000000       7.00000000       7.00000000       7.00000000       7.00000000       7.00000000       7.00000000       7.00000000       7.00000000       7.00000000       7.00000000       7.00000000       7.00000000       7.00000000       7.00000000       7.00000000       7.00000000       7.00000000
       7.00000000       7.00000000       7.00000000       7.00000000       7.00000000       7.00000000       7.00000000       7.00000000       7.00000000       7.00000000       7.00000000       7.00000000       7.00000000       7.00000000       7.00000000       7.00000000       7.00000000       7.00000000       7.00000000       7.00000000
       7.00000000       7.00000000       7.00000000       7.00000000       7.00000000       7.00000000       7.00000000       7.00000000       7.00000000       7.00000000       7.00000000       7.00000000       7.00000000       7.00000000       7.00000000       7.00000000       7.00000000       7.00000000       7.00000000       7.00000000
       7.00000000       7.00000000       7.00000000       7.00000000       7.00000000       7.00000000       7.00000000       7.00000000       7.00000000       7.00000000       7.00000000       7.00000000       7.00000000       7.00000000       7.00000000       7.00000000       7.00000000       7.00000000       7.00000000       7.00000000
       7.00000000       7.00000000       7.00000000       7.00000000       7.00000000       7.00000000       7.00000000       7.00000000       7.00000000       7.00000000       7.00000000       7.00000000       7.00000000       7.00000000       7.00000000       7.00000000       7.00000000       7.00000000       7.00000000       7.00000000
       7.00000000       7.00000000       7.00000000       7.00000000       7.00000000       7.00000000       7.00000000       7.00000000       7.00000000       7.00000000       7.00000000       7.00000000       7.00000000       7.00000000       7.00000000       7.00000000       7.00000000       7.00000000       7.00000000       7.00000000
       7.00000000       7.00000000       7.00000000       7.00000000       7.00000000       7.00000000       7.00000000       7.00000000       7.00000000       7.00000000       7.00000000       7.00000000       7.00000000       7.00000000       7.00000000       7.00000000       7.00000000       7.00000000       7.00000000       7.00000000
       7.00000000       7.00000000       7.00000000       7.00000000       7.00000000       7.00000000       7.00000000       7.00000000       7.00000000       7.00000000       7.00000000       7.00000000       7.00000000       7.00000000       7.00000000       7.00000000       7.00000000       7.00000000       7.00000000       7.00000000
       7.00000000       7.00000000       7.00000000       7.00000000       7.00000000       7.00000000       7.00000000       7.00000000       7.00000000       7.00000000       7.00000000       7.00000000       7.00000000       7.00000000       7.00000000       7.00000000       7.00000000       7.00000000       7.00000000       7.00000000
       7.00000000       7.00000000       7.00000000       7.00000000       7.00000000       7.00000000       7.00000000       7.00000000       7.00000000       7.00000000       7.00000000       7.00000000       7.00000000       7.00000000       7.00000000       7.00000000       7.00000000       7.00000000       7.00000000       7.00000000
       7.00000000       7.00000000       7.00000000       7.00000000       7.00000000       7.00000000       7.00000000       7.00000000       7.00000000       7.00000000       7.00000000       7.00000000       7.00000000       7.00000000       7.00000000       7.00000000       7.00000000       7.00000000       7.00000000       7.00000000
       7.00000000       7.00000000       7.00000000       7.00000000       7.00000000       7.00000000       7.00000000       7.00000000       7.00000000       7.00000000       7.00000000       7.00000000       7.00000000       7.00000000       7.00000000       7.00000000       7.00000000       7.00000000       7.00000000       7.00000000
       7.00000000       7.00000000       7.00000000       7.00000000       7.00000000       7.00000000       7.00000000       7.00000000       7.00000000       7.00000000       7.00000000       7.00000000       7.00000000       7.00000000       7.00000000       7.00000000       7.00000000       7.00000000       7.00000000       7.00000000
       7.00000000       7.00000000       7.00000000       7.00000000       7.00000000       7.00000000       7.00000000       7.00000000       7.00000000       7.00000000       7.00000000       7.00000000       7.00000000       7.00000000       7.00000000       7.00000000       7.00000000       7.00000000       7.00000000       7.00000000
       7.00000000       7.00000000       7.00000000       7.00000000       7.00000000       7.00000000       7.00000000       7.00000000       7.00000000       7.00000000       7.00000000       7.00000000       7.00000000       7.00000000       7.00000000       7.00000000       7.00000000       7.00000000       7.00000000       7.00000000
       7.00000000       7.00000000       7.00000000       7.00000000       7.00000000       7.00000000       7.00000000       7.00000000       7.00000000       7.00000000       7.00000000       7.00000000       7.00000000       7.00000000       7.00000000       7.00000000       7.00000000       7.00000000       7.00000000       7.00000000
       7.00000000       7.00000000       7.00000000       7.00000000       7.00000000       7.00000000       7.00000000       7.00000000       7.00000000       7.00000000       7.00000000       7.00000000       7.00000000       7.00000000       7.00000000       7.00000000       7.00000000       7.00000000       7.00000000       7.00000000
       7.00000000       7.00000000       7.00000000       7.00000000       7.00000000       7.00000000       7.00000000       7.00000000       7.00000000       7.00000000       7.00000000       7.00000000       7.00000000       7.00000000       7.00000000       7.00000000       7.00000000       7.00000000       7.00000000       7.00000000
       7.00000000       7.00000000       7.00000000       7.00000000       7.00000000       7.00000000       7.00000000       7.00000000       7.00000000       7.00000000       7.00000000       7.00000000       7.00000000       7.00000000       7.00000000       7.00000000       7.00000000       7.00000000       7.00000000       7.00000000
       7.00000000       7.00000000       7.00000000       7.00000000       7.00000000       7.00000000       7.00000000       7.00000000       7.00000000       7.00000000       7.00000000       7.00000000       7.00000000       7.00000000       7.00000000       7.00000000       7.00000000       7.00000000       7.00000000       7.00000000
       7.00000000       7.00000000       7.00000000       7.00000000       7.00000000       7.00000000       7.00000000       7.00000000       7.00000000       7.00000000       7.00000000       7.00000000       7.00000000       7.00000000       7.00000000       7.00000000       7.00000000       7.00000000       7.00000000       7.00000000
       7.00000000       7.00000000       7.00000000       7.00000000       7.00000000       7.00000000       7.00000000       7.00000000       7.00000000       7.00000000       7.00000000       7.00000000       7.00000000       7.00000000       7.00000000       7.00000000       7.00000000       7.00000000       7.00000000       7.00000000
       7.00000000       7.00000000       7.00000000       7.00000000       7.00000000       7.00000000       7.00000000       7.00000000       7.00000000       7.00000000       7.00000000       7.00000000       7.00000000       7.00000000       7.00000000       7.00000000       7.00000000       7.00000000       7.00000000       7.00000000
       7.00000000       7.00000000       7.00000000       7.00000000       7.00000000       7.00000000       7.00000000       7.00000000       7.00000000       7.00000000       7.00000000       7.00000000       7.00000000       7.00000000       7.00000000       7.00000000       7.00000000       7.00000000       7.00000000       7.00000000
       7.00000000       7.00000000       7.00000000       7.00000000       7.00000000       7.00000000       7.00000000       7.00000000       7.00000000       7.00000000       7.00000000       7.00000000       7.00000000       7.00000000       7.00000000       7.00000000       7.00000000       7.00000000       7.00000000       7.00000000
       7.00000000       7.00000000       7.00000000       7.00000000       7.00000000       7.00000000       7.00000000       7.00000000       7.00000000       7.00000000       7.00000000       7.00000000       7.00000000       7.00000000       7.00000000       7.00000000       7.00000000       7.00000000       7.00000000       7.00000000
       7.00000000       7.00000000       7.00000000       7.00000000       7.00000000       7.00000000       7.00000000       7.00000000       7.00000000       7.00000000       7.00000000       7.00000000       7.00000000       7.00000000       7.00000000       7.00000000       7.00000000       7.00000000       7.00000000       7.00000000
       7.00000000       7.00000000       7.00000000       7.00000000       7.00000000       7.00000000       7.00000000       7.00000000       7.00000000       7.00000000       7.00000000       7.00000000       7.00000000       7.00000000       7.00000000       7.00000000       7.00000000       7.00000000       7.00000000       7.00000000
       7.00000000       7.00000000       7.00000000       7.00000000       7.00000000       7.00000000       7.00000000       7.00000000       7.00000000       7.00000000       7.00000000       7.00000000       7.00000000       7.00000000       7.00000000       7.00000000       7.00000000       7.00000000       7.00000000       7.00000000
       7.00000000       7.00000000       7.00000000       7.00000000       7.00000000       7.00000000       7.00000000       7.00000000       7.00000000       7.00000000       7.00000000       7.00000000       7.00000000       7.00000000       7.00000000       7.00000000       7.00000000       7.00000000       7.00000000       7.00000000
       7.00000000       7.00000000       7.00000000       7.00000000       7.00000000       7.00000000       7.00000000       7.00000000       7.00000000       7.00000000       7.00000000       7.00000000       7.00000000       7.00000000       7.00000000       7.00000000       7.00000000       7.00000000       7.00000000       7.00000000
       7.00000000       7.00000000       7.00000000       7.00000000       7.00000000       7.00000000       7.00000000       7.00000000       7.00000000       7.00000000       7.00000000       7.00000000       7.00000000       7.00000000       7.00000000       7.00000000       7.00000000       7.00000000       7.00000000       7.00000000
       7.00000000       7.00000000       7.00000000       7.00000000       7.00000000       7.00000000       7.00000000       7.00000000       7.00000000       7.00000000       7.00000000       7.00000000       7.00000000       7.00000000       7.00000000       7.00000000       7.00000000       7.00000000       7.00000000       7.00000000
       7.00000000       7.00000000       7.00000000       7.00000000       7.00000000       7.00000000       7.00000000       7.00000000       7.00000000       7.00000000       7.00000000       7.00000000       7.00000000       7.00000000       7.00000000       7.00000000       7.00000000       7.00000000       7.00000000       7.00000000
       7.00000000       7.00000000       7.00000000       7.00000000       7.00000000       7.00000000       7.00000000       7.00000000       7.00000000       7.00000000       7.00000000       7.00000000       7.00000000       7.00000000       7.00000000       7.00000000       7.00000000       7.00000000       7.00000000       7.00000000
