  1.04015750E-05  1.04015750E-05  1.04015750E-05  1.04015750E-05  1.04015750E-05  1.04015750E-05  1.04015750E-05  1.04015750E-05  1.04015750E-05  1.04015750E-05  1.04015750E-05  1.04015750E-05  1.04015750E-05  1.04015750E-05  1.04015750E-05  1.04015750E-05  1.04015750E-05  1.04015750E-05  1.04015750E-05  1.04015750E-05
  1.04015750E-05  1.04015750E-05  1.04015750E-05  1.04015750E-05  1.04015750E-05  1.04015750E-05  1.04015750E-05  1.04015750E-05  1.04015750E-05  1.04015750E-05  1.04015750E-05  1.04015750E-05  1.04015750E-05  1.04015750E-05  1.04015750E-05  1.04015750E-05  1.04015750E-05  1.04015750E-05  1.04015750E-05  1.04015750E-05
  1.04015750E-05  1.04015750E-05  1.04015750E-05  1.04015750E-05  1.04015750E-05  1.04015750E-05  1.04015750E-05  1.04015750E-05  1.04015750E-05  1.04015750E-05  1.04015750E-05  1.04015750E-05  1.04015750E-05  1.04015750E-05  1.04015750E-05  1.04015750E-05  1.04015750E-05  1.04015750E-05  1.04015750E-05  1.04015750E-05
  1.04015750E-05  1.04015750E-05  1.04015750E-05  1.04015750E-05  1.04015750E-05  1.04015750E-05  1.04015750E-05  1.04015750E-05  1.04015750E-05  1.04015750E-05  1.04015750E-05  1.04015750E-05  1.04015750E-05  1.04015750E-05  1.04015750E-05  1.04015750E-05  1.04015750E-05  1.04015750E-05  1.04015750E-05  1.04015750E-05
  1.04015750E-05  1.04015750E-05  1.04015750E-05  1.04015750E-05  1.04015750E-05  1.04015750E-05  1.04015750E-05  1.04015750E-05  1.04015750E-05  1.04015750E-05  1.04015750E-05  1.04015750E-05  1.04015750E-05  1.04015750E-05  1.04015750E-05  1.04015750E-05  1.04015750E-05  1.04015750E-05  1.04015750E-05  1.04015750E-05
  1.04015750E-05  1.04015750E-05  1.04015750E-05  1.04015750E-05  1.04015750E-05  1.04015750E-05  1.04015750E-05  1.04015750E-05  1.04015750E-05  1.04015750E-05  1.04015750E-05  1.04015750E-05  1.04015750E-05  1.04015750E-05  1.04015750E-05  1.04015750E-05  1.04015750E-05  1.04015750E-05  1.04015750E-05  1.04015750E-05
  1.04015750E-05  1.04015750E-05  1.04015750E-05  1.04015750E-05  1.04015750E-05  1.04015750E-05  1.04015750E-05  1.04015750E-05  1.04015750E-05  1.04015750E-05  1.04015750E-05  1.04015750E-05  1.04015750E-05  1.04015750E-05  1.04015750E-05  1.04015750E-05  1.04015750E-05  1.04015750E-05  1.04015750E-05  1.04015750E-05
  1.04015750E-05  1.04015750E-05  1.04015750E-05  1.04015750E-05  1.04015750E-05  1.04015750E-05  1.04015750E-05  1.04015750E-05  1.04015750E-05  1.04015750E-05  1.04015750E-05  1.04015750E-05  1.04015750E-05  1.04015750E-05  1.04015750E-05  1.04015750E-05  1.04015750E-05  1.04015750E-05  1.04015750E-05  1.04015750E-05
  1.04015750E-05  1.04015750E-05  1.04015750E-05  1.04015750E-05  1.04015750E-05  1.04015750E-05  1.04015750E-05  1.04015750E-05  1.04015750E-05  1.04015750E-05  1.04015750E-05  1.04015750E-05  1.04015750E-05  1.04015750E-05  1.04015750E-05  1.04015750E-05  1.04015750E-05  1.04015750E-05  1.04015750E-05  1.04015750E-05
  1.04015750E-05  1.04015750E-05  1.04015750E-05  1.04015750E-05  1.04015750E-05  1.04015750E-05  1.04015750E-05  1.04015750E-05  1.04015750E-05  1.04015750E-05  1.04015750E-05  1.04015750E-05  1.04015750E-05  1.04015750E-05  1.04015750E-05  1.04015750E-05  1.04015750E-05  1.04015750E-05  1.04015750E-05  1.04015750E-05
  1.04015750E-05  1.04015750E-05  1.04015750E-05  1.04015750E-05  1.04015750E-05  1.04015750E-05  1.04015750E-05  1.04015750E-05  1.04015750E-05  1.04015750E-05  1.04015750E-05  1.04015750E-05  1.04015750E-05  1.04015750E-05  1.04015750E-05  1.04015750E-05  1.04015750E-05  1.04015750E-05  1.04015750E-05  1.04015750E-05
  1.04015750E-05  1.04015750E-05  1.04015750E-05  1.04015750E-05  1.04015750E-05  1.04015750E-05  1.04015750E-05  1.04015750E-05  1.04015750E-05  1.04015750E-05  1.04015750E-05  1.04015750E-05  1.04015750E-05  1.04015750E-05  1.04015750E-05  1.04015750E-05  1.04015750E-05  1.04015750E-05  1.04015750E-05  1.04015750E-05
  1.04015750E-05  1.04015750E-05  1.04015750E-05  1.04015750E-05  1.04015750E-05  1.04015750E-05  1.04015750E-05  1.04015750E-05  1.04015750E-05  1.04015750E-05  1.04015750E-05  1.04015750E-05  1.04015750E-05  1.04015750E-05  1.04015750E-05  1.04015750E-05  1.04015750E-05  1.04015750E-05  1.04015750E-05  1.04015750E-05
  1.04015750E-05  1.04015750E-05  1.04015750E-05  1.04015750E-05  1.04015750E-05  1.04015750E-05  1.04015750E-05  1.04015750E-05  1.04015750E-05  1.04015750E-05  1.04015750E-05  1.04015750E-05  1.04015750E-05  1.04015750E-05  1.04015750E-05  1.04015750E-05  1.04015750E-05  1.04015750E-05  1.04015750E-05  1.04015750E-05
  1.04015750E-05  1.04015750E-05  1.04015750E-05  1.04015750E-05  1.04015750E-05  1.04015750E-05  1.04015750E-05  1.04015750E-05  1.04015750E-05  1.04015750E-05  1.04015750E-05  1.04015750E-05  1.04015750E-05  1.04015750E-05  1.04015750E-05  1.04015750E-05  1.04015750E-05  1.04015750E-05  1.04015750E-05  1.04015750E-05
  1.04015750E-05  1.04015750E-05  1.04015750E-05  1.04015750E-05  1.04015750E-05  1.04015750E-05  1.04015750E-05  1.04015750E-05  1.04015750E-05  1.04015750E-05  1.04015750E-05  1.04015750E-05  1.04015750E-05  1.04015750E-05  1.04015750E-05  1.04015750E-05  1.04015750E-05  1.04015750E-05  1.04015750E-05  1.04015750E-05
  1.04015750E-05  1.04015750E-05  1.04015750E-05  1.04015750E-05  1.04015750E-05  1.04015750E-05  1.04015750E-05  1.04015750E-05  1.04015750E-05  1.04015750E-05  1.04015750E-05  1.04015750E-05  1.04015750E-05  1.04015750E-05  1.04015750E-05  1.04015750E-05  1.04015750E-05  1.04015750E-05  1.04015750E-05  1.04015750E-05
  1.04015750E-05  1.04015750E-05  1.04015750E-05  1.04015750E-05  1.04015750E-05  1.04015750E-05  1.04015750E-05  1.04015750E-05  1.04015750E-05  1.04015750E-05  1.04015750E-05  1.04015750E-05  1.04015750E-05  1.04015750E-05  1.04015750E-05  1.04015750E-05  1.04015750E-05  1.04015750E-05  1.04015750E-05  1.04015750E-05
  1.04015750E-05  1.04015750E-05  1.04015750E-05  1.04015750E-05  1.04015750E-05  1.04015750E-05  1.04015750E-05  1.04015750E-05  1.04015750E-05  1.04015750E-05  1.04015750E-05  1.04015750E-05  1.04015750E-05  1.04015750E-05  1.04015750E-05  1.04015750E-05  1.04015750E-05  1.04015750E-05  1.04015750E-05  1.04015750E-05
  1.04015750E-05  1.04015750E-05  1.04015750E-05  1.04015750E-05  1.04015750E-05  1.04015750E-05  1.04015750E-05  1.04015750E-05  1.04015750E-05  1.04015750E-05  1.04015750E-05  1.04015750E-05  1.04015750E-05  1.04015750E-05  1.04015750E-05  1.04015750E-05  1.04015750E-05  1.04015750E-05  1.04015750E-05  1.04015750E-05
  1.04015750E-05  1.04015750E-05  1.04015750E-05  1.04015750E-05  1.04015750E-05  1.04015750E-05  1.04015750E-05  1.04015750E-05  1.04015750E-05  1.04015750E-05  1.04015750E-05  1.04015750E-05  1.04015750E-05  1.04015750E-05  1.04015750E-05  1.04015750E-05  1.04015750E-05  1.04015750E-05  1.04015750E-05  1.04015750E-05
  1.04015750E-05  1.04015750E-05  1.04015750E-05  1.04015750E-05  1.04015750E-05  1.04015750E-05  1.04015750E-05  1.04015750E-05  1.04015750E-05  1.04015750E-05  1.04015750E-05  1.04015750E-05  1.04015750E-05  1.04015750E-05  1.04015750E-05  1.04015750E-05  1.04015750E-05  1.04015750E-05  1.04015750E-05  1.04015750E-05
  1.04015750E-05  1.04015750E-05  1.04015750E-05  1.04015750E-05  1.04015750E-05  1.04015750E-05  1.04015750E-05  1.04015750E-05  1.04015750E-05  1.04015750E-05  1.04015750E-05  1.04015750E-05  1.04015750E-05  1.04015750E-05  1.04015750E-05  1.04015750E-05  1.04015750E-05  1.04015750E-05  1.04015750E-05  1.04015750E-05
  1.04015750E-05  1.04015750E-05  1.04015750E-05  1.04015750E-05  1.04015750E-05  1.04015750E-05  1.04015750E-05  1.04015750E-05  1.04015750E-05  1.04015750E-05  1.04015750E-05  1.04015750E-05  1.04015750E-05  1.04015750E-05  1.04015750E-05  1.04015750E-05  1.04015750E-05  1.04015750E-05  1.04015750E-05  1.04015750E-05
  1.04015750E-05  1.04015750E-05  1.04015750E-05  1.04015750E-05  1.04015750E-05  1.04015750E-05  1.04015750E-05  1.04015750E-05  1.04015750E-05  1.04015750E-05  1.04015750E-05  1.04015750E-05  1.04015750E-05  1.04015750E-05  1.04015750E-05  1.04015750E-05  1.04015750E-05  1.04015750E-05  1.04015750E-05  1.04015750E-05
  1.04015750E-05  1.04015750E-05  1.04015750E-05  1.04015750E-05  1.04015750E-05  1.04015750E-05  1.04015750E-05  1.04015750E-05  1.04015750E-05  1.04015750E-05  1.04015750E-05  1.04015750E-05  1.04015750E-05  1.04015750E-05  1.04015750E-05  1.04015750E-05  1.04015750E-05  1.04015750E-05  1.04015750E-05  1.04015750E-05
  1.04015750E-05  1.04015750E-05  1.04015750E-05  1.04015750E-05  1.04015750E-05  1.04015750E-05  1.04015750E-05  1.04015750E-05  1.04015750E-05  1.04015750E-05  1.04015750E-05  1.04015750E-05  1.04015750E-05  1.04015750E-05  1.04015750E-05  1.04015750E-05  1.04015750E-05  1.04015750E-05  1.04015750E-05  1.04015750E-05
  1.04015750E-05  1.04015750E-05  1.04015750E-05  1.04015750E-05  1.04015750E-05  1.04015750E-05  1.04015750E-05  1.04015750E-05  1.04015750E-05  1.04015750E-05  1.04015750E-05  1.04015750E-05  1.04015750E-05  1.04015750E-05  1.04015750E-05  1.04015750E-05  1.04015750E-05  1.04015750E-05  1.04015750E-05  1.04015750E-05
  1.04015750E-05  1.04015750E-05  1.04015750E-05  1.04015750E-05  1.04015750E-05  1.04015750E-05  1.04015750E-05  1.04015750E-05  1.04015750E-05  1.04015750E-05  1.04015750E-05  1.04015750E-05  1.04015750E-05  1.04015750E-05  1.04015750E-05  1.04015750E-05  1.04015750E-05  1.04015750E-05  1.04015750E-05  1.04015750E-05
  1.04015750E-05  1.04015750E-05  1.04015750E-05  1.04015750E-05  1.04015750E-05  1.04015750E-05  1.04015750E-05  1.04015750E-05  1.04015750E-05  1.04015750E-05  1.04015750E-05  1.04015750E-05  1.04015750E-05  1.04015750E-05  1.04015750E-05  1.04015750E-05  1.04015750E-05  1.04015750E-05  1.04015750E-05  1.04015750E-05
  1.04015750E-05  1.04015750E-05  1.04015750E-05  1.04015750E-05  1.04015750E-05  1.04015750E-05  1.04015750E-05  1.04015750E-05  1.04015750E-05  1.04015750E-05  1.04015750E-05  1.04015750E-05  1.04015750E-05  1.04015750E-05  1.04015750E-05  1.04015750E-05  1.04015750E-05  1.04015750E-05  1.04015750E-05  1.04015750E-05
  1.04015750E-05  1.04015750E-05  1.04015750E-05  1.04015750E-05  1.04015750E-05  1.04015750E-05  1.04015750E-05  1.04015750E-05  1.04015750E-05  1.04015750E-05  1.04015750E-05  1.04015750E-05  1.04015750E-05  1.04015750E-05  1.04015750E-05  1.04015750E-05  1.04015750E-05  1.04015750E-05  1.04015750E-05  1.04015750E-05
  1.04015750E-05  1.04015750E-05  1.04015750E-05  1.04015750E-05  1.04015750E-05  1.04015750E-05  1.04015750E-05  1.04015750E-05  1.04015750E-05  1.04015750E-05  1.04015750E-05  1.04015750E-05  1.04015750E-05  1.04015750E-05  1.04015750E-05  1.04015750E-05  1.04015750E-05  1.04015750E-05  1.04015750E-05  1.04015750E-05
  1.04015750E-05  1.04015750E-05  1.04015750E-05  1.04015750E-05  1.04015750E-05  1.04015750E-05  1.04015750E-05  1.04015750E-05  1.04015750E-05  1.04015750E-05  1.04015750E-05  1.04015750E-05  1.04015750E-05  1.04015750E-05  1.04015750E-05  1.04015750E-05  1.04015750E-05  1.04015750E-05  1.04015750E-05  1.04015750E-05
  1.04015750E-05  1.04015750E-05  1.04015750E-05  1.04015750E-05  1.04015750E-05  1.04015750E-05  1.04015750E-05  1.04015750E-05  1.04015750E-05  1.04015750E-05  1.04015750E-05  1.04015750E-05  1.04015750E-05  1.04015750E-05  1.04015750E-05  1.04015750E-05  1.04015750E-05  1.04015750E-05  1.04015750E-05  1.04015750E-05
  1.04015750E-05  1.04015750E-05  1.04015750E-05  1.04015750E-05  1.04015750E-05  1.04015750E-05  1.04015750E-05  1.04015750E-05  1.04015750E-05  1.04015750E-05  1.04015750E-05  1.04015750E-05  1.04015750E-05  1.04015750E-05  1.04015750E-05  1.04015750E-05  1.04015750E-05  1.04015750E-05  1.04015750E-05  1.04015750E-05
  1.04015750E-05  1.04015750E-05  1.04015750E-05  1.04015750E-05  1.04015750E-05  1.04015750E-05  1.04015750E-05  1.04015750E-05  1.04015750E-05  1.04015750E-05  1.04015750E-05  1.04015750E-05  1.04015750E-05  1.04015750E-05  1.04015750E-05  1.04015750E-05  1.04015750E-05  1.04015750E-05  1.04015750E-05  1.04015750E-05
  1.04015750E-05  1.04015750E-05  1.04015750E-05  1.04015750E-05  1.04015750E-05  1.04015750E-05  1.04015750E-05  1.04015750E-05  1.04015750E-05  1.04015750E-05  1.04015750E-05  1.04015750E-05  1.04015750E-05  1.04015750E-05  1.04015750E-05  1.04015750E-05  1.04015750E-05  1.04015750E-05  1.04015750E-05  1.04015750E-05
  1.04015750E-05  1.04015750E-05  1.04015750E-05  1.04015750E-05  1.04015750E-05  1.04015750E-05  1.04015750E-05  1.04015750E-05  1.04015750E-05  1.04015750E-05  1.04015750E-05  1.04015750E-05  1.04015750E-05  1.04015750E-05  1.04015750E-05  1.04015750E-05  1.04015750E-05  1.04015750E-05  1.04015750E-05  1.04015750E-05
  1.04015750E-05  1.04015750E-05  1.04015750E-05  1.04015750E-05  1.04015750E-05  1.04015750E-05  1.04015750E-05  1.04015750E-05  1.04015750E-05  1.04015750E-05  1.04015750E-05  1.04015750E-05  1.04015750E-05  1.04015750E-05  1.04015750E-05  1.04015750E-05  1.04015750E-05  1.04015750E-05  1.04015750E-05  1.04015750E-05
