  1.20534700E-05  1.20534700E-05  1.20534700E-05  1.20534700E-05  1.20534700E-05  1.20534700E-05  1.20534700E-05  1.20534700E-05  1.20534700E-05  1.20534700E-05  1.20534700E-05  1.20534700E-05  1.20534700E-05  1.20534700E-05  1.20534700E-05  1.20534700E-05  1.20534700E-05  1.20534700E-05  1.20534700E-05  1.20534700E-05
  1.20534700E-05  1.20534700E-05  1.20534700E-05  1.20534700E-05  1.20534700E-05  1.20534700E-05  1.20534700E-05  1.20534700E-05  1.20534700E-05  1.20534700E-05  1.20534700E-05  1.20534700E-05  1.20534700E-05  1.20534700E-05  1.20534700E-05  1.20534700E-05  1.20534700E-05  1.20534700E-05  1.20534700E-05  1.20534700E-05
  1.20534700E-05  1.20534700E-05  1.20534700E-05  1.20534700E-05  1.20534700E-05  1.20534700E-05  1.20534700E-05  1.20534700E-05  1.20534700E-05  1.20534700E-05  1.20534700E-05  1.20534700E-05  1.20534700E-05  1.20534700E-05  1.20534700E-05  1.20534700E-05  1.20534700E-05  1.20534700E-05  1.20534700E-05  1.20534700E-05
  1.20534700E-05  1.20534700E-05  1.20534700E-05  1.20534700E-05  1.20534700E-05  1.20534700E-05  1.20534700E-05  1.20534700E-05  1.20534700E-05  1.20534700E-05  1.20534700E-05  1.20534700E-05  1.20534700E-05  1.20534700E-05  1.20534700E-05  1.20534700E-05  1.20534700E-05  1.20534700E-05  1.20534700E-05  1.20534700E-05
  1.20534700E-05  1.20534700E-05  1.20534700E-05  1.20534700E-05  1.20534700E-05  1.20534700E-05  1.20534700E-05  1.20534700E-05  1.20534700E-05  1.20534700E-05  1.20534700E-05  1.20534700E-05  1.20534700E-05  1.20534700E-05  1.20534700E-05  1.20534700E-05  1.20534700E-05  1.20534700E-05  1.20534700E-05  1.20534700E-05
  1.20534700E-05  1.20534700E-05  1.20534700E-05  1.20534700E-05  1.20534700E-05  1.20534700E-05  1.20534700E-05  1.20534700E-05  1.20534700E-05  1.20534700E-05  1.20534700E-05  1.20534700E-05  1.20534700E-05  1.20534700E-05  1.20534700E-05  1.20534700E-05  1.20534700E-05  1.20534700E-05  1.20534700E-05  1.20534700E-05
  1.20534700E-05  1.20534700E-05  1.20534700E-05  1.20534700E-05  1.20534700E-05  1.20534700E-05  1.20534700E-05  1.20534700E-05  1.20534700E-05  1.20534700E-05  1.20534700E-05  1.20534700E-05  1.20534700E-05  1.20534700E-05  1.20534700E-05  1.20534700E-05  1.20534700E-05  1.20534700E-05  1.20534700E-05  1.20534700E-05
  1.20534700E-05  1.20534700E-05  1.20534700E-05  1.20534700E-05  1.20534700E-05  1.20534700E-05  1.20534700E-05  1.20534700E-05  1.20534700E-05  1.20534700E-05  1.20534700E-05  1.20534700E-05  1.20534700E-05  1.20534700E-05  1.20534700E-05  1.20534700E-05  1.20534700E-05  1.20534700E-05  1.20534700E-05  1.20534700E-05
  1.20534700E-05  1.20534700E-05  1.20534700E-05  1.20534700E-05  1.20534700E-05  1.20534700E-05  1.20534700E-05  1.20534700E-05  1.20534700E-05  1.20534700E-05  1.20534700E-05  1.20534700E-05  1.20534700E-05  1.20534700E-05  1.20534700E-05  1.20534700E-05  1.20534700E-05  1.20534700E-05  1.20534700E-05  1.20534700E-05
  1.20534700E-05  1.20534700E-05  1.20534700E-05  1.20534700E-05  1.20534700E-05  1.20534700E-05  1.20534700E-05  1.20534700E-05  1.20534700E-05  1.20534700E-05  1.20534700E-05  1.20534700E-05  1.20534700E-05  1.20534700E-05  1.20534700E-05  1.20534700E-05  1.20534700E-05  1.20534700E-05  1.20534700E-05  1.20534700E-05
  1.20534700E-05  1.20534700E-05  1.20534700E-05  1.20534700E-05  1.20534700E-05  1.20534700E-05  1.20534700E-05  1.20534700E-05  1.20534700E-05  1.20534700E-05  1.20534700E-05  1.20534700E-05  1.20534700E-05  1.20534700E-05  1.20534700E-05  1.20534700E-05  1.20534700E-05  1.20534700E-05  1.20534700E-05  1.20534700E-05
  1.20534700E-05  1.20534700E-05  1.20534700E-05  1.20534700E-05  1.20534700E-05  1.20534700E-05  1.20534700E-05  1.20534700E-05  1.20534700E-05  1.20534700E-05  1.20534700E-05  1.20534700E-05  1.20534700E-05  1.20534700E-05  1.20534700E-05  1.20534700E-05  1.20534700E-05  1.20534700E-05  1.20534700E-05  1.20534700E-05
  1.20534700E-05  1.20534700E-05  1.20534700E-05  1.20534700E-05  1.20534700E-05  1.20534700E-05  1.20534700E-05  1.20534700E-05  1.20534700E-05  1.20534700E-05  1.20534700E-05  1.20534700E-05  1.20534700E-05  1.20534700E-05  1.20534700E-05  1.20534700E-05  1.20534700E-05  1.20534700E-05  1.20534700E-05  1.20534700E-05
  1.20534700E-05  1.20534700E-05  1.20534700E-05  1.20534700E-05  1.20534700E-05  1.20534700E-05  1.20534700E-05  1.20534700E-05  1.20534700E-05  1.20534700E-05  1.20534700E-05  1.20534700E-05  1.20534700E-05  1.20534700E-05  1.20534700E-05  1.20534700E-05  1.20534700E-05  1.20534700E-05  1.20534700E-05  1.20534700E-05
  1.20534700E-05  1.20534700E-05  1.20534700E-05  1.20534700E-05  1.20534700E-05  1.20534700E-05  1.20534700E-05  1.20534700E-05  1.20534700E-05  1.20534700E-05  1.20534700E-05  1.20534700E-05  1.20534700E-05  1.20534700E-05  1.20534700E-05  1.20534700E-05  1.20534700E-05  1.20534700E-05  1.20534700E-05  1.20534700E-05
  1.20534700E-05  1.20534700E-05  1.20534700E-05  1.20534700E-05  1.20534700E-05  1.20534700E-05  1.20534700E-05  1.20534700E-05  1.20534700E-05  1.20534700E-05  1.20534700E-05  1.20534700E-05  1.20534700E-05  1.20534700E-05  1.20534700E-05  1.20534700E-05  1.20534700E-05  1.20534700E-05  1.20534700E-05  1.20534700E-05
  1.20534700E-05  1.20534700E-05  1.20534700E-05  1.20534700E-05  1.20534700E-05  1.20534700E-05  1.20534700E-05  1.20534700E-05  1.20534700E-05  1.20534700E-05  1.20534700E-05  1.20534700E-05  1.20534700E-05  1.20534700E-05  1.20534700E-05  1.20534700E-05  1.20534700E-05  1.20534700E-05  1.20534700E-05  1.20534700E-05
  1.20534700E-05  1.20534700E-05  1.20534700E-05  1.20534700E-05  1.20534700E-05  1.20534700E-05  1.20534700E-05  1.20534700E-05  1.20534700E-05  1.20534700E-05  1.20534700E-05  1.20534700E-05  1.20534700E-05  1.20534700E-05  1.20534700E-05  1.20534700E-05  1.20534700E-05  1.20534700E-05  1.20534700E-05  1.20534700E-05
  1.20534700E-05  1.20534700E-05  1.20534700E-05  1.20534700E-05  1.20534700E-05  1.20534700E-05  1.20534700E-05  1.20534700E-05  1.20534700E-05  1.20534700E-05  1.20534700E-05  1.20534700E-05  1.20534700E-05  1.20534700E-05  1.20534700E-05  1.20534700E-05  1.20534700E-05  1.20534700E-05  1.20534700E-05  1.20534700E-05
  1.20534700E-05  1.20534700E-05  1.20534700E-05  1.20534700E-05  1.20534700E-05  1.20534700E-05  1.20534700E-05  1.20534700E-05  1.20534700E-05  1.20534700E-05  1.20534700E-05  1.20534700E-05  1.20534700E-05  1.20534700E-05  1.20534700E-05  1.20534700E-05  1.20534700E-05  1.20534700E-05  1.20534700E-05  1.20534700E-05
  1.20534700E-05  1.20534700E-05  1.20534700E-05  1.20534700E-05  1.20534700E-05  1.20534700E-05  1.20534700E-05  1.20534700E-05  1.20534700E-05  1.20534700E-05  1.20534700E-05  1.20534700E-05  1.20534700E-05  1.20534700E-05  1.20534700E-05  1.20534700E-05  1.20534700E-05  1.20534700E-05  1.20534700E-05  1.20534700E-05
  1.20534700E-05  1.20534700E-05  1.20534700E-05  1.20534700E-05  1.20534700E-05  1.20534700E-05  1.20534700E-05  1.20534700E-05  1.20534700E-05  1.20534700E-05  1.20534700E-05  1.20534700E-05  1.20534700E-05  1.20534700E-05  1.20534700E-05  1.20534700E-05  1.20534700E-05  1.20534700E-05  1.20534700E-05  1.20534700E-05
  1.20534700E-05  1.20534700E-05  1.20534700E-05  1.20534700E-05  1.20534700E-05  1.20534700E-05  1.20534700E-05  1.20534700E-05  1.20534700E-05  1.20534700E-05  1.20534700E-05  1.20534700E-05  1.20534700E-05  1.20534700E-05  1.20534700E-05  1.20534700E-05  1.20534700E-05  1.20534700E-05  1.20534700E-05  1.20534700E-05
  1.20534700E-05  1.20534700E-05  1.20534700E-05  1.20534700E-05  1.20534700E-05  1.20534700E-05  1.20534700E-05  1.20534700E-05  1.20534700E-05  1.20534700E-05  1.20534700E-05  1.20534700E-05  1.20534700E-05  1.20534700E-05  1.20534700E-05  1.20534700E-05  1.20534700E-05  1.20534700E-05  1.20534700E-05  1.20534700E-05
  1.20534700E-05  1.20534700E-05  1.20534700E-05  1.20534700E-05  1.20534700E-05  1.20534700E-05  1.20534700E-05  1.20534700E-05  1.20534700E-05  1.20534700E-05  1.20534700E-05  1.20534700E-05  1.20534700E-05  1.20534700E-05  1.20534700E-05  1.20534700E-05  1.20534700E-05  1.20534700E-05  1.20534700E-05  1.20534700E-05
  1.20534700E-05  1.20534700E-05  1.20534700E-05  1.20534700E-05  1.20534700E-05  1.20534700E-05  1.20534700E-05  1.20534700E-05  1.20534700E-05  1.20534700E-05  1.20534700E-05  1.20534700E-05  1.20534700E-05  1.20534700E-05  1.20534700E-05  1.20534700E-05  1.20534700E-05  1.20534700E-05  1.20534700E-05  1.20534700E-05
  1.20534700E-05  1.20534700E-05  1.20534700E-05  1.20534700E-05  1.20534700E-05  1.20534700E-05  1.20534700E-05  1.20534700E-05  1.20534700E-05  1.20534700E-05  1.20534700E-05  1.20534700E-05  1.20534700E-05  1.20534700E-05  1.20534700E-05  1.20534700E-05  1.20534700E-05  1.20534700E-05  1.20534700E-05  1.20534700E-05
  1.20534700E-05  1.20534700E-05  1.20534700E-05  1.20534700E-05  1.20534700E-05  1.20534700E-05  1.20534700E-05  1.20534700E-05  1.20534700E-05  1.20534700E-05  1.20534700E-05  1.20534700E-05  1.20534700E-05  1.20534700E-05  1.20534700E-05  1.20534700E-05  1.20534700E-05  1.20534700E-05  1.20534700E-05  1.20534700E-05
  1.20534700E-05  1.20534700E-05  1.20534700E-05  1.20534700E-05  1.20534700E-05  1.20534700E-05  1.20534700E-05  1.20534700E-05  1.20534700E-05  1.20534700E-05  1.20534700E-05  1.20534700E-05  1.20534700E-05  1.20534700E-05  1.20534700E-05  1.20534700E-05  1.20534700E-05  1.20534700E-05  1.20534700E-05  1.20534700E-05
  1.20534700E-05  1.20534700E-05  1.20534700E-05  1.20534700E-05  1.20534700E-05  1.20534700E-05  1.20534700E-05  1.20534700E-05  1.20534700E-05  1.20534700E-05  1.20534700E-05  1.20534700E-05  1.20534700E-05  1.20534700E-05  1.20534700E-05  1.20534700E-05  1.20534700E-05  1.20534700E-05  1.20534700E-05  1.20534700E-05
  1.20534700E-05  1.20534700E-05  1.20534700E-05  1.20534700E-05  1.20534700E-05  1.20534700E-05  1.20534700E-05  1.20534700E-05  1.20534700E-05  1.20534700E-05  1.20534700E-05  1.20534700E-05  1.20534700E-05  1.20534700E-05  1.20534700E-05  1.20534700E-05  1.20534700E-05  1.20534700E-05  1.20534700E-05  1.20534700E-05
  1.20534700E-05  1.20534700E-05  1.20534700E-05  1.20534700E-05  1.20534700E-05  1.20534700E-05  1.20534700E-05  1.20534700E-05  1.20534700E-05  1.20534700E-05  1.20534700E-05  1.20534700E-05  1.20534700E-05  1.20534700E-05  1.20534700E-05  1.20534700E-05  1.20534700E-05  1.20534700E-05  1.20534700E-05  1.20534700E-05
  1.20534700E-05  1.20534700E-05  1.20534700E-05  1.20534700E-05  1.20534700E-05  1.20534700E-05  1.20534700E-05  1.20534700E-05  1.20534700E-05  1.20534700E-05  1.20534700E-05  1.20534700E-05  1.20534700E-05  1.20534700E-05  1.20534700E-05  1.20534700E-05  1.20534700E-05  1.20534700E-05  1.20534700E-05  1.20534700E-05
  1.20534700E-05  1.20534700E-05  1.20534700E-05  1.20534700E-05  1.20534700E-05  1.20534700E-05  1.20534700E-05  1.20534700E-05  1.20534700E-05  1.20534700E-05  1.20534700E-05  1.20534700E-05  1.20534700E-05  1.20534700E-05  1.20534700E-05  1.20534700E-05  1.20534700E-05  1.20534700E-05  1.20534700E-05  1.20534700E-05
  1.20534700E-05  1.20534700E-05  1.20534700E-05  1.20534700E-05  1.20534700E-05  1.20534700E-05  1.20534700E-05  1.20534700E-05  1.20534700E-05  1.20534700E-05  1.20534700E-05  1.20534700E-05  1.20534700E-05  1.20534700E-05  1.20534700E-05  1.20534700E-05  1.20534700E-05  1.20534700E-05  1.20534700E-05  1.20534700E-05
  1.20534700E-05  1.20534700E-05  1.20534700E-05  1.20534700E-05  1.20534700E-05  1.20534700E-05  1.20534700E-05  1.20534700E-05  1.20534700E-05  1.20534700E-05  1.20534700E-05  1.20534700E-05  1.20534700E-05  1.20534700E-05  1.20534700E-05  1.20534700E-05  1.20534700E-05  1.20534700E-05  1.20534700E-05  1.20534700E-05
  1.20534700E-05  1.20534700E-05  1.20534700E-05  1.20534700E-05  1.20534700E-05  1.20534700E-05  1.20534700E-05  1.20534700E-05  1.20534700E-05  1.20534700E-05  1.20534700E-05  1.20534700E-05  1.20534700E-05  1.20534700E-05  1.20534700E-05  1.20534700E-05  1.20534700E-05  1.20534700E-05  1.20534700E-05  1.20534700E-05
  1.20534700E-05  1.20534700E-05  1.20534700E-05  1.20534700E-05  1.20534700E-05  1.20534700E-05  1.20534700E-05  1.20534700E-05  1.20534700E-05  1.20534700E-05  1.20534700E-05  1.20534700E-05  1.20534700E-05  1.20534700E-05  1.20534700E-05  1.20534700E-05  1.20534700E-05  1.20534700E-05  1.20534700E-05  1.20534700E-05
  1.20534700E-05  1.20534700E-05  1.20534700E-05  1.20534700E-05  1.20534700E-05  1.20534700E-05  1.20534700E-05  1.20534700E-05  1.20534700E-05  1.20534700E-05  1.20534700E-05  1.20534700E-05  1.20534700E-05  1.20534700E-05  1.20534700E-05  1.20534700E-05  1.20534700E-05  1.20534700E-05  1.20534700E-05  1.20534700E-05
  1.20534700E-05  1.20534700E-05  1.20534700E-05  1.20534700E-05  1.20534700E-05  1.20534700E-05  1.20534700E-05  1.20534700E-05  1.20534700E-05  1.20534700E-05  1.20534700E-05  1.20534700E-05  1.20534700E-05  1.20534700E-05  1.20534700E-05  1.20534700E-05  1.20534700E-05  1.20534700E-05  1.20534700E-05  1.20534700E-05
