  1.87490200E-05  1.87490200E-05  1.87490200E-05  1.87490200E-05  1.87490200E-05  1.87490200E-05  1.87490200E-05  1.87490200E-05  1.87490200E-05  1.87490200E-05  1.87490200E-05  1.87490200E-05  1.87490200E-05  1.87490200E-05  1.87490200E-05  1.87490200E-05  1.87490200E-05  1.87490200E-05  1.87490200E-05  1.87490200E-05
  1.87490200E-05  1.87490200E-05  1.87490200E-05  1.87490200E-05  1.87490200E-05  1.87490200E-05  1.87490200E-05  1.87490200E-05  1.87490200E-05  1.87490200E-05  1.87490200E-05  1.87490200E-05  1.87490200E-05  1.87490200E-05  1.87490200E-05  1.87490200E-05  1.87490200E-05  1.87490200E-05  1.87490200E-05  1.87490200E-05
  1.87490200E-05  1.87490200E-05  1.87490200E-05  1.87490200E-05  1.87490200E-05  1.87490200E-05  1.87490200E-05  1.87490200E-05  1.87490200E-05  1.87490200E-05  1.87490200E-05  1.87490200E-05  1.87490200E-05  1.87490200E-05  1.87490200E-05  1.87490200E-05  1.87490200E-05  1.87490200E-05  1.87490200E-05  1.87490200E-05
  1.87490200E-05  1.87490200E-05  1.87490200E-05  1.87490200E-05  1.87490200E-05  1.87490200E-05  1.87490200E-05  1.87490200E-05  1.87490200E-05  1.87490200E-05  1.87490200E-05  1.87490200E-05  1.87490200E-05  1.87490200E-05  1.87490200E-05  1.87490200E-05  1.87490200E-05  1.87490200E-05  1.87490200E-05  1.87490200E-05
  1.87490200E-05  1.87490200E-05  1.87490200E-05  1.87490200E-05  1.87490200E-05  1.87490200E-05  1.87490200E-05  1.87490200E-05  1.87490200E-05  1.87490200E-05  1.87490200E-05  1.87490200E-05  1.87490200E-05  1.87490200E-05  1.87490200E-05  1.87490200E-05  1.87490200E-05  1.87490200E-05  1.87490200E-05  1.87490200E-05
  1.87490200E-05  1.87490200E-05  1.87490200E-05  1.87490200E-05  1.87490200E-05  1.87490200E-05  1.87490200E-05  1.87490200E-05  1.87490200E-05  1.87490200E-05  1.87490200E-05  1.87490200E-05  1.87490200E-05  1.87490200E-05  1.87490200E-05  1.87490200E-05  1.87490200E-05  1.87490200E-05  1.87490200E-05  1.87490200E-05
  1.87490200E-05  1.87490200E-05  1.87490200E-05  1.87490200E-05  1.87490200E-05  1.87490200E-05  1.87490200E-05  1.87490200E-05  1.87490200E-05  1.87490200E-05  1.87490200E-05  1.87490200E-05  1.87490200E-05  1.87490200E-05  1.87490200E-05  1.87490200E-05  1.87490200E-05  1.87490200E-05  1.87490200E-05  1.87490200E-05
  1.87490200E-05  1.87490200E-05  1.87490200E-05  1.87490200E-05  1.87490200E-05  1.87490200E-05  1.87490200E-05  1.87490200E-05  1.87490200E-05  1.87490200E-05  1.87490200E-05  1.87490200E-05  1.87490200E-05  1.87490200E-05  1.87490200E-05  1.87490200E-05  1.87490200E-05  1.87490200E-05  1.87490200E-05  1.87490200E-05
  1.87490200E-05  1.87490200E-05  1.87490200E-05  1.87490200E-05  1.87490200E-05  1.87490200E-05  1.87490200E-05  1.87490200E-05  1.87490200E-05  1.87490200E-05  1.87490200E-05  1.87490200E-05  1.87490200E-05  1.87490200E-05  1.87490200E-05  1.87490200E-05  1.87490200E-05  1.87490200E-05  1.87490200E-05  1.87490200E-05
  1.87490200E-05  1.87490200E-05  1.87490200E-05  1.87490200E-05  1.87490200E-05  1.87490200E-05  1.87490200E-05  1.87490200E-05  1.87490200E-05  1.87490200E-05  1.87490200E-05  1.87490200E-05  1.87490200E-05  1.87490200E-05  1.87490200E-05  1.87490200E-05  1.87490200E-05  1.87490200E-05  1.87490200E-05  1.87490200E-05
  1.87490200E-05  1.87490200E-05  1.87490200E-05  1.87490200E-05  1.87490200E-05  1.87490200E-05  1.87490200E-05  1.87490200E-05  1.87490200E-05  1.87490200E-05  1.87490200E-05  1.87490200E-05  1.87490200E-05  1.87490200E-05  1.87490200E-05  1.87490200E-05  1.87490200E-05  1.87490200E-05  1.87490200E-05  1.87490200E-05
  1.87490200E-05  1.87490200E-05  1.87490200E-05  1.87490200E-05  1.87490200E-05  1.87490200E-05  1.87490200E-05  1.87490200E-05  1.87490200E-05  1.87490200E-05  1.87490200E-05  1.87490200E-05  1.87490200E-05  1.87490200E-05  1.87490200E-05  1.87490200E-05  1.87490200E-05  1.87490200E-05  1.87490200E-05  1.87490200E-05
  1.87490200E-05  1.87490200E-05  1.87490200E-05  1.87490200E-05  1.87490200E-05  1.87490200E-05  1.87490200E-05  1.87490200E-05  1.87490200E-05  1.87490200E-05  1.87490200E-05  1.87490200E-05  1.87490200E-05  1.87490200E-05  1.87490200E-05  1.87490200E-05  1.87490200E-05  1.87490200E-05  1.87490200E-05  1.87490200E-05
  1.87490200E-05  1.87490200E-05  1.87490200E-05  1.87490200E-05  1.87490200E-05  1.87490200E-05  1.87490200E-05  1.87490200E-05  1.87490200E-05  1.87490200E-05  1.87490200E-05  1.87490200E-05  1.87490200E-05  1.87490200E-05  1.87490200E-05  1.87490200E-05  1.87490200E-05  1.87490200E-05  1.87490200E-05  1.87490200E-05
  1.87490200E-05  1.87490200E-05  1.87490200E-05  1.87490200E-05  1.87490200E-05  1.87490200E-05  1.87490200E-05  1.87490200E-05  1.87490200E-05  1.87490200E-05  1.87490200E-05  1.87490200E-05  1.87490200E-05  1.87490200E-05  1.87490200E-05  1.87490200E-05  1.87490200E-05  1.87490200E-05  1.87490200E-05  1.87490200E-05
  1.87490200E-05  1.87490200E-05  1.87490200E-05  1.87490200E-05  1.87490200E-05  1.87490200E-05  1.87490200E-05  1.87490200E-05  1.87490200E-05  1.87490200E-05  1.87490200E-05  1.87490200E-05  1.87490200E-05  1.87490200E-05  1.87490200E-05  1.87490200E-05  1.87490200E-05  1.87490200E-05  1.87490200E-05  1.87490200E-05
  1.87490200E-05  1.87490200E-05  1.87490200E-05  1.87490200E-05  1.87490200E-05  1.87490200E-05  1.87490200E-05  1.87490200E-05  1.87490200E-05  1.87490200E-05  1.87490200E-05  1.87490200E-05  1.87490200E-05  1.87490200E-05  1.87490200E-05  1.87490200E-05  1.87490200E-05  1.87490200E-05  1.87490200E-05  1.87490200E-05
  1.87490200E-05  1.87490200E-05  1.87490200E-05  1.87490200E-05  1.87490200E-05  1.87490200E-05  1.87490200E-05  1.87490200E-05  1.87490200E-05  1.87490200E-05  1.87490200E-05  1.87490200E-05  1.87490200E-05  1.87490200E-05  1.87490200E-05  1.87490200E-05  1.87490200E-05  1.87490200E-05  1.87490200E-05  1.87490200E-05
  1.87490200E-05  1.87490200E-05  1.87490200E-05  1.87490200E-05  1.87490200E-05  1.87490200E-05  1.87490200E-05  1.87490200E-05  1.87490200E-05  1.87490200E-05  1.87490200E-05  1.87490200E-05  1.87490200E-05  1.87490200E-05  1.87490200E-05  1.87490200E-05  1.87490200E-05  1.87490200E-05  1.87490200E-05  1.87490200E-05
  1.87490200E-05  1.87490200E-05  1.87490200E-05  1.87490200E-05  1.87490200E-05  1.87490200E-05  1.87490200E-05  1.87490200E-05  1.87490200E-05  1.87490200E-05  1.87490200E-05  1.87490200E-05  1.87490200E-05  1.87490200E-05  1.87490200E-05  1.87490200E-05  1.87490200E-05  1.87490200E-05  1.87490200E-05  1.87490200E-05
  1.87490200E-05  1.87490200E-05  1.87490200E-05  1.87490200E-05  1.87490200E-05  1.87490200E-05  1.87490200E-05  1.87490200E-05  1.87490200E-05  1.87490200E-05  1.87490200E-05  1.87490200E-05  1.87490200E-05  1.87490200E-05  1.87490200E-05  1.87490200E-05  1.87490200E-05  1.87490200E-05  1.87490200E-05  1.87490200E-05
  1.87490200E-05  1.87490200E-05  1.87490200E-05  1.87490200E-05  1.87490200E-05  1.87490200E-05  1.87490200E-05  1.87490200E-05  1.87490200E-05  1.87490200E-05  1.87490200E-05  1.87490200E-05  1.87490200E-05  1.87490200E-05  1.87490200E-05  1.87490200E-05  1.87490200E-05  1.87490200E-05  1.87490200E-05  1.87490200E-05
  1.87490200E-05  1.87490200E-05  1.87490200E-05  1.87490200E-05  1.87490200E-05  1.87490200E-05  1.87490200E-05  1.87490200E-05  1.87490200E-05  1.87490200E-05  1.87490200E-05  1.87490200E-05  1.87490200E-05  1.87490200E-05  1.87490200E-05  1.87490200E-05  1.87490200E-05  1.87490200E-05  1.87490200E-05  1.87490200E-05
  1.87490200E-05  1.87490200E-05  1.87490200E-05  1.87490200E-05  1.87490200E-05  1.87490200E-05  1.87490200E-05  1.87490200E-05  1.87490200E-05  1.87490200E-05  1.87490200E-05  1.87490200E-05  1.87490200E-05  1.87490200E-05  1.87490200E-05  1.87490200E-05  1.87490200E-05  1.87490200E-05  1.87490200E-05  1.87490200E-05
  1.87490200E-05  1.87490200E-05  1.87490200E-05  1.87490200E-05  1.87490200E-05  1.87490200E-05  1.87490200E-05  1.87490200E-05  1.87490200E-05  1.87490200E-05  1.87490200E-05  1.87490200E-05  1.87490200E-05  1.87490200E-05  1.87490200E-05  1.87490200E-05  1.87490200E-05  1.87490200E-05  1.87490200E-05  1.87490200E-05
  1.87490200E-05  1.87490200E-05  1.87490200E-05  1.87490200E-05  1.87490200E-05  1.87490200E-05  1.87490200E-05  1.87490200E-05  1.87490200E-05  1.87490200E-05  1.87490200E-05  1.87490200E-05  1.87490200E-05  1.87490200E-05  1.87490200E-05  1.87490200E-05  1.87490200E-05  1.87490200E-05  1.87490200E-05  1.87490200E-05
  1.87490200E-05  1.87490200E-05  1.87490200E-05  1.87490200E-05  1.87490200E-05  1.87490200E-05  1.87490200E-05  1.87490200E-05  1.87490200E-05  1.87490200E-05  1.87490200E-05  1.87490200E-05  1.87490200E-05  1.87490200E-05  1.87490200E-05  1.87490200E-05  1.87490200E-05  1.87490200E-05  1.87490200E-05  1.87490200E-05
  1.87490200E-05  1.87490200E-05  1.87490200E-05  1.87490200E-05  1.87490200E-05  1.87490200E-05  1.87490200E-05  1.87490200E-05  1.87490200E-05  1.87490200E-05  1.87490200E-05  1.87490200E-05  1.87490200E-05  1.87490200E-05  1.87490200E-05  1.87490200E-05  1.87490200E-05  1.87490200E-05  1.87490200E-05  1.87490200E-05
  1.87490200E-05  1.87490200E-05  1.87490200E-05  1.87490200E-05  1.87490200E-05  1.87490200E-05  1.87490200E-05  1.87490200E-05  1.87490200E-05  1.87490200E-05  1.87490200E-05  1.87490200E-05  1.87490200E-05  1.87490200E-05  1.87490200E-05  1.87490200E-05  1.87490200E-05  1.87490200E-05  1.87490200E-05  1.87490200E-05
  1.87490200E-05  1.87490200E-05  1.87490200E-05  1.87490200E-05  1.87490200E-05  1.87490200E-05  1.87490200E-05  1.87490200E-05  1.87490200E-05  1.87490200E-05  1.87490200E-05  1.87490200E-05  1.87490200E-05  1.87490200E-05  1.87490200E-05  1.87490200E-05  1.87490200E-05  1.87490200E-05  1.87490200E-05  1.87490200E-05
  1.87490200E-05  1.87490200E-05  1.87490200E-05  1.87490200E-05  1.87490200E-05  1.87490200E-05  1.87490200E-05  1.87490200E-05  1.87490200E-05  1.87490200E-05  1.87490200E-05  1.87490200E-05  1.87490200E-05  1.87490200E-05  1.87490200E-05  1.87490200E-05  1.87490200E-05  1.87490200E-05  1.87490200E-05  1.87490200E-05
  1.87490200E-05  1.87490200E-05  1.87490200E-05  1.87490200E-05  1.87490200E-05  1.87490200E-05  1.87490200E-05  1.87490200E-05  1.87490200E-05  1.87490200E-05  1.87490200E-05  1.87490200E-05  1.87490200E-05  1.87490200E-05  1.87490200E-05  1.87490200E-05  1.87490200E-05  1.87490200E-05  1.87490200E-05  1.87490200E-05
  1.87490200E-05  1.87490200E-05  1.87490200E-05  1.87490200E-05  1.87490200E-05  1.87490200E-05  1.87490200E-05  1.87490200E-05  1.87490200E-05  1.87490200E-05  1.87490200E-05  1.87490200E-05  1.87490200E-05  1.87490200E-05  1.87490200E-05  1.87490200E-05  1.87490200E-05  1.87490200E-05  1.87490200E-05  1.87490200E-05
  1.87490200E-05  1.87490200E-05  1.87490200E-05  1.87490200E-05  1.87490200E-05  1.87490200E-05  1.87490200E-05  1.87490200E-05  1.87490200E-05  1.87490200E-05  1.87490200E-05  1.87490200E-05  1.87490200E-05  1.87490200E-05  1.87490200E-05  1.87490200E-05  1.87490200E-05  1.87490200E-05  1.87490200E-05  1.87490200E-05
  1.87490200E-05  1.87490200E-05  1.87490200E-05  1.87490200E-05  1.87490200E-05  1.87490200E-05  1.87490200E-05  1.87490200E-05  1.87490200E-05  1.87490200E-05  1.87490200E-05  1.87490200E-05  1.87490200E-05  1.87490200E-05  1.87490200E-05  1.87490200E-05  1.87490200E-05  1.87490200E-05  1.87490200E-05  1.87490200E-05
  1.87490200E-05  1.87490200E-05  1.87490200E-05  1.87490200E-05  1.87490200E-05  1.87490200E-05  1.87490200E-05  1.87490200E-05  1.87490200E-05  1.87490200E-05  1.87490200E-05  1.87490200E-05  1.87490200E-05  1.87490200E-05  1.87490200E-05  1.87490200E-05  1.87490200E-05  1.87490200E-05  1.87490200E-05  1.87490200E-05
  1.87490200E-05  1.87490200E-05  1.87490200E-05  1.87490200E-05  1.87490200E-05  1.87490200E-05  1.87490200E-05  1.87490200E-05  1.87490200E-05  1.87490200E-05  1.87490200E-05  1.87490200E-05  1.87490200E-05  1.87490200E-05  1.87490200E-05  1.87490200E-05  1.87490200E-05  1.87490200E-05  1.87490200E-05  1.87490200E-05
  1.87490200E-05  1.87490200E-05  1.87490200E-05  1.87490200E-05  1.87490200E-05  1.87490200E-05  1.87490200E-05  1.87490200E-05  1.87490200E-05  1.87490200E-05  1.87490200E-05  1.87490200E-05  1.87490200E-05  1.87490200E-05  1.87490200E-05  1.87490200E-05  1.87490200E-05  1.87490200E-05  1.87490200E-05  1.87490200E-05
  1.87490200E-05  1.87490200E-05  1.87490200E-05  1.87490200E-05  1.87490200E-05  1.87490200E-05  1.87490200E-05  1.87490200E-05  1.87490200E-05  1.87490200E-05  1.87490200E-05  1.87490200E-05  1.87490200E-05  1.87490200E-05  1.87490200E-05  1.87490200E-05  1.87490200E-05  1.87490200E-05  1.87490200E-05  1.87490200E-05
  1.87490200E-05  1.87490200E-05  1.87490200E-05  1.87490200E-05  1.87490200E-05  1.87490200E-05  1.87490200E-05  1.87490200E-05  1.87490200E-05  1.87490200E-05  1.87490200E-05  1.87490200E-05  1.87490200E-05  1.87490200E-05  1.87490200E-05  1.87490200E-05  1.87490200E-05  1.87490200E-05  1.87490200E-05  1.87490200E-05
