  1.05286100E-05  1.05286100E-05  1.05286100E-05  1.05286100E-05  1.05286100E-05  1.05286100E-05  1.05286100E-05  1.05286100E-05  1.05286100E-05  1.05286100E-05  1.05286100E-05  1.05286100E-05  1.05286100E-05  1.05286100E-05  1.05286100E-05  1.05286100E-05  1.05286100E-05  1.05286100E-05  1.05286100E-05  1.05286100E-05
  1.05286100E-05  1.05286100E-05  1.05286100E-05  1.05286100E-05  1.05286100E-05  1.05286100E-05  1.05286100E-05  1.05286100E-05  1.05286100E-05  1.05286100E-05  1.05286100E-05  1.05286100E-05  1.05286100E-05  1.05286100E-05  1.05286100E-05  1.05286100E-05  1.05286100E-05  1.05286100E-05  1.05286100E-05  1.05286100E-05
  1.05286100E-05  1.05286100E-05  1.05286100E-05  1.05286100E-05  1.05286100E-05  1.05286100E-05  1.05286100E-05  1.05286100E-05  1.05286100E-05  1.05286100E-05  1.05286100E-05  1.05286100E-05  1.05286100E-05  1.05286100E-05  1.05286100E-05  1.05286100E-05  1.05286100E-05  1.05286100E-05  1.05286100E-05  1.05286100E-05
  1.05286100E-05  1.05286100E-05  1.05286100E-05  1.05286100E-05  1.05286100E-05  1.05286100E-05  1.05286100E-05  1.05286100E-05  1.05286100E-05  1.05286100E-05  1.05286100E-05  1.05286100E-05  1.05286100E-05  1.05286100E-05  1.05286100E-05  1.05286100E-05  1.05286100E-05  1.05286100E-05  1.05286100E-05  1.05286100E-05
  1.05286100E-05  1.05286100E-05  1.05286100E-05  1.05286100E-05  1.05286100E-05  1.05286100E-05  1.05286100E-05  1.05286100E-05  1.05286100E-05  1.05286100E-05  1.05286100E-05  1.05286100E-05  1.05286100E-05  1.05286100E-05  1.05286100E-05  1.05286100E-05  1.05286100E-05  1.05286100E-05  1.05286100E-05  1.05286100E-05
  1.05286100E-05  1.05286100E-05  1.05286100E-05  1.05286100E-05  1.05286100E-05  1.05286100E-05  1.05286100E-05  1.05286100E-05  1.05286100E-05  1.05286100E-05  1.05286100E-05  1.05286100E-05  1.05286100E-05  1.05286100E-05  1.05286100E-05  1.05286100E-05  1.05286100E-05  1.05286100E-05  1.05286100E-05  1.05286100E-05
  1.05286100E-05  1.05286100E-05  1.05286100E-05  1.05286100E-05  1.05286100E-05  1.05286100E-05  1.05286100E-05  1.05286100E-05  1.05286100E-05  1.05286100E-05  1.05286100E-05  1.05286100E-05  1.05286100E-05  1.05286100E-05  1.05286100E-05  1.05286100E-05  1.05286100E-05  1.05286100E-05  1.05286100E-05  1.05286100E-05
  1.05286100E-05  1.05286100E-05  1.05286100E-05  1.05286100E-05  1.05286100E-05  1.05286100E-05  1.05286100E-05  1.05286100E-05  1.05286100E-05  1.05286100E-05  1.05286100E-05  1.05286100E-05  1.05286100E-05  1.05286100E-05  1.05286100E-05  1.05286100E-05  1.05286100E-05  1.05286100E-05  1.05286100E-05  1.05286100E-05
  1.05286100E-05  1.05286100E-05  1.05286100E-05  1.05286100E-05  1.05286100E-05  1.05286100E-05  1.05286100E-05  1.05286100E-05  1.05286100E-05  1.05286100E-05  1.05286100E-05  1.05286100E-05  1.05286100E-05  1.05286100E-05  1.05286100E-05  1.05286100E-05  1.05286100E-05  1.05286100E-05  1.05286100E-05  1.05286100E-05
  1.05286100E-05  1.05286100E-05  1.05286100E-05  1.05286100E-05  1.05286100E-05  1.05286100E-05  1.05286100E-05  1.05286100E-05  1.05286100E-05  1.05286100E-05  1.05286100E-05  1.05286100E-05  1.05286100E-05  1.05286100E-05  1.05286100E-05  1.05286100E-05  1.05286100E-05  1.05286100E-05  1.05286100E-05  1.05286100E-05
  1.05286100E-05  1.05286100E-05  1.05286100E-05  1.05286100E-05  1.05286100E-05  1.05286100E-05  1.05286100E-05  1.05286100E-05  1.05286100E-05  1.05286100E-05  1.05286100E-05  1.05286100E-05  1.05286100E-05  1.05286100E-05  1.05286100E-05  1.05286100E-05  1.05286100E-05  1.05286100E-05  1.05286100E-05  1.05286100E-05
  1.05286100E-05  1.05286100E-05  1.05286100E-05  1.05286100E-05  1.05286100E-05  1.05286100E-05  1.05286100E-05  1.05286100E-05  1.05286100E-05  1.05286100E-05  1.05286100E-05  1.05286100E-05  1.05286100E-05  1.05286100E-05  1.05286100E-05  1.05286100E-05  1.05286100E-05  1.05286100E-05  1.05286100E-05  1.05286100E-05
  1.05286100E-05  1.05286100E-05  1.05286100E-05  1.05286100E-05  1.05286100E-05  1.05286100E-05  1.05286100E-05  1.05286100E-05  1.05286100E-05  1.05286100E-05  1.05286100E-05  1.05286100E-05  1.05286100E-05  1.05286100E-05  1.05286100E-05  1.05286100E-05  1.05286100E-05  1.05286100E-05  1.05286100E-05  1.05286100E-05
  1.05286100E-05  1.05286100E-05  1.05286100E-05  1.05286100E-05  1.05286100E-05  1.05286100E-05  1.05286100E-05  1.05286100E-05  1.05286100E-05  1.05286100E-05  1.05286100E-05  1.05286100E-05  1.05286100E-05  1.05286100E-05  1.05286100E-05  1.05286100E-05  1.05286100E-05  1.05286100E-05  1.05286100E-05  1.05286100E-05
  1.05286100E-05  1.05286100E-05  1.05286100E-05  1.05286100E-05  1.05286100E-05  1.05286100E-05  1.05286100E-05  1.05286100E-05  1.05286100E-05  1.05286100E-05  1.05286100E-05  1.05286100E-05  1.05286100E-05  1.05286100E-05  1.05286100E-05  1.05286100E-05  1.05286100E-05  1.05286100E-05  1.05286100E-05  1.05286100E-05
  1.05286100E-05  1.05286100E-05  1.05286100E-05  1.05286100E-05  1.05286100E-05  1.05286100E-05  1.05286100E-05  1.05286100E-05  1.05286100E-05  1.05286100E-05  1.05286100E-05  1.05286100E-05  1.05286100E-05  1.05286100E-05  1.05286100E-05  1.05286100E-05  1.05286100E-05  1.05286100E-05  1.05286100E-05  1.05286100E-05
  1.05286100E-05  1.05286100E-05  1.05286100E-05  1.05286100E-05  1.05286100E-05  1.05286100E-05  1.05286100E-05  1.05286100E-05  1.05286100E-05  1.05286100E-05  1.05286100E-05  1.05286100E-05  1.05286100E-05  1.05286100E-05  1.05286100E-05  1.05286100E-05  1.05286100E-05  1.05286100E-05  1.05286100E-05  1.05286100E-05
  1.05286100E-05  1.05286100E-05  1.05286100E-05  1.05286100E-05  1.05286100E-05  1.05286100E-05  1.05286100E-05  1.05286100E-05  1.05286100E-05  1.05286100E-05  1.05286100E-05  1.05286100E-05  1.05286100E-05  1.05286100E-05  1.05286100E-05  1.05286100E-05  1.05286100E-05  1.05286100E-05  1.05286100E-05  1.05286100E-05
  1.05286100E-05  1.05286100E-05  1.05286100E-05  1.05286100E-05  1.05286100E-05  1.05286100E-05  1.05286100E-05  1.05286100E-05  1.05286100E-05  1.05286100E-05  1.05286100E-05  1.05286100E-05  1.05286100E-05  1.05286100E-05  1.05286100E-05  1.05286100E-05  1.05286100E-05  1.05286100E-05  1.05286100E-05  1.05286100E-05
  1.05286100E-05  1.05286100E-05  1.05286100E-05  1.05286100E-05  1.05286100E-05  1.05286100E-05  1.05286100E-05  1.05286100E-05  1.05286100E-05  1.05286100E-05  1.05286100E-05  1.05286100E-05  1.05286100E-05  1.05286100E-05  1.05286100E-05  1.05286100E-05  1.05286100E-05  1.05286100E-05  1.05286100E-05  1.05286100E-05
  1.05286100E-05  1.05286100E-05  1.05286100E-05  1.05286100E-05  1.05286100E-05  1.05286100E-05  1.05286100E-05  1.05286100E-05  1.05286100E-05  1.05286100E-05  1.05286100E-05  1.05286100E-05  1.05286100E-05  1.05286100E-05  1.05286100E-05  1.05286100E-05  1.05286100E-05  1.05286100E-05  1.05286100E-05  1.05286100E-05
  1.05286100E-05  1.05286100E-05  1.05286100E-05  1.05286100E-05  1.05286100E-05  1.05286100E-05  1.05286100E-05  1.05286100E-05  1.05286100E-05  1.05286100E-05  1.05286100E-05  1.05286100E-05  1.05286100E-05  1.05286100E-05  1.05286100E-05  1.05286100E-05  1.05286100E-05  1.05286100E-05  1.05286100E-05  1.05286100E-05
  1.05286100E-05  1.05286100E-05  1.05286100E-05  1.05286100E-05  1.05286100E-05  1.05286100E-05  1.05286100E-05  1.05286100E-05  1.05286100E-05  1.05286100E-05  1.05286100E-05  1.05286100E-05  1.05286100E-05  1.05286100E-05  1.05286100E-05  1.05286100E-05  1.05286100E-05  1.05286100E-05  1.05286100E-05  1.05286100E-05
  1.05286100E-05  1.05286100E-05  1.05286100E-05  1.05286100E-05  1.05286100E-05  1.05286100E-05  1.05286100E-05  1.05286100E-05  1.05286100E-05  1.05286100E-05  1.05286100E-05  1.05286100E-05  1.05286100E-05  1.05286100E-05  1.05286100E-05  1.05286100E-05  1.05286100E-05  1.05286100E-05  1.05286100E-05  1.05286100E-05
  1.05286100E-05  1.05286100E-05  1.05286100E-05  1.05286100E-05  1.05286100E-05  1.05286100E-05  1.05286100E-05  1.05286100E-05  1.05286100E-05  1.05286100E-05  1.05286100E-05  1.05286100E-05  1.05286100E-05  1.05286100E-05  1.05286100E-05  1.05286100E-05  1.05286100E-05  1.05286100E-05  1.05286100E-05  1.05286100E-05
  1.05286100E-05  1.05286100E-05  1.05286100E-05  1.05286100E-05  1.05286100E-05  1.05286100E-05  1.05286100E-05  1.05286100E-05  1.05286100E-05  1.05286100E-05  1.05286100E-05  1.05286100E-05  1.05286100E-05  1.05286100E-05  1.05286100E-05  1.05286100E-05  1.05286100E-05  1.05286100E-05  1.05286100E-05  1.05286100E-05
  1.05286100E-05  1.05286100E-05  1.05286100E-05  1.05286100E-05  1.05286100E-05  1.05286100E-05  1.05286100E-05  1.05286100E-05  1.05286100E-05  1.05286100E-05  1.05286100E-05  1.05286100E-05  1.05286100E-05  1.05286100E-05  1.05286100E-05  1.05286100E-05  1.05286100E-05  1.05286100E-05  1.05286100E-05  1.05286100E-05
  1.05286100E-05  1.05286100E-05  1.05286100E-05  1.05286100E-05  1.05286100E-05  1.05286100E-05  1.05286100E-05  1.05286100E-05  1.05286100E-05  1.05286100E-05  1.05286100E-05  1.05286100E-05  1.05286100E-05  1.05286100E-05  1.05286100E-05  1.05286100E-05  1.05286100E-05  1.05286100E-05  1.05286100E-05  1.05286100E-05
  1.05286100E-05  1.05286100E-05  1.05286100E-05  1.05286100E-05  1.05286100E-05  1.05286100E-05  1.05286100E-05  1.05286100E-05  1.05286100E-05  1.05286100E-05  1.05286100E-05  1.05286100E-05  1.05286100E-05  1.05286100E-05  1.05286100E-05  1.05286100E-05  1.05286100E-05  1.05286100E-05  1.05286100E-05  1.05286100E-05
  1.05286100E-05  1.05286100E-05  1.05286100E-05  1.05286100E-05  1.05286100E-05  1.05286100E-05  1.05286100E-05  1.05286100E-05  1.05286100E-05  1.05286100E-05  1.05286100E-05  1.05286100E-05  1.05286100E-05  1.05286100E-05  1.05286100E-05  1.05286100E-05  1.05286100E-05  1.05286100E-05  1.05286100E-05  1.05286100E-05
  1.05286100E-05  1.05286100E-05  1.05286100E-05  1.05286100E-05  1.05286100E-05  1.05286100E-05  1.05286100E-05  1.05286100E-05  1.05286100E-05  1.05286100E-05  1.05286100E-05  1.05286100E-05  1.05286100E-05  1.05286100E-05  1.05286100E-05  1.05286100E-05  1.05286100E-05  1.05286100E-05  1.05286100E-05  1.05286100E-05
  1.05286100E-05  1.05286100E-05  1.05286100E-05  1.05286100E-05  1.05286100E-05  1.05286100E-05  1.05286100E-05  1.05286100E-05  1.05286100E-05  1.05286100E-05  1.05286100E-05  1.05286100E-05  1.05286100E-05  1.05286100E-05  1.05286100E-05  1.05286100E-05  1.05286100E-05  1.05286100E-05  1.05286100E-05  1.05286100E-05
  1.05286100E-05  1.05286100E-05  1.05286100E-05  1.05286100E-05  1.05286100E-05  1.05286100E-05  1.05286100E-05  1.05286100E-05  1.05286100E-05  1.05286100E-05  1.05286100E-05  1.05286100E-05  1.05286100E-05  1.05286100E-05  1.05286100E-05  1.05286100E-05  1.05286100E-05  1.05286100E-05  1.05286100E-05  1.05286100E-05
  1.05286100E-05  1.05286100E-05  1.05286100E-05  1.05286100E-05  1.05286100E-05  1.05286100E-05  1.05286100E-05  1.05286100E-05  1.05286100E-05  1.05286100E-05  1.05286100E-05  1.05286100E-05  1.05286100E-05  1.05286100E-05  1.05286100E-05  1.05286100E-05  1.05286100E-05  1.05286100E-05  1.05286100E-05  1.05286100E-05
  1.05286100E-05  1.05286100E-05  1.05286100E-05  1.05286100E-05  1.05286100E-05  1.05286100E-05  1.05286100E-05  1.05286100E-05  1.05286100E-05  1.05286100E-05  1.05286100E-05  1.05286100E-05  1.05286100E-05  1.05286100E-05  1.05286100E-05  1.05286100E-05  1.05286100E-05  1.05286100E-05  1.05286100E-05  1.05286100E-05
  1.05286100E-05  1.05286100E-05  1.05286100E-05  1.05286100E-05  1.05286100E-05  1.05286100E-05  1.05286100E-05  1.05286100E-05  1.05286100E-05  1.05286100E-05  1.05286100E-05  1.05286100E-05  1.05286100E-05  1.05286100E-05  1.05286100E-05  1.05286100E-05  1.05286100E-05  1.05286100E-05  1.05286100E-05  1.05286100E-05
  1.05286100E-05  1.05286100E-05  1.05286100E-05  1.05286100E-05  1.05286100E-05  1.05286100E-05  1.05286100E-05  1.05286100E-05  1.05286100E-05  1.05286100E-05  1.05286100E-05  1.05286100E-05  1.05286100E-05  1.05286100E-05  1.05286100E-05  1.05286100E-05  1.05286100E-05  1.05286100E-05  1.05286100E-05  1.05286100E-05
  1.05286100E-05  1.05286100E-05  1.05286100E-05  1.05286100E-05  1.05286100E-05  1.05286100E-05  1.05286100E-05  1.05286100E-05  1.05286100E-05  1.05286100E-05  1.05286100E-05  1.05286100E-05  1.05286100E-05  1.05286100E-05  1.05286100E-05  1.05286100E-05  1.05286100E-05  1.05286100E-05  1.05286100E-05  1.05286100E-05
  1.05286100E-05  1.05286100E-05  1.05286100E-05  1.05286100E-05  1.05286100E-05  1.05286100E-05  1.05286100E-05  1.05286100E-05  1.05286100E-05  1.05286100E-05  1.05286100E-05  1.05286100E-05  1.05286100E-05  1.05286100E-05  1.05286100E-05  1.05286100E-05  1.05286100E-05  1.05286100E-05  1.05286100E-05  1.05286100E-05
  1.05286100E-05  1.05286100E-05  1.05286100E-05  1.05286100E-05  1.05286100E-05  1.05286100E-05  1.05286100E-05  1.05286100E-05  1.05286100E-05  1.05286100E-05  1.05286100E-05  1.05286100E-05  1.05286100E-05  1.05286100E-05  1.05286100E-05  1.05286100E-05  1.05286100E-05  1.05286100E-05  1.05286100E-05  1.05286100E-05
