  2.93760000E-05  2.93760000E-05  2.93760000E-05  2.93760000E-05  2.93760000E-05  2.93760000E-05  2.93760000E-05  2.93760000E-05  2.93760000E-05  2.93760000E-05  2.93760000E-05  2.93760000E-05  2.93760000E-05  2.93760000E-05  2.93760000E-05  2.93760000E-05  2.93760000E-05  2.93760000E-05  2.93760000E-05  2.93760000E-05
  2.93760000E-05  2.93760000E-05  2.93760000E-05  2.93760000E-05  2.93760000E-05  2.93760000E-05  2.93760000E-05  2.93760000E-05  2.93760000E-05  2.93760000E-05  2.93760000E-05  2.93760000E-05  2.93760000E-05  2.93760000E-05  2.93760000E-05  2.93760000E-05  2.93760000E-05  2.93760000E-05  2.93760000E-05  2.93760000E-05
  2.93760000E-05  2.93760000E-05  2.93760000E-05  2.93760000E-05  2.93760000E-05  2.93760000E-05  2.93760000E-05  2.93760000E-05  2.93760000E-05  2.93760000E-05  2.93760000E-05  2.93760000E-05  2.93760000E-05  2.93760000E-05  2.93760000E-05  2.93760000E-05  2.93760000E-05  2.93760000E-05  2.93760000E-05  2.93760000E-05
  2.93760000E-05  2.93760000E-05  2.93760000E-05  2.93760000E-05  2.93760000E-05  2.93760000E-05  2.93760000E-05  2.93760000E-05  2.93760000E-05  2.93760000E-05  2.93760000E-05  2.93760000E-05  2.93760000E-05  2.93760000E-05  2.93760000E-05  2.93760000E-05  2.93760000E-05  2.93760000E-05  2.93760000E-05  2.93760000E-05
  2.93760000E-05  2.93760000E-05  2.93760000E-05  2.93760000E-05  2.93760000E-05  2.93760000E-05  2.93760000E-05  2.93760000E-05  2.93760000E-05  2.93760000E-05  2.93760000E-05  2.93760000E-05  2.93760000E-05  2.93760000E-05  2.93760000E-05  2.93760000E-05  2.93760000E-05  2.93760000E-05  2.93760000E-05  2.93760000E-05
  2.93760000E-05  2.93760000E-05  2.93760000E-05  2.93760000E-05  2.93760000E-05  2.93760000E-05  2.93760000E-05  2.93760000E-05  2.93760000E-05  2.93760000E-05  2.93760000E-05  2.93760000E-05  2.93760000E-05  2.93760000E-05  2.93760000E-05  2.93760000E-05  2.93760000E-05  2.93760000E-05  2.93760000E-05  2.93760000E-05
  2.93760000E-05  2.93760000E-05  2.93760000E-05  2.93760000E-05  2.93760000E-05  2.93760000E-05  2.93760000E-05  2.93760000E-05  2.93760000E-05  2.93760000E-05  2.93760000E-05  2.93760000E-05  2.93760000E-05  2.93760000E-05  2.93760000E-05  2.93760000E-05  2.93760000E-05  2.93760000E-05  2.93760000E-05  2.93760000E-05
  2.93760000E-05  2.93760000E-05  2.93760000E-05  2.93760000E-05  2.93760000E-05  2.93760000E-05  2.93760000E-05  2.93760000E-05  2.93760000E-05  2.93760000E-05  2.93760000E-05  2.93760000E-05  2.93760000E-05  2.93760000E-05  2.93760000E-05  2.93760000E-05  2.93760000E-05  2.93760000E-05  2.93760000E-05  2.93760000E-05
  2.93760000E-05  2.93760000E-05  2.93760000E-05  2.93760000E-05  2.93760000E-05  2.93760000E-05  2.93760000E-05  2.93760000E-05  2.93760000E-05  2.93760000E-05  2.93760000E-05  2.93760000E-05  2.93760000E-05  2.93760000E-05  2.93760000E-05  2.93760000E-05  2.93760000E-05  2.93760000E-05  2.93760000E-05  2.93760000E-05
  2.93760000E-05  2.93760000E-05  2.93760000E-05  2.93760000E-05  2.93760000E-05  2.93760000E-05  2.93760000E-05  2.93760000E-05  2.93760000E-05  2.93760000E-05  2.93760000E-05  2.93760000E-05  2.93760000E-05  2.93760000E-05  2.93760000E-05  2.93760000E-05  2.93760000E-05  2.93760000E-05  2.93760000E-05  2.93760000E-05
  2.93760000E-05  2.93760000E-05  2.93760000E-05  2.93760000E-05  2.93760000E-05  2.93760000E-05  2.93760000E-05  2.93760000E-05  2.93760000E-05  2.93760000E-05  2.93760000E-05  2.93760000E-05  2.93760000E-05  2.93760000E-05  2.93760000E-05  2.93760000E-05  2.93760000E-05  2.93760000E-05  2.93760000E-05  2.93760000E-05
  2.93760000E-05  2.93760000E-05  2.93760000E-05  2.93760000E-05  2.93760000E-05  2.93760000E-05  2.93760000E-05  2.93760000E-05  2.93760000E-05  2.93760000E-05  2.93760000E-05  2.93760000E-05  2.93760000E-05  2.93760000E-05  2.93760000E-05  2.93760000E-05  2.93760000E-05  2.93760000E-05  2.93760000E-05  2.93760000E-05
  2.93760000E-05  2.93760000E-05  2.93760000E-05  2.93760000E-05  2.93760000E-05  2.93760000E-05  2.93760000E-05  2.93760000E-05  2.93760000E-05  2.93760000E-05  2.93760000E-05  2.93760000E-05  2.93760000E-05  2.93760000E-05  2.93760000E-05  2.93760000E-05  2.93760000E-05  2.93760000E-05  2.93760000E-05  2.93760000E-05
  2.93760000E-05  2.93760000E-05  2.93760000E-05  2.93760000E-05  2.93760000E-05  2.93760000E-05  2.93760000E-05  2.93760000E-05  2.93760000E-05  2.93760000E-05  2.93760000E-05  2.93760000E-05  2.93760000E-05  2.93760000E-05  2.93760000E-05  2.93760000E-05  2.93760000E-05  2.93760000E-05  2.93760000E-05  2.93760000E-05
  2.93760000E-05  2.93760000E-05  2.93760000E-05  2.93760000E-05  2.93760000E-05  2.93760000E-05  2.93760000E-05  2.93760000E-05  2.93760000E-05  2.93760000E-05  2.93760000E-05  2.93760000E-05  2.93760000E-05  2.93760000E-05  2.93760000E-05  2.93760000E-05  2.93760000E-05  2.93760000E-05  2.93760000E-05  2.93760000E-05
  2.93760000E-05  2.93760000E-05  2.93760000E-05  2.93760000E-05  2.93760000E-05  2.93760000E-05  2.93760000E-05  2.93760000E-05  2.93760000E-05  2.93760000E-05  2.93760000E-05  2.93760000E-05  2.93760000E-05  2.93760000E-05  2.93760000E-05  2.93760000E-05  2.93760000E-05  2.93760000E-05  2.93760000E-05  2.93760000E-05
  2.93760000E-05  2.93760000E-05  2.93760000E-05  2.93760000E-05  2.93760000E-05  2.93760000E-05  2.93760000E-05  2.93760000E-05  2.93760000E-05  2.93760000E-05  2.93760000E-05  2.93760000E-05  2.93760000E-05  2.93760000E-05  2.93760000E-05  2.93760000E-05  2.93760000E-05  2.93760000E-05  2.93760000E-05  2.93760000E-05
  2.93760000E-05  2.93760000E-05  2.93760000E-05  2.93760000E-05  2.93760000E-05  2.93760000E-05  2.93760000E-05  2.93760000E-05  2.93760000E-05  2.93760000E-05  2.93760000E-05  2.93760000E-05  2.93760000E-05  2.93760000E-05  2.93760000E-05  2.93760000E-05  2.93760000E-05  2.93760000E-05  2.93760000E-05  2.93760000E-05
  2.93760000E-05  2.93760000E-05  2.93760000E-05  2.93760000E-05  2.93760000E-05  2.93760000E-05  2.93760000E-05  2.93760000E-05  2.93760000E-05  2.93760000E-05  2.93760000E-05  2.93760000E-05  2.93760000E-05  2.93760000E-05  2.93760000E-05  2.93760000E-05  2.93760000E-05  2.93760000E-05  2.93760000E-05  2.93760000E-05
  2.93760000E-05  2.93760000E-05  2.93760000E-05  2.93760000E-05  2.93760000E-05  2.93760000E-05  2.93760000E-05  2.93760000E-05  2.93760000E-05  2.93760000E-05  2.93760000E-05  2.93760000E-05  2.93760000E-05  2.93760000E-05  2.93760000E-05  2.93760000E-05  2.93760000E-05  2.93760000E-05  2.93760000E-05  2.93760000E-05
  2.93760000E-05  2.93760000E-05  2.93760000E-05  2.93760000E-05  2.93760000E-05  2.93760000E-05  2.93760000E-05  2.93760000E-05  2.93760000E-05  2.93760000E-05  2.93760000E-05  2.93760000E-05  2.93760000E-05  2.93760000E-05  2.93760000E-05  2.93760000E-05  2.93760000E-05  2.93760000E-05  2.93760000E-05  2.93760000E-05
  2.93760000E-05  2.93760000E-05  2.93760000E-05  2.93760000E-05  2.93760000E-05  2.93760000E-05  2.93760000E-05  2.93760000E-05  2.93760000E-05  2.93760000E-05  2.93760000E-05  2.93760000E-05  2.93760000E-05  2.93760000E-05  2.93760000E-05  2.93760000E-05  2.93760000E-05  2.93760000E-05  2.93760000E-05  2.93760000E-05
  2.93760000E-05  2.93760000E-05  2.93760000E-05  2.93760000E-05  2.93760000E-05  2.93760000E-05  2.93760000E-05  2.93760000E-05  2.93760000E-05  2.93760000E-05  2.93760000E-05  2.93760000E-05  2.93760000E-05  2.93760000E-05  2.93760000E-05  2.93760000E-05  2.93760000E-05  2.93760000E-05  2.93760000E-05  2.93760000E-05
  2.93760000E-05  2.93760000E-05  2.93760000E-05  2.93760000E-05  2.93760000E-05  2.93760000E-05  2.93760000E-05  2.93760000E-05  2.93760000E-05  2.93760000E-05  2.93760000E-05  2.93760000E-05  2.93760000E-05  2.93760000E-05  2.93760000E-05  2.93760000E-05  2.93760000E-05  2.93760000E-05  2.93760000E-05  2.93760000E-05
  2.93760000E-05  2.93760000E-05  2.93760000E-05  2.93760000E-05  2.93760000E-05  2.93760000E-05  2.93760000E-05  2.93760000E-05  2.93760000E-05  2.93760000E-05  2.93760000E-05  2.93760000E-05  2.93760000E-05  2.93760000E-05  2.93760000E-05  2.93760000E-05  2.93760000E-05  2.93760000E-05  2.93760000E-05  2.93760000E-05
  2.93760000E-05  2.93760000E-05  2.93760000E-05  2.93760000E-05  2.93760000E-05  2.93760000E-05  2.93760000E-05  2.93760000E-05  2.93760000E-05  2.93760000E-05  2.93760000E-05  2.93760000E-05  2.93760000E-05  2.93760000E-05  2.93760000E-05  2.93760000E-05  2.93760000E-05  2.93760000E-05  2.93760000E-05  2.93760000E-05
  2.93760000E-05  2.93760000E-05  2.93760000E-05  2.93760000E-05  2.93760000E-05  2.93760000E-05  2.93760000E-05  2.93760000E-05  2.93760000E-05  2.93760000E-05  2.93760000E-05  2.93760000E-05  2.93760000E-05  2.93760000E-05  2.93760000E-05  2.93760000E-05  2.93760000E-05  2.93760000E-05  2.93760000E-05  2.93760000E-05
  2.93760000E-05  2.93760000E-05  2.93760000E-05  2.93760000E-05  2.93760000E-05  2.93760000E-05  2.93760000E-05  2.93760000E-05  2.93760000E-05  2.93760000E-05  2.93760000E-05  2.93760000E-05  2.93760000E-05  2.93760000E-05  2.93760000E-05  2.93760000E-05  2.93760000E-05  2.93760000E-05  2.93760000E-05  2.93760000E-05
  2.93760000E-05  2.93760000E-05  2.93760000E-05  2.93760000E-05  2.93760000E-05  2.93760000E-05  2.93760000E-05  2.93760000E-05  2.93760000E-05  2.93760000E-05  2.93760000E-05  2.93760000E-05  2.93760000E-05  2.93760000E-05  2.93760000E-05  2.93760000E-05  2.93760000E-05  2.93760000E-05  2.93760000E-05  2.93760000E-05
  2.93760000E-05  2.93760000E-05  2.93760000E-05  2.93760000E-05  2.93760000E-05  2.93760000E-05  2.93760000E-05  2.93760000E-05  2.93760000E-05  2.93760000E-05  2.93760000E-05  2.93760000E-05  2.93760000E-05  2.93760000E-05  2.93760000E-05  2.93760000E-05  2.93760000E-05  2.93760000E-05  2.93760000E-05  2.93760000E-05
  2.93760000E-05  2.93760000E-05  2.93760000E-05  2.93760000E-05  2.93760000E-05  2.93760000E-05  2.93760000E-05  2.93760000E-05  2.93760000E-05  2.93760000E-05  2.93760000E-05  2.93760000E-05  2.93760000E-05  2.93760000E-05  2.93760000E-05  2.93760000E-05  2.93760000E-05  2.93760000E-05  2.93760000E-05  2.93760000E-05
  2.93760000E-05  2.93760000E-05  2.93760000E-05  2.93760000E-05  2.93760000E-05  2.93760000E-05  2.93760000E-05  2.93760000E-05  2.93760000E-05  2.93760000E-05  2.93760000E-05  2.93760000E-05  2.93760000E-05  2.93760000E-05  2.93760000E-05  2.93760000E-05  2.93760000E-05  2.93760000E-05  2.93760000E-05  2.93760000E-05
  2.93760000E-05  2.93760000E-05  2.93760000E-05  2.93760000E-05  2.93760000E-05  2.93760000E-05  2.93760000E-05  2.93760000E-05  2.93760000E-05  2.93760000E-05  2.93760000E-05  2.93760000E-05  2.93760000E-05  2.93760000E-05  2.93760000E-05  2.93760000E-05  2.93760000E-05  2.93760000E-05  2.93760000E-05  2.93760000E-05
  2.93760000E-05  2.93760000E-05  2.93760000E-05  2.93760000E-05  2.93760000E-05  2.93760000E-05  2.93760000E-05  2.93760000E-05  2.93760000E-05  2.93760000E-05  2.93760000E-05  2.93760000E-05  2.93760000E-05  2.93760000E-05  2.93760000E-05  2.93760000E-05  2.93760000E-05  2.93760000E-05  2.93760000E-05  2.93760000E-05
  2.93760000E-05  2.93760000E-05  2.93760000E-05  2.93760000E-05  2.93760000E-05  2.93760000E-05  2.93760000E-05  2.93760000E-05  2.93760000E-05  2.93760000E-05  2.93760000E-05  2.93760000E-05  2.93760000E-05  2.93760000E-05  2.93760000E-05  2.93760000E-05  2.93760000E-05  2.93760000E-05  2.93760000E-05  2.93760000E-05
  2.93760000E-05  2.93760000E-05  2.93760000E-05  2.93760000E-05  2.93760000E-05  2.93760000E-05  2.93760000E-05  2.93760000E-05  2.93760000E-05  2.93760000E-05  2.93760000E-05  2.93760000E-05  2.93760000E-05  2.93760000E-05  2.93760000E-05  2.93760000E-05  2.93760000E-05  2.93760000E-05  2.93760000E-05  2.93760000E-05
  2.93760000E-05  2.93760000E-05  2.93760000E-05  2.93760000E-05  2.93760000E-05  2.93760000E-05  2.93760000E-05  2.93760000E-05  2.93760000E-05  2.93760000E-05  2.93760000E-05  2.93760000E-05  2.93760000E-05  2.93760000E-05  2.93760000E-05  2.93760000E-05  2.93760000E-05  2.93760000E-05  2.93760000E-05  2.93760000E-05
  2.93760000E-05  2.93760000E-05  2.93760000E-05  2.93760000E-05  2.93760000E-05  2.93760000E-05  2.93760000E-05  2.93760000E-05  2.93760000E-05  2.93760000E-05  2.93760000E-05  2.93760000E-05  2.93760000E-05  2.93760000E-05  2.93760000E-05  2.93760000E-05  2.93760000E-05  2.93760000E-05  2.93760000E-05  2.93760000E-05
  2.93760000E-05  2.93760000E-05  2.93760000E-05  2.93760000E-05  2.93760000E-05  2.93760000E-05  2.93760000E-05  2.93760000E-05  2.93760000E-05  2.93760000E-05  2.93760000E-05  2.93760000E-05  2.93760000E-05  2.93760000E-05  2.93760000E-05  2.93760000E-05  2.93760000E-05  2.93760000E-05  2.93760000E-05  2.93760000E-05
  2.93760000E-05  2.93760000E-05  2.93760000E-05  2.93760000E-05  2.93760000E-05  2.93760000E-05  2.93760000E-05  2.93760000E-05  2.93760000E-05  2.93760000E-05  2.93760000E-05  2.93760000E-05  2.93760000E-05  2.93760000E-05  2.93760000E-05  2.93760000E-05  2.93760000E-05  2.93760000E-05  2.93760000E-05  2.93760000E-05
