   2.000000E-04   2.000000E-04   2.000000E-04   2.000000E-04   1.828165E-04   9.596230E-05   6.846848E-05   4.647801E-05   5.675429E-05   8.221544E-05   8.346722E-05   7.486788E-05   1.497419E-04   1.560853E-04   2.000000E-04   2.000000E-04   2.000000E-04   1.806553E-04   6.298560E-05   5.041068E-05
   2.000000E-04   2.000000E-04   2.000000E-04   2.000000E-04   2.000000E-04   8.396566E-05   8.589293E-05   8.158040E-05   8.104734E-05   1.134441E-04   1.249733E-04   2.000000E-04   1.325828E-04   1.477566E-04   1.791242E-04   2.000000E-04   2.000000E-04   2.000000E-04   1.267202E-04   8.319308E-05
   2.000000E-04   2.000000E-04   2.000000E-04   2.000000E-04   2.000000E-04   1.343302E-04   8.543976E-05   1.035572E-04   8.969934E-05   1.896913E-04   2.000000E-04   2.000000E-04   9.540309E-05   1.536973E-04   1.943457E-04   1.679368E-04   2.000000E-04   2.000000E-04   2.000000E-04   1.227453E-04
   2.000000E-04   2.000000E-04   2.000000E-04   2.000000E-04   1.523790E-04   1.037440E-04   1.047343E-04   1.617753E-04   1.083589E-04   2.000000E-04   2.000000E-04   2.000000E-04   1.570045E-04   1.599743E-04   2.000000E-04   2.000000E-04   2.000000E-04   1.559068E-04   1.450994E-04   7.678620E-05
   2.000000E-04   2.000000E-04   2.000000E-04   2.000000E-04   1.314419E-04   1.382968E-04   1.342112E-04   1.036423E-04   1.800121E-04   2.000000E-04   2.000000E-04   2.000000E-04   2.000000E-04   1.169718E-04   1.256889E-04   1.971984E-04   1.870516E-04   1.344939E-04   7.787292E-05   5.643903E-05
   2.000000E-04   2.000000E-04   2.000000E-04   2.000000E-04   1.731182E-04   1.347278E-04   1.320075E-04   1.820752E-04   2.000000E-04   1.758982E-04   2.000000E-04   2.000000E-04   1.752377E-04   1.714015E-04   1.824088E-04   1.472094E-04   1.534395E-04   9.111790E-05   5.738677E-05   6.082748E-05
   2.000000E-04   2.000000E-04   2.000000E-04   2.000000E-04   2.000000E-04   1.612937E-04   2.000000E-04   2.000000E-04   2.000000E-04   2.000000E-04   2.000000E-04   1.956392E-04   1.700273E-04   2.000000E-04   2.000000E-04   1.788445E-04   1.692395E-04   8.255753E-05   7.314880E-05   3.417704E-05
   2.000000E-04   1.927560E-04   2.000000E-04   2.000000E-04   1.247278E-04   1.283302E-04   2.000000E-04   2.000000E-04   2.000000E-04   2.000000E-04   2.000000E-04   1.766295E-04   1.498705E-04   2.000000E-04   2.000000E-04   1.541733E-04   1.468503E-04   8.156614E-05   4.391897E-05   4.689192E-05
   1.566685E-04   1.393065E-04   2.000000E-04   1.975909E-04   7.714444E-05   7.714444E-05   7.714444E-05   2.000000E-04   2.000000E-04   2.000000E-04   1.462178E-04   1.218678E-04   1.391027E-04   2.000000E-04   2.000000E-04   1.177868E-04   9.888227E-05   5.977674E-05   4.778101E-05   3.314989E-05
   1.629590E-04   2.000000E-04   1.487771E-04   1.353223E-04   7.714444E-05   7.714444E-05   7.714444E-05   7.714444E-05   2.000000E-04   2.000000E-04   1.185502E-04   1.557247E-04   1.677483E-04   1.605943E-04   1.291681E-04   9.078921E-05   1.053237E-04   7.329669E-05   5.768578E-05   4.282972E-05
   2.000000E-04   1.126408E-04   9.944301E-05   9.529144E-05   7.714444E-05   7.714444E-05   7.714444E-05   7.714444E-05   2.000000E-04   2.000000E-04   1.857669E-04   1.430602E-04   1.053571E-04   8.040652E-05   4.413473E-05   5.144452E-05   7.806789E-05   6.501397E-05   8.050431E-05   6.779234E-05
   2.000000E-04   2.000000E-04   1.540471E-04   1.072070E-04   7.714444E-05   7.714444E-05   7.714444E-05   7.714444E-05   2.000000E-04   2.000000E-04   2.000000E-04   2.000000E-04   1.092819E-04   7.394048E-05   5.716930E-05   7.594787E-05   9.629874E-05   9.292313E-05   9.393704E-05   1.134390E-04
   2.000000E-04   2.000000E-04   1.834046E-04   1.833356E-04   7.714444E-05   7.714444E-05   7.714444E-05   7.714444E-05   1.611184E-04   2.000000E-04   2.000000E-04   1.696850E-04   1.716090E-04   8.239905E-05   6.879049E-05   9.937397E-05   9.821350E-05   1.119005E-04   1.379214E-04   9.545704E-05
   1.051851E-04   9.702568E-05   1.027882E-04   9.821725E-05   7.714444E-05   7.714444E-05   7.714444E-05   7.714444E-05   1.776371E-04   1.905652E-04   1.911936E-04   1.534787E-04   1.891150E-04   9.830118E-05   5.244788E-05   7.824807E-05   6.709066E-05   8.657333E-05   1.440561E-04   1.718686E-04
   9.415444E-05   1.401136E-04   1.389567E-04   1.826966E-04   7.714444E-05   7.714444E-05   7.714444E-05   7.714444E-05   1.556434E-04   1.418368E-04   2.000000E-04   1.720851E-04   1.457571E-04   1.693301E-04   6.566229E-05   9.473842E-05   1.166323E-04   1.368804E-04   2.000000E-04   2.000000E-04
   1.151281E-04   1.679234E-04   1.828841E-04   2.000000E-04   7.714444E-05   7.714444E-05   7.714444E-05   7.714444E-05   1.321197E-04   1.179339E-04   1.946503E-04   2.000000E-04   2.000000E-04   1.440849E-04   7.640629E-05   1.164225E-04   1.320097E-04   1.233376E-04   1.782576E-04   1.273425E-04
   1.080376E-04   1.537199E-04   2.000000E-04   1.800084E-04   7.714444E-05   7.714444E-05   7.714444E-05   7.714444E-05   1.268537E-04   1.301628E-04   2.000000E-04   2.000000E-04   1.358259E-04   1.361346E-04   1.103630E-04   9.904729E-05   1.198032E-04   1.138917E-04   1.106017E-04   8.305404E-05
   1.418494E-04   2.000000E-04   2.000000E-04   1.943477E-04   7.714444E-05   7.714444E-05   7.714444E-05   7.714444E-05   1.915462E-04   1.623059E-04   1.692540E-04   2.000000E-04   1.946485E-04   1.894051E-04   1.606670E-04   1.221882E-04   1.317528E-04   8.753429E-05   8.430796E-05   7.465399E-05
   1.837759E-04   2.000000E-04   2.000000E-04   1.984937E-04   7.714444E-05   7.714444E-05   7.714444E-05   7.714444E-05   1.478366E-04   9.236347E-05   1.748663E-04   2.000000E-04   2.000000E-04   1.742192E-04   1.462127E-04   2.000000E-04   1.185975E-04   1.082010E-04   7.943351E-05   1.007059E-04
   2.000000E-04   2.000000E-04   2.000000E-04   1.872029E-04   7.714444E-05   7.714444E-05   7.714444E-05   7.714444E-05   6.513055E-05   9.714525E-05   1.614861E-04   2.000000E-04   1.519562E-04   2.000000E-04   1.523025E-04   2.000000E-04   2.000000E-04   1.641688E-04   1.825918E-04   7.355050E-05
   1.858160E-04   2.000000E-04   2.000000E-04   2.000000E-04   7.714444E-05   7.714444E-05   7.714444E-05   7.714444E-05   5.677749E-05   5.284162E-05   1.826786E-04   1.907048E-04   1.731865E-04   1.716543E-04   1.384548E-04   1.855816E-04   1.744532E-04   1.638759E-04   1.604631E-04   7.100740E-05
   2.000000E-04   2.000000E-04   2.000000E-04   2.000000E-04   7.714444E-05   7.714444E-05   9.650624E-05   6.549975E-05   7.023151E-05   8.911346E-05   1.413732E-04   2.000000E-04   1.574403E-04   1.729891E-04   1.452623E-04   1.407013E-04   1.683370E-04   1.038207E-04   1.139940E-04   5.903733E-05
   2.000000E-04   2.000000E-04   2.000000E-04   2.000000E-04   2.000000E-04   7.714444E-05   1.086661E-04   1.203507E-04   1.732813E-04   1.284961E-04   1.172910E-04   2.000000E-04   1.654209E-04   1.251822E-04   1.917057E-04   1.709005E-04   1.356338E-04   8.733127E-05   1.401682E-04   1.050613E-04
   2.000000E-04   2.000000E-04   2.000000E-04   2.000000E-04   2.000000E-04   2.000000E-04   2.000000E-04   2.000000E-04   2.000000E-04   1.849817E-04   1.343924E-04   2.000000E-04   1.615009E-04   1.052539E-04   9.502393E-05   1.214522E-04   6.756462E-05   9.874865E-05   7.579561E-05   6.131371E-05
   2.000000E-04   2.000000E-04   2.000000E-04   2.000000E-04   2.000000E-04   2.000000E-04   2.000000E-04   2.000000E-04   2.000000E-04   1.571096E-04   1.398275E-04   2.000000E-04   1.648302E-04   1.429247E-04   9.639841E-05   1.036209E-04   8.353035E-05   7.169158E-05   8.303046E-05   5.597087E-05
   2.000000E-04   2.000000E-04   2.000000E-04   2.000000E-04   2.000000E-04   2.000000E-04   2.000000E-04   2.000000E-04   2.000000E-04   2.000000E-04   2.000000E-04   2.000000E-04   2.000000E-04   1.448022E-04   8.784757E-05   1.087514E-04   7.875398E-05   6.535171E-05   8.225957E-05   9.227247E-05
   2.000000E-04   2.000000E-04   2.000000E-04   2.000000E-04   2.000000E-04   2.000000E-04   2.000000E-04   2.000000E-04   2.000000E-04   2.000000E-04   2.000000E-04   2.000000E-04   1.660331E-04   1.032323E-04   8.509106E-05   1.332892E-04   1.081348E-04   8.849944E-05   9.997932E-05   1.088366E-04
   2.000000E-04   2.000000E-04   2.000000E-04   2.000000E-04   2.000000E-04   2.000000E-04   2.000000E-04   2.000000E-04   2.000000E-04   2.000000E-04   1.625894E-04   1.622684E-04   1.526146E-04   9.874448E-05   8.511764E-05   1.217590E-04   1.367556E-04   9.895735E-05   1.070737E-04   1.483803E-04
   2.000000E-04   2.000000E-04   2.000000E-04   2.000000E-04   2.000000E-04   2.000000E-04   2.000000E-04   2.000000E-04   2.000000E-04   2.000000E-04   1.657259E-04   1.076971E-04   1.556733E-04   1.178698E-04   1.149764E-04   1.645173E-04   1.273675E-04   9.120696E-05   1.466760E-04   1.537876E-04
   2.000000E-04   2.000000E-04   2.000000E-04   2.000000E-04   2.000000E-04   2.000000E-04   2.000000E-04   2.000000E-04   2.000000E-04   2.000000E-04   2.000000E-04   1.813626E-04   1.901549E-04   1.679293E-04   1.712740E-04   1.623255E-04   1.965968E-04   1.764047E-04   1.698120E-04   1.035583E-04
   2.000000E-04   2.000000E-04   2.000000E-04   2.000000E-04   2.000000E-04   2.000000E-04   2.000000E-04   2.000000E-04   2.000000E-04   2.000000E-04   2.000000E-04   2.000000E-04   2.000000E-04   1.155495E-04   1.633680E-04   1.720808E-04   2.000000E-04   1.999308E-04   1.966387E-04   1.049482E-04
   2.000000E-04   2.000000E-04   2.000000E-04   2.000000E-04   2.000000E-04   2.000000E-04   2.000000E-04   2.000000E-04   2.000000E-04   2.000000E-04   2.000000E-04   2.000000E-04   1.676215E-04   2.000000E-04   1.503579E-04   1.550121E-04   2.000000E-04   1.363237E-04   9.799966E-05   1.091474E-04
   7.714444E-05   2.000000E-04   2.000000E-04   2.000000E-04   2.000000E-04   2.000000E-04   2.000000E-04   2.000000E-04   2.000000E-04   2.000000E-04   2.000000E-04   2.000000E-04   2.000000E-04   2.000000E-04   2.000000E-04   2.000000E-04   2.000000E-04   1.192035E-04   1.031957E-04   1.449366E-04
   7.714444E-05   7.714444E-05   2.000000E-04   2.000000E-04   2.000000E-04   2.000000E-04   2.000000E-04   2.000000E-04   2.000000E-04   2.000000E-04   2.000000E-04   2.000000E-04   2.000000E-04   2.000000E-04   2.000000E-04   1.758141E-04   1.964668E-04   1.481404E-04   7.601096E-05   1.645257E-04
   7.714444E-05   7.714444E-05   7.714444E-05   2.000000E-04   2.000000E-04   2.000000E-04   2.000000E-04   2.000000E-04   2.000000E-04   2.000000E-04   2.000000E-04   2.000000E-04   2.000000E-04   1.905935E-04   1.790573E-04   1.853458E-04   1.642233E-04   9.567669E-05   1.386997E-04   1.193471E-04
   7.714444E-05   7.714444E-05   7.714444E-05   7.714444E-05   2.000000E-04   2.000000E-04   2.000000E-04   2.000000E-04   2.000000E-04   2.000000E-04   2.000000E-04   2.000000E-04   2.000000E-04   2.000000E-04   2.000000E-04   1.664403E-04   1.069321E-04   9.607055E-05   1.019365E-04   7.714444E-05
   7.714444E-05   7.714444E-05   7.714444E-05   7.714444E-05   2.000000E-04   2.000000E-04   2.000000E-04   2.000000E-04   2.000000E-04   2.000000E-04   2.000000E-04   2.000000E-04   2.000000E-04   2.000000E-04   1.455711E-04   1.284937E-04   9.434387E-05   7.704998E-05   1.063366E-04   7.714444E-05
   7.714444E-05   7.714444E-05   7.714444E-05   7.714444E-05   7.714444E-05   2.000000E-04   2.000000E-04   2.000000E-04   2.000000E-04   2.000000E-04   2.000000E-04   2.000000E-04   1.519359E-04   1.361022E-04   2.000000E-04   1.034018E-04   6.489627E-05   7.014581E-05   7.714444E-05   7.714444E-05
   7.714444E-05   7.714444E-05   7.714444E-05   7.714444E-05   7.714444E-05   2.000000E-04   2.000000E-04   2.000000E-04   2.000000E-04   2.000000E-04   2.000000E-04   2.000000E-04   1.114066E-04   1.095102E-04   8.713423E-05   1.318597E-04   5.224689E-05   7.714444E-05   7.714444E-05   7.714444E-05
   7.714444E-05   7.714444E-05   7.714444E-05   7.714444E-05   7.714444E-05   2.000000E-04   2.000000E-04   2.000000E-04   2.000000E-04   2.000000E-04   2.000000E-04   1.548704E-04   1.172973E-04   1.488596E-04   1.285448E-04   5.775851E-05   7.714444E-05   7.714444E-05   7.714444E-05   7.714444E-05
