   2.800694E-01   2.643561E-01   2.645712E-01   2.512410E-01   2.414379E-01   1.985634E-01   2.191933E-01   2.295876E-01   2.406473E-01   1.612991E-01   1.126286E-01   1.108330E-01   1.008292E-01   1.148364E-01   9.518156E-02   6.418302E-02   1.147009E-01   8.168567E-02   7.063214E-02   1.131076E-01
   4.038348E-01   4.589476E-01   2.988922E-01   2.644976E-01   3.434470E-01   2.490474E-01   1.567052E-01   1.396915E-01   1.623301E-01   1.506850E-01   2.323830E-01   1.274089E-01   9.500693E-02   7.975104E-02   1.027182E-01   1.064506E-01   1.334902E-01   1.155395E-01   1.464670E-01   1.848834E-01
   2.215293E-01   3.620784E-01   3.607866E-01   3.985325E-01   5.643983E-01   4.389805E-01   1.425645E-01   1.349214E-01   2.790344E-01   3.666133E-01   3.177584E-01   2.457488E-01   1.173228E-01   1.243150E-01   1.804850E-01   1.114810E-01   1.481263E-01   1.499339E-01   1.447630E-01   2.388773E-01
   1.960640E-01   3.084285E-01   3.627411E-01   5.236644E-01   4.334938E-01   2.986628E-01   1.391605E-01   1.617597E-01   1.432320E-01   2.660107E-01   2.530235E-01   1.761221E-01   2.021502E-01   1.475666E-01   1.829396E-01   1.304045E-01   1.141728E-01   1.326856E-01   2.333428E-01   3.105543E-01
   2.953065E-01   2.785755E-01   2.823086E-01   3.039488E-01   3.605236E-01   2.029859E-01   1.501731E-01   1.853408E-01   1.746120E-01   1.566208E-01   2.050289E-01   1.376777E-01   1.038969E-01   1.285920E-01   8.789837E-02   1.398423E-01   1.334161E-01   1.995199E-01   3.558369E-01   5.473038E-01
   2.160216E-01   2.449774E-01   1.876607E-01   2.026862E-01   1.309457E-01   8.892205E-02   1.299270E-01   1.756257E-01   2.646647E-01   1.595447E-01   2.004715E-01   1.824894E-01   7.746888E-02   1.071261E-01   9.954493E-02   7.799678E-02   1.446310E-01   3.045840E-01   4.241568E-01   3.835761E-01
   9.699432E-02   1.886011E-01   1.329205E-01   9.546891E-02   1.424122E-01   1.732212E-01   1.855462E-01   2.066415E-01   1.698452E-01   1.824641E-01   1.666259E-01   1.802796E-01   1.283947E-01   7.473533E-02   6.972051E-02   6.540472E-02   1.855641E-01   2.049569E-01   3.928451E-01   4.838306E-01
   1.118894E-01   8.386435E-02   1.248074E-01   1.175010E-01   1.593817E-01   1.811818E-01   2.430479E-01   4.627929E-01   2.045378E-01   1.289848E-01   9.229868E-02   1.287573E-01   6.857354E-02   5.779697E-02   6.342270E-02   9.361247E-02   1.563846E-01   1.746266E-01   4.134865E-01   4.255252E-01
   1.343851E-01   1.691691E-01   1.784093E-01   1.525853E-01   3.000000E-01   3.000000E-01   3.000000E-01   3.793194E-01   2.829785E-01   2.387617E-01   1.107365E-01   8.876061E-02   7.480285E-02   5.557556E-02   9.359974E-02   1.107309E-01   1.435782E-01   2.446491E-01   2.289700E-01   3.594836E-01
   1.073161E-01   2.000800E-01   2.084521E-01   1.475065E-01   3.000000E-01   3.000000E-01   3.000000E-01   3.000000E-01   3.505840E-01   2.003734E-01   1.789934E-01   1.006962E-01   7.117914E-02   6.457148E-02   9.129468E-02   1.161771E-01   1.059800E-01   1.972099E-01   3.105463E-01   1.919075E-01
   1.719871E-01   1.701633E-01   1.609668E-01   1.456143E-01   3.000000E-01   3.000000E-01   3.000000E-01   3.000000E-01   2.796451E-01   1.762429E-01   1.369815E-01   1.928455E-01   1.431645E-01   1.052798E-01   1.260501E-01   1.810353E-01   2.021260E-01   2.579349E-01   2.527566E-01   1.466516E-01
   1.846702E-01   1.108135E-01   1.070719E-01   8.041561E-02   3.000000E-01   3.000000E-01   3.000000E-01   3.000000E-01   2.079813E-01   1.075418E-01   1.627916E-01   1.909583E-01   3.094338E-01   1.274474E-01   2.438981E-01   1.938582E-01   1.540876E-01   2.168063E-01   2.448649E-01   2.786585E-01
   8.553334E-02   9.655259E-02   8.215134E-02   8.539831E-02   3.000000E-01   3.000000E-01   3.000000E-01   3.000000E-01   2.242433E-01   1.641473E-01   2.539838E-01   1.608608E-01   2.738133E-01   1.835643E-01   1.981954E-01   1.737317E-01   2.168712E-01   2.032320E-01   2.128348E-01   3.244323E-01
   7.975265E-02   6.880344E-02   8.298957E-02   1.135238E-01   3.000000E-01   3.000000E-01   3.000000E-01   3.000000E-01   1.494746E-01   1.820045E-01   3.065271E-01   2.001411E-01   1.841591E-01   2.087816E-01   1.541389E-01   3.986886E-01   2.144109E-01   2.368628E-01   2.611792E-01   2.970351E-01
   6.162043E-02   3.995446E-02   7.802124E-02   1.164138E-01   3.000000E-01   3.000000E-01   3.000000E-01   3.000000E-01   1.542763E-01   1.280133E-01   1.878164E-01   1.809694E-01   2.077635E-01   2.576080E-01   1.977052E-01   2.409599E-01   3.380674E-01   4.974999E-01   4.530731E-01   3.358212E-01
   4.870731E-02   4.583703E-02   9.381768E-02   1.002979E-01   3.000000E-01   3.000000E-01   3.000000E-01   3.000000E-01   1.421197E-01   1.533973E-01   2.816687E-01   3.406302E-01   2.457692E-01   2.382325E-01   3.045346E-01   4.329917E-01   3.846711E-01   3.153804E-01   5.958938E-01   5.036555E-01
   5.603817E-02   5.734117E-02   8.093966E-02   1.345856E-01   3.000000E-01   3.000000E-01   3.000000E-01   3.000000E-01   1.406899E-01   2.591115E-01   2.498139E-01   3.189079E-01   3.951345E-01   3.455794E-01   3.400742E-01   7.049722E-01   4.094586E-01   2.035846E-01   3.642378E-01   3.345390E-01
   4.730945E-02   7.081094E-02   9.016346E-02   1.748159E-01   3.000000E-01   3.000000E-01   3.000000E-01   3.000000E-01   2.588410E-01   3.163665E-01   3.936239E-01   3.308789E-01   4.172543E-01   3.444541E-01   3.614764E-01   5.093891E-01   5.458799E-01   3.600055E-01   2.947257E-01   5.828198E-01
   1.106724E-01   1.325549E-01   1.578054E-01   1.086672E-01   3.000000E-01   3.000000E-01   3.000000E-01   3.000000E-01   3.186530E-01   7.048508E-01   7.626213E-01   4.805942E-01   3.804911E-01   5.120182E-01   5.037775E-01   5.073094E-01   5.572286E-01   5.584622E-01   3.932198E-01   4.360588E-01
   1.801093E-01   1.915390E-01   1.259314E-01   1.215462E-01   3.000000E-01   3.000000E-01   3.000000E-01   3.000000E-01   2.079337E-01   2.828838E-01   2.990748E-01   3.288730E-01   4.377722E-01   3.493969E-01   4.557276E-01   3.080275E-01   3.932763E-01   4.630455E-01   4.250171E-01   4.180668E-01
   2.935984E-01   1.994234E-01   2.005928E-01   1.709735E-01   3.000000E-01   3.000000E-01   3.000000E-01   3.000000E-01   1.850171E-01   2.586806E-01   2.588145E-01   4.181299E-01   2.914103E-01   3.431393E-01   4.062406E-01   3.361175E-01   3.633476E-01   4.534288E-01   3.527628E-01   2.835835E-01
   2.802766E-01   3.742785E-01   3.685588E-01   1.582401E-01   3.000000E-01   3.000000E-01   2.822663E-01   3.543308E-01   2.776499E-01   1.481934E-01   2.189784E-01   3.952099E-01   4.450625E-01   2.849060E-01   3.221886E-01   2.992067E-01   4.211852E-01   4.738518E-01   5.239044E-01   2.574600E-01
   3.355163E-01   6.302703E-01   8.846358E-01   3.595815E-01   3.253292E-01   3.000000E-01   2.791328E-01   3.166841E-01   2.958957E-01   2.296734E-01   2.061286E-01   2.912059E-01   3.538064E-01   5.030404E-01   3.599611E-01   3.238200E-01   3.445196E-01   5.245077E-01   6.697115E-01   3.621014E-01
   4.554847E-01   8.142938E-01   5.650145E-01   5.565811E-01   3.656333E-01   3.005582E-01   2.554425E-01   3.191970E-01   2.204939E-01   1.328055E-01   1.670053E-01   3.192479E-01   4.561808E-01   5.695772E-01   5.150764E-01   4.216392E-01   3.608057E-01   4.535144E-01   5.616211E-01   3.586606E-01
   5.943514E-01   5.791244E-01   5.626556E-01   3.005789E-01   1.863279E-01   2.289116E-01   1.867958E-01   2.545935E-01   1.316530E-01   1.237333E-01   1.928322E-01   2.994807E-01   3.952595E-01   5.255889E-01   6.366269E-01   3.622621E-01   5.398923E-01   4.194568E-01   3.471684E-01   3.843252E-01
   3.946743E-01   4.864074E-01   3.443921E-01   3.724390E-01   2.861460E-01   2.086427E-01   2.210922E-01   1.751592E-01   1.447317E-01   1.398345E-01   1.549152E-01   2.312029E-01   3.564371E-01   2.891225E-01   2.559945E-01   2.240959E-01   4.279755E-01   2.831919E-01   3.188776E-01   6.513475E-01
   6.853515E-01   4.988121E-01   6.871687E-01   4.916761E-01   3.424906E-01   1.776247E-01   2.437209E-01   2.378127E-01   1.541590E-01   1.316965E-01   1.137659E-01   1.641131E-01   3.329245E-01   3.339051E-01   2.683658E-01   2.252607E-01   3.045082E-01   4.086963E-01   2.893928E-01   4.366138E-01
   5.373431E-01   4.635416E-01   3.911840E-01   2.798202E-01   2.605809E-01   1.794824E-01   1.956976E-01   3.009688E-01   1.844199E-01   3.096160E-01   1.661758E-01   1.978954E-01   1.737242E-01   1.668982E-01   1.311736E-01   1.931396E-01   2.407207E-01   3.790341E-01   4.597905E-01   5.197243E-01
   3.233049E-01   5.697076E-01   4.926249E-01   3.076728E-01   2.844153E-01   3.237118E-01   1.996312E-01   2.061833E-01   2.435166E-01   2.021371E-01   4.391666E-01   2.921587E-01   1.757419E-01   1.016141E-01   1.253146E-01   1.859397E-01   3.071273E-01   3.191072E-01   4.232910E-01   8.952444E-01
   2.960281E-01   3.307198E-01   4.665942E-01   4.042017E-01   3.556530E-01   2.595519E-01   1.938027E-01   2.086651E-01   1.621061E-01   1.872094E-01   2.081766E-01   2.641506E-01   3.214955E-01   1.731900E-01   1.138833E-01   1.560137E-01   2.346860E-01   3.126747E-01   3.608296E-01   4.157271E-01
   2.528558E-01   3.215486E-01   2.715128E-01   4.978473E-01   3.949760E-01   2.308919E-01   2.117533E-01   1.515542E-01   1.361992E-01   3.114984E-01   2.557391E-01   2.698791E-01   3.476342E-01   3.025168E-01   1.215932E-01   1.525939E-01   2.095226E-01   2.327109E-01   2.766332E-01   2.444892E-01
   2.316602E-01   2.424810E-01   2.430816E-01   3.790885E-01   4.215200E-01   3.429648E-01   3.337155E-01   3.962165E-01   2.703096E-01   2.212072E-01   1.887332E-01   3.192064E-01   3.468453E-01   2.360228E-01   2.487195E-01   1.634706E-01   2.204003E-01   2.589011E-01   2.243750E-01   2.266614E-01
   3.000000E-01   2.481176E-01   1.982619E-01   3.537260E-01   4.204910E-01   5.214393E-01   5.048134E-01   4.330698E-01   2.318093E-01   3.509757E-01   5.702787E-01   3.857173E-01   2.475789E-01   1.968681E-01   1.622596E-01   1.979057E-01   3.541448E-01   3.003546E-01   3.284426E-01   2.614937E-01
   3.000000E-01   3.000000E-01   2.790561E-01   3.381024E-01   5.191961E-01   4.912051E-01   3.907886E-01   5.326220E-01   9.384820E-01   7.926964E-01   5.697242E-01   4.452023E-01   3.702493E-01   2.686506E-01   2.651680E-01   2.331001E-01   3.394098E-01   2.526764E-01   2.102469E-01   1.894944E-01
   3.000000E-01   3.000000E-01   3.000000E-01   4.444702E-01   3.281828E-01   4.506540E-01   7.541432E-01   5.811430E-01   7.689753E-01   6.201258E-01   6.565925E-01   8.293214E-01   5.798451E-01   5.013993E-01   5.919637E-01   6.068188E-01   4.355854E-01   4.285328E-01   2.689306E-01   2.056692E-01
   3.000000E-01   3.000000E-01   3.000000E-01   3.000000E-01   3.740839E-01   4.006657E-01   7.536557E-01   7.705425E-01   9.397213E-01   5.228176E-01   3.405302E-01   7.157504E-01   4.833375E-01   5.678350E-01   6.704300E-01   8.896220E-01   7.943625E-01   7.345765E-01   3.606476E-01   3.000000E-01
   3.000000E-01   3.000000E-01   3.000000E-01   3.000000E-01   5.010045E-01   3.586468E-01   4.157035E-01   6.663339E-01   7.868188E-01   9.994692E-01   4.949192E-01   3.233437E-01   2.208029E-01   4.306497E-01   7.077013E-01   7.634022E-01   1.068960E+00   1.014633E+00   6.121493E-01   3.000000E-01
   3.000000E-01   3.000000E-01   3.000000E-01   3.000000E-01   3.000000E-01   3.016002E-01   3.057178E-01   4.884867E-01   9.196993E-01   8.785326E-01   6.291462E-01   4.904100E-01   7.115239E-01   3.960613E-01   3.954952E-01   5.820795E-01   7.397348E-01   7.163715E-01   3.000000E-01   3.000000E-01
   3.000000E-01   3.000000E-01   3.000000E-01   3.000000E-01   3.000000E-01   3.065270E-01   3.998397E-01   4.513225E-01   6.904797E-01   1.335630E+00   6.774454E-01   7.438104E-01   5.621027E-01   5.071933E-01   5.204397E-01   3.583726E-01   6.147252E-01   3.000000E-01   3.000000E-01   3.000000E-01
   3.000000E-01   3.000000E-01   3.000000E-01   3.000000E-01   3.000000E-01   2.273681E-01   3.261557E-01   3.461118E-01   3.909307E-01   5.793945E-01   6.146713E-01   9.296979E-01   5.511105E-01   4.299284E-01   3.411138E-01   2.457096E-01   3.000000E-01   3.000000E-01   3.000000E-01   3.000000E-01
