   5.720007E-05   6.850508E-05   6.970754E-05   4.133201E-05   2.733489E-05   2.174489E-05   2.185202E-05   2.000000E-05   2.000000E-05   2.000000E-05   2.000000E-05   2.000000E-05   2.000000E-05   2.000000E-05   2.223296E-05   3.186988E-05   3.458113E-05   3.439454E-05   4.425787E-05   4.171750E-05
   6.554380E-05   8.629568E-05   6.988079E-05   4.164678E-05   2.778244E-05   2.575951E-05   2.003510E-05   2.000000E-05   2.000000E-05   2.000000E-05   2.000000E-05   2.000000E-05   2.000000E-05   2.000000E-05   2.000000E-05   2.000000E-05   2.207132E-05   2.793380E-05   2.551415E-05   3.807066E-05
   5.918467E-05   6.550240E-05   5.921522E-05   5.470070E-05   3.979870E-05   2.555552E-05   2.000000E-05   2.000000E-05   2.000000E-05   2.000000E-05   2.000000E-05   2.000000E-05   2.028340E-05   2.198152E-05   2.000000E-05   2.000000E-05   2.000000E-05   2.513574E-05   2.555321E-05   2.160745E-05
   2.952841E-05   6.279421E-05   9.770169E-05   8.013441E-05   4.786882E-05   3.944151E-05   2.620509E-05   2.327578E-05   2.000000E-05   2.000000E-05   2.000000E-05   2.000000E-05   2.330180E-05   2.812450E-05   2.002779E-05   2.122168E-05   2.000000E-05   2.347967E-05   2.414940E-05   2.000000E-05
   8.356460E-05   8.401218E-05   1.020616E-04   1.145297E-04   7.579469E-05   5.248635E-05   3.117382E-05   2.232460E-05   2.000000E-05   2.079317E-05   3.004322E-05   3.790416E-05   3.578736E-05   3.087763E-05   2.344110E-05   2.000000E-05   2.000000E-05   2.000000E-05   2.000000E-05   2.592445E-05
   8.519632E-05   1.298556E-04   1.078986E-04   1.430153E-04   9.408667E-05   6.639475E-05   4.347319E-05   3.520321E-05   4.102359E-05   4.121266E-05   3.359209E-05   4.150747E-05   4.307921E-05   5.141485E-05   4.297825E-05   2.671621E-05   3.299418E-05   4.382314E-05   3.648083E-05   4.989793E-05
   1.121080E-04   1.244851E-04   1.541897E-04   1.104078E-04   8.539828E-05   7.987306E-05   8.232175E-05   7.059576E-05   3.900980E-05   3.873892E-05   3.721130E-05   3.047471E-05   2.762434E-05   7.018196E-05   4.658632E-05   3.391105E-05   5.161299E-05   3.015234E-05   3.003544E-05   3.248893E-05
   1.342000E-04   1.027903E-04   2.000000E-04   1.211651E-04   1.948040E-04   1.389139E-04   1.537610E-04   9.639192E-05   9.075947E-05   4.140894E-05   8.500834E-05   4.993395E-05   2.819971E-05   5.131587E-05   7.535426E-05   6.830814E-05   5.508668E-05   7.138666E-05   6.240276E-05   5.447277E-05
   1.537335E-04   1.726734E-04   2.000000E-04   9.553881E-05   5.707746E-05   5.707746E-05   5.707746E-05   9.174967E-05   9.642784E-05   9.171449E-05   7.390481E-05   7.051459E-05   4.570433E-05   6.164048E-05   7.008077E-05   9.372888E-05   8.088550E-05   4.871916E-05   6.165147E-05   6.738421E-05
   1.544885E-04   1.742666E-04   2.000000E-04   1.275059E-04   5.707746E-05   5.707746E-05   5.707746E-05   5.707746E-05   9.611857E-05   9.019301E-05   7.894630E-05   6.744561E-05   5.679819E-05   7.946086E-05   1.214365E-04   9.764842E-05   5.595651E-05   4.433469E-05   3.451211E-05   4.821364E-05
   1.625115E-04   2.000000E-04   2.000000E-04   1.612049E-04   5.707746E-05   5.707746E-05   5.707746E-05   5.707746E-05   6.089117E-05   7.349851E-05   6.067640E-05   4.956525E-05   6.041364E-05   6.800163E-05   7.694825E-05   7.412468E-05   8.403887E-05   6.940206E-05   5.143725E-05   5.704102E-05
   9.626376E-05   1.519942E-04   2.000000E-04   1.671505E-04   5.707746E-05   5.707746E-05   5.707746E-05   5.707746E-05   1.113352E-04   9.722888E-05   5.204620E-05   6.301681E-05   4.872633E-05   4.795492E-05   5.839032E-05   7.192079E-05   9.359134E-05   4.641510E-05   4.969381E-05   6.015153E-05
   8.539818E-05   1.224867E-04   1.763674E-04   1.100151E-04   5.707746E-05   5.707746E-05   5.707746E-05   5.707746E-05   6.915113E-05   6.665882E-05   4.875946E-05   7.849117E-05   3.772423E-05   4.154204E-05   5.607496E-05   4.994121E-05   4.782058E-05   4.208692E-05   5.388120E-05   6.805647E-05
   9.282003E-05   7.058594E-05   6.296912E-05   5.583831E-05   5.707746E-05   5.707746E-05   5.707746E-05   5.707746E-05   9.099998E-05   4.047397E-05   5.091532E-05   4.396625E-05   3.917680E-05   3.441867E-05   5.455570E-05   4.736667E-05   3.555283E-05   3.946860E-05   3.975486E-05   1.023505E-04
   4.002709E-05   5.439238E-05   5.297956E-05   7.188427E-05   5.707746E-05   5.707746E-05   5.707746E-05   5.707746E-05   4.627381E-05   2.986095E-05   2.767661E-05   4.437005E-05   5.258142E-05   5.568925E-05   4.177686E-05   3.558479E-05   4.506036E-05   4.234470E-05   4.917512E-05   5.929448E-05
   3.064709E-05   3.019200E-05   3.773465E-05   4.974640E-05   5.707746E-05   5.707746E-05   5.707746E-05   5.707746E-05   2.880463E-05   3.062767E-05   2.698689E-05   5.337797E-05   5.856643E-05   5.669762E-05   4.764356E-05   3.305450E-05   5.157439E-05   5.358545E-05   3.792139E-05   3.030104E-05
   3.292510E-05   4.482176E-05   6.184480E-05   4.843593E-05   5.707746E-05   5.707746E-05   5.707746E-05   5.707746E-05   2.527509E-05   2.852171E-05   4.033485E-05   3.515197E-05   4.315484E-05   7.260705E-05   6.144562E-05   5.222892E-05   4.489339E-05   3.710016E-05   5.678717E-05   3.392733E-05
   3.788204E-05   5.293635E-05   5.594470E-05   4.954286E-05   5.707746E-05   5.707746E-05   5.707746E-05   5.707746E-05   2.375843E-05   2.445982E-05   2.580688E-05   4.675837E-05   5.782215E-05   1.032454E-04   8.106969E-05   5.805170E-05   3.635167E-05   3.841752E-05   3.992063E-05   4.604720E-05
   3.849577E-05   3.561592E-05   5.049392E-05   3.781799E-05   5.707746E-05   5.707746E-05   5.707746E-05   5.707746E-05   2.356133E-05   2.922841E-05   2.224736E-05   3.024560E-05   5.527785E-05   4.607748E-05   5.802707E-05   5.054216E-05   5.652118E-05   4.218003E-05   4.227479E-05   6.880973E-05
   2.074970E-05   2.844904E-05   4.398131E-05   3.230820E-05   5.707746E-05   5.707746E-05   5.707746E-05   5.707746E-05   2.000000E-05   3.009917E-05   2.339461E-05   3.171183E-05   4.530646E-05   5.794866E-05   4.274527E-05   4.126215E-05   3.236782E-05   2.519107E-05   5.334735E-05   2.903640E-05
   2.000000E-05   2.000000E-05   2.872957E-05   3.242062E-05   5.707746E-05   5.707746E-05   5.707746E-05   5.707746E-05   2.000000E-05   2.000000E-05   2.000000E-05   2.560965E-05   2.232114E-05   3.445568E-05   3.534843E-05   4.219167E-05   2.790531E-05   2.179547E-05   2.731566E-05   3.485892E-05
   2.000000E-05   2.000000E-05   3.148837E-05   3.900116E-05   5.707746E-05   5.707746E-05   3.978600E-05   2.178461E-05   2.000000E-05   2.000000E-05   2.000000E-05   2.000000E-05   2.000000E-05   2.000000E-05   2.000000E-05   2.000000E-05   2.120674E-05   2.000000E-05   3.405854E-05   6.358311E-05
   2.000000E-05   2.000000E-05   2.176716E-05   4.319728E-05   5.458069E-05   5.707746E-05   3.328945E-05   2.000000E-05   2.000000E-05   2.000000E-05   2.000000E-05   2.000000E-05   2.000000E-05   2.000000E-05   2.000000E-05   2.000000E-05   2.000000E-05   2.465396E-05   4.407677E-05   4.378013E-05
   2.467507E-05   2.000000E-05   2.828688E-05   2.790470E-05   3.450469E-05   2.235583E-05   2.706013E-05   2.056157E-05   2.000000E-05   2.000000E-05   2.000000E-05   2.000000E-05   2.000000E-05   2.000000E-05   2.000000E-05   2.000000E-05   2.000000E-05   3.591678E-05   5.398716E-05   4.462323E-05
   2.000000E-05   2.000000E-05   2.216988E-05   3.484213E-05   3.313926E-05   2.815227E-05   2.388860E-05   2.000000E-05   2.088308E-05   2.000000E-05   2.000000E-05   2.000000E-05   2.000000E-05   2.000000E-05   2.000000E-05   2.000000E-05   2.715051E-05   3.564646E-05   6.233732E-05   6.642961E-05
   2.000000E-05   2.000000E-05   2.090010E-05   2.441745E-05   2.758037E-05   2.154350E-05   2.028811E-05   2.000000E-05   2.000000E-05   2.000000E-05   2.000000E-05   2.000000E-05   2.000000E-05   2.000000E-05   2.000000E-05   2.000000E-05   2.000000E-05   2.250987E-05   4.395766E-05   5.430699E-05
   2.000000E-05   2.190418E-05   2.338843E-05   2.960029E-05   3.566785E-05   2.737643E-05   2.786063E-05   3.669930E-05   2.432880E-05   2.000000E-05   2.000000E-05   2.000000E-05   2.000000E-05   2.000000E-05   2.000000E-05   2.000000E-05   2.000000E-05   2.000000E-05   2.241022E-05   4.086746E-05
   2.000000E-05   2.282518E-05   3.591159E-05   4.237483E-05   2.931557E-05   4.674923E-05   3.409520E-05   3.246339E-05   2.410320E-05   2.000000E-05   2.500962E-05   2.000000E-05   2.000000E-05   2.000000E-05   2.000000E-05   2.076489E-05   2.000000E-05   2.000000E-05   2.570518E-05   2.190627E-05
   2.000000E-05   2.000000E-05   2.262162E-05   2.288156E-05   3.532218E-05   4.207346E-05   3.290352E-05   2.415683E-05   2.000000E-05   3.511313E-05   2.713186E-05   2.955004E-05   2.000000E-05   2.000000E-05   2.000000E-05   2.000000E-05   2.000000E-05   2.000000E-05   2.000000E-05   2.000000E-05
   2.000000E-05   2.000000E-05   2.000000E-05   2.376152E-05   2.000000E-05   2.234405E-05   2.820626E-05   2.400827E-05   2.000000E-05   2.000000E-05   2.000000E-05   2.310208E-05   2.000000E-05   2.000000E-05   2.000000E-05   2.000000E-05   2.000000E-05   2.000000E-05   2.000000E-05   2.000000E-05
   2.062266E-05   2.000000E-05   2.000000E-05   2.000000E-05   2.180398E-05   3.059976E-05   2.574605E-05   2.150908E-05   2.000000E-05   2.000000E-05   2.000000E-05   2.000000E-05   2.000000E-05   2.000000E-05   2.198692E-05   2.000000E-05   2.087890E-05   2.000000E-05   2.000000E-05   2.000000E-05
   2.123048E-05   2.216666E-05   2.350358E-05   2.000000E-05   2.154584E-05   2.000000E-05   2.283910E-05   2.000000E-05   2.000000E-05   2.000000E-05   2.000000E-05   2.162592E-05   2.000000E-05   2.045616E-05   2.000000E-05   2.640172E-05   2.074243E-05   2.000000E-05   2.000000E-05   2.000000E-05
   5.707746E-05   2.000000E-05   2.000000E-05   2.000000E-05   2.000000E-05   2.082624E-05   2.318500E-05   2.000000E-05   2.044251E-05   2.081161E-05   2.195151E-05   2.251919E-05   2.000000E-05   2.000000E-05   2.000000E-05   2.437487E-05   2.325188E-05   2.000000E-05   2.000000E-05   2.000000E-05
   5.707746E-05   5.707746E-05   2.235157E-05   2.000000E-05   2.558752E-05   2.193956E-05   3.789497E-05   2.520378E-05   2.000000E-05   2.000000E-05   2.000000E-05   2.000000E-05   2.000000E-05   2.000000E-05   2.000000E-05   2.295571E-05   2.000000E-05   2.000000E-05   2.000000E-05   2.000000E-05
   5.707746E-05   5.707746E-05   5.707746E-05   2.644652E-05   2.753269E-05   2.065750E-05   2.228847E-05   2.000000E-05   2.000000E-05   2.000000E-05   2.000000E-05   2.000000E-05   2.000000E-05   2.000000E-05   2.000000E-05   2.000000E-05   2.000000E-05   2.000000E-05   2.065054E-05   2.000000E-05
   5.707746E-05   5.707746E-05   5.707746E-05   5.707746E-05   2.079177E-05   2.000000E-05   2.157092E-05   2.000000E-05   2.000000E-05   2.000000E-05   2.000000E-05   2.000000E-05   2.000000E-05   2.000000E-05   2.000000E-05   2.000000E-05   2.000000E-05   2.000000E-05   2.000000E-05   5.707746E-05
   5.707746E-05   5.707746E-05   5.707746E-05   5.707746E-05   2.336219E-05   2.000000E-05   2.000000E-05   2.000000E-05   2.000000E-05   2.014319E-05   2.000000E-05   2.478270E-05   2.000000E-05   2.000000E-05   2.000000E-05   2.000000E-05   2.000000E-05   2.301449E-05   2.049347E-05   5.707746E-05
   5.707746E-05   5.707746E-05   5.707746E-05   5.707746E-05   5.707746E-05   2.174674E-05   2.000000E-05   2.515112E-05   2.104243E-05   2.352700E-05   3.630353E-05   2.990610E-05   2.185257E-05   2.544162E-05   2.099984E-05   2.574046E-05   2.817334E-05   2.000000E-05   5.707746E-05   5.707746E-05
   5.707746E-05   5.707746E-05   5.707746E-05   5.707746E-05   5.707746E-05   3.118146E-05   2.767979E-05   3.501123E-05   6.101042E-05   4.987389E-05   5.018609E-05   2.506562E-05   2.497831E-05   2.000000E-05   2.000000E-05   2.000631E-05   2.000000E-05   5.707746E-05   5.707746E-05   5.707746E-05
   5.707746E-05   5.707746E-05   5.707746E-05   5.707746E-05   5.707746E-05   2.858494E-05   3.496570E-05   6.389684E-05   7.008260E-05   5.141134E-05   3.825812E-05   2.072841E-05   2.000000E-05   2.000000E-05   2.000000E-05   2.200431E-05   5.707746E-05   5.707746E-05   5.707746E-05   5.707746E-05
