   2.421052E-05   2.000000E-05   2.000000E-05   2.095690E-05   2.000000E-05   2.000000E-05   2.000000E-05   2.000000E-05   2.000000E-05   3.913769E-05   2.000000E-05   2.000000E-05   2.373645E-05   4.624857E-05   3.824006E-05   2.665442E-05   2.000000E-05   2.000000E-05   2.000000E-05   2.253260E-05
   2.000000E-05   2.000000E-05   2.000000E-05   2.000000E-05   2.000000E-05   2.000000E-05   2.121590E-05   2.000000E-05   2.000000E-05   4.078046E-05   2.859582E-05   2.167032E-05   2.107375E-05   4.307409E-05   2.000000E-05   2.000000E-05   2.000000E-05   2.000000E-05   2.000000E-05   2.000000E-05
   2.000000E-05   2.000000E-05   2.000000E-05   2.033871E-05   3.331283E-05   2.006874E-05   2.616063E-05   3.427052E-05   2.279548E-05   3.456140E-05   2.926798E-05   2.277514E-05   2.000000E-05   2.156922E-05   2.000000E-05   2.000000E-05   2.000000E-05   2.000000E-05   2.000000E-05   2.000000E-05
   2.000000E-05   2.000000E-05   2.000000E-05   2.000000E-05   2.000000E-05   2.172606E-05   2.461478E-05   2.878905E-05   2.816411E-05   2.537109E-05   2.519699E-05   2.000000E-05   2.000000E-05   2.000000E-05   2.000000E-05   2.000000E-05   2.000000E-05   2.000000E-05   2.000000E-05   2.000000E-05
   2.000000E-05   2.000000E-05   2.000000E-05   2.000000E-05   2.000000E-05   2.000000E-05   2.644941E-05   2.128283E-05   2.624772E-05   3.495881E-05   3.460419E-05   2.000000E-05   2.000000E-05   2.205516E-05   2.000000E-05   2.000000E-05   2.000000E-05   2.000000E-05   2.000000E-05   2.000000E-05
   2.000000E-05   2.000000E-05   2.000000E-05   2.000000E-05   2.000000E-05   2.523156E-05   4.332439E-05   3.736941E-05   4.242425E-05   3.229003E-05   2.047833E-05   2.389303E-05   2.000000E-05   2.000000E-05   2.000000E-05   2.118817E-05   2.000000E-05   2.000000E-05   2.000000E-05   2.103169E-05
   2.000000E-05   2.000000E-05   2.000000E-05   2.000000E-05   2.000000E-05   2.571742E-05   3.007617E-05   2.919189E-05   3.057939E-05   3.280164E-05   2.000000E-05   2.047794E-05   2.071146E-05   2.000000E-05   2.000000E-05   2.260315E-05   2.000000E-05   2.000000E-05   2.134094E-05   2.000000E-05
   2.000000E-05   2.000000E-05   2.000000E-05   2.000000E-05   2.000000E-05   2.475650E-05   2.000000E-05   2.000000E-05   2.000000E-05   2.358207E-05   3.121801E-05   2.036114E-05   2.652535E-05   2.000000E-05   2.000000E-05   2.000000E-05   2.000000E-05   2.000000E-05   2.041785E-05   2.000000E-05
   2.000000E-05   2.000000E-05   2.000000E-05   2.000000E-05   2.105722E-05   2.105722E-05   2.105722E-05   2.000000E-05   2.000000E-05   2.587021E-05   2.000000E-05   2.621290E-05   2.846595E-05   2.186009E-05   2.000000E-05   2.000000E-05   2.000000E-05   2.000000E-05   2.000000E-05   2.000000E-05
   2.231011E-05   2.803641E-05   2.529084E-05   2.812412E-05   2.105722E-05   2.105722E-05   2.105722E-05   2.105722E-05   2.000000E-05   2.582815E-05   2.891033E-05   2.702374E-05   2.000000E-05   2.657619E-05   2.000000E-05   2.481643E-05   2.277551E-05   2.469690E-05   2.000000E-05   2.000000E-05
   2.380925E-05   2.054641E-05   2.657003E-05   3.510887E-05   2.105722E-05   2.105722E-05   2.105722E-05   2.105722E-05   2.290992E-05   3.132946E-05   5.381401E-05   3.950359E-05   3.175776E-05   2.277775E-05   2.540365E-05   2.360166E-05   2.097846E-05   2.000000E-05   2.048153E-05   2.000000E-05
   2.596407E-05   3.208222E-05   2.196165E-05   3.081029E-05   2.105722E-05   2.105722E-05   2.105722E-05   2.105722E-05   3.167867E-05   3.711985E-05   4.478195E-05   2.556643E-05   2.701294E-05   4.508474E-05   3.329109E-05   4.593778E-05   2.904903E-05   2.832269E-05   2.000000E-05   2.000000E-05
   2.574018E-05   2.324962E-05   2.000000E-05   2.000000E-05   2.105722E-05   2.105722E-05   2.105722E-05   2.105722E-05   4.720600E-05   3.651180E-05   4.300702E-05   3.148627E-05   2.595986E-05   3.385927E-05   2.736330E-05   3.423858E-05   3.402201E-05   2.000000E-05   2.491722E-05   2.000000E-05
   2.216072E-05   2.683590E-05   2.000000E-05   2.000000E-05   2.105722E-05   2.105722E-05   2.105722E-05   2.105722E-05   3.156568E-05   3.594462E-05   3.807822E-05   2.435558E-05   2.000000E-05   3.172482E-05   2.771370E-05   2.210197E-05   2.906259E-05   2.248316E-05   2.264094E-05   2.000000E-05
   2.000000E-05   2.000000E-05   2.000000E-05   2.000000E-05   2.105722E-05   2.105722E-05   2.105722E-05   2.105722E-05   3.095557E-05   2.620362E-05   2.155379E-05   2.396223E-05   2.154833E-05   2.061245E-05   2.000000E-05   2.000000E-05   2.414727E-05   6.679311E-05   3.388037E-05   3.291242E-05
   2.000000E-05   2.000000E-05   2.000000E-05   2.000000E-05   2.105722E-05   2.105722E-05   2.105722E-05   2.105722E-05   2.471668E-05   2.992553E-05   2.203957E-05   2.000000E-05   2.000000E-05   2.000000E-05   2.144637E-05   3.541277E-05   4.862614E-05   9.613126E-05   4.842079E-05   6.704342E-05
   2.000000E-05   3.432523E-05   3.462747E-05   2.000000E-05   2.105722E-05   2.105722E-05   2.105722E-05   2.105722E-05   2.000000E-05   2.378312E-05   2.000000E-05   2.000000E-05   2.000000E-05   2.359680E-05   2.826860E-05   4.448929E-05   2.596331E-05   8.022348E-05   4.887601E-05   4.495824E-05
   2.000000E-05   3.651230E-05   4.647195E-05   3.214288E-05   2.105722E-05   2.105722E-05   2.105722E-05   2.105722E-05   2.000000E-05   2.000000E-05   2.000000E-05   2.000000E-05   2.000000E-05   3.012576E-05   2.000000E-05   3.905639E-05   3.500876E-05   3.925372E-05   3.439267E-05   2.194111E-05
   3.555473E-05   2.117231E-05   2.885150E-05   2.261623E-05   2.105722E-05   2.105722E-05   2.105722E-05   2.105722E-05   2.000000E-05   2.000000E-05   2.000000E-05   2.000000E-05   2.000000E-05   2.000000E-05   2.000000E-05   2.000000E-05   2.000000E-05   2.000000E-05   2.435503E-05   2.708893E-05
   2.657469E-05   2.000000E-05   2.319036E-05   2.146889E-05   2.105722E-05   2.105722E-05   2.105722E-05   2.105722E-05   2.000000E-05   2.000000E-05   2.000000E-05   2.000000E-05   2.000000E-05   2.000000E-05   2.000000E-05   2.000000E-05   2.000000E-05   2.000000E-05   2.000000E-05   2.037082E-05
   2.966896E-05   2.000000E-05   2.000000E-05   2.209606E-05   2.105722E-05   2.105722E-05   2.105722E-05   2.105722E-05   2.000000E-05   2.000000E-05   2.000000E-05   2.106786E-05   2.000000E-05   2.000000E-05   2.000000E-05   2.000000E-05   2.000000E-05   2.000000E-05   2.000000E-05   2.000000E-05
   3.218762E-05   2.000000E-05   2.000000E-05   2.000000E-05   2.105722E-05   2.105722E-05   2.000000E-05   2.000000E-05   2.000000E-05   2.000000E-05   2.385465E-05   2.269522E-05   2.030813E-05   2.000000E-05   2.000000E-05   2.000000E-05   2.000000E-05   2.000000E-05   2.000000E-05   2.229488E-05
   2.000000E-05   2.000000E-05   2.000000E-05   2.000000E-05   2.000000E-05   2.105722E-05   3.361971E-05   2.000000E-05   2.296395E-05   3.466593E-05   4.075372E-05   3.991987E-05   2.406092E-05   2.269577E-05   2.000000E-05   2.000000E-05   2.000000E-05   2.000000E-05   2.000000E-05   2.000000E-05
   2.000000E-05   2.000000E-05   2.000000E-05   2.000000E-05   2.000000E-05   2.000000E-05   2.000000E-05   2.148390E-05   2.774167E-05   4.160278E-05   3.212859E-05   3.702625E-05   2.876969E-05   2.658658E-05   2.000000E-05   2.000000E-05   2.000000E-05   2.000000E-05   2.000000E-05   2.000000E-05
   2.000000E-05   2.000000E-05   2.000000E-05   2.259550E-05   2.000000E-05   2.000000E-05   2.182923E-05   2.503456E-05   2.804156E-05   2.989070E-05   2.557430E-05   4.375982E-05   2.007321E-05   2.000000E-05   2.000000E-05   2.000000E-05   2.000000E-05   2.000000E-05   2.000000E-05   2.000000E-05
   2.000000E-05   2.000000E-05   2.446208E-05   2.000000E-05   2.000000E-05   2.000000E-05   2.000000E-05   2.000000E-05   2.912535E-05   5.518250E-05   2.872663E-05   5.008345E-05   2.948741E-05   2.000000E-05   2.000000E-05   2.000000E-05   2.000000E-05   2.000000E-05   2.000000E-05   2.000000E-05
   2.298003E-05   2.000000E-05   2.112966E-05   2.000000E-05   2.000000E-05   2.000000E-05   2.000000E-05   2.000000E-05   3.745842E-05   4.295298E-05   3.804042E-05   4.589654E-05   4.245288E-05   2.465327E-05   2.000000E-05   2.000000E-05   2.413829E-05   2.000000E-05   2.000000E-05   2.000000E-05
   2.916169E-05   2.888802E-05   4.856608E-05   2.000000E-05   2.000000E-05   2.000000E-05   2.000000E-05   2.000000E-05   4.511682E-05   4.843899E-05   3.292969E-05   3.637054E-05   3.369148E-05   3.587330E-05   2.000000E-05   2.000000E-05   2.106117E-05   2.000000E-05   2.000000E-05   2.000000E-05
   2.160090E-05   2.647340E-05   2.465902E-05   2.000000E-05   2.000000E-05   2.000000E-05   2.000000E-05   2.000000E-05   3.350470E-05   2.301575E-05   3.775985E-05   2.366921E-05   3.745428E-05   3.658578E-05   2.737081E-05   2.221342E-05   2.000000E-05   2.000000E-05   2.000000E-05   2.000000E-05
   2.000000E-05   2.000000E-05   2.000000E-05   2.000000E-05   2.000000E-05   2.050436E-05   3.228036E-05   2.802549E-05   2.000000E-05   3.246824E-05   2.852013E-05   2.000000E-05   2.479984E-05   2.233993E-05   3.863884E-05   3.412506E-05   2.047548E-05   2.000000E-05   2.000000E-05   2.000000E-05
   2.000000E-05   2.000000E-05   2.000000E-05   2.000000E-05   2.000000E-05   2.436929E-05   3.547422E-05   2.610919E-05   2.000000E-05   2.000000E-05   2.283000E-05   2.000000E-05   2.556601E-05   3.515476E-05   3.250657E-05   3.966298E-05   2.956700E-05   2.000000E-05   2.000000E-05   2.000000E-05
   4.204614E-05   2.943981E-05   2.000000E-05   2.000000E-05   2.206864E-05   2.000000E-05   2.555023E-05   2.000000E-05   2.000000E-05   2.000000E-05   2.000000E-05   2.000000E-05   2.000000E-05   2.484304E-05   2.379265E-05   2.058802E-05   2.188437E-05   2.000000E-05   2.000000E-05   2.000000E-05
   2.105722E-05   3.730958E-05   3.770334E-05   3.234016E-05   2.839638E-05   2.065973E-05   2.000000E-05   2.175396E-05   2.000000E-05   2.000000E-05   2.000000E-05   2.000000E-05   2.000000E-05   2.000000E-05   2.000000E-05   2.000000E-05   2.000000E-05   2.000000E-05   2.000000E-05   2.000000E-05
   2.105722E-05   2.105722E-05   3.499655E-05   3.005078E-05   3.578220E-05   2.651778E-05   2.183940E-05   2.000000E-05   2.000000E-05   2.000000E-05   2.000000E-05   2.000000E-05   2.000000E-05   2.000000E-05   2.000000E-05   2.000000E-05   2.000000E-05   2.000000E-05   2.488031E-05   3.225261E-05
   2.105722E-05   2.105722E-05   2.105722E-05   4.290607E-05   3.790727E-05   3.241917E-05   3.098847E-05   2.000000E-05   2.000000E-05   2.000000E-05   2.000000E-05   2.000000E-05   2.000000E-05   2.193222E-05   2.214530E-05   2.000000E-05   2.000000E-05   2.000000E-05   2.000000E-05   2.416353E-05
   2.105722E-05   2.105722E-05   2.105722E-05   2.105722E-05   6.043092E-05   3.673989E-05   2.000000E-05   2.000000E-05   2.000000E-05   2.000000E-05   2.000000E-05   2.000000E-05   2.000000E-05   2.000000E-05   2.095023E-05   2.000000E-05   2.000000E-05   2.000000E-05   2.000000E-05   2.105722E-05
   2.105722E-05   2.105722E-05   2.105722E-05   2.105722E-05   3.979959E-05   2.000000E-05   2.000000E-05   2.000000E-05   2.000000E-05   2.000000E-05   2.000000E-05   2.000000E-05   2.000000E-05   3.099701E-05   2.000000E-05   2.000000E-05   2.263093E-05   2.000000E-05   2.000000E-05   2.105722E-05
   2.105722E-05   2.105722E-05   2.105722E-05   2.105722E-05   2.105722E-05   2.000000E-05   2.000000E-05   2.000000E-05   2.000000E-05   2.000000E-05   2.000000E-05   2.732344E-05   2.000000E-05   2.387768E-05   2.000000E-05   2.000000E-05   2.000000E-05   2.000000E-05   2.105722E-05   2.105722E-05
   2.105722E-05   2.105722E-05   2.105722E-05   2.105722E-05   2.105722E-05   2.824745E-05   2.000000E-05   2.000000E-05   2.000000E-05   2.000000E-05   2.000000E-05   2.434172E-05   2.000000E-05   2.000000E-05   2.000000E-05   2.000000E-05   2.000000E-05   2.105722E-05   2.105722E-05   2.105722E-05
   2.105722E-05   2.105722E-05   2.105722E-05   2.105722E-05   2.105722E-05   3.619860E-05   3.279857E-05   2.000000E-05   2.000000E-05   2.000000E-05   2.000000E-05   2.000000E-05   2.000000E-05   2.000000E-05   2.000000E-05   2.000000E-05   2.105722E-05   2.105722E-05   2.105722E-05   2.105722E-05
