   1.231102E-04   1.183615E-04   7.574260E-05   6.397918E-05   8.317093E-05   6.815627E-05   5.775929E-05   1.001498E-04   1.047339E-04   1.318310E-04   9.945934E-05   1.339291E-04   1.339026E-04   1.558080E-04   9.653604E-05   1.032829E-04   1.580751E-04   1.695839E-04   1.687906E-04   1.850300E-04
   1.913101E-04   1.249722E-04   1.347985E-04   9.157304E-05   8.874894E-05   6.519774E-05   5.916041E-05   1.099639E-04   9.557445E-05   6.555117E-05   7.181944E-05   1.135733E-04   8.297014E-05   1.481218E-04   1.506062E-04   1.446730E-04   1.543921E-04   2.000000E-04   1.224095E-04   2.000000E-04
   2.000000E-04   1.556718E-04   1.393368E-04   1.298467E-04   1.574896E-04   7.097361E-05   7.740279E-05   7.005276E-05   6.073767E-05   9.870307E-05   7.111207E-05   1.423218E-04   2.000000E-04   2.000000E-04   2.000000E-04   2.000000E-04   1.897304E-04   2.000000E-04   2.000000E-04   2.000000E-04
   1.302924E-04   1.125053E-04   7.916879E-05   1.068654E-04   1.448783E-04   9.154173E-05   8.024788E-05   1.174536E-04   8.723881E-05   9.396909E-05   1.242253E-04   2.000000E-04   2.000000E-04   2.000000E-04   2.000000E-04   2.000000E-04   2.000000E-04   2.000000E-04   2.000000E-04   1.837872E-04
   1.139272E-04   9.867992E-05   1.136731E-04   9.504654E-05   8.970941E-05   6.718353E-05   8.192836E-05   1.171034E-04   8.577574E-05   1.386112E-04   2.000000E-04   2.000000E-04   2.000000E-04   2.000000E-04   2.000000E-04   2.000000E-04   2.000000E-04   1.540854E-04   1.407501E-04   1.570745E-04
   1.363366E-04   1.195681E-04   8.437464E-05   8.095165E-05   1.422336E-04   2.000000E-04   1.119345E-04   1.477627E-04   1.609118E-04   2.000000E-04   2.000000E-04   2.000000E-04   2.000000E-04   2.000000E-04   2.000000E-04   2.000000E-04   2.000000E-04   2.000000E-04   1.332513E-04   7.159598E-05
   1.005214E-04   1.061977E-04   1.113630E-04   1.186984E-04   1.209562E-04   2.000000E-04   1.961207E-04   1.398930E-04   2.000000E-04   2.000000E-04   2.000000E-04   2.000000E-04   2.000000E-04   2.000000E-04   2.000000E-04   2.000000E-04   2.000000E-04   1.342562E-04   9.896300E-05   1.347533E-04
   1.565851E-04   1.328274E-04   1.223971E-04   1.011206E-04   1.820066E-04   1.735217E-04   2.000000E-04   2.000000E-04   2.000000E-04   2.000000E-04   2.000000E-04   2.000000E-04   2.000000E-04   2.000000E-04   2.000000E-04   2.000000E-04   1.563168E-04   1.697348E-04   1.304452E-04   8.054839E-05
   2.000000E-04   1.190210E-04   1.749585E-04   1.522606E-04   8.412827E-05   8.412827E-05   8.412827E-05   2.000000E-04   2.000000E-04   2.000000E-04   2.000000E-04   2.000000E-04   2.000000E-04   2.000000E-04   2.000000E-04   1.473328E-04   1.861251E-04   2.000000E-04   1.678461E-04   1.528636E-04
   2.000000E-04   2.000000E-04   1.807839E-04   1.322338E-04   8.412827E-05   8.412827E-05   8.412827E-05   8.412827E-05   2.000000E-04   2.000000E-04   2.000000E-04   2.000000E-04   2.000000E-04   2.000000E-04   2.000000E-04   1.391457E-04   1.124461E-04   1.101503E-04   1.052330E-04   8.548685E-05
   2.000000E-04   2.000000E-04   2.000000E-04   2.000000E-04   8.412827E-05   8.412827E-05   8.412827E-05   8.412827E-05   1.810019E-04   2.000000E-04   2.000000E-04   2.000000E-04   1.774219E-04   2.000000E-04   1.513571E-04   1.192314E-04   1.143322E-04   7.410883E-05   1.341319E-04   1.221441E-04
   2.000000E-04   2.000000E-04   2.000000E-04   2.000000E-04   8.412827E-05   8.412827E-05   8.412827E-05   8.412827E-05   1.677354E-04   1.651921E-04   1.567921E-04   1.765855E-04   2.000000E-04   2.000000E-04   1.541784E-04   1.175229E-04   1.018740E-04   9.470219E-05   1.337584E-04   1.304971E-04
   2.000000E-04   2.000000E-04   2.000000E-04   2.000000E-04   8.412827E-05   8.412827E-05   8.412827E-05   8.412827E-05   1.620895E-04   1.225459E-04   1.103922E-04   1.849183E-04   1.994970E-04   2.000000E-04   1.253028E-04   1.597454E-04   1.094568E-04   1.119888E-04   8.631479E-05   1.417740E-04
   2.000000E-04   2.000000E-04   2.000000E-04   2.000000E-04   8.412827E-05   8.412827E-05   8.412827E-05   8.412827E-05   1.192965E-04   1.020873E-04   1.050777E-04   2.000000E-04   1.928718E-04   2.000000E-04   1.240221E-04   9.992176E-05   1.954544E-04   7.029929E-05   6.067602E-05   1.804828E-04
   2.000000E-04   2.000000E-04   2.000000E-04   1.439466E-04   8.412827E-05   8.412827E-05   8.412827E-05   8.412827E-05   1.013766E-04   1.091514E-04   9.658976E-05   1.821631E-04   2.000000E-04   1.607876E-04   2.000000E-04   1.326342E-04   1.397684E-04   1.703249E-04   1.048985E-04   1.196031E-04
   2.000000E-04   2.000000E-04   2.000000E-04   1.079514E-04   8.412827E-05   8.412827E-05   8.412827E-05   8.412827E-05   1.471334E-04   1.312418E-04   1.782951E-04   1.466098E-04   1.388165E-04   1.315556E-04   1.306761E-04   8.030484E-05   1.200072E-04   1.590214E-04   1.950933E-04   1.926314E-04
   2.000000E-04   1.471077E-04   8.098983E-05   5.294495E-05   8.412827E-05   8.412827E-05   8.412827E-05   8.412827E-05   2.000000E-04   1.388956E-04   2.000000E-04   1.341172E-04   1.173140E-04   1.042886E-04   1.348334E-04   1.003929E-04   9.938625E-05   1.241978E-04   1.784358E-04   2.000000E-04
   1.138381E-04   8.377136E-05   7.139871E-05   6.239720E-05   8.412827E-05   8.412827E-05   8.412827E-05   8.412827E-05   1.271318E-04   1.130282E-04   1.440541E-04   1.218198E-04   1.382066E-04   8.937208E-05   7.768868E-05   9.647369E-05   1.539526E-04   2.000000E-04   2.000000E-04   1.711129E-04
   1.308830E-04   9.901053E-05   5.889302E-05   5.009014E-05   8.412827E-05   8.412827E-05   8.412827E-05   8.412827E-05   1.256391E-04   1.384809E-04   1.595921E-04   1.293151E-04   8.405893E-05   1.138997E-04   9.090872E-05   1.178564E-04   1.763285E-04   2.000000E-04   2.000000E-04   1.809171E-04
   8.991419E-05   9.999567E-05   9.001731E-05   8.376531E-05   8.412827E-05   8.412827E-05   8.412827E-05   8.412827E-05   1.109482E-04   1.297829E-04   1.245671E-04   1.461109E-04   1.656484E-04   2.000000E-04   1.425867E-04   1.351476E-04   2.000000E-04   1.885598E-04   2.000000E-04   1.808144E-04
   5.957868E-05   8.101602E-05   8.250045E-05   1.058030E-04   8.412827E-05   8.412827E-05   8.412827E-05   8.412827E-05   4.690112E-05   6.403468E-05   6.695869E-05   1.456352E-04   1.873669E-04   2.000000E-04   1.154742E-04   1.918342E-04   2.000000E-04   1.715874E-04   2.000000E-04   1.923526E-04
   5.469189E-05   8.275668E-05   1.114377E-04   7.619633E-05   8.412827E-05   8.412827E-05   3.335260E-05   6.138911E-05   6.937267E-05   7.054292E-05   5.275442E-05   1.087431E-04   9.874557E-05   1.692921E-04   1.125991E-04   1.578640E-04   1.046168E-04   1.957933E-04   2.000000E-04   1.590685E-04
   8.465311E-05   9.685121E-05   1.090993E-04   6.265610E-05   6.218029E-05   8.412827E-05   4.069917E-05   3.945025E-05   5.828054E-05   6.485824E-05   9.409443E-05   1.469710E-04   9.255770E-05   8.838478E-05   1.090130E-04   8.366586E-05   1.139523E-04   1.560113E-04   1.647543E-04   1.188521E-04
   7.453554E-05   6.373584E-05   7.615906E-05   5.573776E-05   4.526770E-05   4.505694E-05   4.498570E-05   4.421099E-05   7.316849E-05   9.594765E-05   1.295639E-04   7.952521E-05   5.695336E-05   1.281649E-04   9.397202E-05   7.427868E-05   1.196166E-04   7.539011E-05   1.195316E-04   6.823477E-05
   5.681017E-05   4.647503E-05   6.899776E-05   6.935365E-05   5.935131E-05   5.882777E-05   4.706996E-05   3.412076E-05   7.074842E-05   9.961452E-05   1.708187E-04   8.366529E-05   9.473470E-05   1.120124E-04   9.849440E-05   9.860386E-05   7.965061E-05   5.428953E-05   8.091158E-05   1.373586E-04
   6.349548E-05   4.611076E-05   4.432457E-05   5.861142E-05   6.907115E-05   4.478638E-05   3.791580E-05   2.938466E-05   4.577795E-05   5.746704E-05   7.179353E-05   7.450545E-05   6.022128E-05   5.175750E-05   6.925061E-05   1.017219E-04   8.371269E-05   6.052167E-05   8.903330E-05   6.113891E-05
   1.264704E-04   9.869587E-05   6.799834E-05   5.595534E-05   3.107248E-05   5.311566E-05   3.275503E-05   3.689580E-05   7.958931E-05   6.249834E-05   9.771747E-05   9.271455E-05   9.823389E-05   1.020315E-04   1.312057E-04   1.486837E-04   1.189505E-04   7.262891E-05   6.838730E-05   4.689151E-05
   1.780110E-04   1.671292E-04   9.370147E-05   8.140694E-05   3.446215E-05   3.398950E-05   3.594324E-05   3.190197E-05   7.570420E-05   7.100745E-05   1.162800E-04   2.000000E-04   2.000000E-04   2.000000E-04   2.000000E-04   1.957569E-04   9.366609E-05   7.234689E-05   1.156424E-04   7.370142E-05
   1.706779E-04   9.515142E-05   1.017919E-04   6.706103E-05   3.619109E-05   2.364757E-05   2.933204E-05   5.129020E-05   5.294392E-05   1.049304E-04   1.703101E-04   1.865827E-04   1.639150E-04   1.737145E-04   1.979746E-04   1.622744E-04   1.182834E-04   9.437049E-05   1.109903E-04   1.288874E-04
   8.673617E-05   1.104367E-04   1.133339E-04   7.596679E-05   7.468487E-05   5.090888E-05   6.610000E-05   9.921905E-05   9.052588E-05   1.906577E-04   1.995464E-04   1.405521E-04   1.581702E-04   2.000000E-04   2.000000E-04   2.000000E-04   1.391574E-04   1.055210E-04   1.135621E-04   1.253081E-04
   1.213524E-04   1.099771E-04   1.106020E-04   9.757465E-05   1.064422E-04   7.608593E-05   1.140690E-04   9.533687E-05   1.476847E-04   1.211632E-04   2.000000E-04   1.780896E-04   1.431286E-04   2.000000E-04   2.000000E-04   1.107657E-04   9.551081E-05   1.123282E-04   1.052088E-04   6.219527E-05
   1.310196E-04   1.123872E-04   1.021107E-04   9.335047E-05   1.214319E-04   1.188470E-04   1.189247E-04   1.175395E-04   1.377694E-04   1.784151E-04   2.000000E-04   1.402296E-04   1.366312E-04   2.000000E-04   1.169506E-04   1.085538E-04   8.270407E-05   5.676355E-05   9.872550E-05   9.378861E-05
   8.412827E-05   2.000000E-04   1.849017E-04   1.862631E-04   1.292653E-04   2.000000E-04   1.995412E-04   1.225585E-04   1.593512E-04   9.881188E-05   1.575556E-04   1.000584E-04   6.568412E-05   1.915083E-04   2.000000E-04   1.416672E-04   7.494085E-05   9.032967E-05   9.166721E-05   9.292056E-05
   8.412827E-05   8.412827E-05   1.537369E-04   1.766667E-04   1.811824E-04   2.000000E-04   2.000000E-04   1.940395E-04   1.310926E-04   1.361067E-04   1.674844E-04   1.224513E-04   1.050515E-04   1.219433E-04   1.157205E-04   7.138355E-05   6.317680E-05   6.258068E-05   9.964744E-05   1.319878E-04
   8.412827E-05   8.412827E-05   8.412827E-05   1.414989E-04   1.757084E-04   1.677194E-04   2.000000E-04   2.000000E-04   1.559225E-04   1.661786E-04   1.059908E-04   1.616299E-04   9.124626E-05   6.338301E-05   8.486016E-05   9.020033E-05   5.357635E-05   7.867964E-05   7.088545E-05   7.730772E-05
   8.412827E-05   8.412827E-05   8.412827E-05   8.412827E-05   1.305365E-04   2.000000E-04   2.000000E-04   1.864107E-04   1.314636E-04   1.582005E-04   1.594572E-04   1.376032E-04   1.028477E-04   6.355558E-05   6.341287E-05   7.178623E-05   7.397643E-05   8.317569E-05   1.062810E-04   8.412827E-05
   8.412827E-05   8.412827E-05   8.412827E-05   8.412827E-05   1.612762E-04   1.932607E-04   1.870935E-04   1.783470E-04   1.630336E-04   1.505086E-04   1.425296E-04   1.473315E-04   1.227752E-04   7.533375E-05   5.111710E-05   8.287129E-05   8.399814E-05   9.113830E-05   1.266911E-04   8.412827E-05
   8.412827E-05   8.412827E-05   8.412827E-05   8.412827E-05   8.412827E-05   1.683827E-04   1.745306E-04   1.785214E-04   1.293965E-04   1.202259E-04   1.060694E-04   1.357586E-04   1.015374E-04   7.730338E-05   1.072431E-04   8.517842E-05   7.474993E-05   9.023873E-05   8.412827E-05   8.412827E-05
   8.412827E-05   8.412827E-05   8.412827E-05   8.412827E-05   8.412827E-05   1.344561E-04   1.447400E-04   2.000000E-04   1.625074E-04   7.185550E-05   5.399091E-05   9.872570E-05   1.339403E-04   1.416006E-04   1.167200E-04   9.169225E-05   7.232334E-05   8.412827E-05   8.412827E-05   8.412827E-05
   8.412827E-05   8.412827E-05   8.412827E-05   8.412827E-05   8.412827E-05   1.613934E-04   2.000000E-04   1.729242E-04   1.337114E-04   1.338108E-04   1.364707E-04   2.000000E-04   1.668062E-04   1.708179E-04   1.553462E-04   1.255128E-04   8.412827E-05   8.412827E-05   8.412827E-05   8.412827E-05
