1 1 1 16 250.0 5.0 5e-05 34.0 1.0 0.3795695844806005 0.03 1 1.0 0 headwater
2 1 2 16 250.0 5.0 5e-05 33.98718 1.0 0.43527797915824185 0.03 2 1.0 0 headwater
3 1 3 16 250.0 5.0 5e-05 33.97436 1.0 0.21052313260790337 0.03 2 1.0 0 headwater
4 1 4 16 250.0 5.0 5e-05 33.96154 1.0 0.13502886167991976 0.03 2 1.0 0 headwater
5 1 5 16 250.0 5.0 5e-05 33.94872 1.0 0.13343291384045153 0.03 2 1.0 0 headwater
6 1 6 16 250.0 5.0 5e-05 33.9359 1.0 0.091303061995187 0.03 2 1.0 0 headwater
7 1 7 16 250.0 5.0 5e-05 33.92308 1.0 0.1505073498278526 0.03 2 1.0 0 headwater
8 1 8 16 250.0 5.0 5e-05 33.91026 1.0 0.25426096942875204 0.03 2 1.0 0 headwater
9 1 9 16 250.0 5.0 5e-05 33.89743 1.0 0.25604831550065105 0.03 2 1.0 0 headwater
10 1 10 16 250.0 5.0 5e-05 33.88462 1.0 0.22792651110118609 0.03 2 1.0 0 headwater
11 1 11 16 250.0 5.0 5e-05 33.8718 1.0 0.21934592785143422 0.03 2 1.0 0 headwater
12 1 12 16 250.0 5.0 5e-05 33.85897 1.0 0.17959184007161738 0.03 2 1.0 0 headwater
13 1 13 16 250.0 5.0 5e-05 33.84615 1.0 0.1309116674533493 0.03 2 1.0 0 headwater
14 1 14 16 250.0 5.0 5e-05 33.83333 1.0 0.19208187597211326 0.03 2 1.0 0 headwater
15 1 15 16 250.0 5.0 5e-05 33.82051 1.0 0.13254083791438642 0.03 2 1.0 0 headwater
16 1 16 16 250.0 5.0 5e-05 33.80769 1.0 0.15360903168222484 0.03 2 1.0 0 headwater
17 1 17 16 250.0 5.0 5e-05 33.79487 1.0 0.21061050505795223 0.03 2 1.0 0 headwater
18 1 18 16 250.0 5.0 5e-05 33.78205 1.0 0.11584843180784286 0.03 2 1.0 0 headwater
19 1 19 16 250.0 5.0 5e-05 33.76923 1.0 0.15558441639204187 0.03 2 1.0 0 headwater
20 1 20 16 250.0 5.0 5e-05 33.75641 1.0 0.11176924852447773 0.03 2 1.0 0 headwater
21 1 21 16 250.0 5.0 5e-05 33.74359 1.0 0.21567450348699096 0.03 2 1.0 0 headwater
22 1 22 16 250.0 5.0 5e-05 33.73077 1.0 0.17927617032910587 0.03 2 1.0 0 tailwater
23 1 23 16 250.0 5.0 5e-05 33.71795 1.0 0.20103025162987395 0.03 2 1.0 0 tailwater
24 1 24 16 250.0 5.0 5e-05 33.70513 1.0 0.36169175357189726 0.03 2 1.0 0 tailwater
25 1 25 16 250.0 5.0 5e-05 33.69231 1.0 0.4514262758352675 0.03 2 1.0 0 tailwater
26 1 26 16 250.0 5.0 5e-05 33.67949 1.0 0.3686641699991875 0.03 2 1.0 0 tailwater
27 1 27 16 250.0 5.0 5e-05 33.66667 1.0 0.5507782214235158 0.03 2 1.0 0 tailwater
28 1 28 16 250.0 5.0 5e-05 33.65385 1.0 0.2430583286058767 0.03 2 1.0 0 tailwater
29 1 29 16 250.0 5.0 5e-05 33.64103 1.0 0.6723565698282682 0.03 2 1.0 0 tailwater
30 1 30 16 250.0 5.0 5e-05 33.6282 1.0 0.23463819858845164 0.03 2 1.0 0 tailwater
31 1 31 16 250.0 5.0 5e-05 33.61538 1.0 0.2974549039581962 0.03 2 1.0 0 tailwater
32 1 32 16 250.0 5.0 5e-05 33.60257 1.0 0.27613074137484217 0.03 2 1.0 0 tailwater
33 1 33 16 250.0 5.0 5e-05 33.58974 1.0 0.42854578634535784 0.03 2 1.0 0 tailwater
34 1 34 16 250.0 5.0 5e-05 33.57692 1.0 1.0664482192423377 0.03 2 1.0 0 tailwater
35 1 35 16 250.0 5.0 5e-05 33.5641 1.0 1.283447749752678 0.03 2 1.0 0 tailwater
36 1 36 16 250.0 5.0 5e-05 33.55128 1.0 0.7017696836320556 0.03 2 1.0 0 tailwater
37 1 37 16 250.0 5.0 5e-05 33.53846 1.0 0.9261776328344556 0.03 2 1.0 0 tailwater
38 1 38 16 250.0 5.0 5e-05 33.52564 1.0 0.7036064933202494 0.03 2 1.0 0 tailwater
39 1 39 16 250.0 5.0 5e-05 33.51282 1.0 0.44462224991148097 0.03 2 1.0 0 tailwater
40 1 40 16 250.0 5.0 5e-05 33.51 1.0 0.27486334896890213 0.03 1 1.0 0 tailwater
