single point
           ne1                      0.01000000000000000    1.000000000000000   0.0000000000000000
hk_i:22_j:12_zone:1.0                      2.541146842501699    1.000000000000000   0.0000000000000000
hk_i:12_j:12_zone:1.0                      1.278305128210294    1.000000000000000   0.0000000000000000
hk_i:2_j:12_zone:1.0                      5.588005426391603    1.000000000000000   0.0000000000000000
hk_i:2_j:2_zone:1.0                      4.188360237706110    1.000000000000000   0.0000000000000000
hk_i:37_j:7_zone:1.0                      0.4744185751280887    1.000000000000000   0.0000000000000000
hk_i:17_j:2_zone:1.0                      3.246286280272331    1.000000000000000   0.0000000000000000
hk_i:7_j:12_zone:1.0                      3.852848925331025    1.000000000000000   0.0000000000000000
hk_i:32_j:2_zone:1.0                      1.558559005433028    1.000000000000000   0.0000000000000000
hk_i:7_j:7_zone:1.0                      18.21246601364424    1.000000000000000   0.0000000000000000
hk_i:37_j:12_zone:1.0                      0.4591144047765593    1.000000000000000   0.0000000000000000
hk_i:32_j:7_zone:1.0                      3.055924100659918    1.000000000000000   0.0000000000000000
hk_i:27_j:12_zone:1.0                      11.02478592095662    1.000000000000000   0.0000000000000000
hk_i:12_j:17_zone:1.0                      1.546461814355825    1.000000000000000   0.0000000000000000
hk_i:27_j:7_zone:1.0                      23.18053551026998    1.000000000000000   0.0000000000000000
hk_i:32_j:17_zone:1.0                      2.380226648345667    1.000000000000000   0.0000000000000000
hk_i:37_j:17_zone:1.0                      1.856143229953105    1.000000000000000   0.0000000000000000
hk_i:27_j:17_zone:1.0                      2.252278056130109    1.000000000000000   0.0000000000000000
hk_i:22_j:7_zone:1.0                      27.39948209918554    1.000000000000000   0.0000000000000000
hk_i:27_j:2_zone:1.0                      6.431103544961233    1.000000000000000   0.0000000000000000
hk_i:2_j:7_zone:1.0                      7.507246345576909    1.000000000000000   0.0000000000000000
hk_i:7_j:17_zone:1.0                      1.762566976110847    1.000000000000000   0.0000000000000000
hk_i:17_j:17_zone:1.0                      1.658005107995555    1.000000000000000   0.0000000000000000
hk_i:7_j:2_zone:1.0                      5.308117665770793    1.000000000000000   0.0000000000000000
hk_i:2_j:17_zone:1.0                      1.505258708154562    1.000000000000000   0.0000000000000000
hk_i:22_j:2_zone:1.0                      10.16742252121106    1.000000000000000   0.0000000000000000
hk_i:12_j:2_zone:1.0                      5.491748131119970    1.000000000000000   0.0000000000000000
hk_i:17_j:12_zone:1.0                      1.696076296414828    1.000000000000000   0.0000000000000000
hk_i:22_j:17_zone:1.0                      1.889135743231036    1.000000000000000   0.0000000000000000
hk_i:32_j:12_zone:1.0                      4.518288251004265    1.000000000000000   0.0000000000000000
rch_i:12_j:12_zone:1.0                      0.5000000000000000    1.000000000000000   0.0000000000000000
rch_i:37_j:12_zone:1.0                      0.5000000000000000    1.000000000000000   0.0000000000000000
rch_i:17_j:17_zone:1.0                      0.5000000000000000    1.000000000000000   0.0000000000000000
rch_i:2_j:12_zone:1.0                      0.5000000000000000    1.000000000000000   0.0000000000000000
rch_i:17_j:12_zone:1.0                      0.5000000000000000    1.000000000000000   0.0000000000000000
rch_i:27_j:12_zone:1.0                      0.5000000000000000    1.000000000000000   0.0000000000000000
rch_i:27_j:17_zone:1.0                      0.5000000000000000    1.000000000000000   0.0000000000000000
rch_i:7_j:2_zone:1.0                      2.000000000000000    1.000000000000000   0.0000000000000000
rch_i:37_j:17_zone:1.0                      0.5000000000000000    1.000000000000000   0.0000000000000000
rch_i:7_j:12_zone:1.0                      0.5000000000000000    1.000000000000000   0.0000000000000000
rch_i:32_j:2_zone:1.0                      1.583456499825189    1.000000000000000   0.0000000000000000
rch_i:32_j:7_zone:1.0                      0.5851617854973842    1.000000000000000   0.0000000000000000
rch_i:2_j:2_zone:1.0                      2.000000000000000    1.000000000000000   0.0000000000000000
rch_i:22_j:12_zone:1.0                      0.5000000000000000    1.000000000000000   0.0000000000000000
rch_i:2_j:17_zone:1.0                      0.5000000000000000    1.000000000000000   0.0000000000000000
rch_i:37_j:7_zone:1.0                      0.5000000000000000    1.000000000000000   0.0000000000000000
rch_i:12_j:17_zone:1.0                      0.5000000000000000    1.000000000000000   0.0000000000000000
rch_i:7_j:7_zone:1.0                      2.000000000000000    1.000000000000000   0.0000000000000000
rch_i:7_j:17_zone:1.0                      0.5000000000000000    1.000000000000000   0.0000000000000000
rch_i:32_j:12_zone:1.0                      0.5000000000000000    1.000000000000000   0.0000000000000000
rch_i:17_j:2_zone:1.0                      2.000000000000000    1.000000000000000   0.0000000000000000
rch_i:22_j:7_zone:1.0                      1.680907935020982    1.000000000000000   0.0000000000000000
rch_i:32_j:17_zone:1.0                      0.5000000000000000    1.000000000000000   0.0000000000000000
rch_i:22_j:17_zone:1.0                      0.5000000000000000    1.000000000000000   0.0000000000000000
rch_i:12_j:2_zone:1.0                      2.000000000000000    1.000000000000000   0.0000000000000000
rch_i:22_j:2_zone:1.0                      2.000000000000000    1.000000000000000   0.0000000000000000
rch_i:27_j:7_zone:1.0                      1.200965334733788    1.000000000000000   0.0000000000000000
rch_i:27_j:2_zone:1.0                      2.000000000000000    1.000000000000000   0.0000000000000000
rch_i:2_j:7_zone:1.0                      2.000000000000000    1.000000000000000   0.0000000000000000
