single point
           ne1                      0.01000000000000000    1.000000000000000   0.0000000000000000
hk_i:22_j:12_zone:1.0                      4.731807060545115    1.000000000000000   0.0000000000000000
hk_i:12_j:12_zone:1.0                      4.398930534012314    1.000000000000000   0.0000000000000000
hk_i:2_j:12_zone:1.0                      4.439031370369867    1.000000000000000   0.0000000000000000
hk_i:2_j:2_zone:1.0                      4.942758165951255    1.000000000000000   0.0000000000000000
hk_i:37_j:7_zone:1.0                      3.906210238777033    1.000000000000000   0.0000000000000000
hk_i:17_j:2_zone:1.0                      5.014000241457957    1.000000000000000   0.0000000000000000
hk_i:7_j:12_zone:1.0                      4.382448908231618    1.000000000000000   0.0000000000000000
hk_i:32_j:2_zone:1.0                      4.608218434061359    1.000000000000000   0.0000000000000000
hk_i:7_j:7_zone:1.0                      5.037075019577528    1.000000000000000   0.0000000000000000
hk_i:37_j:12_zone:1.0                      4.286370838240682    1.000000000000000   0.0000000000000000
hk_i:32_j:7_zone:1.0                      4.607477576795805    1.000000000000000   0.0000000000000000
hk_i:27_j:12_zone:1.0                      5.069731232257211    1.000000000000000   0.0000000000000000
hk_i:12_j:17_zone:1.0                      4.540730972144540    1.000000000000000   0.0000000000000000
hk_i:27_j:7_zone:1.0                      4.920089120537985    1.000000000000000   0.0000000000000000
hk_i:32_j:17_zone:1.0                      4.710198439180187    1.000000000000000   0.0000000000000000
hk_i:37_j:17_zone:1.0                      4.709157944847356    1.000000000000000   0.0000000000000000
hk_i:27_j:17_zone:1.0                      4.680973890672949    1.000000000000000   0.0000000000000000
hk_i:22_j:7_zone:1.0                      5.090804884201178    1.000000000000000   0.0000000000000000
hk_i:27_j:2_zone:1.0                      4.939460449905176    1.000000000000000   0.0000000000000000
hk_i:2_j:7_zone:1.0                      4.996703061730495    1.000000000000000   0.0000000000000000
hk_i:7_j:17_zone:1.0                      4.512305287633802    1.000000000000000   0.0000000000000000
hk_i:17_j:17_zone:1.0                      4.586677801427077    1.000000000000000   0.0000000000000000
hk_i:7_j:2_zone:1.0                      5.037342355466174    1.000000000000000   0.0000000000000000
hk_i:2_j:17_zone:1.0                      4.471068794844506    1.000000000000000   0.0000000000000000
hk_i:22_j:2_zone:1.0                      5.146799706958595    1.000000000000000   0.0000000000000000
hk_i:12_j:2_zone:1.0                      5.003618279319044    1.000000000000000   0.0000000000000000
hk_i:17_j:12_zone:1.0                      4.562467559724275    1.000000000000000   0.0000000000000000
hk_i:22_j:17_zone:1.0                      4.631266993987844    1.000000000000000   0.0000000000000000
hk_i:32_j:12_zone:1.0                      4.821110605626622    1.000000000000000   0.0000000000000000
rch_i:12_j:12_zone:1.0                      0.8843058185074826    1.000000000000000   0.0000000000000000
rch_i:37_j:12_zone:1.0                      0.8990516243457503    1.000000000000000   0.0000000000000000
rch_i:17_j:17_zone:1.0                      0.7577560679626660    1.000000000000000   0.0000000000000000
rch_i:2_j:12_zone:1.0                      0.9036928277940275    1.000000000000000   0.0000000000000000
rch_i:17_j:12_zone:1.0                      0.8890159753302121    1.000000000000000   0.0000000000000000
rch_i:27_j:12_zone:1.0                      0.9114130745155351    1.000000000000000   0.0000000000000000
rch_i:27_j:17_zone:1.0                      0.7682535888271688    1.000000000000000   0.0000000000000000
rch_i:7_j:2_zone:1.0                      1.386196213070372    1.000000000000000   0.0000000000000000
rch_i:37_j:17_zone:1.0                      0.8488793423782418    1.000000000000000   0.0000000000000000
rch_i:7_j:12_zone:1.0                      0.8854153467885357    1.000000000000000   0.0000000000000000
rch_i:32_j:2_zone:1.0                      1.233616022897986    1.000000000000000   0.0000000000000000
rch_i:32_j:7_zone:1.0                      1.147089456818669    1.000000000000000   0.0000000000000000
rch_i:2_j:2_zone:1.0                      1.383195264762424    1.000000000000000   0.0000000000000000
rch_i:22_j:12_zone:1.0                      0.9038535637275892    1.000000000000000   0.0000000000000000
rch_i:2_j:17_zone:1.0                      0.7650742102022660    1.000000000000000   0.0000000000000000
rch_i:37_j:7_zone:1.0                      1.056545292513634    1.000000000000000   0.0000000000000000
rch_i:12_j:17_zone:1.0                      0.7540102307580745    1.000000000000000   0.0000000000000000
rch_i:7_j:7_zone:1.0                      1.157853414502181    1.000000000000000   0.0000000000000000
rch_i:7_j:17_zone:1.0                      0.7529893793527701    1.000000000000000   0.0000000000000000
rch_i:32_j:12_zone:1.0                      0.8883154737192226    1.000000000000000   0.0000000000000000
rch_i:17_j:2_zone:1.0                      1.376650835313974    1.000000000000000   0.0000000000000000
rch_i:22_j:7_zone:1.0                      1.165999928457797    1.000000000000000   0.0000000000000000
rch_i:32_j:17_zone:1.0                      0.7709940580802462    1.000000000000000   0.0000000000000000
rch_i:22_j:17_zone:1.0                      0.7656684176732409    1.000000000000000   0.0000000000000000
rch_i:12_j:2_zone:1.0                      1.374790932014818    1.000000000000000   0.0000000000000000
rch_i:22_j:2_zone:1.0                      1.380006041371798    1.000000000000000   0.0000000000000000
rch_i:27_j:7_zone:1.0                      1.216581869184663    1.000000000000000   0.0000000000000000
rch_i:27_j:2_zone:1.0                      1.370194363422734    1.000000000000000   0.0000000000000000
rch_i:2_j:7_zone:1.0                      1.203935713847607    1.000000000000000   0.0000000000000000
