single point
           ne1                      0.01000000000000000    1.000000000000000   0.0000000000000000
hk_i:22_j:12_zone:1.0                      4.769200353380562    1.000000000000000   0.0000000000000000
hk_i:12_j:12_zone:1.0                      4.111593272800842    1.000000000000000   0.0000000000000000
hk_i:2_j:12_zone:1.0                      4.626923555719643    1.000000000000000   0.0000000000000000
hk_i:2_j:2_zone:1.0                      5.083892781172622    1.000000000000000   0.0000000000000000
hk_i:37_j:7_zone:1.0                      3.320569688073364    1.000000000000000   0.0000000000000000
hk_i:17_j:2_zone:1.0                      5.073787525337605    1.000000000000000   0.0000000000000000
hk_i:7_j:12_zone:1.0                      4.420895546412261    1.000000000000000   0.0000000000000000
hk_i:32_j:2_zone:1.0                      4.482144059064975    1.000000000000000   0.0000000000000000
hk_i:7_j:7_zone:1.0                      5.935620347620154    1.000000000000000   0.0000000000000000
hk_i:37_j:12_zone:1.0                      3.784484998912380    1.000000000000000   0.0000000000000000
hk_i:32_j:7_zone:1.0                      4.697422177228955    1.000000000000000   0.0000000000000000
hk_i:27_j:12_zone:1.0                      5.596506068533043    1.000000000000000   0.0000000000000000
hk_i:12_j:17_zone:1.0                      4.239612618070021    1.000000000000000   0.0000000000000000
hk_i:27_j:7_zone:1.0                      5.867326730365111    1.000000000000000   0.0000000000000000
hk_i:32_j:17_zone:1.0                      4.537075484601865    1.000000000000000   0.0000000000000000
hk_i:37_j:17_zone:1.0                      4.456124927500794    1.000000000000000   0.0000000000000000
hk_i:27_j:17_zone:1.0                      4.498504555855419    1.000000000000000   0.0000000000000000
hk_i:22_j:7_zone:1.0                      6.246527048113890    1.000000000000000   0.0000000000000000
hk_i:27_j:2_zone:1.0                      5.488629861270550    1.000000000000000   0.0000000000000000
hk_i:2_j:7_zone:1.0                      5.510334949215999    1.000000000000000   0.0000000000000000
hk_i:7_j:17_zone:1.0                      4.251911537641756    1.000000000000000   0.0000000000000000
hk_i:17_j:17_zone:1.0                      4.311003553281336    1.000000000000000   0.0000000000000000
hk_i:7_j:2_zone:1.0                      5.525907735570930    1.000000000000000   0.0000000000000000
hk_i:2_j:17_zone:1.0                      4.205900615123520    1.000000000000000   0.0000000000000000
hk_i:22_j:2_zone:1.0                      6.148512192083158    1.000000000000000   0.0000000000000000
hk_i:12_j:2_zone:1.0                      5.150940327684124    1.000000000000000   0.0000000000000000
hk_i:17_j:12_zone:1.0                      4.336239159842547    1.000000000000000   0.0000000000000000
hk_i:22_j:17_zone:1.0                      4.395932840079050    1.000000000000000   0.0000000000000000
hk_i:32_j:12_zone:1.0                      5.019129216308594    1.000000000000000   0.0000000000000000
rch_i:12_j:12_zone:1.0                      0.8165871938557120    1.000000000000000   0.0000000000000000
rch_i:37_j:12_zone:1.0                      0.8176312564940807    1.000000000000000   0.0000000000000000
rch_i:17_j:17_zone:1.0                      0.6340504390163735    1.000000000000000   0.0000000000000000
rch_i:2_j:12_zone:1.0                      0.8101741214273865    1.000000000000000   0.0000000000000000
rch_i:17_j:12_zone:1.0                      0.8263085332112198    1.000000000000000   0.0000000000000000
rch_i:27_j:12_zone:1.0                      0.8413800453975773    1.000000000000000   0.0000000000000000
rch_i:27_j:17_zone:1.0                      0.6464749038411822    1.000000000000000   0.0000000000000000
rch_i:7_j:2_zone:1.0                      1.782577700996544    1.000000000000000   0.0000000000000000
rch_i:37_j:17_zone:1.0                      0.7508101597515850    1.000000000000000   0.0000000000000000
rch_i:7_j:12_zone:1.0                      0.7940355500518468    1.000000000000000   0.0000000000000000
rch_i:32_j:2_zone:1.0                      1.279701696178483    1.000000000000000   0.0000000000000000
rch_i:32_j:7_zone:1.0                      1.188444573723895    1.000000000000000   0.0000000000000000
rch_i:2_j:2_zone:1.0                      1.870438480089572    1.000000000000000   0.0000000000000000
rch_i:22_j:12_zone:1.0                      0.8413528169219503    1.000000000000000   0.0000000000000000
rch_i:2_j:17_zone:1.0                      0.6382068759143062    1.000000000000000   0.0000000000000000
rch_i:37_j:7_zone:1.0                      1.049307939231593    1.000000000000000   0.0000000000000000
rch_i:12_j:17_zone:1.0                      0.6281678312892344    1.000000000000000   0.0000000000000000
rch_i:7_j:7_zone:1.0                      1.295466738720505    1.000000000000000   0.0000000000000000
rch_i:7_j:17_zone:1.0                      0.6254485150291454    1.000000000000000   0.0000000000000000
rch_i:32_j:12_zone:1.0                      0.8037832407467198    1.000000000000000   0.0000000000000000
rch_i:17_j:2_zone:1.0                      1.544589005065045    1.000000000000000   0.0000000000000000
rch_i:22_j:7_zone:1.0                      1.286357684860008    1.000000000000000   0.0000000000000000
rch_i:32_j:17_zone:1.0                      0.6481345260535808    1.000000000000000   0.0000000000000000
rch_i:22_j:17_zone:1.0                      0.6441735973040316    1.000000000000000   0.0000000000000000
rch_i:12_j:2_zone:1.0                      1.619467508918085    1.000000000000000   0.0000000000000000
rch_i:22_j:2_zone:1.0                      1.538598013196944    1.000000000000000   0.0000000000000000
rch_i:27_j:7_zone:1.0                      1.338605717101522    1.000000000000000   0.0000000000000000
rch_i:27_j:2_zone:1.0                      1.531002011915381    1.000000000000000   0.0000000000000000
rch_i:2_j:7_zone:1.0                      1.366561684677139    1.000000000000000   0.0000000000000000
