single point
           ne1                      0.01000000000000000    1.000000000000000   0.0000000000000000
hk_i:22_j:12_zone:1.0                      2.656096074344725    1.000000000000000   0.0000000000000000
hk_i:12_j:12_zone:1.0                      1.335986873022673    1.000000000000000   0.0000000000000000
hk_i:2_j:12_zone:1.0                      5.250173741652413    1.000000000000000   0.0000000000000000
hk_i:2_j:2_zone:1.0                      4.709910914092500    1.000000000000000   0.0000000000000000
hk_i:37_j:7_zone:1.0                      0.5063664841466807    1.000000000000000   0.0000000000000000
hk_i:17_j:2_zone:1.0                      3.363608478050713    1.000000000000000   0.0000000000000000
hk_i:7_j:12_zone:1.0                      3.657216466353966    1.000000000000000   0.0000000000000000
hk_i:32_j:2_zone:1.0                      1.670716593639840    1.000000000000000   0.0000000000000000
hk_i:7_j:7_zone:1.0                      18.36882818020623    1.000000000000000   0.0000000000000000
hk_i:37_j:12_zone:1.0                      0.5031789094781383    1.000000000000000   0.0000000000000000
hk_i:32_j:7_zone:1.0                      3.102263897896290    1.000000000000000   0.0000000000000000
hk_i:27_j:12_zone:1.0                      9.974957593324957    1.000000000000000   0.0000000000000000
hk_i:12_j:17_zone:1.0                      1.645683591986436    1.000000000000000   0.0000000000000000
hk_i:27_j:7_zone:1.0                      20.19420259988681    1.000000000000000   0.0000000000000000
hk_i:32_j:17_zone:1.0                      2.530876708173385    1.000000000000000   0.0000000000000000
hk_i:37_j:17_zone:1.0                      2.027263437057761    1.000000000000000   0.0000000000000000
hk_i:27_j:17_zone:1.0                      2.409900752785166    1.000000000000000   0.0000000000000000
hk_i:22_j:7_zone:1.0                      24.50162115147831    1.000000000000000   0.0000000000000000
hk_i:27_j:2_zone:1.0                      6.454425027983842    1.000000000000000   0.0000000000000000
hk_i:2_j:7_zone:1.0                      8.434408102818896    1.000000000000000   0.0000000000000000
hk_i:7_j:17_zone:1.0                      1.845536046187112    1.000000000000000   0.0000000000000000
hk_i:17_j:17_zone:1.0                      1.792879684051525    1.000000000000000   0.0000000000000000
hk_i:7_j:2_zone:1.0                      5.895405340309570    1.000000000000000   0.0000000000000000
hk_i:2_j:17_zone:1.0                      1.593709733760885    1.000000000000000   0.0000000000000000
hk_i:22_j:2_zone:1.0                      10.39148514055939    1.000000000000000   0.0000000000000000
hk_i:12_j:2_zone:1.0                      5.773970569994090    1.000000000000000   0.0000000000000000
hk_i:17_j:12_zone:1.0                      1.715811543859508    1.000000000000000   0.0000000000000000
hk_i:22_j:17_zone:1.0                      2.047745282638613    1.000000000000000   0.0000000000000000
hk_i:32_j:12_zone:1.0                      4.426343949725226    1.000000000000000   0.0000000000000000
rch_i:12_j:12_zone:1.0                      0.5000000000000000    1.000000000000000   0.0000000000000000
rch_i:37_j:12_zone:1.0                      0.5000000000000000    1.000000000000000   0.0000000000000000
rch_i:17_j:17_zone:1.0                      0.5000000000000000    1.000000000000000   0.0000000000000000
rch_i:2_j:12_zone:1.0                      0.5000000000000000    1.000000000000000   0.0000000000000000
rch_i:17_j:12_zone:1.0                      0.5000000000000000    1.000000000000000   0.0000000000000000
rch_i:27_j:12_zone:1.0                      0.5000000000000000    1.000000000000000   0.0000000000000000
rch_i:27_j:17_zone:1.0                      0.5000000000000000    1.000000000000000   0.0000000000000000
rch_i:7_j:2_zone:1.0                      2.000000000000000    1.000000000000000   0.0000000000000000
rch_i:37_j:17_zone:1.0                      0.5000000000000000    1.000000000000000   0.0000000000000000
rch_i:7_j:12_zone:1.0                      0.5000000000000000    1.000000000000000   0.0000000000000000
rch_i:32_j:2_zone:1.0                      1.836519339101116    1.000000000000000   0.0000000000000000
rch_i:32_j:7_zone:1.0                      0.6376523912010862    1.000000000000000   0.0000000000000000
rch_i:2_j:2_zone:1.0                      2.000000000000000    1.000000000000000   0.0000000000000000
rch_i:22_j:12_zone:1.0                      0.5000000000000000    1.000000000000000   0.0000000000000000
rch_i:2_j:17_zone:1.0                      0.5000000000000000    1.000000000000000   0.0000000000000000
rch_i:37_j:7_zone:1.0                      0.5000000000000000    1.000000000000000   0.0000000000000000
rch_i:12_j:17_zone:1.0                      0.5000000000000000    1.000000000000000   0.0000000000000000
rch_i:7_j:7_zone:1.0                      2.000000000000000    1.000000000000000   0.0000000000000000
rch_i:7_j:17_zone:1.0                      0.5000000000000000    1.000000000000000   0.0000000000000000
rch_i:32_j:12_zone:1.0                      0.5000000000000000    1.000000000000000   0.0000000000000000
rch_i:17_j:2_zone:1.0                      2.000000000000000    1.000000000000000   0.0000000000000000
rch_i:22_j:7_zone:1.0                      1.557982736250086    1.000000000000000   0.0000000000000000
rch_i:32_j:17_zone:1.0                      0.5000000000000000    1.000000000000000   0.0000000000000000
rch_i:22_j:17_zone:1.0                      0.5000000000000000    1.000000000000000   0.0000000000000000
rch_i:12_j:2_zone:1.0                      2.000000000000000    1.000000000000000   0.0000000000000000
rch_i:22_j:2_zone:1.0                      2.000000000000000    1.000000000000000   0.0000000000000000
rch_i:27_j:7_zone:1.0                      1.260435226728745    1.000000000000000   0.0000000000000000
rch_i:27_j:2_zone:1.0                      2.000000000000000    1.000000000000000   0.0000000000000000
rch_i:2_j:7_zone:1.0                      1.932878384483942    1.000000000000000   0.0000000000000000
