single point
           ne1                      0.01000000000000000    1.000000000000000   0.0000000000000000
hk_i:22_j:12_zone:1.0                      5.443064094710042    1.000000000000000   0.0000000000000000
hk_i:12_j:12_zone:1.0                      4.013250091931319    1.000000000000000   0.0000000000000000
hk_i:2_j:12_zone:1.0                      5.525862135973670    1.000000000000000   0.0000000000000000
hk_i:2_j:2_zone:1.0                      5.421696354661193    1.000000000000000   0.0000000000000000
hk_i:37_j:7_zone:1.0                      2.790356968012856    1.000000000000000   0.0000000000000000
hk_i:17_j:2_zone:1.0                      5.220573595707620    1.000000000000000   0.0000000000000000
hk_i:7_j:12_zone:1.0                      5.025534741636945    1.000000000000000   0.0000000000000000
hk_i:32_j:2_zone:1.0                      4.514259390820646    1.000000000000000   0.0000000000000000
hk_i:7_j:7_zone:1.0                      7.969880289952145    1.000000000000000   0.0000000000000000
hk_i:37_j:12_zone:1.0                      3.351449417754861    1.000000000000000   0.0000000000000000
hk_i:32_j:7_zone:1.0                      5.072167206204970    1.000000000000000   0.0000000000000000
hk_i:27_j:12_zone:1.0                      7.256024137748942    1.000000000000000   0.0000000000000000
hk_i:12_j:17_zone:1.0                      4.000467399639377    1.000000000000000   0.0000000000000000
hk_i:27_j:7_zone:1.0                      8.317676176059289    1.000000000000000   0.0000000000000000
hk_i:32_j:17_zone:1.0                      4.398425079628317    1.000000000000000   0.0000000000000000
hk_i:37_j:17_zone:1.0                      4.160896223965467    1.000000000000000   0.0000000000000000
hk_i:27_j:17_zone:1.0                      4.391224616491995    1.000000000000000   0.0000000000000000
hk_i:22_j:7_zone:1.0                      8.412846224719726    1.000000000000000   0.0000000000000000
hk_i:27_j:2_zone:1.0                      6.285355605610391    1.000000000000000   0.0000000000000000
hk_i:2_j:7_zone:1.0                      6.629999109083593    1.000000000000000   0.0000000000000000
hk_i:7_j:17_zone:1.0                      4.096167406577767    1.000000000000000   0.0000000000000000
hk_i:17_j:17_zone:1.0                      4.071994875876660    1.000000000000000   0.0000000000000000
hk_i:7_j:2_zone:1.0                      6.482100482679236    1.000000000000000   0.0000000000000000
hk_i:2_j:17_zone:1.0                      4.054760296371034    1.000000000000000   0.0000000000000000
hk_i:22_j:2_zone:1.0                      7.823289087845849    1.000000000000000   0.0000000000000000
hk_i:12_j:2_zone:1.0                      5.370106722502512    1.000000000000000   0.0000000000000000
hk_i:17_j:12_zone:1.0                      4.296882145953357    1.000000000000000   0.0000000000000000
hk_i:22_j:17_zone:1.0                      4.221827719291717    1.000000000000000   0.0000000000000000
hk_i:32_j:12_zone:1.0                      5.660078586984936    1.000000000000000   0.0000000000000000
rch_i:12_j:12_zone:1.0                      0.7516436934164404    1.000000000000000   0.0000000000000000
rch_i:37_j:12_zone:1.0                      0.7176432698906891    1.000000000000000   0.0000000000000000
rch_i:17_j:17_zone:1.0                      0.5000000000000000    1.000000000000000   0.0000000000000000
rch_i:2_j:12_zone:1.0                      0.6927529685945262    1.000000000000000   0.0000000000000000
rch_i:17_j:12_zone:1.0                      0.7633120999976696    1.000000000000000   0.0000000000000000
rch_i:27_j:12_zone:1.0                      0.7248736500701245    1.000000000000000   0.0000000000000000
rch_i:27_j:17_zone:1.0                      0.5000000000000000    1.000000000000000   0.0000000000000000
rch_i:7_j:2_zone:1.0                      2.000000000000000    1.000000000000000   0.0000000000000000
rch_i:37_j:17_zone:1.0                      0.6359692653561095    1.000000000000000   0.0000000000000000
rch_i:7_j:12_zone:1.0                      0.6904316694825161    1.000000000000000   0.0000000000000000
rch_i:32_j:2_zone:1.0                      1.348509631475759    1.000000000000000   0.0000000000000000
rch_i:32_j:7_zone:1.0                      1.201873408784993    1.000000000000000   0.0000000000000000
rch_i:2_j:2_zone:1.0                      2.000000000000000    1.000000000000000   0.0000000000000000
rch_i:22_j:12_zone:1.0                      0.7489579093825488    1.000000000000000   0.0000000000000000
rch_i:2_j:17_zone:1.0                      0.5339980413092171    1.000000000000000   0.0000000000000000
rch_i:37_j:7_zone:1.0                      1.041379261745590    1.000000000000000   0.0000000000000000
rch_i:12_j:17_zone:1.0                      0.5000000000000000    1.000000000000000   0.0000000000000000
rch_i:7_j:7_zone:1.0                      1.420419640892790    1.000000000000000   0.0000000000000000
rch_i:7_j:17_zone:1.0                      0.5000000000000000    1.000000000000000   0.0000000000000000
rch_i:32_j:12_zone:1.0                      0.6957915918148058    1.000000000000000   0.0000000000000000
rch_i:17_j:2_zone:1.0                      1.561073667584299    1.000000000000000   0.0000000000000000
rch_i:22_j:7_zone:1.0                      1.342888289351860    1.000000000000000   0.0000000000000000
rch_i:32_j:17_zone:1.0                      0.5000000000000000    1.000000000000000   0.0000000000000000
rch_i:22_j:17_zone:1.0                      0.5407239132486452    1.000000000000000   0.0000000000000000
rch_i:12_j:2_zone:1.0                      1.695271893496004    1.000000000000000   0.0000000000000000
rch_i:22_j:2_zone:1.0                      1.540863966967889    1.000000000000000   0.0000000000000000
rch_i:27_j:7_zone:1.0                      1.385927562576349    1.000000000000000   0.0000000000000000
rch_i:27_j:2_zone:1.0                      1.592960522828490    1.000000000000000   0.0000000000000000
rch_i:2_j:7_zone:1.0                      1.471563923621069    1.000000000000000   0.0000000000000000
