single point
           ne1                      0.01000000000000000    1.000000000000000   0.0000000000000000
hk_i:22_j:12_zone:1.0                      2.320399326011055    1.000000000000000   0.0000000000000000
hk_i:12_j:12_zone:1.0                      0.9963242672714545    1.000000000000000   0.0000000000000000
hk_i:2_j:12_zone:1.0                      6.407172448987192    1.000000000000000   0.0000000000000000
hk_i:2_j:2_zone:1.0                      4.129432668652016    1.000000000000000   0.0000000000000000
hk_i:37_j:7_zone:1.0                      0.3708373304637652    1.000000000000000   0.0000000000000000
hk_i:17_j:2_zone:1.0                      3.278260569683069    1.000000000000000   0.0000000000000000
hk_i:7_j:12_zone:1.0                      3.519156389619835    1.000000000000000   0.0000000000000000
hk_i:32_j:2_zone:1.0                      1.877622444290473    1.000000000000000   0.0000000000000000
hk_i:7_j:7_zone:1.0                      26.16618788255220    1.000000000000000   0.0000000000000000
hk_i:37_j:12_zone:1.0                      0.3675943557431587    1.000000000000000   0.0000000000000000
hk_i:32_j:7_zone:1.0                      2.571635418449970    1.000000000000000   0.0000000000000000
hk_i:27_j:12_zone:1.0                      10.90795113457904    1.000000000000000   0.0000000000000000
hk_i:12_j:17_zone:1.0                      1.130122548031273    1.000000000000000   0.0000000000000000
hk_i:27_j:7_zone:1.0                      18.58103372673900    1.000000000000000   0.0000000000000000
hk_i:32_j:17_zone:1.0                      1.979034599111259    1.000000000000000   0.0000000000000000
hk_i:37_j:17_zone:1.0                      1.450960873123753    1.000000000000000   0.0000000000000000
hk_i:27_j:17_zone:1.0                      1.955402762882428    1.000000000000000   0.0000000000000000
hk_i:22_j:7_zone:1.0                      34.99278551713510    1.000000000000000   0.0000000000000000
hk_i:27_j:2_zone:1.0                      7.793891115113254    1.000000000000000   0.0000000000000000
hk_i:2_j:7_zone:1.0                      7.067323105442407    1.000000000000000   0.0000000000000000
hk_i:7_j:17_zone:1.0                      1.350440737927706    1.000000000000000   0.0000000000000000
hk_i:17_j:17_zone:1.0                      1.224418021352957    1.000000000000000   0.0000000000000000
hk_i:7_j:2_zone:1.0                      5.226053051715863    1.000000000000000   0.0000000000000000
hk_i:2_j:17_zone:1.0                      1.282428471429688    1.000000000000000   0.0000000000000000
hk_i:22_j:2_zone:1.0                      9.638317949351286    1.000000000000000   0.0000000000000000
hk_i:12_j:2_zone:1.0                      5.528887326319508    1.000000000000000   0.0000000000000000
hk_i:17_j:12_zone:1.0                      1.376084642828968    1.000000000000000   0.0000000000000000
hk_i:22_j:17_zone:1.0                      1.411559077365146    1.000000000000000   0.0000000000000000
hk_i:32_j:12_zone:1.0                      4.742530190422740    1.000000000000000   0.0000000000000000
rch_i:12_j:12_zone:1.0                      0.5000000000000000    1.000000000000000   0.0000000000000000
rch_i:37_j:12_zone:1.0                      0.5000000000000000    1.000000000000000   0.0000000000000000
rch_i:17_j:17_zone:1.0                      0.5000000000000000    1.000000000000000   0.0000000000000000
rch_i:2_j:12_zone:1.0                      0.5000000000000000    1.000000000000000   0.0000000000000000
rch_i:17_j:12_zone:1.0                      0.5000000000000000    1.000000000000000   0.0000000000000000
rch_i:27_j:12_zone:1.0                      0.5000000000000000    1.000000000000000   0.0000000000000000
rch_i:27_j:17_zone:1.0                      0.5000000000000000    1.000000000000000   0.0000000000000000
rch_i:7_j:2_zone:1.0                      2.000000000000000    1.000000000000000   0.0000000000000000
rch_i:37_j:17_zone:1.0                      0.5000000000000000    1.000000000000000   0.0000000000000000
rch_i:7_j:12_zone:1.0                      0.5000000000000000    1.000000000000000   0.0000000000000000
rch_i:32_j:2_zone:1.0                      1.387195296054485    1.000000000000000   0.0000000000000000
rch_i:32_j:7_zone:1.0                      0.5000000000000000    1.000000000000000   0.0000000000000000
rch_i:2_j:2_zone:1.0                      2.000000000000000    1.000000000000000   0.0000000000000000
rch_i:22_j:12_zone:1.0                      0.5000000000000000    1.000000000000000   0.0000000000000000
rch_i:2_j:17_zone:1.0                      0.5000000000000000    1.000000000000000   0.0000000000000000
rch_i:37_j:7_zone:1.0                      0.5000000000000000    1.000000000000000   0.0000000000000000
rch_i:12_j:17_zone:1.0                      0.5000000000000000    1.000000000000000   0.0000000000000000
rch_i:7_j:7_zone:1.0                      2.000000000000000    1.000000000000000   0.0000000000000000
rch_i:7_j:17_zone:1.0                      0.5000000000000000    1.000000000000000   0.0000000000000000
rch_i:32_j:12_zone:1.0                      0.5000000000000000    1.000000000000000   0.0000000000000000
rch_i:17_j:2_zone:1.0                      2.000000000000000    1.000000000000000   0.0000000000000000
rch_i:22_j:7_zone:1.0                      1.936967388668641    1.000000000000000   0.0000000000000000
rch_i:32_j:17_zone:1.0                      0.5000000000000000    1.000000000000000   0.0000000000000000
rch_i:22_j:17_zone:1.0                      0.5000000000000000    1.000000000000000   0.0000000000000000
rch_i:12_j:2_zone:1.0                      2.000000000000000    1.000000000000000   0.0000000000000000
rch_i:22_j:2_zone:1.0                      2.000000000000000    1.000000000000000   0.0000000000000000
rch_i:27_j:7_zone:1.0                      1.275109978380379    1.000000000000000   0.0000000000000000
rch_i:27_j:2_zone:1.0                      2.000000000000000    1.000000000000000   0.0000000000000000
rch_i:2_j:7_zone:1.0                      1.890911288112629    1.000000000000000   0.0000000000000000
