single point
           ne1                      0.01000000000000000    1.000000000000000   0.0000000000000000
hk_i:22_j:12_zone:1.0                      2.334552447104017    1.000000000000000   0.0000000000000000
hk_i:12_j:12_zone:1.0                      1.009619567999615    1.000000000000000   0.0000000000000000
hk_i:2_j:12_zone:1.0                      6.615779865127497    1.000000000000000   0.0000000000000000
hk_i:2_j:2_zone:1.0                      4.163432882036968    1.000000000000000   0.0000000000000000
hk_i:37_j:7_zone:1.0                      0.3851474718072195    1.000000000000000   0.0000000000000000
hk_i:17_j:2_zone:1.0                      3.242305232186437    1.000000000000000   0.0000000000000000
hk_i:7_j:12_zone:1.0                      3.615360362423003    1.000000000000000   0.0000000000000000
hk_i:32_j:2_zone:1.0                      1.862355482210800    1.000000000000000   0.0000000000000000
hk_i:7_j:7_zone:1.0                      27.67935007849049    1.000000000000000   0.0000000000000000
hk_i:37_j:12_zone:1.0                      0.3776389668274107    1.000000000000000   0.0000000000000000
hk_i:32_j:7_zone:1.0                      2.589303838946392    1.000000000000000   0.0000000000000000
hk_i:27_j:12_zone:1.0                      9.797933182866226    1.000000000000000   0.0000000000000000
hk_i:12_j:17_zone:1.0                      1.146573839177929    1.000000000000000   0.0000000000000000
hk_i:27_j:7_zone:1.0                      18.59906190052704    1.000000000000000   0.0000000000000000
hk_i:32_j:17_zone:1.0                      1.989443774596899    1.000000000000000   0.0000000000000000
hk_i:37_j:17_zone:1.0                      1.488559318889325    1.000000000000000   0.0000000000000000
hk_i:27_j:17_zone:1.0                      1.970248618575932    1.000000000000000   0.0000000000000000
hk_i:22_j:7_zone:1.0                      32.95097345081921    1.000000000000000   0.0000000000000000
hk_i:27_j:2_zone:1.0                      7.733402082483047    1.000000000000000   0.0000000000000000
hk_i:2_j:7_zone:1.0                      7.270786042087755    1.000000000000000   0.0000000000000000
hk_i:7_j:17_zone:1.0                      1.387390660233472    1.000000000000000   0.0000000000000000
hk_i:17_j:17_zone:1.0                      1.250042050457984    1.000000000000000   0.0000000000000000
hk_i:7_j:2_zone:1.0                      5.268223084819756    1.000000000000000   0.0000000000000000
hk_i:2_j:17_zone:1.0                      1.302405047517590    1.000000000000000   0.0000000000000000
hk_i:22_j:2_zone:1.0                      9.624591276301983    1.000000000000000   0.0000000000000000
hk_i:12_j:2_zone:1.0                      5.497329070963344    1.000000000000000   0.0000000000000000
hk_i:17_j:12_zone:1.0                      1.396582840137872    1.000000000000000   0.0000000000000000
hk_i:22_j:17_zone:1.0                      1.444026593035037    1.000000000000000   0.0000000000000000
hk_i:32_j:12_zone:1.0                      4.509717916918150    1.000000000000000   0.0000000000000000
rch_i:12_j:12_zone:1.0                      0.5000000000000000    1.000000000000000   0.0000000000000000
rch_i:37_j:12_zone:1.0                      0.5000000000000000    1.000000000000000   0.0000000000000000
rch_i:17_j:17_zone:1.0                      0.5000000000000000    1.000000000000000   0.0000000000000000
rch_i:2_j:12_zone:1.0                      0.5000000000000000    1.000000000000000   0.0000000000000000
rch_i:17_j:12_zone:1.0                      0.5000000000000000    1.000000000000000   0.0000000000000000
rch_i:27_j:12_zone:1.0                      0.5000000000000000    1.000000000000000   0.0000000000000000
rch_i:27_j:17_zone:1.0                      0.5000000000000000    1.000000000000000   0.0000000000000000
rch_i:7_j:2_zone:1.0                      2.000000000000000    1.000000000000000   0.0000000000000000
rch_i:37_j:17_zone:1.0                      0.5000000000000000    1.000000000000000   0.0000000000000000
rch_i:7_j:12_zone:1.0                      0.5000000000000000    1.000000000000000   0.0000000000000000
rch_i:32_j:2_zone:1.0                      1.531517424233279    1.000000000000000   0.0000000000000000
rch_i:32_j:7_zone:1.0                      0.5000000000000000    1.000000000000000   0.0000000000000000
rch_i:2_j:2_zone:1.0                      2.000000000000000    1.000000000000000   0.0000000000000000
rch_i:22_j:12_zone:1.0                      0.5000000000000000    1.000000000000000   0.0000000000000000
rch_i:2_j:17_zone:1.0                      0.5000000000000000    1.000000000000000   0.0000000000000000
rch_i:37_j:7_zone:1.0                      0.5000000000000000    1.000000000000000   0.0000000000000000
rch_i:12_j:17_zone:1.0                      0.5000000000000000    1.000000000000000   0.0000000000000000
rch_i:7_j:7_zone:1.0                      2.000000000000000    1.000000000000000   0.0000000000000000
rch_i:7_j:17_zone:1.0                      0.5000000000000000    1.000000000000000   0.0000000000000000
rch_i:32_j:12_zone:1.0                      0.5000000000000000    1.000000000000000   0.0000000000000000
rch_i:17_j:2_zone:1.0                      2.000000000000000    1.000000000000000   0.0000000000000000
rch_i:22_j:7_zone:1.0                      1.832740116865957    1.000000000000000   0.0000000000000000
rch_i:32_j:17_zone:1.0                      0.5000000000000000    1.000000000000000   0.0000000000000000
rch_i:22_j:17_zone:1.0                      0.5000000000000000    1.000000000000000   0.0000000000000000
rch_i:12_j:2_zone:1.0                      2.000000000000000    1.000000000000000   0.0000000000000000
rch_i:22_j:2_zone:1.0                      2.000000000000000    1.000000000000000   0.0000000000000000
rch_i:27_j:7_zone:1.0                      1.326778584991686    1.000000000000000   0.0000000000000000
rch_i:27_j:2_zone:1.0                      2.000000000000000    1.000000000000000   0.0000000000000000
rch_i:2_j:7_zone:1.0                      1.905781285074722    1.000000000000000   0.0000000000000000
