single point
           ne1                      0.01000000000000000    1.000000000000000   0.0000000000000000
hk_i:22_j:12_zone:1.0                      4.670701863464281    1.000000000000000   0.0000000000000000
hk_i:12_j:12_zone:1.0                      4.285949894120751    1.000000000000000   0.0000000000000000
hk_i:2_j:12_zone:1.0                      4.376838284973097    1.000000000000000   0.0000000000000000
hk_i:2_j:2_zone:1.0                      4.929192153751969    1.000000000000000   0.0000000000000000
hk_i:37_j:7_zone:1.0                      3.706186511766518    1.000000000000000   0.0000000000000000
hk_i:17_j:2_zone:1.0                      5.024834173034534    1.000000000000000   0.0000000000000000
hk_i:7_j:12_zone:1.0                      4.291953618584534    1.000000000000000   0.0000000000000000
hk_i:32_j:2_zone:1.0                      4.524198440942673    1.000000000000000   0.0000000000000000
hk_i:7_j:7_zone:1.0                      5.072551021483777    1.000000000000000   0.0000000000000000
hk_i:37_j:12_zone:1.0                      4.144328411909134    1.000000000000000   0.0000000000000000
hk_i:32_j:7_zone:1.0                      4.521177519161017    1.000000000000000   0.0000000000000000
hk_i:27_j:12_zone:1.0                      5.067839328601769    1.000000000000000   0.0000000000000000
hk_i:12_j:17_zone:1.0                      4.447951679881609    1.000000000000000   0.0000000000000000
hk_i:27_j:7_zone:1.0                      4.895751287224534    1.000000000000000   0.0000000000000000
hk_i:32_j:17_zone:1.0                      4.651745054595740    1.000000000000000   0.0000000000000000
hk_i:37_j:17_zone:1.0                      4.651482355251399    1.000000000000000   0.0000000000000000
hk_i:27_j:17_zone:1.0                      4.617292567679178    1.000000000000000   0.0000000000000000
hk_i:22_j:7_zone:1.0                      5.110882889444557    1.000000000000000   0.0000000000000000
hk_i:27_j:2_zone:1.0                      4.927754135030057    1.000000000000000   0.0000000000000000
hk_i:2_j:7_zone:1.0                      5.012745371370907    1.000000000000000   0.0000000000000000
hk_i:7_j:17_zone:1.0                      4.421358373828530    1.000000000000000   0.0000000000000000
hk_i:17_j:17_zone:1.0                      4.505429351222440    1.000000000000000   0.0000000000000000
hk_i:7_j:2_zone:1.0                      5.041032246678623    1.000000000000000   0.0000000000000000
hk_i:2_j:17_zone:1.0                      4.379322145903258    1.000000000000000   0.0000000000000000
hk_i:22_j:2_zone:1.0                      5.191198004724603    1.000000000000000   0.0000000000000000
hk_i:12_j:2_zone:1.0                      5.005821840429462    1.000000000000000   0.0000000000000000
hk_i:17_j:12_zone:1.0                      4.473514845764089    1.000000000000000   0.0000000000000000
hk_i:22_j:17_zone:1.0                      4.558923558904494    1.000000000000000   0.0000000000000000
hk_i:32_j:12_zone:1.0                      4.770109850818073    1.000000000000000   0.0000000000000000
rch_i:12_j:12_zone:1.0                      0.8575468246144572    1.000000000000000   0.0000000000000000
rch_i:37_j:12_zone:1.0                      0.8812771402096897    1.000000000000000   0.0000000000000000
rch_i:17_j:17_zone:1.0                      0.7139813016233847    1.000000000000000   0.0000000000000000
rch_i:2_j:12_zone:1.0                      0.8771990842912734    1.000000000000000   0.0000000000000000
rch_i:17_j:12_zone:1.0                      0.8642530570073841    1.000000000000000   0.0000000000000000
rch_i:27_j:12_zone:1.0                      0.8928748356682872    1.000000000000000   0.0000000000000000
rch_i:27_j:17_zone:1.0                      0.7263376891984643    1.000000000000000   0.0000000000000000
rch_i:7_j:2_zone:1.0                      1.476716154323827    1.000000000000000   0.0000000000000000
rch_i:37_j:17_zone:1.0                      0.8215188882666787    1.000000000000000   0.0000000000000000
rch_i:7_j:12_zone:1.0                      0.8578037916373820    1.000000000000000   0.0000000000000000
rch_i:32_j:2_zone:1.0                      1.290844642829466    1.000000000000000   0.0000000000000000
rch_i:32_j:7_zone:1.0                      1.179337021619352    1.000000000000000   0.0000000000000000
rch_i:2_j:2_zone:1.0                      1.466890250949624    1.000000000000000   0.0000000000000000
rch_i:22_j:12_zone:1.0                      0.8832590228560352    1.000000000000000   0.0000000000000000
rch_i:2_j:17_zone:1.0                      0.7211737438633627    1.000000000000000   0.0000000000000000
rch_i:37_j:7_zone:1.0                      1.069057201764640    1.000000000000000   0.0000000000000000
rch_i:12_j:17_zone:1.0                      0.7095482638718794    1.000000000000000   0.0000000000000000
rch_i:7_j:7_zone:1.0                      1.180392239900376    1.000000000000000   0.0000000000000000
rch_i:7_j:17_zone:1.0                      0.7080451959387397    1.000000000000000   0.0000000000000000
rch_i:32_j:12_zone:1.0                      0.8677649704746474    1.000000000000000   0.0000000000000000
rch_i:17_j:2_zone:1.0                      1.473032312133518    1.000000000000000   0.0000000000000000
rch_i:22_j:7_zone:1.0                      1.197994954362274    1.000000000000000   0.0000000000000000
rch_i:32_j:17_zone:1.0                      0.7300792635545117    1.000000000000000   0.0000000000000000
rch_i:22_j:17_zone:1.0                      0.7232037934397785    1.000000000000000   0.0000000000000000
rch_i:12_j:2_zone:1.0                      1.467934693120420    1.000000000000000   0.0000000000000000
rch_i:22_j:2_zone:1.0                      1.479446817655551    1.000000000000000   0.0000000000000000
rch_i:27_j:7_zone:1.0                      1.262711193769164    1.000000000000000   0.0000000000000000
rch_i:27_j:2_zone:1.0                      1.464741380706696    1.000000000000000   0.0000000000000000
rch_i:2_j:7_zone:1.0                      1.231608696573596    1.000000000000000   0.0000000000000000
