single point
           ne1                      0.01000000000000000    1.000000000000000   0.0000000000000000
hk_i:22_j:12_zone:1.0                      2.311636417918317    1.000000000000000   0.0000000000000000
hk_i:12_j:12_zone:1.0                      0.9937702948972059    1.000000000000000   0.0000000000000000
hk_i:2_j:12_zone:1.0                      6.469427604680006    1.000000000000000   0.0000000000000000
hk_i:2_j:2_zone:1.0                      4.117310179696974    1.000000000000000   0.0000000000000000
hk_i:37_j:7_zone:1.0                      0.3686610038746683    1.000000000000000   0.0000000000000000
hk_i:17_j:2_zone:1.0                      3.312215962243870    1.000000000000000   0.0000000000000000
hk_i:7_j:12_zone:1.0                      3.528029414365387    1.000000000000000   0.0000000000000000
hk_i:32_j:2_zone:1.0                      1.905337159003195    1.000000000000000   0.0000000000000000
hk_i:7_j:7_zone:1.0                      26.08729733132837    1.000000000000000   0.0000000000000000
hk_i:37_j:12_zone:1.0                      0.3663332348463217    1.000000000000000   0.0000000000000000
hk_i:32_j:7_zone:1.0                      2.553520579660841    1.000000000000000   0.0000000000000000
hk_i:27_j:12_zone:1.0                      10.54910075402392    1.000000000000000   0.0000000000000000
hk_i:12_j:17_zone:1.0                      1.127362938055718    1.000000000000000   0.0000000000000000
hk_i:27_j:7_zone:1.0                      19.08406606213679    1.000000000000000   0.0000000000000000
hk_i:32_j:17_zone:1.0                      1.970970767642734    1.000000000000000   0.0000000000000000
hk_i:37_j:17_zone:1.0                      1.446498344658734    1.000000000000000   0.0000000000000000
hk_i:27_j:17_zone:1.0                      1.944540846256579    1.000000000000000   0.0000000000000000
hk_i:22_j:7_zone:1.0                      35.22630353367266    1.000000000000000   0.0000000000000000
hk_i:27_j:2_zone:1.0                      7.934894756193684    1.000000000000000   0.0000000000000000
hk_i:2_j:7_zone:1.0                      7.042515256747323    1.000000000000000   0.0000000000000000
hk_i:7_j:17_zone:1.0                      1.348014752646833    1.000000000000000   0.0000000000000000
hk_i:17_j:17_zone:1.0                      1.218129989821010    1.000000000000000   0.0000000000000000
hk_i:7_j:2_zone:1.0                      5.185175517488981    1.000000000000000   0.0000000000000000
hk_i:2_j:17_zone:1.0                      1.282609778093681    1.000000000000000   0.0000000000000000
hk_i:22_j:2_zone:1.0                      9.777315338335470    1.000000000000000   0.0000000000000000
hk_i:12_j:2_zone:1.0                      5.552031214126443    1.000000000000000   0.0000000000000000
hk_i:17_j:12_zone:1.0                      1.362374635653050    1.000000000000000   0.0000000000000000
hk_i:22_j:17_zone:1.0                      1.401642981552198    1.000000000000000   0.0000000000000000
hk_i:32_j:12_zone:1.0                      4.723891859686307    1.000000000000000   0.0000000000000000
rch_i:12_j:12_zone:1.0                      0.5000000000000000    1.000000000000000   0.0000000000000000
rch_i:37_j:12_zone:1.0                      0.5000000000000000    1.000000000000000   0.0000000000000000
rch_i:17_j:17_zone:1.0                      0.5000000000000000    1.000000000000000   0.0000000000000000
rch_i:2_j:12_zone:1.0                      0.5000000000000000    1.000000000000000   0.0000000000000000
rch_i:17_j:12_zone:1.0                      0.5000000000000000    1.000000000000000   0.0000000000000000
rch_i:27_j:12_zone:1.0                      0.5000000000000000    1.000000000000000   0.0000000000000000
rch_i:27_j:17_zone:1.0                      0.5000000000000000    1.000000000000000   0.0000000000000000
rch_i:7_j:2_zone:1.0                      2.000000000000000    1.000000000000000   0.0000000000000000
rch_i:37_j:17_zone:1.0                      0.5000000000000000    1.000000000000000   0.0000000000000000
rch_i:7_j:12_zone:1.0                      0.5000000000000000    1.000000000000000   0.0000000000000000
rch_i:32_j:2_zone:1.0                      1.375537311129339    1.000000000000000   0.0000000000000000
rch_i:32_j:7_zone:1.0                      0.5000000000000000    1.000000000000000   0.0000000000000000
rch_i:2_j:2_zone:1.0                      2.000000000000000    1.000000000000000   0.0000000000000000
rch_i:22_j:12_zone:1.0                      0.5000000000000000    1.000000000000000   0.0000000000000000
rch_i:2_j:17_zone:1.0                      0.5000000000000000    1.000000000000000   0.0000000000000000
rch_i:37_j:7_zone:1.0                      0.5000000000000000    1.000000000000000   0.0000000000000000
rch_i:12_j:17_zone:1.0                      0.5000000000000000    1.000000000000000   0.0000000000000000
rch_i:7_j:7_zone:1.0                      2.000000000000000    1.000000000000000   0.0000000000000000
rch_i:7_j:17_zone:1.0                      0.5000000000000000    1.000000000000000   0.0000000000000000
rch_i:32_j:12_zone:1.0                      0.5000000000000000    1.000000000000000   0.0000000000000000
rch_i:17_j:2_zone:1.0                      2.000000000000000    1.000000000000000   0.0000000000000000
rch_i:22_j:7_zone:1.0                      1.976507063319070    1.000000000000000   0.0000000000000000
rch_i:32_j:17_zone:1.0                      0.5000000000000000    1.000000000000000   0.0000000000000000
rch_i:22_j:17_zone:1.0                      0.5000000000000000    1.000000000000000   0.0000000000000000
rch_i:12_j:2_zone:1.0                      2.000000000000000    1.000000000000000   0.0000000000000000
rch_i:22_j:2_zone:1.0                      2.000000000000000    1.000000000000000   0.0000000000000000
rch_i:27_j:7_zone:1.0                      1.281937459068917    1.000000000000000   0.0000000000000000
rch_i:27_j:2_zone:1.0                      2.000000000000000    1.000000000000000   0.0000000000000000
rch_i:2_j:7_zone:1.0                      1.842635871868520    1.000000000000000   0.0000000000000000
