   4.586961E-05   2.891633E-05   4.287082E-05   2.340118E-05   2.000000E-05   2.946907E-05   3.789560E-05   2.295613E-05   2.000000E-05   2.000000E-05   2.222381E-05   2.412879E-05   3.548440E-05   2.363707E-05   2.139068E-05   2.553531E-05   2.000000E-05   3.250410E-05   2.000000E-05   2.000000E-05
   4.674249E-05   4.876486E-05   4.079875E-05   2.509542E-05   2.445194E-05   2.469374E-05   3.166051E-05   2.552217E-05   2.000000E-05   2.545417E-05   2.000000E-05   2.051798E-05   3.118512E-05   2.757784E-05   2.477690E-05   2.048032E-05   3.267932E-05   2.538251E-05   2.000000E-05   2.000000E-05
   2.907101E-05   3.532189E-05   2.519777E-05   2.849231E-05   2.399862E-05   2.000000E-05   2.356489E-05   2.000000E-05   2.000000E-05   2.195204E-05   2.653121E-05   2.025991E-05   3.175910E-05   3.779988E-05   2.714949E-05   2.000000E-05   2.411159E-05   2.039761E-05   2.167572E-05   2.000000E-05
   2.344781E-05   3.285122E-05   3.337488E-05   3.143741E-05   4.496332E-05   3.014116E-05   2.053378E-05   2.000000E-05   2.739194E-05   2.660344E-05   2.346850E-05   2.073361E-05   2.268643E-05   2.156791E-05   2.000000E-05   2.000000E-05   2.000000E-05   2.000000E-05   2.000000E-05   2.324118E-05
   4.487941E-05   2.519921E-05   4.987932E-05   3.722285E-05   3.685732E-05   3.050672E-05   5.160274E-05   4.383497E-05   3.142577E-05   2.252893E-05   2.988686E-05   3.331365E-05   2.000000E-05   2.000000E-05   2.000000E-05   2.000000E-05   2.000000E-05   2.000000E-05   2.000000E-05   2.000000E-05
   4.043395E-05   6.743406E-05   7.283332E-05   4.869760E-05   3.468891E-05   3.701072E-05   5.223479E-05   4.796946E-05   3.697368E-05   4.187809E-05   3.868403E-05   3.066648E-05   2.000000E-05   2.000000E-05   2.000000E-05   2.000000E-05   2.000000E-05   2.383136E-05   2.335122E-05   2.262321E-05
   3.673359E-05   7.240771E-05   5.928117E-05   8.483195E-05   5.817756E-05   5.806456E-05   4.053476E-05   5.064905E-05   5.313273E-05   7.398816E-05   6.620537E-05   3.258435E-05   3.180500E-05   2.000000E-05   2.000000E-05   2.000000E-05   2.000000E-05   2.000000E-05   2.115580E-05   2.000000E-05
   4.827054E-05   5.836671E-05   7.650241E-05   7.624318E-05   8.173813E-05   4.451682E-05   3.906309E-05   3.542079E-05   6.014787E-05   1.132213E-04   5.122279E-05   4.579073E-05   5.248738E-05   2.000000E-05   2.000000E-05   2.000000E-05   2.000000E-05   2.000000E-05   2.000000E-05   2.000000E-05
   4.533242E-05   4.523004E-05   5.054338E-05   6.263947E-05   4.684625E-05   4.684625E-05   4.684625E-05   7.105771E-05   6.338811E-05   1.116865E-04   6.679366E-05   3.331174E-05   4.511836E-05   2.000000E-05   2.000000E-05   2.000000E-05   2.000000E-05   2.232186E-05   2.000000E-05   2.000000E-05
   3.652996E-05   4.624601E-05   7.319386E-05   6.234026E-05   4.684625E-05   4.684625E-05   4.684625E-05   4.684625E-05   6.973769E-05   9.515873E-05   7.112954E-05   6.790590E-05   3.160706E-05   2.427806E-05   2.000000E-05   2.000000E-05   2.000000E-05   2.000000E-05   2.000000E-05   2.000000E-05
   4.343035E-05   7.308837E-05   7.119324E-05   4.848287E-05   4.684625E-05   4.684625E-05   4.684625E-05   4.684625E-05   6.633316E-05   9.447093E-05   8.598509E-05   5.746070E-05   2.340758E-05   2.314575E-05   2.247548E-05   2.000000E-05   2.000000E-05   2.000000E-05   2.000000E-05   2.000000E-05
   7.140073E-05   9.196901E-05   7.179058E-05   5.668440E-05   4.684625E-05   4.684625E-05   4.684625E-05   4.684625E-05   6.309152E-05   8.329816E-05   1.209554E-04   5.373282E-05   2.614769E-05   2.372424E-05   2.000000E-05   2.035353E-05   2.000000E-05   2.000000E-05   2.000000E-05   2.000000E-05
   6.882822E-05   8.244690E-05   8.987743E-05   5.217578E-05   4.684625E-05   4.684625E-05   4.684625E-05   4.684625E-05   7.034805E-05   9.067933E-05   8.405153E-05   4.514294E-05   2.722903E-05   2.000000E-05   2.000000E-05   2.230329E-05   2.991845E-05   2.000000E-05   2.000000E-05   2.000000E-05
   4.645007E-05   6.899945E-05   9.028903E-05   7.006472E-05   4.684625E-05   4.684625E-05   4.684625E-05   4.684625E-05   4.992436E-05   9.259572E-05   1.011371E-04   5.103036E-05   2.000000E-05   2.000000E-05   2.000000E-05   2.270129E-05   3.495927E-05   2.360313E-05   2.000000E-05   2.000000E-05
   7.490817E-05   1.002479E-04   1.206664E-04   8.516334E-05   4.684625E-05   4.684625E-05   4.684625E-05   4.684625E-05   3.129715E-05   4.812748E-05   8.120722E-05   4.469974E-05   2.162303E-05   2.000000E-05   2.000000E-05   2.000000E-05   3.446246E-05   2.521671E-05   2.055696E-05   2.000000E-05
   4.922948E-05   6.920679E-05   6.607182E-05   3.523363E-05   4.684625E-05   4.684625E-05   4.684625E-05   4.684625E-05   5.390879E-05   3.001915E-05   4.359700E-05   2.676285E-05   2.003383E-05   2.000000E-05   2.000000E-05   2.000000E-05   3.100413E-05   2.610116E-05   2.523218E-05   3.459622E-05
   6.657441E-05   9.849748E-05   4.224984E-05   2.333118E-05   4.684625E-05   4.684625E-05   4.684625E-05   4.684625E-05   2.000000E-05   2.196713E-05   3.022476E-05   2.000000E-05   2.000000E-05   2.000000E-05   2.000000E-05   2.000000E-05   3.140612E-05   2.447964E-05   3.585719E-05   4.751469E-05
   5.003062E-05   8.274826E-05   6.198633E-05   5.868375E-05   4.684625E-05   4.684625E-05   4.684625E-05   4.684625E-05   2.000000E-05   2.000000E-05   2.000000E-05   2.000000E-05   2.000000E-05   2.000000E-05   2.000000E-05   2.000000E-05   2.000000E-05   4.676594E-05   5.889519E-05   3.733153E-05
   6.669287E-05   5.628831E-05   5.491904E-05   3.754395E-05   4.684625E-05   4.684625E-05   4.684625E-05   4.684625E-05   2.009703E-05   2.000000E-05   2.000000E-05   2.000000E-05   2.000000E-05   2.000000E-05   2.000000E-05   2.000000E-05   2.178092E-05   3.661523E-05   4.261824E-05   2.682280E-05
   3.825694E-05   6.349690E-05   5.195294E-05   3.684758E-05   4.684625E-05   4.684625E-05   4.684625E-05   4.684625E-05   2.000000E-05   2.000000E-05   2.000000E-05   2.000000E-05   2.000000E-05   2.000000E-05   2.000000E-05   2.104551E-05   2.969989E-05   3.034939E-05   3.662525E-05   2.124816E-05
   3.845606E-05   3.093936E-05   2.941913E-05   2.626844E-05   4.684625E-05   4.684625E-05   4.684625E-05   4.684625E-05   2.000000E-05   2.000000E-05   2.000000E-05   2.000000E-05   2.000000E-05   2.000000E-05   2.000000E-05   2.727028E-05   3.521788E-05   3.359854E-05   3.050471E-05   2.426990E-05
   3.087220E-05   3.122330E-05   2.000000E-05   2.296533E-05   4.684625E-05   4.684625E-05   2.000000E-05   2.000000E-05   2.000000E-05   2.000000E-05   2.000000E-05   2.000000E-05   2.000000E-05   2.000000E-05   2.416980E-05   3.669693E-05   7.624390E-05   4.235225E-05   4.385338E-05   2.707204E-05
   2.563798E-05   2.000000E-05   2.000000E-05   2.565264E-05   2.000000E-05   4.684625E-05   2.000000E-05   2.000000E-05   2.000000E-05   2.000000E-05   2.000000E-05   2.000000E-05   2.000000E-05   2.000000E-05   3.930661E-05   5.993284E-05   4.211216E-05   4.472158E-05   3.548095E-05   2.560000E-05
   4.390412E-05   3.544195E-05   2.266157E-05   2.118221E-05   2.748894E-05   2.000000E-05   2.000000E-05   2.000000E-05   2.000000E-05   2.000000E-05   2.000000E-05   2.000000E-05   2.621950E-05   2.381110E-05   3.195263E-05   5.539532E-05   4.681395E-05   5.962615E-05   4.562066E-05   3.033344E-05
   4.788152E-05   3.913091E-05   3.137003E-05   2.503945E-05   2.309158E-05   2.890861E-05   2.736726E-05   2.128283E-05   2.301451E-05   3.164433E-05   2.006648E-05   3.037046E-05   2.863467E-05   2.036547E-05   2.962966E-05   4.464729E-05   4.250870E-05   4.888932E-05   4.062691E-05   3.686573E-05
   5.732126E-05   5.405627E-05   6.697801E-05   3.712086E-05   2.836715E-05   2.420248E-05   2.574241E-05   3.655736E-05   3.933112E-05   3.289070E-05   4.408462E-05   2.385326E-05   2.000000E-05   2.585612E-05   2.000000E-05   2.778512E-05   4.000533E-05   3.681818E-05   4.329704E-05   3.950164E-05
   6.801761E-05   5.695574E-05   7.700243E-05   3.474566E-05   4.997703E-05   4.301606E-05   6.172166E-05   7.290513E-05   3.724288E-05   4.607238E-05   7.451252E-05   5.168073E-05   3.477114E-05   2.968488E-05   2.000000E-05   2.670316E-05   3.400260E-05   4.137357E-05   5.718732E-05   3.288936E-05
   4.359281E-05   4.287401E-05   3.480561E-05   4.298539E-05   7.347735E-05   6.983967E-05   8.812066E-05   5.744697E-05   4.867357E-05   5.644173E-05   4.677324E-05   3.949451E-05   2.652908E-05   3.102810E-05   2.000000E-05   3.301949E-05   2.988458E-05   3.138942E-05   3.161055E-05   3.340027E-05
   3.177371E-05   3.264718E-05   6.805744E-05   9.646077E-05   1.128939E-04   6.590010E-05   6.237963E-05   7.584939E-05   6.947816E-05   5.534389E-05   4.631502E-05   3.512295E-05   2.976942E-05   2.000000E-05   2.107285E-05   2.822657E-05   2.000000E-05   2.584677E-05   2.409609E-05   2.000000E-05
   4.415806E-05   4.958627E-05   8.010657E-05   1.038022E-04   6.540893E-05   4.645747E-05   4.858265E-05   5.377745E-05   5.318509E-05   5.653432E-05   5.682410E-05   4.422639E-05   2.305447E-05   2.756905E-05   2.179496E-05   2.073339E-05   2.281411E-05   2.000000E-05   2.000000E-05   2.733629E-05
   4.153157E-05   3.478743E-05   5.757193E-05   6.786439E-05   5.031520E-05   3.653186E-05   3.689467E-05   4.895944E-05   3.188677E-05   3.682405E-05   3.741719E-05   3.377613E-05   3.385936E-05   2.809981E-05   2.443127E-05   2.000000E-05   2.000000E-05   2.000000E-05   2.000000E-05   2.000000E-05
   7.881770E-05   3.505588E-05   2.719232E-05   3.593603E-05   4.120466E-05   5.672391E-05   4.879154E-05   6.065898E-05   9.060919E-05   5.450980E-05   3.574257E-05   4.343418E-05   6.013386E-05   5.182571E-05   2.385233E-05   3.170693E-05   2.000000E-05   2.000000E-05   2.625538E-05   5.035389E-05
   4.684625E-05   5.851117E-05   5.649115E-05   6.146306E-05   6.341689E-05   4.950194E-05   4.682125E-05   4.749985E-05   9.001905E-05   5.953499E-05   3.569639E-05   4.327355E-05   4.498291E-05   2.623134E-05   3.114265E-05   2.157278E-05   2.298335E-05   2.536293E-05   2.923244E-05   4.472210E-05
   4.684625E-05   4.684625E-05   7.246969E-05   7.825164E-05   8.225961E-05   8.585254E-05   5.154558E-05   5.253179E-05   5.344212E-05   5.811903E-05   4.300956E-05   4.078408E-05   3.253763E-05   2.801325E-05   2.959986E-05   4.212018E-05   2.994409E-05   3.137481E-05   3.770393E-05   4.568576E-05
   4.684625E-05   4.684625E-05   4.684625E-05   7.189504E-05   8.003345E-05   1.259405E-04   6.238381E-05   5.224568E-05   3.757038E-05   3.538258E-05   6.173724E-05   5.545549E-05   3.716564E-05   3.186228E-05   3.815066E-05   4.717076E-05   3.533497E-05   5.500045E-05   4.966685E-05   5.314070E-05
   4.684625E-05   4.684625E-05   4.684625E-05   4.684625E-05   8.682331E-05   6.072384E-05   5.161611E-05   3.743286E-05   2.931930E-05   2.563162E-05   6.119844E-05   7.109028E-05   5.793146E-05   5.963782E-05   3.858530E-05   4.417433E-05   6.010334E-05   7.651080E-05   9.413280E-05   4.684625E-05
   4.684625E-05   4.684625E-05   4.684625E-05   4.684625E-05   7.748975E-05   4.968227E-05   4.400590E-05   3.393651E-05   2.799122E-05   2.625646E-05   6.298873E-05   9.871953E-05   6.340684E-05   5.405358E-05   3.805395E-05   4.940991E-05   3.725378E-05   8.245997E-05   6.490416E-05   4.684625E-05
   4.684625E-05   4.684625E-05   4.684625E-05   4.684625E-05   4.684625E-05   3.303348E-05   4.083428E-05   2.262197E-05   3.051997E-05   3.213430E-05   4.652265E-05   3.846659E-05   2.910757E-05   7.557296E-05   4.148158E-05   8.154327E-05   4.629896E-05   5.143208E-05   4.684625E-05   4.684625E-05
   4.684625E-05   4.684625E-05   4.684625E-05   4.684625E-05   4.684625E-05   3.572274E-05   4.801047E-05   2.372040E-05   2.661800E-05   2.840240E-05   5.189923E-05   4.357866E-05   3.050619E-05   5.075402E-05   5.614246E-05   5.662873E-05   7.918910E-05   4.684625E-05   4.684625E-05   4.684625E-05
   4.684625E-05   4.684625E-05   4.684625E-05   4.684625E-05   4.684625E-05   4.348092E-05   4.105769E-05   2.733052E-05   2.401180E-05   4.867843E-05   3.227727E-05   4.967506E-05   4.194539E-05   4.128920E-05   3.198241E-05   4.372115E-05   4.684625E-05   4.684625E-05   4.684625E-05   4.684625E-05
