   9.498171E-05   5.987673E-05   8.877213E-05   4.845658E-05   3.941540E-05   6.102128E-05   7.847002E-05   4.753501E-05   2.604489E-05   3.496327E-05   4.601861E-05   4.996323E-05   7.347715E-05   4.894502E-05   4.429345E-05   5.287568E-05   3.507879E-05   6.730589E-05   3.049148E-05   4.043327E-05
   9.678917E-05   1.009769E-04   8.448153E-05   5.196482E-05   5.063237E-05   5.113307E-05   6.555907E-05   5.284848E-05   2.905800E-05   5.270767E-05   3.177531E-05   4.248636E-05   6.457468E-05   5.710513E-05   5.130526E-05   4.240837E-05   6.766871E-05   5.255928E-05   3.880351E-05   3.014826E-05
   6.019702E-05   7.314066E-05   5.217675E-05   5.899871E-05   4.969368E-05   2.568629E-05   4.879557E-05   4.064176E-05   3.669016E-05   4.545584E-05   5.493790E-05   4.195197E-05   6.576323E-05   7.827179E-05   5.621816E-05   2.269662E-05   4.992760E-05   4.223712E-05   4.488367E-05   3.527027E-05
   4.855313E-05   6.802467E-05   6.910901E-05   6.509711E-05   9.310505E-05   6.241297E-05   4.251907E-05   4.086084E-05   5.672019E-05   5.508744E-05   4.859596E-05   4.293286E-05   4.697655E-05   4.466045E-05   3.612422E-05   2.591457E-05   2.608302E-05   3.905951E-05   4.080500E-05   4.812525E-05
   9.293131E-05   5.217974E-05   1.032846E-04   7.707695E-05   7.632005E-05   6.316994E-05   1.068532E-04   9.076859E-05   6.507301E-05   4.665041E-05   6.188639E-05   6.898221E-05   2.823499E-05   2.786379E-05   2.711141E-05   3.037024E-05   3.508653E-05   3.997400E-05   3.899742E-05   3.780717E-05
   8.372613E-05   1.396350E-04   1.508152E-04   1.008376E-04   7.182996E-05   7.663771E-05   1.081620E-04   9.932984E-05   7.656099E-05   8.671650E-05   8.010259E-05   6.350074E-05   3.524673E-05   2.799282E-05   2.225665E-05   2.473110E-05   3.250424E-05   4.934735E-05   4.835312E-05   4.684563E-05
   7.606385E-05   1.499339E-04   1.227529E-04   1.756606E-04   1.204677E-04   1.202337E-04   8.393488E-05   1.048784E-04   1.100214E-04   1.532065E-04   1.370907E-04   6.747206E-05   6.585827E-05   2.728527E-05   2.000000E-05   2.074505E-05   2.169688E-05   2.108662E-05   4.380709E-05   3.232245E-05
   9.995328E-05   1.208593E-04   1.584127E-04   1.578759E-04   1.692543E-04   9.218050E-05   8.088752E-05   7.334544E-05   1.245475E-04   2.000000E-04   1.060665E-04   9.481838E-05   1.086850E-04   3.624555E-05   2.000000E-05   2.902231E-05   2.000000E-05   2.841752E-05   3.068935E-05   3.800024E-05
   9.386936E-05   9.365736E-05   1.046596E-04   1.297069E-04   9.088677E-05   9.088677E-05   9.088677E-05   1.471384E-04   1.312571E-04   2.000000E-04   1.383089E-04   6.897826E-05   9.342610E-05   3.257854E-05   3.038998E-05   2.384492E-05   2.755914E-05   4.622162E-05   3.922118E-05   4.095577E-05
   7.564220E-05   9.576111E-05   1.515617E-04   1.290873E-04   9.088677E-05   9.088677E-05   9.088677E-05   9.088677E-05   1.444051E-04   1.970442E-04   1.472872E-04   1.406120E-04   6.544840E-05   5.027231E-05   2.890891E-05   2.339030E-05   2.120781E-05   2.754457E-05   2.359207E-05   3.091584E-05
   8.993076E-05   1.513433E-04   1.474191E-04   1.003930E-04   9.088677E-05   9.088677E-05   9.088677E-05   9.088677E-05   1.373554E-04   1.956199E-04   1.780484E-04   1.189832E-04   4.846983E-05   4.792766E-05   4.653973E-05   3.214044E-05   2.441525E-05   2.044262E-05   2.550405E-05   2.000000E-05
   1.478487E-04   1.904392E-04   1.486560E-04   1.173758E-04   9.088677E-05   9.088677E-05   9.088677E-05   9.088677E-05   1.306429E-04   1.724846E-04   2.000000E-04   1.112640E-04   5.414374E-05   4.912552E-05   3.723603E-05   4.214583E-05   3.059462E-05   2.000000E-05   2.000000E-05   2.466205E-05
   1.425219E-04   1.707219E-04   1.861082E-04   1.080398E-04   9.088677E-05   9.088677E-05   9.088677E-05   9.088677E-05   1.456689E-04   1.877687E-04   1.740446E-04   9.347700E-05   5.638286E-05   2.544904E-05   2.984127E-05   4.618317E-05   6.195181E-05   3.262197E-05   2.929270E-05   2.601097E-05
   9.618366E-05   1.428764E-04   1.869605E-04   1.450823E-04   9.088677E-05   9.088677E-05   9.088677E-05   9.088677E-05   1.033778E-04   1.917369E-04   2.000000E-04   1.056680E-04   3.804582E-05   2.435299E-05   2.386596E-05   4.700731E-05   7.238978E-05   4.887474E-05   2.761363E-05   2.512977E-05
   1.551115E-04   2.000000E-04   2.000000E-04   1.763468E-04   9.088677E-05   9.088677E-05   9.088677E-05   9.088677E-05   6.480668E-05   9.965704E-05   1.681549E-04   9.255927E-05   4.477457E-05   3.571585E-05   2.190444E-05   4.004868E-05   7.136104E-05   5.221597E-05   4.256707E-05   2.611551E-05
   1.019390E-04   1.433058E-04   1.368142E-04   7.295790E-05   9.088677E-05   9.088677E-05   9.088677E-05   9.088677E-05   1.116284E-04   6.216033E-05   9.027583E-05   5.541755E-05   4.148383E-05   2.579709E-05   3.385200E-05   3.408254E-05   6.419991E-05   5.404740E-05   5.224801E-05   7.163802E-05
   1.378549E-04   2.000000E-04   8.748629E-05   4.831162E-05   9.088677E-05   9.088677E-05   9.088677E-05   9.088677E-05   3.342992E-05   4.548709E-05   6.258608E-05   3.668499E-05   3.142665E-05   2.000000E-05   2.000000E-05   3.221050E-05   6.503232E-05   5.068972E-05   7.424910E-05   9.838816E-05
   1.035979E-04   1.713459E-04   1.283544E-04   1.215158E-04   9.088677E-05   9.088677E-05   9.088677E-05   9.088677E-05   2.713650E-05   2.238933E-05   2.985553E-05   3.093260E-05   2.012557E-05   2.000000E-05   2.000000E-05   2.000000E-05   3.554785E-05   9.683773E-05   1.219536E-04   7.730200E-05
   1.381002E-04   1.165556E-04   1.137203E-04   7.774186E-05   9.088677E-05   9.088677E-05   9.088677E-05   9.088677E-05   4.161471E-05   3.820915E-05   2.000000E-05   2.000000E-05   2.000000E-05   2.000000E-05   2.265336E-05   3.875357E-05   4.510152E-05   7.581876E-05   8.824912E-05   5.554169E-05
   7.921824E-05   1.314824E-04   1.075784E-04   7.629988E-05   9.088677E-05   9.088677E-05   9.088677E-05   9.088677E-05   2.000000E-05   2.032449E-05   2.000000E-05   2.000000E-05   2.000000E-05   2.000000E-05   2.894382E-05   4.357871E-05   6.149925E-05   6.284416E-05   7.583951E-05   4.399833E-05
   7.963055E-05   6.406581E-05   6.091788E-05   5.439378E-05   9.088677E-05   9.088677E-05   9.088677E-05   9.088677E-05   2.000000E-05   2.000000E-05   2.000000E-05   2.070068E-05   2.024006E-05   2.000000E-05   2.359524E-05   5.646827E-05   7.292528E-05   6.957212E-05   6.316578E-05   5.025541E-05
   6.392672E-05   6.465375E-05   4.130681E-05   4.755407E-05   9.088677E-05   9.088677E-05   2.000000E-05   2.000000E-05   2.000000E-05   2.000000E-05   2.000000E-05   2.000000E-05   3.130071E-05   2.748569E-05   5.004815E-05   7.598794E-05   1.578774E-04   8.769835E-05   9.080671E-05   5.605778E-05
   5.308830E-05   4.036122E-05   3.315712E-05   5.311864E-05   3.298377E-05   9.088677E-05   2.000000E-05   2.000000E-05   2.000000E-05   2.000000E-05   2.000000E-05   3.067510E-05   3.724672E-05   3.090761E-05   8.139177E-05   1.241023E-04   8.720119E-05   9.260450E-05   7.347002E-05   5.300965E-05
   9.091179E-05   7.338927E-05   4.692506E-05   4.386178E-05   5.692105E-05   3.612542E-05   3.503009E-05   2.532306E-05   3.441717E-05   3.982904E-05   2.224094E-05   3.191930E-05   5.429244E-05   4.930538E-05   6.616396E-05   1.147065E-04   9.693714E-05   1.234672E-04   9.446621E-05   6.281112E-05
   9.914775E-05   8.102796E-05   6.495758E-05   5.184892E-05   4.781548E-05   5.986075E-05   5.666909E-05   4.407013E-05   4.765590E-05   6.552557E-05   4.155144E-05   6.288777E-05   5.929351E-05   4.217056E-05   6.135381E-05   9.245066E-05   8.802230E-05   1.012346E-04   8.412570E-05   7.633747E-05
   1.186945E-04   1.119337E-04   1.386906E-04   7.686575E-05   5.873954E-05   5.011582E-05   5.330454E-05   7.569893E-05   8.144253E-05   6.810642E-05   9.128554E-05   4.939268E-05   3.259783E-05   5.353999E-05   2.470518E-05   5.753434E-05   8.283861E-05   7.623900E-05   8.965471E-05   8.179561E-05
   1.408433E-04   1.179376E-04   1.594481E-04   7.194747E-05   1.034869E-04   8.907288E-05   1.278064E-04   1.509639E-04   7.711844E-05   9.540157E-05   1.542923E-04   1.070147E-04   7.200022E-05   6.146816E-05   4.082029E-05   5.529395E-05   7.040882E-05   8.567180E-05   1.184172E-04   6.810364E-05
   9.026716E-05   8.877875E-05   7.207160E-05   8.900939E-05   1.521488E-04   1.446162E-04   1.824705E-04   1.189548E-04   1.007878E-04   1.168733E-04   9.685283E-05   8.178086E-05   5.493348E-05   6.424955E-05   2.991618E-05   6.837311E-05   6.188167E-05   6.499773E-05   6.545562E-05   6.916157E-05
   6.579347E-05   6.760215E-05   1.409258E-04   1.997403E-04   2.000000E-04   1.364586E-04   1.291688E-04   1.570605E-04   1.438677E-04   1.146000E-04   9.590400E-05   7.272871E-05   6.164321E-05   4.135190E-05   4.363532E-05   5.844845E-05   3.839391E-05   5.352063E-05   4.989551E-05   4.078579E-05
   9.143763E-05   1.026778E-04   1.658758E-04   2.000000E-04   1.354416E-04   9.619898E-05   1.005996E-04   1.113564E-04   1.101298E-04   1.170650E-04   1.176650E-04   9.157910E-05   4.773864E-05   5.708694E-05   4.513060E-05   4.293241E-05   4.724094E-05   3.500945E-05   4.039995E-05   5.660496E-05
   8.599898E-05   7.203395E-05   1.192136E-04   1.405261E-04   1.041871E-04   7.564612E-05   7.639740E-05   1.013798E-04   6.602760E-05   7.625116E-05   7.747937E-05   6.993987E-05   7.011220E-05   5.818598E-05   5.058957E-05   3.822811E-05   2.767984E-05   3.104304E-05   3.879432E-05   4.123551E-05
   1.632069E-04   7.258984E-05   5.630684E-05   7.441235E-05   8.532205E-05   1.174576E-04   1.010321E-04   1.256059E-04   1.876235E-04   1.128729E-04   7.401176E-05   8.993868E-05   1.245185E-04   1.073149E-04   4.939077E-05   6.565519E-05   3.644998E-05   2.344515E-05   5.436673E-05   1.042673E-04
   9.088677E-05   1.211585E-04   1.169756E-04   1.272709E-04   1.313167E-04   1.025031E-04   9.695226E-05   9.835742E-05   1.864015E-04   1.232785E-04   7.391613E-05   8.960607E-05   9.314562E-05   5.431695E-05   6.448675E-05   4.467051E-05   4.759138E-05   5.251874E-05   6.053130E-05   9.260558E-05
   9.088677E-05   9.088677E-05   1.500622E-04   1.620348E-04   1.703341E-04   1.777739E-04   1.067349E-04   1.087770E-04   1.106620E-04   1.203465E-04   8.905942E-05   8.445114E-05   6.737531E-05   5.800674E-05   6.129211E-05   8.721781E-05   6.200489E-05   6.496748E-05   7.807312E-05   9.460101E-05
   9.088677E-05   9.088677E-05   9.088677E-05   1.488723E-04   1.657244E-04   2.000000E-04   1.291775E-04   1.081846E-04   7.779658E-05   7.326633E-05   1.278386E-04   1.148311E-04   7.695848E-05   6.597687E-05   7.899816E-05   9.767599E-05   7.316774E-05   1.138888E-04   1.028446E-04   1.100379E-04
   9.088677E-05   9.088677E-05   9.088677E-05   9.088677E-05   1.797841E-04   1.257402E-04   1.068809E-04   7.751181E-05   6.071115E-05   5.307512E-05   1.267229E-04   1.472059E-04   1.199581E-04   1.234914E-04   7.989816E-05   9.147130E-05   1.244553E-04   1.584301E-04   1.949198E-04   9.088677E-05
   9.088677E-05   9.088677E-05   9.088677E-05   9.088677E-05   1.604572E-04   1.028765E-04   9.112254E-05   7.027197E-05   5.796112E-05   5.436896E-05   1.304301E-04   2.000000E-04   1.312959E-04   1.119282E-04   7.879790E-05   1.023126E-04   7.714100E-05   1.707490E-04   1.343963E-04   9.088677E-05
   9.088677E-05   9.088677E-05   9.088677E-05   9.088677E-05   9.088677E-05   6.840207E-05   8.455510E-05   4.684306E-05   6.319737E-05   6.654015E-05   9.633394E-05   7.965235E-05   6.027273E-05   1.564881E-04   8.589546E-05   1.688508E-04   9.587075E-05   1.064998E-04   9.088677E-05   9.088677E-05
   9.088677E-05   9.088677E-05   9.088677E-05   9.088677E-05   9.088677E-05   7.397068E-05   9.941475E-05   4.911757E-05   5.511760E-05   5.881254E-05   1.074672E-04   9.023785E-05   6.316883E-05   1.050958E-04   1.162536E-04   1.172605E-04   1.639760E-04   9.088677E-05   9.088677E-05   9.088677E-05
   9.088677E-05   9.088677E-05   9.088677E-05   9.088677E-05   9.088677E-05   9.003546E-05   8.501770E-05   5.659301E-05   4.972098E-05   1.007979E-04   6.683619E-05   1.028616E-04   8.685586E-05   8.549711E-05   6.622562E-05   9.053291E-05   9.088677E-05   9.088677E-05   9.088677E-05   9.088677E-05
