   2.043660E-05   2.000000E-05   2.000000E-05   2.000000E-05   2.000000E-05   2.000000E-05   2.000000E-05   2.000000E-05   2.000000E-05   2.000000E-05   2.000000E-05   2.000000E-05   2.000000E-05   2.000000E-05   2.000000E-05   2.000000E-05   2.000000E-05   2.000000E-05   2.000000E-05   2.000000E-05
   2.082550E-05   2.172654E-05   2.000000E-05   2.000000E-05   2.000000E-05   2.000000E-05   2.000000E-05   2.000000E-05   2.000000E-05   2.000000E-05   2.000000E-05   2.000000E-05   2.000000E-05   2.000000E-05   2.000000E-05   2.000000E-05   2.000000E-05   2.000000E-05   2.000000E-05   2.000000E-05
   2.000000E-05   2.000000E-05   2.000000E-05   2.000000E-05   2.000000E-05   2.000000E-05   2.000000E-05   2.000000E-05   2.000000E-05   2.000000E-05   2.000000E-05   2.000000E-05   2.000000E-05   2.000000E-05   2.000000E-05   2.000000E-05   2.000000E-05   2.000000E-05   2.000000E-05   2.000000E-05
   2.000000E-05   2.000000E-05   2.000000E-05   2.000000E-05   2.003281E-05   2.000000E-05   2.000000E-05   2.000000E-05   2.000000E-05   2.000000E-05   2.000000E-05   2.000000E-05   2.000000E-05   2.000000E-05   2.000000E-05   2.000000E-05   2.000000E-05   2.000000E-05   2.000000E-05   2.000000E-05
   2.000000E-05   2.000000E-05   2.222307E-05   2.000000E-05   2.000000E-05   2.000000E-05   2.299092E-05   2.000000E-05   2.000000E-05   2.000000E-05   2.000000E-05   2.000000E-05   2.000000E-05   2.000000E-05   2.000000E-05   2.000000E-05   2.000000E-05   2.000000E-05   2.000000E-05   2.000000E-05
   2.000000E-05   3.004435E-05   3.244993E-05   2.169657E-05   2.000000E-05   2.000000E-05   2.327252E-05   2.137216E-05   2.000000E-05   2.000000E-05   2.000000E-05   2.000000E-05   2.000000E-05   2.000000E-05   2.000000E-05   2.000000E-05   2.000000E-05   2.000000E-05   2.000000E-05   2.000000E-05
   2.000000E-05   3.226030E-05   2.641194E-05   3.779575E-05   2.592024E-05   2.586990E-05   2.000000E-05   2.256602E-05   2.367258E-05   3.296445E-05   2.949693E-05   2.000000E-05   2.000000E-05   2.000000E-05   2.000000E-05   2.000000E-05   2.000000E-05   2.000000E-05   2.000000E-05   2.000000E-05
   2.150630E-05   2.600452E-05   3.408464E-05   3.396914E-05   3.641734E-05   2.000000E-05   2.000000E-05   2.000000E-05   2.679809E-05   5.044428E-05   2.282164E-05   2.040146E-05   2.338506E-05   2.000000E-05   2.000000E-05   2.000000E-05   2.000000E-05   2.000000E-05   2.000000E-05   2.000000E-05
   2.019726E-05   2.015165E-05   2.251894E-05   2.790819E-05   2.080315E-05   2.080315E-05   2.080315E-05   3.165882E-05   2.824173E-05   4.976045E-05   2.975903E-05   2.000000E-05   2.010189E-05   2.000000E-05   2.000000E-05   2.000000E-05   2.000000E-05   2.000000E-05   2.000000E-05   2.000000E-05
   2.000000E-05   2.060430E-05   3.261056E-05   2.777488E-05   2.080315E-05   2.080315E-05   2.080315E-05   2.080315E-05   3.107071E-05   4.239672E-05   3.169083E-05   3.025458E-05   2.000000E-05   2.000000E-05   2.000000E-05   2.000000E-05   2.000000E-05   2.000000E-05   2.000000E-05   2.000000E-05
   2.000000E-05   3.256356E-05   3.171921E-05   2.160090E-05   2.080315E-05   2.080315E-05   2.080315E-05   2.080315E-05   2.955386E-05   4.209027E-05   3.830952E-05   2.560085E-05   2.000000E-05   2.000000E-05   2.000000E-05   2.000000E-05   2.000000E-05   2.000000E-05   2.000000E-05   2.000000E-05
   3.181165E-05   4.097558E-05   3.198534E-05   2.525498E-05   2.080315E-05   2.080315E-05   2.080315E-05   2.080315E-05   2.810959E-05   3.711240E-05   5.389010E-05   2.393995E-05   2.000000E-05   2.000000E-05   2.000000E-05   2.000000E-05   2.000000E-05   2.000000E-05   2.000000E-05   2.000000E-05
   3.066551E-05   3.673313E-05   4.004370E-05   2.324623E-05   2.080315E-05   2.080315E-05   2.080315E-05   2.080315E-05   3.134264E-05   4.040098E-05   3.744805E-05   2.011284E-05   2.000000E-05   2.000000E-05   2.000000E-05   2.000000E-05   2.000000E-05   2.000000E-05   2.000000E-05   2.000000E-05
   2.069521E-05   3.074179E-05   4.022709E-05   3.121641E-05   2.080315E-05   2.080315E-05   2.080315E-05   2.080315E-05   2.224314E-05   4.125480E-05   4.506031E-05   2.273590E-05   2.000000E-05   2.000000E-05   2.000000E-05   2.000000E-05   2.000000E-05   2.000000E-05   2.000000E-05   2.000000E-05
   3.337435E-05   4.466414E-05   5.376134E-05   3.794340E-05   2.080315E-05   2.080315E-05   2.080315E-05   2.080315E-05   2.000000E-05   2.144256E-05   3.618080E-05   2.000000E-05   2.000000E-05   2.000000E-05   2.000000E-05   2.000000E-05   2.000000E-05   2.000000E-05   2.000000E-05   2.000000E-05
   2.193355E-05   3.083417E-05   2.943742E-05   2.000000E-05   2.080315E-05   2.080315E-05   2.080315E-05   2.080315E-05   2.401835E-05   2.000000E-05   2.000000E-05   2.000000E-05   2.000000E-05   2.000000E-05   2.000000E-05   2.000000E-05   2.000000E-05   2.000000E-05   2.000000E-05   2.000000E-05
   2.966135E-05   4.388425E-05   2.000000E-05   2.000000E-05   2.080315E-05   2.080315E-05   2.080315E-05   2.080315E-05   2.000000E-05   2.000000E-05   2.000000E-05   2.000000E-05   2.000000E-05   2.000000E-05   2.000000E-05   2.000000E-05   2.000000E-05   2.000000E-05   2.000000E-05   2.116954E-05
   2.229048E-05   3.686740E-05   2.761719E-05   2.614577E-05   2.080315E-05   2.080315E-05   2.080315E-05   2.080315E-05   2.000000E-05   2.000000E-05   2.000000E-05   2.000000E-05   2.000000E-05   2.000000E-05   2.000000E-05   2.000000E-05   2.000000E-05   2.083595E-05   2.623997E-05   2.000000E-05
   2.971413E-05   2.507851E-05   2.446845E-05   2.000000E-05   2.080315E-05   2.080315E-05   2.080315E-05   2.080315E-05   2.000000E-05   2.000000E-05   2.000000E-05   2.000000E-05   2.000000E-05   2.000000E-05   2.000000E-05   2.000000E-05   2.000000E-05   2.000000E-05   2.000000E-05   2.000000E-05
   2.000000E-05   2.829021E-05   2.314695E-05   2.000000E-05   2.080315E-05   2.080315E-05   2.080315E-05   2.080315E-05   2.000000E-05   2.000000E-05   2.000000E-05   2.000000E-05   2.000000E-05   2.000000E-05   2.000000E-05   2.000000E-05   2.000000E-05   2.000000E-05   2.000000E-05   2.000000E-05
   2.000000E-05   2.000000E-05   2.000000E-05   2.000000E-05   2.080315E-05   2.080315E-05   2.080315E-05   2.080315E-05   2.000000E-05   2.000000E-05   2.000000E-05   2.000000E-05   2.000000E-05   2.000000E-05   2.000000E-05   2.000000E-05   2.000000E-05   2.000000E-05   2.000000E-05   2.000000E-05
   2.000000E-05   2.000000E-05   2.000000E-05   2.000000E-05   2.080315E-05   2.080315E-05   2.000000E-05   2.000000E-05   2.000000E-05   2.000000E-05   2.000000E-05   2.000000E-05   2.000000E-05   2.000000E-05   2.000000E-05   2.000000E-05   3.396946E-05   2.000000E-05   2.000000E-05   2.000000E-05
   2.000000E-05   2.000000E-05   2.000000E-05   2.000000E-05   2.000000E-05   2.080315E-05   2.000000E-05   2.000000E-05   2.000000E-05   2.000000E-05   2.000000E-05   2.000000E-05   2.000000E-05   2.000000E-05   2.000000E-05   2.670229E-05   2.000000E-05   2.000000E-05   2.000000E-05   2.000000E-05
   2.000000E-05   2.000000E-05   2.000000E-05   2.000000E-05   2.000000E-05   2.000000E-05   2.000000E-05   2.000000E-05   2.000000E-05   2.000000E-05   2.000000E-05   2.000000E-05   2.000000E-05   2.000000E-05   2.000000E-05   2.468065E-05   2.085734E-05   2.656564E-05   2.032568E-05   2.000000E-05
   2.133298E-05   2.000000E-05   2.000000E-05   2.000000E-05   2.000000E-05   2.000000E-05   2.000000E-05   2.000000E-05   2.000000E-05   2.000000E-05   2.000000E-05   2.000000E-05   2.000000E-05   2.000000E-05   2.000000E-05   2.000000E-05   2.000000E-05   2.178199E-05   2.000000E-05   2.000000E-05
   2.553873E-05   2.408405E-05   2.984117E-05   2.000000E-05   2.000000E-05   2.000000E-05   2.000000E-05   2.000000E-05   2.000000E-05   2.000000E-05   2.000000E-05   2.000000E-05   2.000000E-05   2.000000E-05   2.000000E-05   2.000000E-05   2.000000E-05   2.000000E-05   2.000000E-05   2.000000E-05
   3.030435E-05   2.537588E-05   3.430741E-05   2.000000E-05   2.226660E-05   2.000000E-05   2.749927E-05   3.248192E-05   2.000000E-05   2.052694E-05   3.319807E-05   2.302566E-05   2.000000E-05   2.000000E-05   2.000000E-05   2.000000E-05   2.000000E-05   2.000000E-05   2.547905E-05   2.000000E-05
   2.000000E-05   2.000000E-05   2.000000E-05   2.000000E-05   3.273686E-05   3.111614E-05   3.926100E-05   2.559474E-05   2.168587E-05   2.514687E-05   2.083920E-05   2.000000E-05   2.000000E-05   2.000000E-05   2.000000E-05   2.000000E-05   2.000000E-05   2.000000E-05   2.000000E-05   2.000000E-05
   2.000000E-05   2.000000E-05   3.032209E-05   4.297682E-05   5.029840E-05   2.936092E-05   2.779242E-05   3.379370E-05   3.095508E-05   2.465774E-05   2.063504E-05   2.000000E-05   2.000000E-05   2.000000E-05   2.000000E-05   2.000000E-05   2.000000E-05   2.000000E-05   2.000000E-05   2.000000E-05
   2.000000E-05   2.209251E-05   3.569042E-05   4.624771E-05   2.914209E-05   2.069851E-05   2.164536E-05   2.395983E-05   2.369591E-05   2.518812E-05   2.531723E-05   2.000000E-05   2.000000E-05   2.000000E-05   2.000000E-05   2.000000E-05   2.000000E-05   2.000000E-05   2.000000E-05   2.000000E-05
   2.000000E-05   2.000000E-05   2.565041E-05   3.023608E-05   2.241727E-05   2.000000E-05   2.000000E-05   2.181323E-05   2.000000E-05   2.000000E-05   2.000000E-05   2.000000E-05   2.000000E-05   2.000000E-05   2.000000E-05   2.000000E-05   2.000000E-05   2.000000E-05   2.000000E-05   2.000000E-05
   3.511618E-05   2.000000E-05   2.000000E-05   2.000000E-05   2.000000E-05   2.527259E-05   2.173842E-05   2.702581E-05   4.036973E-05   2.428612E-05   2.000000E-05   2.000000E-05   2.679185E-05   2.309026E-05   2.000000E-05   2.000000E-05   2.000000E-05   2.000000E-05   2.000000E-05   2.243451E-05
   2.080315E-05   2.606888E-05   2.516889E-05   2.738405E-05   2.825456E-05   2.205494E-05   2.086059E-05   2.116293E-05   4.010680E-05   2.652503E-05   2.000000E-05   2.000000E-05   2.004154E-05   2.000000E-05   2.000000E-05   2.000000E-05   2.000000E-05   2.000000E-05   2.000000E-05   2.000000E-05
   2.080315E-05   2.080315E-05   3.228791E-05   3.486398E-05   3.664968E-05   3.825047E-05   2.296545E-05   2.340484E-05   2.381043E-05   2.589417E-05   2.000000E-05   2.000000E-05   2.000000E-05   2.000000E-05   2.000000E-05   2.000000E-05   2.000000E-05   2.000000E-05   2.000000E-05   2.035469E-05
   2.080315E-05   2.080315E-05   2.080315E-05   3.203188E-05   3.565785E-05   5.611113E-05   2.779428E-05   2.327737E-05   2.000000E-05   2.000000E-05   2.750621E-05   2.470746E-05   2.000000E-05   2.000000E-05   2.000000E-05   2.101631E-05   2.000000E-05   2.450472E-05   2.212841E-05   2.367614E-05
   2.080315E-05   2.080315E-05   2.080315E-05   2.080315E-05   3.868298E-05   2.705470E-05   2.299688E-05   2.000000E-05   2.000000E-05   2.000000E-05   2.726615E-05   3.167333E-05   2.581060E-05   2.657084E-05   2.000000E-05   2.000000E-05   2.677825E-05   3.408838E-05   4.193962E-05   2.080315E-05
   2.080315E-05   2.080315E-05   2.080315E-05   2.080315E-05   3.452454E-05   2.213528E-05   2.000000E-05   2.000000E-05   2.000000E-05   2.000000E-05   2.806380E-05   4.398318E-05   2.825008E-05   2.408286E-05   2.000000E-05   2.201393E-05   2.000000E-05   3.673895E-05   2.891719E-05   2.080315E-05
   2.080315E-05   2.080315E-05   2.080315E-05   2.080315E-05   2.080315E-05   2.000000E-05   2.000000E-05   2.000000E-05   2.000000E-05   2.000000E-05   2.072755E-05   2.000000E-05   2.000000E-05   3.367054E-05   2.000000E-05   3.633053E-05   2.062789E-05   2.291488E-05   2.080315E-05   2.080315E-05
   2.080315E-05   2.080315E-05   2.080315E-05   2.080315E-05   2.080315E-05   2.000000E-05   2.139043E-05   2.000000E-05   2.000000E-05   2.000000E-05   2.312302E-05   2.000000E-05   2.000000E-05   2.261278E-05   2.501353E-05   2.523018E-05   3.528166E-05   2.080315E-05   2.080315E-05   2.080315E-05
   2.080315E-05   2.080315E-05   2.080315E-05   2.080315E-05   2.080315E-05   2.000000E-05   2.000000E-05   2.000000E-05   2.000000E-05   2.168803E-05   2.000000E-05   2.213207E-05   2.000000E-05   2.000000E-05   2.000000E-05   2.000000E-05   2.080315E-05   2.080315E-05   2.080315E-05   2.080315E-05
