   3.176609E-05   2.002542E-05   2.968933E-05   2.000000E-05   2.000000E-05   2.040821E-05   2.624384E-05   2.000000E-05   2.000000E-05   2.000000E-05   2.000000E-05   2.000000E-05   2.457401E-05   2.000000E-05   2.000000E-05   2.000000E-05   2.000000E-05   2.251007E-05   2.000000E-05   2.000000E-05
   3.237058E-05   3.377113E-05   2.825436E-05   2.000000E-05   2.000000E-05   2.000000E-05   2.192585E-05   2.000000E-05   2.000000E-05   2.000000E-05   2.000000E-05   2.000000E-05   2.159663E-05   2.000000E-05   2.000000E-05   2.000000E-05   2.263141E-05   2.000000E-05   2.000000E-05   2.000000E-05
   2.013255E-05   2.446147E-05   2.000000E-05   2.000000E-05   2.000000E-05   2.000000E-05   2.000000E-05   2.000000E-05   2.000000E-05   2.000000E-05   2.000000E-05   2.000000E-05   2.199413E-05   2.617755E-05   2.000000E-05   2.000000E-05   2.000000E-05   2.000000E-05   2.000000E-05   2.000000E-05
   2.000000E-05   2.275046E-05   2.311311E-05   2.177135E-05   3.113845E-05   2.087366E-05   2.000000E-05   2.000000E-05   2.000000E-05   2.000000E-05   2.000000E-05   2.000000E-05   2.000000E-05   2.000000E-05   2.000000E-05   2.000000E-05   2.000000E-05   2.000000E-05   2.000000E-05   2.000000E-05
   3.108034E-05   2.000000E-05   3.454293E-05   2.577794E-05   2.552480E-05   2.112682E-05   3.573644E-05   3.035703E-05   2.176329E-05   2.000000E-05   2.069754E-05   2.307070E-05   2.000000E-05   2.000000E-05   2.000000E-05   2.000000E-05   2.000000E-05   2.000000E-05   2.000000E-05   2.000000E-05
   2.800172E-05   4.670011E-05   5.043926E-05   3.372455E-05   2.402311E-05   2.563104E-05   3.617416E-05   3.322029E-05   2.560538E-05   2.900183E-05   2.678985E-05   2.123746E-05   2.000000E-05   2.000000E-05   2.000000E-05   2.000000E-05   2.000000E-05   2.000000E-05   2.000000E-05   2.000000E-05
   2.543911E-05   5.014452E-05   4.105399E-05   5.874867E-05   4.028971E-05   4.021145E-05   2.807153E-05   3.507599E-05   3.679601E-05   5.123902E-05   4.584920E-05   2.256564E-05   2.202592E-05   2.000000E-05   2.000000E-05   2.000000E-05   2.000000E-05   2.000000E-05   2.000000E-05   2.000000E-05
   3.342880E-05   4.042070E-05   5.298022E-05   5.280069E-05   5.660611E-05   3.082924E-05   2.705236E-05   2.452996E-05   4.165421E-05   7.840918E-05   3.547332E-05   3.171146E-05   3.634908E-05   2.000000E-05   2.000000E-05   2.000000E-05   2.000000E-05   2.000000E-05   2.000000E-05   2.000000E-05
   3.139406E-05   3.132316E-05   3.500281E-05   4.337972E-05   3.749804E-05   3.749804E-05   3.749804E-05   4.920960E-05   4.389817E-05   7.734626E-05   4.625662E-05   2.306938E-05   3.124582E-05   2.000000E-05   2.000000E-05   2.000000E-05   2.000000E-05   2.000000E-05   2.000000E-05   2.000000E-05
   2.529810E-05   3.202675E-05   5.068895E-05   4.317250E-05   3.749804E-05   3.749804E-05   3.749804E-05   3.749804E-05   4.829545E-05   6.590028E-05   4.925934E-05   4.702687E-05   2.188884E-05   2.000000E-05   2.000000E-05   2.000000E-05   2.000000E-05   2.000000E-05   2.000000E-05   2.000000E-05
   3.007682E-05   5.061589E-05   4.930345E-05   3.357584E-05   3.749804E-05   3.749804E-05   3.749804E-05   3.749804E-05   4.593771E-05   6.542395E-05   5.954726E-05   3.979326E-05   2.000000E-05   2.000000E-05   2.000000E-05   2.000000E-05   2.000000E-05   2.000000E-05   2.000000E-05   2.000000E-05
   4.944715E-05   6.369130E-05   4.971713E-05   3.925565E-05   3.749804E-05   3.749804E-05   3.749804E-05   3.749804E-05   4.369277E-05   5.768648E-05   8.376528E-05   3.721159E-05   2.000000E-05   2.000000E-05   2.000000E-05   2.000000E-05   2.000000E-05   2.000000E-05   2.000000E-05   2.000000E-05
   4.766561E-05   5.709695E-05   6.224282E-05   3.613330E-05   3.749804E-05   3.749804E-05   3.749804E-05   3.749804E-05   4.871814E-05   6.279816E-05   5.820820E-05   3.126284E-05   2.000000E-05   2.000000E-05   2.000000E-05   2.000000E-05   2.071942E-05   2.000000E-05   2.000000E-05   2.000000E-05
   3.216807E-05   4.778419E-05   6.252786E-05   4.852192E-05   3.749804E-05   3.749804E-05   3.749804E-05   3.749804E-05   3.457412E-05   6.412531E-05   7.004049E-05   3.534006E-05   2.000000E-05   2.000000E-05   2.000000E-05   2.000000E-05   2.421034E-05   2.000000E-05   2.000000E-05   2.000000E-05
   5.187616E-05   6.942469E-05   8.356514E-05   5.897817E-05   3.749804E-05   3.749804E-05   3.749804E-05   3.749804E-05   2.167422E-05   3.332972E-05   5.623843E-05   3.095591E-05   2.000000E-05   2.000000E-05   2.000000E-05   2.000000E-05   2.386629E-05   2.000000E-05   2.000000E-05   2.000000E-05
   3.409289E-05   4.792778E-05   4.575672E-05   2.440035E-05   3.749804E-05   3.749804E-05   3.749804E-05   3.749804E-05   3.733346E-05   2.078916E-05   3.019223E-05   2.000000E-05   2.000000E-05   2.000000E-05   2.000000E-05   2.000000E-05   2.147129E-05   2.000000E-05   2.000000E-05   2.395892E-05
   4.610478E-05   6.821246E-05   2.925928E-05   2.000000E-05   3.749804E-05   3.749804E-05   3.749804E-05   3.749804E-05   2.000000E-05   2.000000E-05   2.093155E-05   2.000000E-05   2.000000E-05   2.000000E-05   2.000000E-05   2.000000E-05   2.174968E-05   2.000000E-05   2.483218E-05   3.290535E-05
   3.464770E-05   5.730566E-05   4.292739E-05   4.064026E-05   3.749804E-05   3.749804E-05   3.749804E-05   3.749804E-05   2.000000E-05   2.000000E-05   2.000000E-05   2.000000E-05   2.000000E-05   2.000000E-05   2.000000E-05   2.000000E-05   2.000000E-05   3.238682E-05   4.078668E-05   2.585321E-05
   4.618681E-05   3.898134E-05   3.803308E-05   2.600031E-05   3.749804E-05   3.749804E-05   3.749804E-05   3.749804E-05   2.000000E-05   2.000000E-05   2.000000E-05   2.000000E-05   2.000000E-05   2.000000E-05   2.000000E-05   2.000000E-05   2.000000E-05   2.535715E-05   2.951441E-05   2.000000E-05
   2.649408E-05   4.397351E-05   3.597897E-05   2.551805E-05   3.749804E-05   3.749804E-05   3.749804E-05   3.749804E-05   2.000000E-05   2.000000E-05   2.000000E-05   2.000000E-05   2.000000E-05   2.000000E-05   2.000000E-05   2.000000E-05   2.056807E-05   2.101787E-05   2.536409E-05   2.000000E-05
   2.663198E-05   2.142644E-05   2.037363E-05   2.000000E-05   3.749804E-05   3.749804E-05   3.749804E-05   3.749804E-05   2.000000E-05   2.000000E-05   2.000000E-05   2.000000E-05   2.000000E-05   2.000000E-05   2.000000E-05   2.000000E-05   2.438944E-05   2.326799E-05   2.112543E-05   2.000000E-05
   2.137992E-05   2.162307E-05   2.000000E-05   2.000000E-05   3.749804E-05   3.749804E-05   2.000000E-05   2.000000E-05   2.000000E-05   2.000000E-05   2.000000E-05   2.000000E-05   2.000000E-05   2.000000E-05   2.000000E-05   2.541373E-05   5.280119E-05   2.933020E-05   3.036978E-05   2.000000E-05
   2.000000E-05   2.000000E-05   2.000000E-05   2.000000E-05   2.000000E-05   3.749804E-05   2.000000E-05   2.000000E-05   2.000000E-05   2.000000E-05   2.000000E-05   2.000000E-05   2.000000E-05   2.000000E-05   2.722101E-05   4.150529E-05   2.916393E-05   3.097104E-05   2.457162E-05   2.000000E-05
   3.040492E-05   2.454462E-05   2.000000E-05   2.000000E-05   2.000000E-05   2.000000E-05   2.000000E-05   2.000000E-05   2.000000E-05   2.000000E-05   2.000000E-05   2.000000E-05   2.000000E-05   2.000000E-05   2.212815E-05   3.836292E-05   3.242006E-05   4.129290E-05   3.159368E-05   2.100682E-05
   3.315939E-05   2.709933E-05   2.172469E-05   2.000000E-05   2.000000E-05   2.002008E-05   2.000000E-05   2.000000E-05   2.000000E-05   2.191465E-05   2.000000E-05   2.103245E-05   2.000000E-05   2.000000E-05   2.051943E-05   3.091959E-05   2.943855E-05   3.385732E-05   2.813535E-05   2.553063E-05
   3.969669E-05   3.743559E-05   4.638428E-05   2.570731E-05   2.000000E-05   2.000000E-05   2.000000E-05   2.531707E-05   2.723798E-05   2.277780E-05   3.052992E-05   2.000000E-05   2.000000E-05   2.000000E-05   2.000000E-05   2.000000E-05   2.770489E-05   2.549769E-05   2.998450E-05   2.735607E-05
   4.710423E-05   3.944356E-05   5.332649E-05   2.406241E-05   3.461059E-05   2.978991E-05   4.274410E-05   5.048899E-05   2.579181E-05   3.190650E-05   5.160216E-05   3.579045E-05   2.408006E-05   2.055767E-05   2.000000E-05   2.000000E-05   2.354782E-05   2.865244E-05   3.960393E-05   2.277687E-05
   3.018933E-05   2.969154E-05   2.410393E-05   2.976867E-05   5.088527E-05   4.836607E-05   6.102620E-05   3.978375E-05   3.370791E-05   3.908759E-05   3.239187E-05   2.735114E-05   2.000000E-05   2.148789E-05   2.000000E-05   2.286699E-05   2.069597E-05   2.173812E-05   2.189125E-05   2.313069E-05
   2.200425E-05   2.260915E-05   4.713182E-05   6.680198E-05   7.818244E-05   4.563780E-05   4.319976E-05   5.252798E-05   4.811571E-05   3.832730E-05   3.207454E-05   2.432370E-05   2.061621E-05   2.000000E-05   2.000000E-05   2.000000E-05   2.000000E-05   2.000000E-05   2.000000E-05   2.000000E-05
   3.058079E-05   3.433998E-05   5.547620E-05   7.188615E-05   4.529765E-05   3.217319E-05   3.364494E-05   3.724250E-05   3.683227E-05   3.915172E-05   3.935239E-05   3.062810E-05   2.000000E-05   2.000000E-05   2.000000E-05   2.000000E-05   2.000000E-05   2.000000E-05   2.000000E-05   2.000000E-05
   2.876186E-05   2.409134E-05   3.987029E-05   4.699812E-05   3.484478E-05   2.529941E-05   2.555067E-05   3.390588E-05   2.208255E-05   2.550176E-05   2.591253E-05   2.339098E-05   2.344862E-05   2.000000E-05   2.000000E-05   2.000000E-05   2.000000E-05   2.000000E-05   2.000000E-05   2.000000E-05
   5.458362E-05   2.427725E-05   2.000000E-05   2.488678E-05   2.853546E-05   3.928301E-05   3.378960E-05   4.200817E-05   6.274958E-05   3.774968E-05   2.475280E-05   3.007947E-05   4.164450E-05   3.589086E-05   2.000000E-05   2.195800E-05   2.000000E-05   2.000000E-05   2.000000E-05   3.487158E-05
   3.749804E-05   4.052074E-05   3.912182E-05   4.256501E-05   4.391810E-05   3.428158E-05   3.242512E-05   3.289507E-05   6.234089E-05   4.122977E-05   2.472082E-05   2.996823E-05   3.115201E-05   2.000000E-05   2.156722E-05   2.000000E-05   2.000000E-05   2.000000E-05   2.024434E-05   3.097140E-05
   3.749804E-05   3.749804E-05   5.018743E-05   5.419161E-05   5.696725E-05   5.945546E-05   3.569686E-05   3.637984E-05   3.701027E-05   4.024918E-05   2.978541E-05   2.824420E-05   2.253328E-05   2.000000E-05   2.049879E-05   2.916949E-05   2.073718E-05   2.172800E-05   2.611110E-05   3.163876E-05
   3.749804E-05   3.749804E-05   3.749804E-05   4.978947E-05   5.542557E-05   8.721758E-05   4.320266E-05   3.618171E-05   2.601862E-05   2.450350E-05   4.275489E-05   3.840459E-05   2.573832E-05   2.206558E-05   2.642048E-05   3.266717E-05   2.447053E-05   3.808946E-05   3.439578E-05   3.680153E-05
   3.749804E-05   3.749804E-05   3.749804E-05   3.749804E-05   6.012775E-05   4.205308E-05   3.574571E-05   2.592338E-05   2.030449E-05   2.000000E-05   4.238175E-05   4.923215E-05   4.011928E-05   4.130098E-05   2.672148E-05   3.059205E-05   4.162336E-05   5.298603E-05   6.518979E-05   3.749804E-05
   3.749804E-05   3.749804E-05   3.749804E-05   3.749804E-05   5.366398E-05   3.440646E-05   3.047541E-05   2.350205E-05   2.000000E-05   2.000000E-05   4.362159E-05   6.836624E-05   4.391114E-05   3.743373E-05   2.635350E-05   3.421785E-05   2.579936E-05   5.710600E-05   4.494808E-05   3.749804E-05
   3.749804E-05   3.749804E-05   3.749804E-05   3.749804E-05   3.749804E-05   2.287668E-05   2.827896E-05   2.000000E-05   2.113599E-05   2.225397E-05   3.221833E-05   2.663927E-05   2.015787E-05   5.233654E-05   2.872724E-05   5.647117E-05   3.206342E-05   3.561826E-05   3.749804E-05   3.749804E-05
   3.749804E-05   3.749804E-05   3.749804E-05   3.749804E-05   3.749804E-05   2.473907E-05   3.324869E-05   2.000000E-05   2.000000E-05   2.000000E-05   3.594178E-05   3.017953E-05   2.112645E-05   3.514868E-05   3.888034E-05   3.921709E-05   5.484083E-05   3.749804E-05   3.749804E-05   3.749804E-05
   3.749804E-05   3.749804E-05   3.749804E-05   3.749804E-05   3.749804E-05   3.011184E-05   2.843368E-05   2.000000E-05   2.000000E-05   3.371128E-05   2.235298E-05   3.440147E-05   2.904844E-05   2.859401E-05   2.214878E-05   3.027821E-05   3.749804E-05   3.749804E-05   3.749804E-05   3.749804E-05
