   4.002509E-01   5.310417E-01   3.775181E-01   5.677334E-01   5.726533E-01   4.398567E-01   7.166850E-01   8.121388E-01   7.090302E-01   5.816198E-01   5.367143E-01   6.789739E-01   7.862829E-01   3.910043E-01   3.739857E-01   3.698478E-01   3.092259E-01   1.580846E-01   1.668941E-01   3.176589E-01
   4.154558E-01   2.517138E-01   3.372521E-01   4.404882E-01   5.368537E-01   4.696586E-01   6.371340E-01   9.208005E-01   1.093520E+00   1.135550E+00   9.255756E-01   5.918584E-01   6.715830E-01   3.236922E-01   4.271065E-01   4.287039E-01   1.418232E-01   2.229866E-01   2.904081E-01   3.076484E-01
   3.240746E-01   3.761038E-01   3.417442E-01   3.374092E-01   2.872845E-01   3.444247E-01   6.336024E-01   1.282673E+00   1.543443E+00   1.031447E+00   1.095082E+00   5.557255E-01   2.979251E-01   3.993122E-01   2.756240E-01   2.728106E-01   2.139908E-01   3.913656E-01   4.027586E-01   3.693828E-01
   5.062490E-01   2.885679E-01   2.504458E-01   2.462324E-01   4.135829E-01   3.603756E-01   4.040749E-01   6.552943E-01   1.085116E+00   7.289112E-01   5.592672E-01   8.205856E-01   4.173312E-01   3.696143E-01   2.928480E-01   4.043392E-01   4.865948E-01   3.406872E-01   4.081788E-01   4.359641E-01
   3.856452E-01   2.437860E-01   3.223564E-01   4.310685E-01   3.673781E-01   4.430962E-01   3.843496E-01   5.232634E-01   6.570896E-01   8.019400E-01   7.211533E-01   6.525183E-01   1.016975E+00   6.505994E-01   4.175081E-01   4.609853E-01   4.911257E-01   2.360802E-01   3.405818E-01   3.807019E-01
   3.128698E-01   3.206759E-01   3.583168E-01   4.352639E-01   4.446412E-01   4.962208E-01   5.169118E-01   5.271273E-01   5.240750E-01   8.801637E-01   1.030235E+00   7.477609E-01   9.230723E-01   5.912214E-01   3.914190E-01   3.160883E-01   4.455972E-01   5.490043E-01   2.631964E-01   3.513705E-01
   3.471047E-01   4.263465E-01   3.542771E-01   4.967956E-01   5.654427E-01   4.990217E-01   3.577148E-01   3.895522E-01   7.269283E-01   8.143171E-01   1.720496E+00   6.828615E-01   6.482415E-01   6.133437E-01   5.925927E-01   3.552149E-01   5.768867E-01   6.451259E-01   2.695354E-01   3.602542E-01
   4.807439E-01   2.565764E-01   2.077060E-01   3.929456E-01   3.960857E-01   3.474867E-01   4.630856E-01   3.632505E-01   5.704337E-01   6.504730E-01   9.963864E-01   1.026334E+00   5.958088E-01   5.031229E-01   4.500690E-01   3.247821E-01   2.372069E-01   4.026662E-01   4.019893E-01   2.887958E-01
   3.106014E-01   2.214626E-01   1.704723E-01   3.424889E-01   3.000000E-01   3.000000E-01   3.000000E-01   3.753744E-01   4.169816E-01   4.345226E-01   4.960877E-01   5.075613E-01   5.859363E-01   4.487680E-01   3.986252E-01   2.662865E-01   2.259147E-01   2.365060E-01   2.143652E-01   4.021823E-01
   2.159191E-01   3.217239E-01   2.353281E-01   1.727627E-01   3.000000E-01   3.000000E-01   3.000000E-01   3.000000E-01   2.944391E-01   2.905374E-01   4.755163E-01   5.625491E-01   5.541186E-01   2.673181E-01   2.392588E-01   2.621814E-01   2.921917E-01   3.172142E-01   3.444349E-01   3.229077E-01
   4.699966E-01   3.452265E-01   2.330808E-01   2.249445E-01   3.000000E-01   3.000000E-01   3.000000E-01   3.000000E-01   3.363947E-01   1.778389E-01   3.557916E-01   5.705720E-01   3.133434E-01   2.897141E-01   2.160513E-01   1.736438E-01   1.850792E-01   2.286946E-01   2.634276E-01   3.111831E-01
   3.697302E-01   2.787655E-01   2.246693E-01   1.832527E-01   3.000000E-01   3.000000E-01   3.000000E-01   3.000000E-01   3.475452E-01   2.510479E-01   3.559408E-01   3.244458E-01   2.555609E-01   2.347958E-01   1.558159E-01   2.048249E-01   1.414481E-01   1.830263E-01   2.451332E-01   2.717961E-01
   2.332234E-01   2.702155E-01   1.481279E-01   2.131330E-01   3.000000E-01   3.000000E-01   3.000000E-01   3.000000E-01   2.340758E-01   2.931938E-01   3.335609E-01   3.022482E-01   3.198834E-01   2.085374E-01   1.827398E-01   1.257794E-01   1.371973E-01   1.499594E-01   1.502567E-01   1.985186E-01
   1.778668E-01   2.019106E-01   1.878272E-01   1.603219E-01   3.000000E-01   3.000000E-01   3.000000E-01   3.000000E-01   2.681426E-01   3.115736E-01   2.450844E-01   2.261376E-01   4.321036E-01   2.800967E-01   2.651882E-01   1.987446E-01   2.670595E-01   1.679739E-01   1.874773E-01   2.072872E-01
   1.089465E-01   9.624267E-02   1.161526E-01   1.563324E-01   3.000000E-01   3.000000E-01   3.000000E-01   3.000000E-01   3.572004E-01   2.874162E-01   2.263223E-01   2.830968E-01   3.087829E-01   3.542958E-01   2.314406E-01   4.722581E-01   3.377394E-01   2.514000E-01   1.705782E-01   1.728114E-01
   9.243554E-02   7.661580E-02   1.548775E-01   1.410467E-01   3.000000E-01   3.000000E-01   3.000000E-01   3.000000E-01   4.540810E-01   2.580363E-01   2.106362E-01   9.592140E-02   1.148325E-01   2.667264E-01   3.271063E-01   5.144899E-01   4.938090E-01   4.938507E-01   1.651258E-01   2.164898E-01
   6.017971E-02   7.935425E-02   9.357586E-02   1.249856E-01   3.000000E-01   3.000000E-01   3.000000E-01   3.000000E-01   4.754782E-01   4.173958E-01   2.071560E-01   1.434717E-01   1.221156E-01   2.920927E-01   4.467022E-01   7.537343E-01   7.177088E-01   4.830762E-01   3.354917E-01   3.298840E-01
   8.895772E-02   9.176585E-02   1.566428E-01   2.309030E-01   3.000000E-01   3.000000E-01   3.000000E-01   3.000000E-01   3.939864E-01   4.174821E-01   1.900210E-01   1.837850E-01   1.857701E-01   3.232698E-01   4.200901E-01   8.207009E-01   6.966166E-01   5.533374E-01   3.236830E-01   2.696300E-01
   7.999919E-02   1.250534E-01   1.657186E-01   3.150630E-01   3.000000E-01   3.000000E-01   3.000000E-01   3.000000E-01   5.740975E-01   4.044157E-01   2.407304E-01   3.461012E-01   2.265061E-01   2.097676E-01   3.930073E-01   6.430386E-01   4.483802E-01   3.761931E-01   2.523819E-01   1.854155E-01
   2.213537E-01   3.121768E-01   2.441609E-01   3.856648E-01   3.000000E-01   3.000000E-01   3.000000E-01   3.000000E-01   5.946146E-01   5.868057E-01   3.707068E-01   3.410367E-01   2.937136E-01   2.297236E-01   5.815155E-01   5.619645E-01   2.800906E-01   4.026285E-01   2.562576E-01   1.854415E-01
   3.110420E-01   4.146353E-01   1.945167E-01   2.884923E-01   3.000000E-01   3.000000E-01   3.000000E-01   3.000000E-01   5.345373E-01   4.303850E-01   3.573123E-01   4.066765E-01   3.490864E-01   4.120128E-01   5.256680E-01   4.553812E-01   4.004813E-01   1.715108E-01   2.519847E-01   1.909159E-01
   2.248836E-01   3.398560E-01   2.964762E-01   3.013142E-01   3.000000E-01   3.000000E-01   6.157902E-01   5.179564E-01   4.646525E-01   4.818396E-01   3.030406E-01   5.250126E-01   4.040650E-01   3.232039E-01   4.807983E-01   3.048078E-01   3.469872E-01   2.724298E-01   2.067463E-01   2.920830E-01
   3.431879E-01   3.276499E-01   4.056218E-01   5.532793E-01   5.304384E-01   3.000000E-01   9.892862E-01   7.864230E-01   3.977808E-01   5.929291E-01   5.897256E-01   4.276715E-01   5.449225E-01   4.603511E-01   4.248037E-01   3.179878E-01   3.498974E-01   2.395591E-01   1.686191E-01   3.005360E-01
   2.716891E-01   4.291668E-01   3.193202E-01   4.317412E-01   4.097103E-01   6.968260E-01   4.449314E-01   5.450470E-01   5.063503E-01   4.214709E-01   4.079588E-01   4.023782E-01   3.641357E-01   5.391489E-01   4.067016E-01   3.463326E-01   1.375623E-01   1.165314E-01   1.056006E-01   2.849353E-01
   1.788781E-01   3.083407E-01   4.842485E-01   5.247970E-01   3.333553E-01   4.855563E-01   4.134208E-01   3.160486E-01   4.099162E-01   5.077259E-01   2.836565E-01   2.691857E-01   4.299586E-01   3.713406E-01   3.082549E-01   2.985863E-01   1.874741E-01   1.292880E-01   1.924668E-01   2.883681E-01
   2.087245E-01   2.445122E-01   4.904732E-01   3.065272E-01   2.154414E-01   2.172459E-01   1.894271E-01   2.249962E-01   3.637267E-01   2.694773E-01   1.706860E-01   1.860154E-01   4.201387E-01   4.777195E-01   1.995789E-01   2.651594E-01   1.534510E-01   1.159839E-01   1.410674E-01   2.298857E-01
   2.665760E-01   3.735491E-01   3.146493E-01   2.508614E-01   2.236990E-01   2.860618E-01   1.645197E-01   2.157021E-01   2.618115E-01   1.368883E-01   1.695969E-01   2.681833E-01   3.116193E-01   3.183789E-01   1.534952E-01   1.209090E-01   1.184474E-01   1.224937E-01   1.053005E-01   1.481192E-01
   2.721929E-01   2.041096E-01   3.159092E-01   3.975632E-01   2.278332E-01   3.137908E-01   2.212393E-01   2.007884E-01   1.822052E-01   2.220089E-01   2.640303E-01   1.781743E-01   2.437082E-01   2.557708E-01   2.377041E-01   1.951745E-01   1.392169E-01   1.385881E-01   9.823641E-02   1.040296E-01
   3.436307E-01   4.282204E-01   5.229152E-01   4.073426E-01   4.105967E-01   4.004208E-01   6.104136E-01   2.139224E-01   1.448898E-01   1.375757E-01   1.382632E-01   1.536209E-01   1.580844E-01   1.880169E-01   2.806542E-01   2.059717E-01   1.352994E-01   1.084836E-01   1.379281E-01   8.673034E-02
   3.089840E-01   5.789675E-01   3.034266E-01   3.319375E-01   2.857236E-01   4.054966E-01   6.890322E-01   2.288142E-01   1.999304E-01   1.153356E-01   1.589222E-01   1.171677E-01   1.554473E-01   2.093557E-01   2.617473E-01   2.929989E-01   1.622269E-01   1.036444E-01   1.180190E-01   1.196537E-01
   4.853085E-01   4.934840E-01   4.072419E-01   3.487789E-01   3.585030E-01   2.382558E-01   2.732399E-01   1.602549E-01   1.154513E-01   1.401596E-01   1.277387E-01   1.128424E-01   1.342981E-01   1.843529E-01   2.223915E-01   3.626637E-01   2.070329E-01   1.579483E-01   1.004702E-01   1.211895E-01
   5.858446E-01   5.722363E-01   4.196148E-01   2.967003E-01   2.493884E-01   2.708086E-01   2.060592E-01   1.196348E-01   1.259609E-01   9.721012E-02   1.567451E-01   1.310690E-01   1.107207E-01   2.091024E-01   2.807532E-01   2.368710E-01   2.761158E-01   2.046999E-01   1.693387E-01   1.689952E-01
   3.000000E-01   4.698271E-01   3.744057E-01   1.965167E-01   2.868988E-01   2.450353E-01   1.475946E-01   1.169663E-01   1.329437E-01   1.070041E-01   2.683631E-01   2.779735E-01   2.884874E-01   2.623014E-01   3.986974E-01   3.348369E-01   3.334162E-01   3.957435E-01   1.964384E-01   1.344170E-01
   3.000000E-01   3.000000E-01   1.418145E-01   2.386808E-01   1.745139E-01   1.837799E-01   1.053000E-01   1.093955E-01   1.010119E-01   2.875547E-01   2.369175E-01   2.837351E-01   2.487068E-01   2.169933E-01   4.943905E-01   4.209528E-01   5.567629E-01   3.873459E-01   2.038089E-01   1.376155E-01
   3.000000E-01   3.000000E-01   3.000000E-01   2.318865E-01   2.013910E-01   1.528561E-01   1.113344E-01   1.837581E-01   1.204692E-01   1.429185E-01   3.200342E-01   2.666391E-01   1.607064E-01   2.755209E-01   3.235974E-01   5.653636E-01   7.625229E-01   2.721132E-01   3.278740E-01   2.333173E-01
   3.000000E-01   3.000000E-01   3.000000E-01   3.000000E-01   2.724316E-01   1.548705E-01   1.422949E-01   1.976886E-01   2.060975E-01   1.484697E-01   1.835098E-01   2.699125E-01   3.314544E-01   2.357032E-01   3.160703E-01   3.114577E-01   4.508338E-01   3.614794E-01   4.031256E-01   3.000000E-01
   3.000000E-01   3.000000E-01   3.000000E-01   3.000000E-01   2.993875E-01   1.278753E-01   1.110723E-01   1.993975E-01   1.835669E-01   1.463594E-01   1.792690E-01   2.525391E-01   3.167444E-01   3.344698E-01   3.332679E-01   5.415734E-01   5.142716E-01   4.158560E-01   4.919067E-01   3.000000E-01
   3.000000E-01   3.000000E-01   3.000000E-01   3.000000E-01   3.000000E-01   2.017302E-01   1.312192E-01   1.300595E-01   1.684377E-01   2.306221E-01   1.822885E-01   1.731204E-01   2.374979E-01   3.014499E-01   3.430131E-01   3.154467E-01   3.225088E-01   3.248237E-01   3.000000E-01   3.000000E-01
   3.000000E-01   3.000000E-01   3.000000E-01   3.000000E-01   3.000000E-01   2.094260E-01   3.449706E-01   1.455088E-01   1.697595E-01   1.432837E-01   2.052671E-01   1.943508E-01   2.252308E-01   3.052678E-01   2.340098E-01   3.069329E-01   2.483053E-01   3.000000E-01   3.000000E-01   3.000000E-01
   3.000000E-01   3.000000E-01   3.000000E-01   3.000000E-01   3.000000E-01   2.373108E-01   2.073407E-01   2.202983E-01   2.681537E-01   2.169827E-01   2.456759E-01   3.957192E-01   2.623792E-01   2.398888E-01   2.544102E-01   2.375894E-01   3.000000E-01   3.000000E-01   3.000000E-01   3.000000E-01
