   2.806244E+01   5.000000E+01   3.215318E+01   3.839929E+01   4.241335E+01   4.508816E+01   4.446140E+01   3.571310E+01   2.864603E+01   3.161560E+01   2.882758E+01   3.781209E+01   3.469251E+01   3.473986E+01   3.548852E+01   4.035370E+01   5.000000E+01   3.541934E+01   3.635172E+01   2.478103E+01
   3.317164E+01   3.814679E+01   3.613537E+01   3.520868E+01   3.759077E+01   3.778308E+01   3.675830E+01   3.087276E+01   2.472053E+01   3.750495E+01   1.903421E+01   3.841160E+01   3.795864E+01   3.683204E+01   4.139967E+01   4.029378E+01   4.126223E+01   3.101559E+01   1.992617E+01   2.871863E+01
   3.764374E+01   3.471634E+01   2.457050E+01   4.076904E+01   2.375905E+01   3.651979E+01   4.040371E+01   4.256148E+01   3.598122E+01   3.436861E+01   3.520549E+01   2.436246E+01   4.159083E+01   3.933929E+01   2.826543E+01   3.489362E+01   3.647893E+01   3.538192E+01   2.472329E+01   4.002204E+01
   4.177604E+01   3.350040E+01   4.416993E+01   4.221999E+01   3.257594E+01   4.472753E+01   4.149636E+01   4.360339E+01   4.251117E+01   3.696692E+01   3.472096E+01   4.307202E+01   3.234250E+01   2.717185E+01   3.592091E+01   3.196361E+01   2.878431E+01   2.946256E+01   4.487061E+01   4.628086E+01
   4.202256E+01   3.575598E+01   5.000000E+01   2.954083E+01   5.000000E+01   3.969400E+01   4.056966E+01   3.782960E+01   2.677995E+01   3.863972E+01   3.853067E+01   4.324874E+01   3.229950E+01   3.319380E+01   3.479287E+01   3.303768E+01   4.207469E+01   3.069369E+01   3.135892E+01   3.748613E+01
   3.941030E+01   3.630823E+01   4.341743E+01   4.278726E+01   4.351646E+01   3.491365E+01   2.934120E+01   3.958227E+01   4.067679E+01   3.829235E+01   3.164443E+01   3.916857E+01   4.009847E+01   2.757035E+01   3.449630E+01   3.575373E+01   3.429840E+01   3.420164E+01   3.343902E+01   3.532458E+01
   2.802330E+01   3.334462E+01   4.206010E+01   4.504725E+01   3.977676E+01   3.692352E+01   3.857205E+01   3.589079E+01   3.797225E+01   4.179645E+01   2.764927E+01   3.806465E+01   2.671493E+01   4.061197E+01   3.642884E+01   3.665235E+01   3.531381E+01   3.661343E+01   3.113762E+01   3.978390E+01
   3.375760E+01   4.540016E+01   3.754956E+01   3.330134E+01   4.847242E+01   4.746398E+01   3.932162E+01   3.490238E+01   3.235379E+01   2.549095E+01   3.606899E+01   3.704514E+01   3.339485E+01   3.478194E+01   2.551028E+01   3.348032E+01   3.583102E+01   4.468084E+01   3.635295E+01   3.046561E+01
   3.010121E+01   4.445802E+01   4.481968E+01   4.001901E+01   1.000000E+00   1.000000E+00   1.000000E+00   4.376802E+01   3.885155E+01   4.020033E+01   4.377571E+01   3.496904E+01   3.307499E+01   2.963918E+01   1.819424E+01   3.710110E+01   3.027348E+01   3.254663E+01   3.131345E+01   4.108161E+01
   3.813518E+01   3.844821E+01   3.006431E+01   4.285291E+01   1.000000E+00   1.000000E+00   1.000000E+00   1.000000E+00   3.793658E+01   4.487455E+01   3.420881E+01   4.792453E+01   3.613640E+01   4.166444E+01   3.672290E+01   4.826818E+01   3.088564E+01   3.288623E+01   2.944642E+01   3.493564E+01
   3.953698E+01   2.398720E+01   4.158153E+01   3.897925E+01   1.000000E+00   1.000000E+00   1.000000E+00   1.000000E+00   3.993249E+01   5.000000E+01   3.138478E+01   4.145539E+01   3.254091E+01   3.129152E+01   2.714530E+01   3.408472E+01   3.516808E+01   3.743852E+01   4.522925E+01   3.621710E+01
   4.013786E+01   4.841765E+01   3.769763E+01   4.518952E+01   1.000000E+00   1.000000E+00   1.000000E+00   1.000000E+00   3.857752E+01   2.146536E+01   3.273305E+01   2.838020E+01   3.084750E+01   2.981401E+01   3.659314E+01   3.850062E+01   4.001549E+01   3.730276E+01   2.435224E+01   3.236916E+01
   3.326260E+01   4.678148E+01   4.195506E+01   3.574892E+01   1.000000E+00   1.000000E+00   1.000000E+00   1.000000E+00   3.612618E+01   2.127110E+01   3.477671E+01   3.391869E+01   3.756235E+01   4.033436E+01   3.213412E+01   2.964038E+01   2.724039E+01   3.467482E+01   3.492055E+01   2.840132E+01
   4.181531E+01   4.427525E+01   3.612914E+01   4.312084E+01   1.000000E+00   1.000000E+00   1.000000E+00   1.000000E+00   2.940769E+01   3.022391E+01   4.813506E+01   3.225538E+01   3.095133E+01   2.900833E+01   3.841558E+01   3.608418E+01   3.565081E+01   4.171628E+01   3.055144E+01   3.791449E+01
   4.186176E+01   2.958011E+01   3.211529E+01   4.158444E+01   1.000000E+00   1.000000E+00   1.000000E+00   1.000000E+00   3.436444E+01   3.571682E+01   3.521483E+01   2.666082E+01   3.237368E+01   3.938332E+01   4.812742E+01   3.787443E+01   4.600618E+01   2.980166E+01   3.385074E+01   2.593964E+01
   3.668105E+01   3.770440E+01   3.322953E+01   4.073395E+01   1.000000E+00   1.000000E+00   1.000000E+00   1.000000E+00   4.118042E+01   4.191804E+01   3.166069E+01   3.758730E+01   3.853759E+01   3.711005E+01   3.440390E+01   2.387142E+01   3.755279E+01   2.658556E+01   4.881411E+01   3.399715E+01
   3.121759E+01   3.595556E+01   2.650350E+01   3.669052E+01   1.000000E+00   1.000000E+00   1.000000E+00   1.000000E+00   2.083114E+01   3.069731E+01   4.175717E+01   4.183303E+01   2.984358E+01   3.196354E+01   3.863313E+01   3.175269E+01   4.336909E+01   3.752649E+01   3.212629E+01   2.896954E+01
   3.255470E+01   4.488506E+01   3.173633E+01   4.597188E+01   1.000000E+00   1.000000E+00   1.000000E+00   1.000000E+00   3.888475E+01   3.069718E+01   4.216761E+01   3.927894E+01   3.553652E+01   3.770180E+01   4.197877E+01   4.006754E+01   3.002350E+01   4.211495E+01   3.961115E+01   3.500455E+01
   4.414408E+01   5.000000E+01   4.805145E+01   3.674200E+01   1.000000E+00   1.000000E+00   1.000000E+00   1.000000E+00   4.265133E+01   2.878205E+01   4.047980E+01   2.994529E+01   2.870913E+01   4.745622E+01   4.852578E+01   2.409860E+01   2.726776E+01   2.381766E+01   4.574753E+01   3.528503E+01
   3.708672E+01   5.000000E+01   4.489807E+01   3.470614E+01   1.000000E+00   1.000000E+00   1.000000E+00   1.000000E+00   3.734452E+01   3.264554E+01   2.697053E+01   4.055277E+01   2.956040E+01   4.408568E+01   3.003174E+01   3.573032E+01   2.664680E+01   3.310892E+01   3.207062E+01   3.388673E+01
   2.944377E+01   4.047005E+01   3.989773E+01   4.163692E+01   1.000000E+00   1.000000E+00   1.000000E+00   1.000000E+00   4.054114E+01   2.823771E+01   3.805589E+01   3.826816E+01   3.957526E+01   2.847664E+01   3.581778E+01   3.447152E+01   2.367957E+01   4.269526E+01   3.276986E+01   3.862895E+01
   4.099552E+01   3.691620E+01   3.487510E+01   4.038010E+01   1.000000E+00   1.000000E+00   3.897779E+01   3.538866E+01   3.899747E+01   4.382350E+01   3.772534E+01   3.890546E+01   2.615229E+01   3.459013E+01   3.939113E+01   2.599338E+01   3.699682E+01   3.493426E+01   4.375574E+01   3.324590E+01
   3.708049E+01   4.791040E+01   3.648679E+01   3.637348E+01   3.514199E+01   1.000000E+00   3.088453E+01   3.598473E+01   3.554323E+01   3.730324E+01   3.607185E+01   2.660724E+01   4.270709E+01   2.711962E+01   4.401931E+01   5.000000E+01   4.040725E+01   4.402704E+01   3.994254E+01   2.650858E+01
   3.927213E+01   3.014145E+01   3.684508E+01   3.384554E+01   2.816883E+01   3.780276E+01   3.958193E+01   2.813861E+01   3.344307E+01   3.856565E+01   2.824066E+01   2.636103E+01   3.713403E+01   4.790787E+01   4.406035E+01   2.578054E+01   4.492243E+01   3.311780E+01   3.426207E+01   3.025332E+01
   2.863553E+01   4.352805E+01   4.101871E+01   4.399730E+01   3.799504E+01   3.954675E+01   3.856364E+01   3.601628E+01   2.981867E+01   2.725504E+01   4.121041E+01   3.181383E+01   2.614473E+01   3.569183E+01   2.712351E+01   3.749142E+01   3.395667E+01   2.269113E+01   3.161008E+01   3.187643E+01
   4.146008E+01   3.874035E+01   3.720684E+01   3.697657E+01   4.661823E+01   4.126692E+01   3.909801E+01   3.318625E+01   3.597776E+01   3.860301E+01   4.651063E+01   3.299627E+01   3.060164E+01   3.837248E+01   4.393081E+01   3.161117E+01   3.518798E+01   3.673253E+01   3.544071E+01   3.643612E+01
   3.767792E+01   3.393633E+01   3.365699E+01   3.151628E+01   2.708319E+01   3.466420E+01   3.025881E+01   3.545251E+01   3.140440E+01   4.042098E+01   4.057658E+01   2.038156E+01   4.294846E+01   2.799696E+01   2.026298E+01   3.613109E+01   3.684360E+01   2.931436E+01   3.236090E+01   3.377177E+01
   3.675541E+01   3.453507E+01   3.706364E+01   2.703403E+01   3.408511E+01   3.921547E+01   3.537892E+01   4.957738E+01   3.982845E+01   4.614058E+01   4.599958E+01   3.582401E+01   4.211676E+01   3.048454E+01   3.701301E+01   3.135197E+01   3.568132E+01   3.486292E+01   2.884488E+01   3.381345E+01
   3.343875E+01   2.845602E+01   3.827243E+01   3.341245E+01   3.168211E+01   4.644010E+01   3.565883E+01   4.419477E+01   3.041086E+01   4.230083E+01   3.892833E+01   3.543329E+01   4.114865E+01   2.357450E+01   3.435583E+01   3.438525E+01   3.580168E+01   2.540662E+01   3.265968E+01   2.898592E+01
   3.519859E+01   3.716680E+01   3.881266E+01   2.778984E+01   3.607130E+01   3.741410E+01   3.656571E+01   2.925945E+01   3.056681E+01   3.372340E+01   2.918463E+01   3.468246E+01   4.631500E+01   3.081056E+01   3.175601E+01   2.944866E+01   2.869720E+01   4.043237E+01   2.981962E+01   3.267640E+01
   4.274132E+01   3.075603E+01   2.910464E+01   4.385215E+01   3.370675E+01   4.104847E+01   2.986664E+01   3.295154E+01   2.925453E+01   4.251462E+01   3.616282E+01   3.885904E+01   3.794012E+01   3.557463E+01   2.881374E+01   4.627673E+01   2.881873E+01   3.252919E+01   3.872047E+01   3.540189E+01
   3.905738E+01   2.855664E+01   3.220741E+01   3.301311E+01   2.849775E+01   2.788130E+01   4.769902E+01   3.070257E+01   4.601150E+01   3.962207E+01   4.222533E+01   3.705613E+01   2.977249E+01   2.205235E+01   3.714653E+01   3.404762E+01   3.189439E+01   3.542763E+01   2.968579E+01   2.537941E+01
   1.000000E+00   2.813554E+01   3.955715E+01   3.387936E+01   3.553585E+01   4.122136E+01   4.289698E+01   3.335560E+01   3.184789E+01   3.154279E+01   4.658924E+01   4.730619E+01   3.684995E+01   3.864729E+01   3.552048E+01   2.965052E+01   3.419018E+01   3.761093E+01   3.755545E+01   3.018763E+01
   1.000000E+00   1.000000E+00   3.013460E+01   3.042637E+01   3.031189E+01   3.176794E+01   3.613249E+01   3.133951E+01   3.551721E+01   3.069847E+01   3.261959E+01   4.821500E+01   3.014395E+01   3.872048E+01   2.436364E+01   2.923931E+01   3.575699E+01   2.577691E+01   3.216271E+01   2.579951E+01
   1.000000E+00   1.000000E+00   1.000000E+00   4.285298E+01   3.440597E+01   2.700509E+01   3.209692E+01   2.972294E+01   3.707105E+01   3.259687E+01   3.075839E+01   3.608470E+01   3.147211E+01   3.957246E+01   3.264599E+01   2.983353E+01   2.912891E+01   2.970770E+01   2.082084E+01   3.222857E+01
   1.000000E+00   1.000000E+00   1.000000E+00   1.000000E+00   2.687589E+01   4.013503E+01   3.975335E+01   4.352219E+01   4.257011E+01   3.147743E+01   3.134911E+01   4.459301E+01   3.792659E+01   2.963256E+01   3.595524E+01   2.873117E+01   3.781937E+01   4.209082E+01   2.806370E+01   1.000000E+00
   1.000000E+00   1.000000E+00   1.000000E+00   1.000000E+00   4.117825E+01   3.666853E+01   3.626940E+01   2.763647E+01   3.968302E+01   3.189526E+01   4.246445E+01   3.174581E+01   3.189348E+01   3.091751E+01   2.308762E+01   4.120010E+01   3.379887E+01   4.266235E+01   2.816173E+01   1.000000E+00
   1.000000E+00   1.000000E+00   1.000000E+00   1.000000E+00   1.000000E+00   4.016923E+01   2.689792E+01   3.415369E+01   3.732315E+01   3.568664E+01   4.020590E+01   3.636300E+01   3.313745E+01   2.947048E+01   4.113112E+01   2.603090E+01   3.409602E+01   3.335152E+01   1.000000E+00   1.000000E+00
   1.000000E+00   1.000000E+00   1.000000E+00   1.000000E+00   1.000000E+00   2.813814E+01   4.031838E+01   4.308780E+01   3.947583E+01   2.967939E+01   2.459107E+01   2.597062E+01   2.963546E+01   4.499680E+01   3.020552E+01   3.595173E+01   3.317894E+01   1.000000E+00   1.000000E+00   1.000000E+00
   1.000000E+00   1.000000E+00   1.000000E+00   1.000000E+00   1.000000E+00   4.158072E+01   3.096683E+01   3.762207E+01   2.881637E+01   2.286393E+01   3.792023E+01   2.342653E+01   3.729038E+01   3.799211E+01   3.364534E+01   3.379441E+01   1.000000E+00   1.000000E+00   1.000000E+00   1.000000E+00
