   9.194106E-05   5.795989E-05   8.593027E-05   4.690533E-05   3.815359E-05   5.906780E-05   7.595795E-05   4.601327E-05   2.521111E-05   3.384398E-05   4.454541E-05   4.836375E-05   7.112492E-05   4.737813E-05   4.287548E-05   5.118297E-05   3.395581E-05   6.515122E-05   2.951535E-05   3.913887E-05
   9.369065E-05   9.774428E-05   8.177702E-05   5.030127E-05   4.901147E-05   4.949614E-05   6.346032E-05   5.115663E-05   2.812776E-05   5.102034E-05   3.075809E-05   4.112624E-05   6.250745E-05   5.527701E-05   4.966282E-05   4.105075E-05   6.550243E-05   5.087670E-05   3.756129E-05   2.918312E-05
   5.826993E-05   7.079921E-05   5.050641E-05   5.710998E-05   4.810283E-05   2.486399E-05   4.723347E-05   3.934069E-05   3.551560E-05   4.400066E-05   5.317917E-05   4.060896E-05   6.365794E-05   7.576607E-05   5.441845E-05   2.197003E-05   4.832927E-05   4.088498E-05   4.344680E-05   3.414116E-05
   4.699880E-05   6.584699E-05   6.689661E-05   6.301315E-05   9.012447E-05   6.041494E-05   4.115791E-05   3.955276E-05   5.490440E-05   5.332393E-05   4.704026E-05   4.155844E-05   4.547269E-05   4.323073E-05   3.496777E-05   2.508496E-05   2.524802E-05   3.780910E-05   3.949871E-05   4.658461E-05
   8.995629E-05   5.050930E-05   9.997812E-05   7.460948E-05   7.387681E-05   6.114767E-05   1.034325E-04   8.786281E-05   6.298982E-05   4.515698E-05   5.990521E-05   6.677388E-05   2.733110E-05   2.697179E-05   2.624349E-05   2.939800E-05   3.396330E-05   3.869431E-05   3.774899E-05   3.659685E-05
   8.104580E-05   1.351648E-04   1.459871E-04   9.760946E-05   6.953046E-05   7.418430E-05   1.046994E-04   9.614999E-05   7.411004E-05   8.394044E-05   7.753826E-05   6.146789E-05   3.411838E-05   2.709668E-05   2.154415E-05   2.393938E-05   3.146368E-05   4.776759E-05   4.680519E-05   4.534596E-05
   7.362881E-05   1.451340E-04   1.188232E-04   1.700372E-04   1.166111E-04   1.163846E-04   8.124786E-05   1.015210E-04   1.064992E-04   1.483019E-04   1.327020E-04   6.531207E-05   6.374994E-05   2.641178E-05   2.000000E-05   2.008093E-05   2.100229E-05   2.041157E-05   4.240469E-05   3.128771E-05
   9.675346E-05   1.169902E-04   1.533414E-04   1.528218E-04   1.638359E-04   8.922952E-05   7.829807E-05   7.099742E-05   1.205604E-04   2.000000E-04   1.026710E-04   9.178295E-05   1.052057E-04   3.508522E-05   2.000000E-05   2.809322E-05   2.000000E-05   2.750779E-05   2.970689E-05   3.678374E-05
   9.086431E-05   9.065910E-05   1.013092E-04   1.255546E-04   8.412827E-05   8.412827E-05   8.412827E-05   1.424281E-04   1.270551E-04   2.000000E-04   1.338812E-04   6.677005E-05   9.043524E-05   3.153560E-05   2.941710E-05   2.308157E-05   2.667689E-05   4.474193E-05   3.796559E-05   3.964465E-05
   7.322066E-05   9.269551E-05   1.467098E-04   1.249548E-04   8.412827E-05   8.412827E-05   8.412827E-05   8.412827E-05   1.397822E-04   1.907362E-04   1.425721E-04   1.361106E-04   6.335320E-05   4.866294E-05   2.798344E-05   2.264151E-05   2.052888E-05   2.666279E-05   2.283682E-05   2.992612E-05
   8.705180E-05   1.464983E-04   1.426997E-04   9.717906E-05   8.412827E-05   8.412827E-05   8.412827E-05   8.412827E-05   1.329582E-04   1.893575E-04   1.723485E-04   1.151742E-04   4.691816E-05   4.639335E-05   4.504985E-05   3.111152E-05   2.363364E-05   2.000000E-05   2.468759E-05   2.000000E-05
   1.431156E-04   1.843427E-04   1.438970E-04   1.136182E-04   8.412827E-05   8.412827E-05   8.412827E-05   8.412827E-05   1.264606E-04   1.669628E-04   2.000000E-04   1.077021E-04   5.241043E-05   4.755286E-05   3.604399E-05   4.079662E-05   2.961519E-05   2.000000E-05   2.000000E-05   2.387254E-05
   1.379593E-04   1.652566E-04   1.801503E-04   1.045811E-04   8.412827E-05   8.412827E-05   8.412827E-05   8.412827E-05   1.410056E-04   1.817577E-04   1.684729E-04   9.048451E-05   5.457787E-05   2.463434E-05   2.888596E-05   4.470471E-05   5.996854E-05   3.157764E-05   2.835495E-05   2.517828E-05
   9.310452E-05   1.383025E-04   1.809753E-04   1.404377E-04   8.412827E-05   8.412827E-05   8.412827E-05   8.412827E-05   1.000684E-04   1.855989E-04   2.000000E-04   1.022853E-04   3.682786E-05   2.357338E-05   2.310194E-05   4.550246E-05   7.007236E-05   4.731011E-05   2.672963E-05   2.432529E-05
   1.501459E-04   2.000000E-04   2.000000E-04   1.707014E-04   8.412827E-05   8.412827E-05   8.412827E-05   8.412827E-05   6.273202E-05   9.646671E-05   1.627717E-04   8.959616E-05   4.334120E-05   3.457247E-05   2.120321E-05   3.876659E-05   6.907655E-05   5.054438E-05   4.120437E-05   2.527947E-05
   9.867557E-05   1.387181E-04   1.324343E-04   7.062230E-05   8.412827E-05   8.412827E-05   8.412827E-05   8.412827E-05   1.080548E-04   6.017038E-05   8.738582E-05   5.364347E-05   4.015580E-05   2.497125E-05   3.276829E-05   3.299145E-05   6.214467E-05   5.231718E-05   5.057539E-05   6.934466E-05
   1.334417E-04   1.974284E-04   8.468558E-05   4.676501E-05   8.412827E-05   8.412827E-05   8.412827E-05   8.412827E-05   3.235972E-05   4.403091E-05   6.058250E-05   3.551059E-05   3.042058E-05   2.000000E-05   2.000000E-05   3.117935E-05   6.295043E-05   4.906699E-05   7.187216E-05   9.523845E-05
   1.002814E-04   1.658606E-04   1.242454E-04   1.176257E-04   8.412827E-05   8.412827E-05   8.412827E-05   8.412827E-05   2.626777E-05   2.167258E-05   2.889977E-05   2.994236E-05   2.000000E-05   2.000000E-05   2.000000E-05   2.000000E-05   3.440986E-05   9.373766E-05   1.180495E-04   7.482732E-05
   1.336792E-04   1.128243E-04   1.100797E-04   7.525310E-05   8.412827E-05   8.412827E-05   8.412827E-05   8.412827E-05   4.028249E-05   3.698596E-05   2.000000E-05   2.000000E-05   2.000000E-05   2.000000E-05   2.192816E-05   3.751295E-05   4.365769E-05   7.339157E-05   8.542400E-05   5.376363E-05
   7.668222E-05   1.272732E-04   1.041345E-04   7.385728E-05   8.412827E-05   8.412827E-05   8.412827E-05   8.412827E-05   2.000000E-05   2.000000E-05   2.000000E-05   2.000000E-05   2.000000E-05   2.000000E-05   2.801724E-05   4.218362E-05   5.953047E-05   6.083232E-05   7.341165E-05   4.258981E-05
   7.708133E-05   6.201486E-05   5.896771E-05   5.265247E-05   8.412827E-05   8.412827E-05   8.412827E-05   8.412827E-05   2.000000E-05   2.000000E-05   2.000000E-05   2.003799E-05   2.000000E-05   2.000000E-05   2.283989E-05   5.466054E-05   7.059072E-05   6.734490E-05   6.114365E-05   4.864658E-05
   6.188023E-05   6.258398E-05   3.998445E-05   4.603171E-05   8.412827E-05   8.412827E-05   2.000000E-05   2.000000E-05   2.000000E-05   2.000000E-05   2.000000E-05   2.000000E-05   3.029868E-05   2.660579E-05   4.844595E-05   7.355533E-05   1.528233E-04   8.489085E-05   8.789971E-05   5.426320E-05
   5.138878E-05   3.906914E-05   3.209566E-05   5.141815E-05   3.192786E-05   8.412827E-05   2.000000E-05   2.000000E-05   2.000000E-05   2.000000E-05   2.000000E-05   2.969310E-05   3.605434E-05   2.991817E-05   7.878616E-05   1.201294E-04   8.440961E-05   8.963994E-05   7.111802E-05   5.131264E-05
   8.800142E-05   7.103985E-05   4.542285E-05   4.245763E-05   5.509883E-05   3.496893E-05   3.390867E-05   2.451239E-05   3.331537E-05   3.855399E-05   2.152894E-05   3.089746E-05   5.255437E-05   4.772696E-05   6.404584E-05   1.110344E-04   9.383388E-05   1.195147E-04   9.144206E-05   6.080034E-05
   9.597372E-05   7.843401E-05   6.287808E-05   5.018907E-05   4.628476E-05   5.794443E-05   5.485494E-05   4.265931E-05   4.613029E-05   6.342790E-05   4.022125E-05   6.087454E-05   5.739534E-05   4.082055E-05   5.938969E-05   8.949103E-05   8.520443E-05   9.799375E-05   8.143257E-05   7.389367E-05
   1.148947E-04   1.083504E-04   1.342507E-04   7.440504E-05   5.685911E-05   4.851146E-05   5.159809E-05   7.327558E-05   7.883530E-05   6.592612E-05   8.836320E-05   4.781147E-05   3.155427E-05   5.182601E-05   2.391429E-05   5.569249E-05   8.018669E-05   7.379835E-05   8.678458E-05   7.917708E-05
   1.363345E-04   1.141621E-04   1.543437E-04   6.964421E-05   1.001740E-04   8.622139E-05   1.237149E-04   1.461310E-04   7.464964E-05   9.234748E-05   1.493529E-04   1.035888E-04   6.969527E-05   5.950038E-05   3.951351E-05   5.352382E-05   6.815482E-05   8.292918E-05   1.146263E-04   6.592343E-05
   8.737743E-05   8.593666E-05   6.976436E-05   8.615992E-05   1.472780E-04   1.399866E-04   1.766291E-04   1.151467E-04   9.756130E-05   1.131318E-04   9.375228E-05   7.916280E-05   5.317489E-05   6.219272E-05   2.895847E-05   6.618427E-05   5.990065E-05   6.291696E-05   6.336018E-05   6.694750E-05
   6.368722E-05   6.543800E-05   1.364143E-04   1.933460E-04   2.000000E-04   1.320902E-04   1.250337E-04   1.520325E-04   1.392620E-04   1.109313E-04   9.283382E-05   7.040044E-05   5.966982E-05   4.002810E-05   4.223842E-05   5.657733E-05   3.716480E-05   5.180727E-05   4.829821E-05   3.948011E-05
   8.851043E-05   9.939072E-05   1.605656E-04   2.000000E-04   1.311057E-04   9.311936E-05   9.737906E-05   1.077915E-04   1.066042E-04   1.133174E-04   1.138982E-04   8.864737E-05   4.621038E-05   5.525941E-05   4.368583E-05   4.155801E-05   4.572861E-05   3.388869E-05   3.910662E-05   5.479286E-05
   8.324588E-05   6.972792E-05   1.153972E-04   1.360274E-04   1.008518E-04   7.322445E-05   7.395168E-05   9.813429E-05   6.391385E-05   7.381013E-05   7.499902E-05   6.770088E-05   6.786770E-05   5.632327E-05   4.897004E-05   3.700431E-05   2.679373E-05   3.004925E-05   3.755239E-05   3.991543E-05
   1.579822E-04   7.026601E-05   5.450429E-05   7.203018E-05   8.259062E-05   1.136974E-04   9.779776E-05   1.215849E-04   1.816171E-04   1.092595E-04   7.164241E-05   8.705947E-05   1.205323E-04   1.038795E-04   4.780962E-05   6.355336E-05   3.528310E-05   2.269460E-05   5.262629E-05   1.009293E-04
   8.412827E-05   1.172798E-04   1.132309E-04   1.231966E-04   1.271128E-04   9.922170E-05   9.384852E-05   9.520870E-05   1.804342E-04   1.193319E-04   7.154985E-05   8.673750E-05   9.016374E-05   5.257810E-05   6.242234E-05   4.324047E-05   4.606783E-05   5.083745E-05   5.859350E-05   8.964099E-05
   8.412827E-05   8.412827E-05   1.452582E-04   1.568476E-04   1.648812E-04   1.720828E-04   1.033180E-04   1.052947E-04   1.071194E-04   1.164938E-04   8.620836E-05   8.174760E-05   6.521842E-05   5.614977E-05   5.932996E-05   8.442570E-05   6.001993E-05   6.288767E-05   7.557376E-05   9.157254E-05
   8.412827E-05   8.412827E-05   8.412827E-05   1.441064E-04   1.604191E-04   2.000000E-04   1.250421E-04   1.047213E-04   7.530608E-05   7.092085E-05   1.237461E-04   1.111550E-04   7.449480E-05   6.386475E-05   7.646919E-05   9.454908E-05   7.082542E-05   1.102429E-04   9.955223E-05   1.065152E-04
   8.412827E-05   8.412827E-05   8.412827E-05   8.412827E-05   1.740287E-04   1.217149E-04   1.034593E-04   7.503042E-05   5.876760E-05   5.137603E-05   1.226661E-04   1.424934E-04   1.161178E-04   1.195380E-04   7.734037E-05   8.854302E-05   1.204711E-04   1.533582E-04   1.886798E-04   8.412827E-05
   8.412827E-05   8.412827E-05   8.412827E-05   8.412827E-05   1.553205E-04   9.958314E-05   8.820542E-05   6.802235E-05   5.610561E-05   5.262845E-05   1.262546E-04   1.978734E-04   1.270927E-04   1.083450E-04   7.627534E-05   9.903723E-05   7.467148E-05   1.652828E-04   1.300939E-04   8.412827E-05
   8.412827E-05   8.412827E-05   8.412827E-05   8.412827E-05   8.412827E-05   6.621231E-05   8.184823E-05   4.534347E-05   6.117423E-05   6.441000E-05   9.324999E-05   7.710243E-05   5.834321E-05   1.514784E-04   8.314569E-05   1.634453E-04   9.280164E-05   1.030905E-04   8.412827E-05   8.412827E-05
   8.412827E-05   8.412827E-05   8.412827E-05   8.412827E-05   8.412827E-05   7.160265E-05   9.623218E-05   4.754517E-05   5.335312E-05   5.692977E-05   1.040268E-04   8.734906E-05   6.114660E-05   1.017314E-04   1.125319E-04   1.135066E-04   1.587266E-04   8.412827E-05   8.412827E-05   8.412827E-05
   8.412827E-05   8.412827E-05   8.412827E-05   8.412827E-05   8.412827E-05   8.715315E-05   8.229603E-05   5.478130E-05   4.812925E-05   9.757105E-05   6.469655E-05   9.956869E-05   8.407534E-05   8.276008E-05   6.410554E-05   8.763467E-05   8.412827E-05   8.412827E-05   8.412827E-05   8.412827E-05
