   2.559671E-05   2.000000E-05   2.392328E-05   2.000000E-05   2.000000E-05   2.000000E-05   2.114696E-05   2.000000E-05   2.000000E-05   2.000000E-05   2.000000E-05   2.000000E-05   2.000000E-05   2.000000E-05   2.000000E-05   2.000000E-05   2.000000E-05   2.000000E-05   2.000000E-05   2.000000E-05
   2.608380E-05   2.721235E-05   2.276700E-05   2.000000E-05   2.000000E-05   2.000000E-05   2.000000E-05   2.000000E-05   2.000000E-05   2.000000E-05   2.000000E-05   2.000000E-05   2.000000E-05   2.000000E-05   2.000000E-05   2.000000E-05   2.000000E-05   2.000000E-05   2.000000E-05   2.000000E-05
   2.000000E-05   2.000000E-05   2.000000E-05   2.000000E-05   2.000000E-05   2.000000E-05   2.000000E-05   2.000000E-05   2.000000E-05   2.000000E-05   2.000000E-05   2.000000E-05   2.000000E-05   2.109354E-05   2.000000E-05   2.000000E-05   2.000000E-05   2.000000E-05   2.000000E-05   2.000000E-05
   2.000000E-05   2.000000E-05   2.000000E-05   2.000000E-05   2.509096E-05   2.000000E-05   2.000000E-05   2.000000E-05   2.000000E-05   2.000000E-05   2.000000E-05   2.000000E-05   2.000000E-05   2.000000E-05   2.000000E-05   2.000000E-05   2.000000E-05   2.000000E-05   2.000000E-05   2.000000E-05
   2.504414E-05   2.000000E-05   2.783425E-05   2.077154E-05   2.056756E-05   2.000000E-05   2.879597E-05   2.446131E-05   2.000000E-05   2.000000E-05   2.000000E-05   2.000000E-05   2.000000E-05   2.000000E-05   2.000000E-05   2.000000E-05   2.000000E-05   2.000000E-05   2.000000E-05   2.000000E-05
   2.256343E-05   3.763036E-05   4.064332E-05   2.717481E-05   2.000000E-05   2.065316E-05   2.914868E-05   2.676849E-05   2.063249E-05   2.336931E-05   2.158692E-05   2.000000E-05   2.000000E-05   2.000000E-05   2.000000E-05   2.000000E-05   2.000000E-05   2.000000E-05   2.000000E-05   2.000000E-05
   2.049851E-05   4.040581E-05   3.308078E-05   4.733893E-05   3.246494E-05   3.240188E-05   2.261969E-05   2.826379E-05   2.964976E-05   4.128775E-05   3.694471E-05   2.000000E-05   2.000000E-05   2.000000E-05   2.000000E-05   2.000000E-05   2.000000E-05   2.000000E-05   2.000000E-05   2.000000E-05
   2.693650E-05   3.257049E-05   4.269079E-05   4.254613E-05   4.561248E-05   2.484181E-05   2.179845E-05   2.000000E-05   3.356443E-05   6.318112E-05   2.858395E-05   2.555269E-05   2.928963E-05   2.000000E-05   2.000000E-05   2.000000E-05   2.000000E-05   2.000000E-05   2.000000E-05   2.000000E-05
   2.529694E-05   2.523981E-05   2.820482E-05   3.495482E-05   2.972613E-05   2.972613E-05   2.972613E-05   3.965247E-05   3.537259E-05   6.232463E-05   3.727299E-05   2.000000E-05   2.517748E-05   2.000000E-05   2.000000E-05   2.000000E-05   2.000000E-05   2.000000E-05   2.000000E-05   2.000000E-05
   2.038489E-05   2.580675E-05   4.084451E-05   3.478785E-05   2.972613E-05   2.972613E-05   2.972613E-05   2.972613E-05   3.891586E-05   5.310161E-05   3.969255E-05   3.789366E-05   2.000000E-05   2.000000E-05   2.000000E-05   2.000000E-05   2.000000E-05   2.000000E-05   2.000000E-05   2.000000E-05
   2.423552E-05   4.078564E-05   3.972810E-05   2.705499E-05   2.972613E-05   2.972613E-05   2.972613E-05   2.972613E-05   3.701602E-05   5.271779E-05   4.798242E-05   3.206490E-05   2.000000E-05   2.000000E-05   2.000000E-05   2.000000E-05   2.000000E-05   2.000000E-05   2.000000E-05   2.000000E-05
   3.984389E-05   5.132164E-05   4.006143E-05   3.163170E-05   2.972613E-05   2.972613E-05   2.972613E-05   2.972613E-05   3.520708E-05   4.648303E-05   6.749700E-05   2.998463E-05   2.000000E-05   2.000000E-05   2.000000E-05   2.000000E-05   2.000000E-05   2.000000E-05   2.000000E-05   2.000000E-05
   3.840834E-05   4.600800E-05   5.015448E-05   2.911575E-05   2.972613E-05   2.972613E-05   2.972613E-05   2.972613E-05   3.925646E-05   5.060196E-05   4.690343E-05   2.519120E-05   2.000000E-05   2.000000E-05   2.000000E-05   2.000000E-05   2.000000E-05   2.000000E-05   2.000000E-05   2.000000E-05
   2.592062E-05   3.850389E-05   5.038416E-05   3.909835E-05   2.972613E-05   2.972613E-05   2.972613E-05   2.972613E-05   2.785938E-05   5.167136E-05   5.643774E-05   2.847657E-05   2.000000E-05   2.000000E-05   2.000000E-05   2.000000E-05   2.000000E-05   2.000000E-05   2.000000E-05   2.000000E-05
   4.180115E-05   5.594154E-05   6.733573E-05   4.752386E-05   2.972613E-05   2.972613E-05   2.972613E-05   2.972613E-05   2.000000E-05   2.685667E-05   4.531622E-05   2.494388E-05   2.000000E-05   2.000000E-05   2.000000E-05   2.000000E-05   2.000000E-05   2.000000E-05   2.000000E-05   2.000000E-05
   2.747162E-05   3.861960E-05   3.687018E-05   2.000000E-05   2.972613E-05   2.972613E-05   2.972613E-05   2.972613E-05   3.008283E-05   2.000000E-05   2.432852E-05   2.000000E-05   2.000000E-05   2.000000E-05   2.000000E-05   2.000000E-05   2.000000E-05   2.000000E-05   2.000000E-05   2.000000E-05
   3.715064E-05   5.496474E-05   2.357676E-05   2.000000E-05   2.972613E-05   2.972613E-05   2.972613E-05   2.972613E-05   2.000000E-05   2.000000E-05   2.000000E-05   2.000000E-05   2.000000E-05   2.000000E-05   2.000000E-05   2.000000E-05   2.000000E-05   2.000000E-05   2.000946E-05   2.651471E-05
   2.791868E-05   4.617617E-05   3.459035E-05   3.274740E-05   2.972613E-05   2.972613E-05   2.972613E-05   2.972613E-05   2.000000E-05   2.000000E-05   2.000000E-05   2.000000E-05   2.000000E-05   2.000000E-05   2.000000E-05   2.000000E-05   2.000000E-05   2.609689E-05   3.286539E-05   2.083219E-05
   3.721675E-05   3.141067E-05   3.064658E-05   2.095072E-05   2.972613E-05   2.972613E-05   2.972613E-05   2.972613E-05   2.000000E-05   2.000000E-05   2.000000E-05   2.000000E-05   2.000000E-05   2.000000E-05   2.000000E-05   2.000000E-05   2.000000E-05   2.043247E-05   2.378234E-05   2.000000E-05
   2.134859E-05   3.543330E-05   2.899140E-05   2.056212E-05   2.972613E-05   2.972613E-05   2.972613E-05   2.972613E-05   2.000000E-05   2.000000E-05   2.000000E-05   2.000000E-05   2.000000E-05   2.000000E-05   2.000000E-05   2.000000E-05   2.000000E-05   2.000000E-05   2.043806E-05   2.000000E-05
   2.145971E-05   2.000000E-05   2.000000E-05   2.000000E-05   2.972613E-05   2.972613E-05   2.972613E-05   2.972613E-05   2.000000E-05   2.000000E-05   2.000000E-05   2.000000E-05   2.000000E-05   2.000000E-05   2.000000E-05   2.000000E-05   2.000000E-05   2.000000E-05   2.000000E-05   2.000000E-05
   2.000000E-05   2.000000E-05   2.000000E-05   2.000000E-05   2.972613E-05   2.972613E-05   2.000000E-05   2.000000E-05   2.000000E-05   2.000000E-05   2.000000E-05   2.000000E-05   2.000000E-05   2.000000E-05   2.000000E-05   2.047806E-05   4.254653E-05   2.363391E-05   2.447158E-05   2.000000E-05
   2.000000E-05   2.000000E-05   2.000000E-05   2.000000E-05   2.000000E-05   2.972613E-05   2.000000E-05   2.000000E-05   2.000000E-05   2.000000E-05   2.000000E-05   2.000000E-05   2.000000E-05   2.000000E-05   2.193434E-05   3.344444E-05   2.349993E-05   2.495607E-05   2.000000E-05   2.000000E-05
   2.449990E-05   2.000000E-05   2.000000E-05   2.000000E-05   2.000000E-05   2.000000E-05   2.000000E-05   2.000000E-05   2.000000E-05   2.000000E-05   2.000000E-05   2.000000E-05   2.000000E-05   2.000000E-05   2.000000E-05   3.091236E-05   2.612368E-05   3.327329E-05   2.545779E-05   2.000000E-05
   2.671942E-05   2.183630E-05   2.000000E-05   2.000000E-05   2.000000E-05   2.000000E-05   2.000000E-05   2.000000E-05   2.000000E-05   2.000000E-05   2.000000E-05   2.000000E-05   2.000000E-05   2.000000E-05   2.000000E-05   2.491461E-05   2.372121E-05   2.728180E-05   2.267111E-05   2.057225E-05
   3.198709E-05   3.016512E-05   3.737587E-05   2.071462E-05   2.000000E-05   2.000000E-05   2.000000E-05   2.040017E-05   2.194802E-05   2.000000E-05   2.460062E-05   2.000000E-05   2.000000E-05   2.000000E-05   2.000000E-05   2.000000E-05   2.232425E-05   2.054572E-05   2.416113E-05   2.204317E-05
   3.795599E-05   3.178312E-05   4.296981E-05   2.000000E-05   2.788878E-05   2.400433E-05   3.444266E-05   4.068339E-05   2.078272E-05   2.570986E-05   4.158036E-05   2.883949E-05   2.000000E-05   2.000000E-05   2.000000E-05   2.000000E-05   2.000000E-05   2.308777E-05   3.191235E-05   2.000000E-05
   2.432618E-05   2.392506E-05   2.000000E-05   2.398722E-05   4.100271E-05   3.897276E-05   4.917414E-05   3.205724E-05   2.716140E-05   3.149629E-05   2.610096E-05   2.203920E-05   2.000000E-05   2.000000E-05   2.000000E-05   2.000000E-05   2.000000E-05   2.000000E-05   2.000000E-05   2.000000E-05
   2.000000E-05   2.000000E-05   3.797822E-05   5.382819E-05   6.299842E-05   3.677436E-05   3.480982E-05   4.232638E-05   3.877103E-05   3.088365E-05   2.584526E-05   2.000000E-05   2.000000E-05   2.000000E-05   2.000000E-05   2.000000E-05   2.000000E-05   2.000000E-05   2.000000E-05   2.000000E-05
   2.464161E-05   2.767072E-05   4.470202E-05   5.792495E-05   3.650027E-05   2.592475E-05   2.711067E-05   3.000953E-05   2.967898E-05   3.154796E-05   3.170966E-05   2.467973E-05   2.000000E-05   2.000000E-05   2.000000E-05   2.000000E-05   2.000000E-05   2.000000E-05   2.000000E-05   2.000000E-05
   2.317594E-05   2.000000E-05   3.212697E-05   3.787049E-05   2.807749E-05   2.038594E-05   2.058840E-05   2.732093E-05   2.000000E-05   2.054900E-05   2.087999E-05   2.000000E-05   2.000000E-05   2.000000E-05   2.000000E-05   2.000000E-05   2.000000E-05   2.000000E-05   2.000000E-05   2.000000E-05
   4.398279E-05   2.000000E-05   2.000000E-05   2.005345E-05   2.299352E-05   3.165375E-05   2.722723E-05   3.384965E-05   5.056282E-05   3.041821E-05   2.000000E-05   2.423766E-05   3.355661E-05   2.892040E-05   2.000000E-05   2.000000E-05   2.000000E-05   2.000000E-05   2.000000E-05   2.809908E-05
   2.972613E-05   3.265110E-05   3.152387E-05   3.429835E-05   3.538865E-05   2.762366E-05   2.612775E-05   2.650643E-05   5.023350E-05   3.322243E-05   2.000000E-05   2.414802E-05   2.510190E-05   2.000000E-05   2.000000E-05   2.000000E-05   2.000000E-05   2.000000E-05   2.000000E-05   2.495636E-05
   2.972613E-05   2.972613E-05   4.044040E-05   4.366691E-05   4.590349E-05   4.790846E-05   2.876408E-05   2.931441E-05   2.982241E-05   3.243228E-05   2.400070E-05   2.275882E-05   2.000000E-05   2.000000E-05   2.000000E-05   2.350441E-05   2.000000E-05   2.000000E-05   2.104000E-05   2.549411E-05
   2.972613E-05   2.972613E-05   2.972613E-05   4.011972E-05   4.466122E-05   7.027882E-05   3.481216E-05   2.915476E-05   2.096547E-05   2.000000E-05   3.445135E-05   3.094593E-05   2.073961E-05   2.000000E-05   2.128929E-05   2.632279E-05   2.000000E-05   3.069201E-05   2.771569E-05   2.965420E-05
   2.972613E-05   2.972613E-05   2.972613E-05   2.972613E-05   4.845018E-05   3.388584E-05   2.880344E-05   2.088873E-05   2.000000E-05   2.000000E-05   3.415068E-05   3.967064E-05   3.232760E-05   3.327980E-05   2.153183E-05   2.465068E-05   3.353958E-05   4.269547E-05   5.252910E-05   2.972613E-05
   2.972613E-05   2.972613E-05   2.972613E-05   2.972613E-05   4.324176E-05   2.772429E-05   2.455670E-05   2.000000E-05   2.000000E-05   2.000000E-05   3.514972E-05   5.508865E-05   3.538304E-05   3.016362E-05   2.123532E-05   2.757231E-05   2.078880E-05   4.601529E-05   3.621859E-05   2.972613E-05
   2.972613E-05   2.972613E-05   2.972613E-05   2.972613E-05   2.972613E-05   2.000000E-05   2.278683E-05   2.000000E-05   2.000000E-05   2.000000E-05   2.596112E-05   2.146558E-05   2.000000E-05   4.217212E-05   2.314805E-05   4.550375E-05   2.583630E-05   2.870074E-05   2.972613E-05   2.972613E-05
   2.972613E-05   2.972613E-05   2.972613E-05   2.972613E-05   2.972613E-05   2.000000E-05   2.679137E-05   2.000000E-05   2.000000E-05   2.000000E-05   2.896143E-05   2.431828E-05   2.000000E-05   2.832236E-05   3.132928E-05   3.160064E-05   4.419005E-05   2.972613E-05   2.972613E-05   2.972613E-05
   2.972613E-05   2.972613E-05   2.972613E-05   2.972613E-05   2.972613E-05   2.426374E-05   2.291150E-05   2.000000E-05   2.000000E-05   2.716412E-05   2.000000E-05   2.772027E-05   2.340686E-05   2.304069E-05   2.000000E-05   2.439780E-05   2.972613E-05   2.972613E-05   2.972613E-05   2.972613E-05
