   4.172637E-05   2.630441E-05   3.899844E-05   2.128743E-05   2.000000E-05   2.680723E-05   3.447262E-05   2.088258E-05   2.000000E-05   2.000000E-05   2.021641E-05   2.194932E-05   3.227921E-05   2.150201E-05   2.000000E-05   2.322879E-05   2.000000E-05   2.956811E-05   2.000000E-05   2.000000E-05
   4.252040E-05   4.436009E-05   3.711354E-05   2.282864E-05   2.224328E-05   2.246324E-05   2.880072E-05   2.321684E-05   2.000000E-05   2.315498E-05   2.000000E-05   2.000000E-05   2.836827E-05   2.508682E-05   2.253889E-05   2.000000E-05   2.972750E-05   2.308979E-05   2.000000E-05   2.000000E-05
   2.644512E-05   3.213138E-05   2.292174E-05   2.591869E-05   2.183090E-05   2.000000E-05   2.143635E-05   2.000000E-05   2.000000E-05   2.000000E-05   2.413474E-05   2.000000E-05   2.889041E-05   3.438554E-05   2.469717E-05   2.000000E-05   2.193367E-05   2.000000E-05   2.000000E-05   2.000000E-05
   2.132985E-05   2.988388E-05   3.036024E-05   2.859778E-05   4.090193E-05   2.741861E-05   2.000000E-05   2.000000E-05   2.491772E-05   2.420044E-05   2.134867E-05   2.000000E-05   2.063724E-05   2.000000E-05   2.000000E-05   2.000000E-05   2.000000E-05   2.000000E-05   2.000000E-05   2.114188E-05
   4.082560E-05   2.292305E-05   4.537389E-05   3.386063E-05   3.352812E-05   2.775115E-05   4.694163E-05   3.987550E-05   2.858719E-05   2.049396E-05   2.718728E-05   3.030454E-05   2.000000E-05   2.000000E-05   2.000000E-05   2.000000E-05   2.000000E-05   2.000000E-05   2.000000E-05   2.000000E-05
   3.678168E-05   6.134297E-05   6.625453E-05   4.429890E-05   3.155558E-05   3.366767E-05   4.751660E-05   4.363654E-05   3.363397E-05   3.809538E-05   3.518983E-05   2.789648E-05   2.000000E-05   2.000000E-05   2.000000E-05   2.000000E-05   2.000000E-05   2.167876E-05   2.124198E-05   2.057973E-05
   3.341557E-05   6.586737E-05   5.392650E-05   7.716936E-05   5.292258E-05   5.281978E-05   3.687339E-05   4.607409E-05   4.833342E-05   6.730506E-05   6.022526E-05   2.964111E-05   2.893216E-05   2.000000E-05   2.000000E-05   2.000000E-05   2.000000E-05   2.000000E-05   2.000000E-05   2.000000E-05
   4.391042E-05   5.309464E-05   6.959220E-05   6.935639E-05   7.435499E-05   4.049577E-05   3.553465E-05   3.222134E-05   5.471492E-05   1.029944E-04   4.659601E-05   4.165461E-05   4.774637E-05   2.000000E-05   2.000000E-05   2.000000E-05   2.000000E-05   2.000000E-05   2.000000E-05   2.000000E-05
   4.123770E-05   4.114456E-05   4.597797E-05   5.698146E-05   3.597365E-05   3.597365E-05   3.597365E-05   6.463930E-05   5.766247E-05   1.015982E-04   6.076041E-05   3.030280E-05   4.104297E-05   2.000000E-05   2.000000E-05   2.000000E-05   2.000000E-05   2.030560E-05   2.000000E-05   2.000000E-05
   3.323033E-05   4.206876E-05   6.658250E-05   5.670927E-05   3.597365E-05   3.597365E-05   3.597365E-05   3.597365E-05   6.343852E-05   8.656336E-05   6.470465E-05   6.177219E-05   2.875210E-05   2.208510E-05   2.000000E-05   2.000000E-05   2.000000E-05   2.000000E-05   2.000000E-05   2.000000E-05
   3.950743E-05   6.648654E-05   6.476259E-05   4.410357E-05   3.597365E-05   3.597365E-05   3.597365E-05   3.597365E-05   6.034151E-05   8.593768E-05   7.821835E-05   5.227046E-05   2.129325E-05   2.105508E-05   2.044534E-05   2.000000E-05   2.000000E-05   2.000000E-05   2.000000E-05   2.000000E-05
   6.495134E-05   8.366175E-05   6.530598E-05   5.156429E-05   3.597365E-05   3.597365E-05   3.597365E-05   3.597365E-05   5.739267E-05   7.577412E-05   1.100299E-04   4.887932E-05   2.378586E-05   2.158130E-05   2.000000E-05   2.000000E-05   2.000000E-05   2.000000E-05   2.000000E-05   2.000000E-05
   6.261120E-05   7.499975E-05   8.175910E-05   4.746292E-05   3.597365E-05   3.597365E-05   3.597365E-05   3.597365E-05   6.399374E-05   8.248857E-05   7.645943E-05   4.106533E-05   2.476952E-05   2.000000E-05   2.000000E-05   2.028870E-05   2.721601E-05   2.000000E-05   2.000000E-05   2.000000E-05
   4.225439E-05   6.276696E-05   8.213352E-05   6.373601E-05   3.597365E-05   3.597365E-05   3.597365E-05   3.597365E-05   4.541486E-05   8.423185E-05   9.200174E-05   4.642096E-05   2.000000E-05   2.000000E-05   2.000000E-05   2.065076E-05   3.180152E-05   2.147114E-05   2.000000E-05   2.000000E-05
   6.814197E-05   9.119286E-05   1.097670E-04   7.747082E-05   3.597365E-05   3.597365E-05   3.597365E-05   3.597365E-05   2.847019E-05   4.378028E-05   7.387204E-05   4.066216E-05   2.000000E-05   2.000000E-05   2.000000E-05   2.000000E-05   3.134958E-05   2.293897E-05   2.000000E-05   2.000000E-05
   4.478275E-05   6.295557E-05   6.010377E-05   3.205110E-05   3.597365E-05   3.597365E-05   3.597365E-05   3.597365E-05   4.903939E-05   2.730762E-05   3.965903E-05   2.434545E-05   2.000000E-05   2.000000E-05   2.000000E-05   2.000000E-05   2.820363E-05   2.374353E-05   2.295304E-05   3.147126E-05
   6.056096E-05   8.960053E-05   3.843355E-05   2.122375E-05   3.597365E-05   3.597365E-05   3.597365E-05   3.597365E-05   2.000000E-05   2.000000E-05   2.749466E-05   2.000000E-05   2.000000E-05   2.000000E-05   2.000000E-05   2.000000E-05   2.856931E-05   2.226847E-05   3.261833E-05   4.322285E-05
   4.551152E-05   7.527389E-05   5.638731E-05   5.338304E-05   3.597365E-05   3.597365E-05   3.597365E-05   3.597365E-05   2.000000E-05   2.000000E-05   2.000000E-05   2.000000E-05   2.000000E-05   2.000000E-05   2.000000E-05   2.000000E-05   2.000000E-05   4.254173E-05   5.357538E-05   3.395950E-05
   6.066872E-05   5.120397E-05   4.995839E-05   3.415273E-05   3.597365E-05   3.597365E-05   3.597365E-05   3.597365E-05   2.000000E-05   2.000000E-05   2.000000E-05   2.000000E-05   2.000000E-05   2.000000E-05   2.000000E-05   2.000000E-05   2.000000E-05   3.330790E-05   3.876867E-05   2.439999E-05
   3.480132E-05   5.776144E-05   4.726020E-05   3.351926E-05   3.597365E-05   3.597365E-05   3.597365E-05   3.597365E-05   2.000000E-05   2.000000E-05   2.000000E-05   2.000000E-05   2.000000E-05   2.000000E-05   2.000000E-05   2.000000E-05   2.701720E-05   2.760803E-05   3.331701E-05   2.000000E-05
   3.498246E-05   2.814471E-05   2.676180E-05   2.389570E-05   3.597365E-05   3.597365E-05   3.597365E-05   3.597365E-05   2.000000E-05   2.000000E-05   2.000000E-05   2.000000E-05   2.000000E-05   2.000000E-05   2.000000E-05   2.480704E-05   3.203676E-05   3.056369E-05   2.774932E-05   2.207768E-05
   2.808361E-05   2.840300E-05   2.000000E-05   2.089095E-05   3.597365E-05   3.597365E-05   2.000000E-05   2.000000E-05   2.000000E-05   2.000000E-05   2.000000E-05   2.000000E-05   2.000000E-05   2.000000E-05   2.198662E-05   3.338222E-05   6.935705E-05   3.852671E-05   3.989225E-05   2.462671E-05
   2.332219E-05   2.000000E-05   2.000000E-05   2.333552E-05   2.000000E-05   3.597365E-05   2.000000E-05   2.000000E-05   2.000000E-05   2.000000E-05   2.000000E-05   2.000000E-05   2.000000E-05   2.000000E-05   3.575617E-05   5.451931E-05   3.830831E-05   4.068203E-05   3.227607E-05   2.328764E-05
   3.993841E-05   3.224060E-05   2.061462E-05   2.000000E-05   2.500595E-05   2.000000E-05   2.000000E-05   2.000000E-05   2.000000E-05   2.000000E-05   2.000000E-05   2.000000E-05   2.385118E-05   2.166032E-05   2.906645E-05   5.039164E-05   4.258540E-05   5.424032E-05   4.149990E-05   2.759352E-05
   4.355654E-05   3.559635E-05   2.853648E-05   2.277772E-05   2.100579E-05   2.629739E-05   2.489527E-05   2.000000E-05   2.093569E-05   2.878600E-05   2.000000E-05   2.762719E-05   2.604820E-05   2.000000E-05   2.695331E-05   4.061445E-05   3.866903E-05   4.447331E-05   3.695721E-05   3.353577E-05
   5.214362E-05   4.917354E-05   6.092811E-05   3.376785E-05   2.580484E-05   2.201635E-05   2.341719E-05   3.325526E-05   3.577847E-05   2.991979E-05   4.010260E-05   2.169867E-05   2.000000E-05   2.352062E-05   2.000000E-05   2.527538E-05   3.639178E-05   3.349251E-05   3.938616E-05   3.593358E-05
   6.187380E-05   5.181112E-05   7.004705E-05   3.160720E-05   4.546277E-05   3.913056E-05   5.614655E-05   6.631985E-05   3.387886E-05   4.191081E-05   6.778205E-05   4.701258E-05   3.163038E-05   2.700354E-05   2.000000E-05   2.429115E-05   3.093126E-05   3.763643E-05   5.202178E-05   2.991857E-05
   3.965522E-05   3.900134E-05   3.166173E-05   3.910266E-05   6.684039E-05   6.353128E-05   8.016101E-05   5.225798E-05   4.427705E-05   5.134354E-05   4.254837E-05   3.592710E-05   2.413280E-05   2.822543E-05   2.000000E-05   3.003695E-05   2.718520E-05   2.855412E-05   2.875527E-05   3.038333E-05
   2.890369E-05   2.969827E-05   6.191004E-05   8.774779E-05   1.026966E-04   5.994757E-05   5.674508E-05   6.899817E-05   6.320243E-05   5.034486E-05   4.213153E-05   3.195041E-05   2.708044E-05   2.000000E-05   2.000000E-05   2.567696E-05   2.000000E-05   2.351212E-05   2.191957E-05   2.000000E-05
   4.016941E-05   4.510731E-05   7.287081E-05   9.442611E-05   5.950076E-05   4.226112E-05   4.419434E-05   4.891991E-05   4.838106E-05   5.142777E-05   5.169136E-05   4.023156E-05   2.097204E-05   2.507883E-05   2.000000E-05   2.000000E-05   2.075339E-05   2.000000E-05   2.000000E-05   2.486709E-05
   3.778016E-05   3.164519E-05   5.237165E-05   6.173442E-05   4.577039E-05   3.323206E-05   3.356210E-05   4.453709E-05   2.900655E-05   3.349786E-05   3.403742E-05   3.072525E-05   3.080095E-05   2.556165E-05   2.222448E-05   2.000000E-05   2.000000E-05   2.000000E-05   2.000000E-05   2.000000E-05
   7.169836E-05   3.188940E-05   2.473613E-05   3.269005E-05   3.748278E-05   5.160023E-05   4.438436E-05   5.517986E-05   8.242476E-05   4.958612E-05   3.251406E-05   3.951091E-05   5.470216E-05   4.714447E-05   2.169783E-05   2.884295E-05   2.000000E-05   2.000000E-05   2.388382E-05   4.580559E-05
   3.597365E-05   5.322605E-05   5.138849E-05   5.591131E-05   5.768866E-05   4.503060E-05   4.259205E-05   4.320935E-05   8.188793E-05   5.415739E-05   3.247206E-05   3.936479E-05   4.091975E-05   2.386195E-05   2.832964E-05   2.000000E-05   2.090734E-05   2.307198E-05   2.659197E-05   4.068250E-05
   3.597365E-05   3.597365E-05   6.592374E-05   7.118343E-05   7.482937E-05   7.809777E-05   4.688964E-05   4.778677E-05   4.861487E-05   5.286934E-05   3.912465E-05   3.710019E-05   2.959861E-05   2.548291E-05   2.692620E-05   3.831561E-05   2.723934E-05   2.854083E-05   3.429826E-05   4.155912E-05
   3.597365E-05   3.597365E-05   3.597365E-05   6.540100E-05   7.280430E-05   1.145647E-04   5.674889E-05   4.752651E-05   3.417678E-05   3.218659E-05   5.616072E-05   5.044638E-05   3.380859E-05   2.898426E-05   3.470464E-05   4.290998E-05   3.214328E-05   5.003244E-05   4.518061E-05   4.834068E-05
   3.597365E-05   3.597365E-05   3.597365E-05   3.597365E-05   7.898085E-05   5.523886E-05   4.695380E-05   3.405167E-05   2.667098E-05   2.331640E-05   5.567059E-05   6.466893E-05   5.269871E-05   5.425093E-05   3.510002E-05   4.018421E-05   5.467440E-05   6.959983E-05   8.563009E-05   3.597365E-05
   3.597365E-05   3.597365E-05   3.597365E-05   3.597365E-05   7.049036E-05   4.519464E-05   4.003099E-05   3.087114E-05   2.546287E-05   2.388480E-05   5.729917E-05   8.980252E-05   5.767951E-05   4.917110E-05   3.461666E-05   4.494688E-05   3.388877E-05   7.501164E-05   5.904158E-05   3.597365E-05
   3.597365E-05   3.597365E-05   3.597365E-05   3.597365E-05   3.597365E-05   3.004968E-05   3.714585E-05   2.057860E-05   2.776320E-05   2.923172E-05   4.232041E-05   3.499203E-05   2.647838E-05   6.874671E-05   3.773469E-05   7.417774E-05   4.211693E-05   4.678639E-05   3.597365E-05   3.597365E-05
   3.597365E-05   3.597365E-05   3.597365E-05   3.597365E-05   3.597365E-05   3.249602E-05   4.367384E-05   2.157781E-05   2.421368E-05   2.583690E-05   4.721135E-05   3.964234E-05   2.775066E-05   4.616957E-05   5.107130E-05   5.151364E-05   7.203622E-05   3.597365E-05   3.597365E-05   3.597365E-05
   3.597365E-05   3.597365E-05   3.597365E-05   3.597365E-05   3.597365E-05   3.955343E-05   3.734908E-05   2.486185E-05   2.184289E-05   4.428147E-05   2.936177E-05   4.518808E-05   3.815660E-05   3.755969E-05   2.909354E-05   3.977196E-05   3.597365E-05   3.597365E-05   3.597365E-05   3.597365E-05
