   1.808027E-02   1.200336E-02   1.225420E-02   1.077173E-02   1.000000E-02   1.000000E-02   1.000000E-02   1.000000E-02   1.000000E-02   1.000000E-02   1.655478E-02   3.599199E-02   2.434292E-02   3.415956E-02   2.121423E-02   1.605486E-02   2.509858E-02   3.106656E-02   1.800352E-02   1.997176E-02
   1.411626E-02   1.218612E-02   1.648492E-02   1.038830E-02   1.000000E-02   1.000000E-02   1.000000E-02   1.000000E-02   1.000000E-02   1.000000E-02   1.447708E-02   2.526344E-02   1.557219E-02   1.500457E-02   1.143432E-02   2.833730E-02   2.380115E-02   2.788882E-02   2.364281E-02   2.066159E-02
   1.302704E-02   1.038271E-02   1.000000E-02   1.000000E-02   1.000000E-02   1.000000E-02   1.000000E-02   1.000000E-02   1.000000E-02   1.000000E-02   1.402130E-02   2.961048E-02   2.006992E-02   1.459164E-02   1.451462E-02   1.889979E-02   1.075282E-02   1.135458E-02   2.472312E-02   3.663262E-02
   2.080270E-02   1.368075E-02   1.918446E-02   1.222108E-02   1.000000E-02   1.000000E-02   1.000000E-02   1.000000E-02   1.000000E-02   1.000000E-02   1.163987E-02   2.448412E-02   2.691768E-02   1.697215E-02   1.335025E-02   2.044839E-02   1.444190E-02   1.749568E-02   1.705238E-02   2.952657E-02
   1.774678E-02   1.961304E-02   2.171673E-02   1.794779E-02   1.127459E-02   1.000000E-02   1.000000E-02   1.000000E-02   1.000000E-02   1.000000E-02   1.800385E-02   2.130378E-02   1.877387E-02   2.167654E-02   1.094723E-02   1.233791E-02   1.622927E-02   2.902301E-02   2.736055E-02   2.017823E-02
   2.863158E-02   2.657459E-02   2.910110E-02   2.839977E-02   1.876904E-02   1.161047E-02   1.000000E-02   1.000000E-02   1.000000E-02   1.000000E-02   1.000000E-02   2.203452E-02   2.119075E-02   1.638211E-02   1.578951E-02   1.513432E-02   1.867756E-02   1.709619E-02   2.055618E-02   2.322704E-02
   3.376969E-02   5.783228E-02   6.628637E-02   3.334151E-02   1.688623E-02   1.223468E-02   1.000000E-02   1.000000E-02   1.000000E-02   1.000000E-02   1.420624E-02   1.499358E-02   1.124579E-02   1.041046E-02   1.232160E-02   1.140740E-02   1.513334E-02   2.449300E-02   3.109518E-02   4.009598E-02
   3.506992E-02   5.000149E-02   3.605786E-02   2.397752E-02   2.092702E-02   1.810785E-02   1.000000E-02   1.000000E-02   1.289055E-02   1.409708E-02   1.240997E-02   1.491434E-02   1.000000E-02   1.000000E-02   1.157903E-02   1.317904E-02   1.184562E-02   1.671581E-02   1.773761E-02   2.137943E-02
   2.185546E-02   2.691143E-02   2.828309E-02   1.283221E-02   1.000000E-02   1.000000E-02   1.000000E-02   1.550116E-02   2.168391E-02   2.231754E-02   1.268724E-02   1.636886E-02   1.150184E-02   1.353906E-02   1.356975E-02   1.536497E-02   1.732852E-02   1.262664E-02   1.709004E-02   1.433921E-02
   1.868001E-02   2.196822E-02   2.486866E-02   1.062849E-02   1.000000E-02   1.000000E-02   1.000000E-02   1.000000E-02   1.273857E-02   1.207576E-02   1.844600E-02   2.398447E-02   1.823897E-02   2.394114E-02   1.802510E-02   1.808483E-02   1.208936E-02   1.178139E-02   1.194968E-02   1.000000E-02
   1.416296E-02   1.278480E-02   1.701807E-02   1.439885E-02   1.000000E-02   1.000000E-02   1.000000E-02   1.000000E-02   1.488776E-02   1.402356E-02   1.131763E-02   1.384303E-02   2.109449E-02   3.363138E-02   2.771352E-02   2.113845E-02   1.000000E-02   1.181672E-02   1.054722E-02   1.050189E-02
   1.669978E-02   1.419052E-02   1.642638E-02   1.546894E-02   1.000000E-02   1.000000E-02   1.000000E-02   1.000000E-02   1.643631E-02   1.165877E-02   1.760885E-02   2.729894E-02   1.321451E-02   1.662886E-02   1.999042E-02   2.023390E-02   1.015457E-02   1.000000E-02   1.276715E-02   1.417603E-02
   1.121017E-02   1.000000E-02   1.359482E-02   1.000000E-02   1.000000E-02   1.000000E-02   1.000000E-02   1.000000E-02   1.017638E-02   1.310859E-02   2.639465E-02   2.406110E-02   1.812053E-02   1.642722E-02   1.990803E-02   1.957461E-02   1.170365E-02   1.000000E-02   1.490788E-02   1.454889E-02
   1.379143E-02   1.000000E-02   1.000000E-02   1.000000E-02   1.000000E-02   1.000000E-02   1.000000E-02   1.000000E-02   1.279346E-02   1.923473E-02   2.087217E-02   2.294150E-02   1.384170E-02   1.579177E-02   2.160635E-02   1.202233E-02   1.000000E-02   1.192844E-02   1.305028E-02   1.491758E-02
   1.614536E-02   1.000000E-02   1.000000E-02   1.000000E-02   1.000000E-02   1.000000E-02   1.000000E-02   1.000000E-02   2.023209E-02   1.965922E-02   1.999789E-02   1.931220E-02   1.719557E-02   2.316411E-02   1.720984E-02   1.435497E-02   1.347522E-02   1.479027E-02   1.491509E-02   2.683175E-02
   1.252413E-02   1.000000E-02   1.000000E-02   1.000000E-02   1.000000E-02   1.000000E-02   1.000000E-02   1.000000E-02   1.598151E-02   1.402359E-02   1.000000E-02   1.390831E-02   1.787878E-02   2.081548E-02   2.057290E-02   2.510737E-02   3.072557E-02   2.467422E-02   1.989992E-02   3.371924E-02
   2.220069E-02   1.290638E-02   1.101401E-02   1.103447E-02   1.000000E-02   1.000000E-02   1.000000E-02   1.000000E-02   1.711490E-02   2.502053E-02   1.548623E-02   1.477530E-02   2.140611E-02   2.502564E-02   2.248911E-02   2.556911E-02   3.747242E-02   2.936374E-02   3.197558E-02   3.110133E-02
   1.515638E-02   1.000000E-02   1.483611E-02   1.217257E-02   1.000000E-02   1.000000E-02   1.000000E-02   1.000000E-02   2.154856E-02   2.695411E-02   2.007886E-02   1.317223E-02   1.190195E-02   1.478576E-02   2.645540E-02   2.949311E-02   3.238386E-02   3.010072E-02   4.282138E-02   3.143352E-02
   1.000000E-02   1.000000E-02   1.000000E-02   1.000000E-02   1.000000E-02   1.000000E-02   1.000000E-02   1.000000E-02   1.472051E-02   1.097688E-02   1.293671E-02   1.000000E-02   1.132379E-02   1.462235E-02   3.061734E-02   2.397487E-02   2.459416E-02   2.621498E-02   1.945509E-02   3.038444E-02
   1.233568E-02   1.000000E-02   1.084340E-02   1.000000E-02   1.000000E-02   1.000000E-02   1.000000E-02   1.000000E-02   2.263593E-02   1.186471E-02   1.000000E-02   1.000000E-02   1.000000E-02   1.149246E-02   1.571348E-02   1.498597E-02   2.211305E-02   2.013035E-02   2.218928E-02   2.171615E-02
   1.155893E-02   1.123585E-02   1.605736E-02   1.455663E-02   1.000000E-02   1.000000E-02   1.000000E-02   1.000000E-02   1.676328E-02   1.000000E-02   1.118955E-02   1.000000E-02   1.025270E-02   1.211958E-02   1.717731E-02   1.257116E-02   1.398766E-02   1.129500E-02   1.064417E-02   1.507742E-02
   1.000000E-02   2.134830E-02   1.589639E-02   2.712760E-02   1.000000E-02   1.000000E-02   2.529336E-02   2.303500E-02   1.351839E-02   1.000000E-02   1.000000E-02   1.000000E-02   1.040693E-02   1.634968E-02   1.754441E-02   1.303555E-02   1.000000E-02   1.000000E-02   1.000000E-02   1.463853E-02
   1.000000E-02   1.207022E-02   2.042212E-02   3.175874E-02   2.754562E-02   1.000000E-02   2.273491E-02   2.233295E-02   1.865960E-02   1.460987E-02   1.000000E-02   1.161637E-02   1.339436E-02   1.000000E-02   1.000000E-02   1.000000E-02   1.000000E-02   1.000000E-02   1.318842E-02   1.889645E-02
   1.000000E-02   1.168152E-02   1.435788E-02   1.940849E-02   1.973592E-02   1.346816E-02   1.835602E-02   1.461967E-02   1.207803E-02   1.000000E-02   1.303912E-02   1.000000E-02   1.100793E-02   1.000000E-02   1.000000E-02   1.465495E-02   1.000000E-02   1.000000E-02   1.336384E-02   2.083640E-02
   1.690209E-02   1.000000E-02   1.107276E-02   1.254452E-02   1.829389E-02   1.375007E-02   1.207457E-02   1.170769E-02   1.000000E-02   1.132748E-02   1.587801E-02   1.589223E-02   1.688561E-02   1.000000E-02   1.000000E-02   1.000000E-02   1.000000E-02   1.000000E-02   1.187324E-02   2.675333E-02
   1.361981E-02   1.218183E-02   1.225246E-02   1.583187E-02   1.000000E-02   1.000000E-02   1.000000E-02   1.000000E-02   1.000000E-02   1.000000E-02   2.220894E-02   2.858254E-02   1.872881E-02   1.246882E-02   1.000000E-02   1.000000E-02   1.000000E-02   1.358519E-02   1.858077E-02   2.143205E-02
   2.117523E-02   1.388324E-02   1.518328E-02   1.646228E-02   1.000000E-02   1.000000E-02   1.000000E-02   1.000000E-02   1.000000E-02   1.000000E-02   2.293585E-02   1.690187E-02   1.054830E-02   1.286787E-02   1.000000E-02   1.075102E-02   1.000000E-02   1.629107E-02   1.620124E-02   2.695191E-02
   1.943011E-02   1.956798E-02   1.334791E-02   1.373267E-02   1.000000E-02   1.000000E-02   1.000000E-02   1.021480E-02   1.000000E-02   1.000000E-02   1.643027E-02   1.328870E-02   1.063712E-02   1.000000E-02   1.000000E-02   1.000000E-02   1.418653E-02   2.033443E-02   1.743226E-02   2.560577E-02
   1.235699E-02   1.099827E-02   1.186788E-02   1.000000E-02   1.000000E-02   1.000000E-02   1.315307E-02   1.000000E-02   1.284362E-02   1.000000E-02   1.300280E-02   1.441204E-02   1.364031E-02   1.000000E-02   1.034920E-02   1.000000E-02   1.921752E-02   1.940374E-02   1.552399E-02   1.583088E-02
   2.240436E-02   1.997378E-02   1.359243E-02   1.039021E-02   1.410644E-02   1.100070E-02   1.850735E-02   1.879053E-02   1.895269E-02   1.000000E-02   1.000000E-02   1.021481E-02   1.389093E-02   1.080100E-02   1.197455E-02   1.462515E-02   1.636403E-02   1.845289E-02   1.338356E-02   1.252357E-02
   3.126788E-02   3.015474E-02   1.856479E-02   1.502534E-02   1.650329E-02   1.636844E-02   2.018493E-02   2.209169E-02   2.299644E-02   1.000000E-02   1.000000E-02   1.000000E-02   1.000000E-02   1.000000E-02   1.000000E-02   1.216686E-02   2.451163E-02   1.581379E-02   1.550377E-02   1.633577E-02
   3.881435E-02   4.550776E-02   2.814202E-02   1.701573E-02   2.122151E-02   1.948098E-02   1.574353E-02   1.550774E-02   1.271726E-02   1.386212E-02   1.000000E-02   1.000000E-02   1.000000E-02   1.000000E-02   1.407242E-02   1.671642E-02   2.139855E-02   1.435021E-02   1.682167E-02   1.734755E-02
   1.000000E-02   2.967033E-02   2.463397E-02   2.034216E-02   1.794306E-02   1.680005E-02   2.848943E-02   2.445132E-02   1.717824E-02   1.877415E-02   1.177157E-02   1.000000E-02   1.000000E-02   1.000000E-02   1.626894E-02   1.649854E-02   2.301542E-02   1.170067E-02   1.916894E-02   1.846085E-02
   1.000000E-02   1.000000E-02   3.236183E-02   1.896058E-02   2.344542E-02   2.404678E-02   2.103495E-02   2.519931E-02   1.498145E-02   1.324037E-02   1.000000E-02   1.389550E-02   1.315097E-02   1.000000E-02   1.000000E-02   1.694634E-02   1.567254E-02   1.284324E-02   1.884964E-02   1.499834E-02
   1.000000E-02   1.000000E-02   1.000000E-02   1.783756E-02   3.135087E-02   2.600728E-02   1.907712E-02   2.201243E-02   1.998858E-02   2.144483E-02   1.128210E-02   1.238533E-02   1.057119E-02   1.000000E-02   1.177989E-02   1.590273E-02   1.000000E-02   1.340966E-02   1.439190E-02   2.705482E-02
   1.000000E-02   1.000000E-02   1.000000E-02   1.000000E-02   3.050490E-02   2.969710E-02   3.282747E-02   3.369141E-02   2.615716E-02   2.211634E-02   2.535187E-02   1.859492E-02   2.229889E-02   1.484575E-02   1.508765E-02   1.900184E-02   1.111480E-02   1.295217E-02   2.377296E-02   1.000000E-02
   1.000000E-02   1.000000E-02   1.000000E-02   1.000000E-02   2.162954E-02   3.081681E-02   2.944002E-02   2.120649E-02   2.020330E-02   1.658191E-02   2.121927E-02   2.912889E-02   2.745357E-02   2.602728E-02   1.957961E-02   1.571377E-02   2.921513E-02   3.387503E-02   2.541514E-02   1.000000E-02
   1.000000E-02   1.000000E-02   1.000000E-02   1.000000E-02   1.000000E-02   2.382531E-02   4.099332E-02   2.257205E-02   2.667189E-02   2.062410E-02   1.233893E-02   1.982422E-02   3.717417E-02   2.826776E-02   1.393749E-02   2.973924E-02   4.605511E-02   5.186139E-02   1.000000E-02   1.000000E-02
   1.000000E-02   1.000000E-02   1.000000E-02   1.000000E-02   1.000000E-02   2.399493E-02   1.904844E-02   1.915876E-02   1.561489E-02   2.181617E-02   1.877928E-02   1.499600E-02   1.704356E-02   2.508189E-02   2.385826E-02   3.725374E-02   3.009386E-02   1.000000E-02   1.000000E-02   1.000000E-02
   1.000000E-02   1.000000E-02   1.000000E-02   1.000000E-02   1.000000E-02   2.747651E-02   3.110490E-02   2.574259E-02   1.276136E-02   1.652391E-02   1.895319E-02   1.914098E-02   2.480198E-02   2.366965E-02   2.918495E-02   2.967102E-02   1.000000E-02   1.000000E-02   1.000000E-02   1.000000E-02
