   6.036456E-05   3.805398E-05   5.641813E-05   3.079603E-05   2.505001E-05   3.878139E-05   4.987074E-05   3.021034E-05   2.000000E-05   2.222051E-05   2.924661E-05   3.175357E-05   4.669758E-05   3.110645E-05   2.815021E-05   3.360454E-05   2.229393E-05   4.277550E-05   2.000000E-05   2.569691E-05
   6.151327E-05   6.417471E-05   5.369129E-05   3.302566E-05   3.217883E-05   3.249705E-05   4.166533E-05   3.358726E-05   2.000000E-05   3.349777E-05   2.019444E-05   2.700173E-05   4.103971E-05   3.629252E-05   3.260648E-05   2.695216E-05   4.300609E-05   3.340346E-05   2.466113E-05   2.000000E-05
   3.825754E-05   4.648373E-05   3.316035E-05   3.749597E-05   3.158226E-05   2.000000E-05   3.101147E-05   2.582941E-05   2.331802E-05   2.888895E-05   3.491516E-05   2.666210E-05   4.179508E-05   4.974476E-05   3.572882E-05   2.000000E-05   3.173093E-05   2.684332E-05   2.852531E-05   2.241563E-05
   3.085740E-05   4.323232E-05   4.392145E-05   4.137174E-05   5.917187E-05   3.966586E-05   2.702252E-05   2.596865E-05   3.604788E-05   3.501021E-05   3.088462E-05   2.728549E-05   2.985542E-05   2.838344E-05   2.295834E-05   2.000000E-05   2.000000E-05   2.482383E-05   2.593316E-05   3.058546E-05
   5.906145E-05   3.316225E-05   6.564135E-05   4.898539E-05   4.850435E-05   4.014694E-05   6.790937E-05   5.768696E-05   4.135642E-05   2.964814E-05   3.933120E-05   4.384087E-05   2.000000E-05   2.000000E-05   2.000000E-05   2.000000E-05   2.229885E-05   2.540503E-05   2.478437E-05   2.402792E-05
   5.321120E-05   8.874344E-05   9.584889E-05   6.408619E-05   4.565072E-05   4.870623E-05   6.874116E-05   6.312796E-05   4.865748E-05   5.511170E-05   5.090830E-05   4.035718E-05   2.240066E-05   2.000000E-05   2.000000E-05   2.000000E-05   2.065770E-05   3.136215E-05   3.073028E-05   2.977221E-05
   4.834152E-05   9.528879E-05   7.801421E-05   1.116391E-04   7.656186E-05   7.641315E-05   5.334387E-05   6.665432E-05   6.992284E-05   9.736866E-05   8.712648E-05   4.288111E-05   4.185548E-05   2.000000E-05   2.000000E-05   2.000000E-05   2.000000E-05   2.000000E-05   2.784110E-05   2.054217E-05
   6.352418E-05   7.681078E-05   1.006774E-04   1.003363E-04   1.075676E-04   5.858428E-05   5.140716E-05   4.661387E-05   7.915479E-05   1.489997E-04   6.740936E-05   6.026075E-05   6.907356E-05   2.303545E-05   2.000000E-05   2.000000E-05   2.000000E-05   2.000000E-05   2.000000E-05   2.415063E-05
   5.965762E-05   5.952288E-05   6.651525E-05   8.243375E-05   7.548773E-05   7.548773E-05   7.548773E-05   9.351217E-05   8.341895E-05   1.469798E-04   8.790068E-05   4.383836E-05   5.937591E-05   2.070492E-05   2.000000E-05   2.000000E-05   2.000000E-05   2.937563E-05   2.492658E-05   2.602898E-05
   4.807355E-05   6.085990E-05   9.632336E-05   8.203998E-05   7.548773E-05   7.548773E-05   7.548773E-05   7.548773E-05   9.177503E-05   1.252292E-04   9.360671E-05   8.936438E-05   4.159500E-05   3.195000E-05   2.000000E-05   2.000000E-05   2.000000E-05   2.000000E-05   2.000000E-05   2.000000E-05
   5.715449E-05   9.618452E-05   9.369053E-05   6.380361E-05   7.548773E-05   7.548773E-05   7.548773E-05   7.548773E-05   8.729465E-05   1.243240E-04   1.131567E-04   7.561846E-05   3.080445E-05   3.045989E-05   2.957780E-05   2.042649E-05   2.000000E-05   2.000000E-05   2.000000E-05   2.000000E-05
   9.396359E-05   1.210315E-04   9.447663E-05   7.459685E-05   7.548773E-05   7.548773E-05   7.548773E-05   7.548773E-05   8.302864E-05   1.096207E-04   1.591778E-04   7.071257E-05   3.441044E-05   3.122117E-05   2.366494E-05   2.678531E-05   2.000000E-05   2.000000E-05   2.000000E-05   2.000000E-05
   9.057816E-05   1.085004E-04   1.182790E-04   6.866350E-05   7.548773E-05   7.548773E-05   7.548773E-05   7.548773E-05   9.257826E-05   1.193343E-04   1.106121E-04   5.940826E-05   3.583349E-05   2.000000E-05   2.000000E-05   2.935119E-05   3.937277E-05   2.073253E-05   2.000000E-05   2.000000E-05
   6.112844E-05   9.080350E-05   1.188207E-04   9.220540E-05   7.548773E-05   7.548773E-05   7.548773E-05   7.548773E-05   6.570062E-05   1.218563E-04   1.330968E-04   6.715612E-05   2.417959E-05   2.000000E-05   2.000000E-05   2.987497E-05   4.600651E-05   3.106179E-05   2.000000E-05   2.000000E-05
   9.857939E-05   1.319266E-04   1.587974E-04   1.120752E-04   7.548773E-05   7.548773E-05   7.548773E-05   7.548773E-05   4.118716E-05   6.333591E-05   1.068690E-04   5.882500E-05   2.845597E-05   2.269880E-05   2.000000E-05   2.545249E-05   4.535270E-05   3.318528E-05   2.705302E-05   2.000000E-05
   6.478616E-05   9.107636E-05   8.695072E-05   4.636758E-05   7.548773E-05   7.548773E-05   7.548773E-05   7.548773E-05   7.094415E-05   3.950530E-05   5.737379E-05   3.522000E-05   2.636458E-05   2.000000E-05   2.151426E-05   2.166077E-05   4.080153E-05   3.434922E-05   3.320563E-05   4.552874E-05
   8.761214E-05   1.296230E-04   5.560093E-05   3.070390E-05   7.548773E-05   7.548773E-05   7.548773E-05   7.548773E-05   2.124601E-05   2.890881E-05   3.977588E-05   2.331473E-05   2.000000E-05   2.000000E-05   2.000000E-05   2.047102E-05   4.133056E-05   3.221528E-05   4.718818E-05   6.252949E-05
   6.584045E-05   1.088970E-04   8.157421E-05   7.722800E-05   7.548773E-05   7.548773E-05   7.548773E-05   7.548773E-05   2.000000E-05   2.000000E-05   2.000000E-05   2.000000E-05   2.000000E-05   2.000000E-05   2.000000E-05   2.000000E-05   2.259204E-05   6.154413E-05   7.750625E-05   4.912842E-05
   8.776803E-05   7.407560E-05   7.227364E-05   4.940796E-05   7.548773E-05   7.548773E-05   7.548773E-05   7.548773E-05   2.644776E-05   2.428340E-05   2.000000E-05   2.000000E-05   2.000000E-05   2.000000E-05   2.000000E-05   2.462940E-05   2.866377E-05   4.818576E-05   5.608574E-05   3.529889E-05
   5.034626E-05   8.356213E-05   6.837024E-05   4.849153E-05   7.548773E-05   7.548773E-05   7.548773E-05   7.548773E-05   2.000000E-05   2.000000E-05   2.000000E-05   2.000000E-05   2.000000E-05   2.000000E-05   2.000000E-05   2.769596E-05   3.908515E-05   3.993990E-05   4.819895E-05   2.796264E-05
   5.060830E-05   4.071630E-05   3.871567E-05   3.456936E-05   7.548773E-05   7.548773E-05   7.548773E-05   7.548773E-05   2.000000E-05   2.000000E-05   2.000000E-05   2.000000E-05   2.000000E-05   2.000000E-05   2.000000E-05   3.588777E-05   4.634684E-05   4.421578E-05   4.014430E-05   3.193926E-05
   4.062791E-05   4.108996E-05   2.625208E-05   3.022245E-05   7.548773E-05   7.548773E-05   2.000000E-05   2.000000E-05   2.000000E-05   2.000000E-05   2.000000E-05   2.000000E-05   2.000000E-05   2.000000E-05   3.180754E-05   4.829328E-05   1.003372E-04   5.573570E-05   5.771118E-05   3.562689E-05
   3.373967E-05   2.565112E-05   2.107264E-05   3.375895E-05   2.096246E-05   7.548773E-05   2.000000E-05   2.000000E-05   2.000000E-05   2.000000E-05   2.000000E-05   2.000000E-05   2.367174E-05   2.000000E-05   5.172762E-05   7.887181E-05   5.541974E-05   5.885375E-05   4.669305E-05   3.368969E-05
   5.777796E-05   4.664173E-05   2.982269E-05   2.787586E-05   3.617553E-05   2.295910E-05   2.226298E-05   2.000000E-05   2.187345E-05   2.531290E-05   2.000000E-05   2.028595E-05   3.450495E-05   3.133548E-05   4.204976E-05   7.290042E-05   6.160731E-05   7.846821E-05   6.003694E-05   3.991890E-05
   6.301224E-05   5.149641E-05   4.128306E-05   3.295200E-05   3.038859E-05   3.804383E-05   3.601540E-05   2.800828E-05   3.028717E-05   4.164404E-05   2.640755E-05   3.996762E-05   3.768332E-05   2.680103E-05   3.899272E-05   5.875597E-05   5.594158E-05   6.433850E-05   5.346514E-05   4.851542E-05
   7.543496E-05   7.113822E-05   8.814327E-05   4.885117E-05   3.733126E-05   3.185055E-05   3.387710E-05   4.810960E-05   5.175988E-05   4.328427E-05   5.801550E-05   3.139096E-05   2.071718E-05   3.402674E-05   2.000000E-05   3.656530E-05   5.264715E-05   4.845284E-05   5.697904E-05   5.198428E-05
   8.951139E-05   7.495394E-05   1.013354E-04   4.572540E-05   6.576993E-05   5.660927E-05   8.122591E-05   9.594338E-05   4.901175E-05   6.063140E-05   9.805871E-05   6.801200E-05   4.575893E-05   3.906540E-05   2.594288E-05   3.514145E-05   4.474754E-05   5.444775E-05   7.525869E-05   4.328250E-05
   5.736828E-05   5.642233E-05   4.580429E-05   5.656891E-05   9.669643E-05   9.190923E-05   1.159671E-04   7.560040E-05   6.405457E-05   7.427750E-05   6.155373E-05   5.197490E-05   3.491235E-05   4.083308E-05   2.000000E-05   4.345376E-05   3.932820E-05   4.130858E-05   4.159958E-05   4.395486E-05
   4.181430E-05   4.296379E-05   8.956381E-05   1.269427E-04   1.485688E-04   8.672475E-05   8.209179E-05   9.981805E-05   9.143348E-05   7.283273E-05   6.095071E-05   4.622191E-05   3.917665E-05   2.628073E-05   2.773194E-05   3.714625E-05   2.440082E-05   3.401443E-05   3.171053E-05   2.592095E-05
   5.811216E-05   6.525569E-05   1.054205E-04   1.366041E-04   8.607837E-05   6.113818E-05   6.393492E-05   7.077129E-05   6.999175E-05   7.439935E-05   7.478069E-05   5.820207E-05   3.033976E-05   3.628096E-05   2.868224E-05   2.728521E-05   3.002345E-05   2.224986E-05   2.567573E-05   3.597464E-05
   5.465568E-05   4.578036E-05   7.576485E-05   8.930975E-05   6.621496E-05   4.807604E-05   4.855351E-05   6.443077E-05   4.196310E-05   4.846057E-05   4.924114E-05   4.444950E-05   4.455902E-05   3.697945E-05   3.215163E-05   2.429544E-05   2.000000E-05   2.000000E-05   2.465529E-05   2.620676E-05
   1.037243E-04   4.613366E-05   3.578518E-05   4.729193E-05   5.422547E-05   7.464885E-05   6.420982E-05   7.982741E-05   1.192420E-04   7.173508E-05   4.703734E-05   5.715952E-05   7.913635E-05   6.820281E-05   3.138975E-05   4.172642E-05   2.316538E-05   2.000000E-05   3.455217E-05   6.626588E-05
   7.548773E-05   7.700089E-05   7.434254E-05   8.088559E-05   8.345683E-05   6.514472E-05   6.161692E-05   6.250995E-05   1.184654E-04   7.834824E-05   4.697657E-05   5.694813E-05   5.919765E-05   3.452053E-05   4.098383E-05   2.838984E-05   3.024617E-05   3.337769E-05   3.846999E-05   5.885443E-05
   7.548773E-05   7.548773E-05   9.537034E-05   1.029794E-04   1.082539E-04   1.129822E-04   6.783414E-05   6.913200E-05   7.033000E-05   7.648484E-05   5.660071E-05   5.367197E-05   4.281962E-05   3.686553E-05   3.895351E-05   5.543030E-05   3.940651E-05   4.128935E-05   4.961849E-05   6.012261E-05
   7.548773E-05   7.548773E-05   7.548773E-05   9.461410E-05   1.053243E-04   1.657381E-04   8.209730E-05   6.875549E-05   4.944274E-05   4.656359E-05   8.124641E-05   7.297960E-05   4.891010E-05   4.193086E-05   5.020640E-05   6.207687E-05   4.650094E-05   7.238077E-05   6.536173E-05   6.993333E-05
   7.548773E-05   7.548773E-05   7.548773E-05   7.548773E-05   1.142598E-04   7.991277E-05   6.792697E-05   4.926176E-05   3.858429E-05   3.373130E-05   8.053734E-05   9.355504E-05   7.623799E-05   7.848356E-05   5.077838E-05   5.813356E-05   7.909618E-05   1.006885E-04   1.238791E-04   7.548773E-05
   7.548773E-05   7.548773E-05   7.548773E-05   7.548773E-05   1.019768E-04   6.538203E-05   5.791190E-05   4.466056E-05   3.683654E-05   3.455358E-05   8.289338E-05   1.299152E-04   8.344360E-05   7.113469E-05   5.007912E-05   6.502360E-05   4.902609E-05   1.085176E-04   8.541408E-05   7.548773E-05
   7.548773E-05   7.548773E-05   7.548773E-05   7.548773E-05   7.548773E-05   4.347217E-05   5.373804E-05   2.977058E-05   4.016438E-05   4.228885E-05   6.122395E-05   5.062216E-05   3.830565E-05   9.945426E-05   5.458990E-05   1.073112E-04   6.092958E-05   6.768478E-05   7.548773E-05   7.548773E-05
   7.548773E-05   7.548773E-05   7.548773E-05   7.548773E-05   7.548773E-05   4.701123E-05   6.318193E-05   3.121612E-05   3.502937E-05   3.737765E-05   6.829956E-05   5.734965E-05   4.014624E-05   6.679245E-05   7.388366E-05   7.452359E-05   1.042131E-04   7.548773E-05   7.548773E-05   7.548773E-05
   7.548773E-05   7.548773E-05   7.548773E-05   7.548773E-05   7.548773E-05   5.722103E-05   5.403205E-05   3.596705E-05   3.159961E-05   6.406097E-05   4.247699E-05   6.537254E-05   5.520027E-05   5.433672E-05   4.208895E-05   5.753717E-05   7.548773E-05   7.548773E-05   7.548773E-05   7.548773E-05
