   2.667008E-06   2.321731E-06   2.005054E-06   2.494430E-06   2.097184E-06   2.470059E-06   3.170561E-06   2.026029E-06   2.497064E-06   2.894853E-06   2.959647E-06   3.314767E-06   3.315211E-06   2.834530E-06   2.461704E-06   2.614868E-06   2.085147E-06   1.163631E-06   1.047279E-06   1.000000E-06
   1.960222E-06   2.507851E-06   2.282773E-06   2.113911E-06   2.562377E-06   1.870439E-06   1.986962E-06   1.118957E-06   1.473746E-06   2.653231E-06   4.298349E-06   4.413313E-06   3.599910E-06   2.690412E-06   2.736292E-06   2.683021E-06   2.906786E-06   1.426095E-06   1.185046E-06   1.598756E-06
   2.484746E-06   1.896513E-06   1.943625E-06   2.008286E-06   1.321527E-06   2.417329E-06   3.574135E-06   2.382050E-06   1.868367E-06   3.816012E-06   3.829912E-06   2.574373E-06   3.218112E-06   2.534781E-06   1.685258E-06   3.350950E-06   3.430313E-06   1.469911E-06   1.406574E-06   1.473761E-06
   2.279315E-06   1.489076E-06   1.259029E-06   1.461367E-06   1.851159E-06   2.426144E-06   4.006519E-06   2.546655E-06   2.475403E-06   1.896318E-06   2.286771E-06   5.085836E-06   4.123014E-06   3.048240E-06   2.506852E-06   2.782654E-06   1.825184E-06   1.516676E-06   1.410991E-06   1.132837E-06
   1.986584E-06   2.222249E-06   1.160063E-06   1.000000E-06   1.339042E-06   2.599301E-06   2.419668E-06   2.261360E-06   2.768406E-06   3.747779E-06   3.132712E-06   3.574846E-06   3.400832E-06   2.863706E-06   4.371809E-06   3.083753E-06   2.101500E-06   1.264044E-06   1.610314E-06   1.203851E-06
   2.925962E-06   1.199941E-06   1.218248E-06   1.000000E-06   1.092718E-06   1.401559E-06   1.682795E-06   2.083224E-06   2.974331E-06   5.019983E-06   6.160693E-06   3.572965E-06   2.649941E-06   3.227918E-06   4.676281E-06   3.645410E-06   1.876861E-06   1.589068E-06   2.388441E-06   2.118970E-06
   3.364369E-06   1.763013E-06   1.536459E-06   1.304893E-06   1.432599E-06   1.495791E-06   1.228400E-06   1.937065E-06   4.080307E-06   4.964566E-06   8.276423E-06   7.021698E-06   3.567005E-06   4.122833E-06   4.725592E-06   2.161181E-06   2.008041E-06   1.463769E-06   1.430768E-06   1.673682E-06
   3.689714E-06   1.665679E-06   1.895705E-06   1.238728E-06   1.715316E-06   1.304133E-06   1.799886E-06   2.051118E-06   3.210651E-06   4.030749E-06   6.198759E-06   6.253029E-06   5.462528E-06   2.598975E-06   2.355585E-06   1.144694E-06   1.362017E-06   1.254246E-06   1.000000E-06   1.000000E-06
   1.833869E-06   1.915086E-06   1.629912E-06   1.563495E-06   1.000000E-06   1.000000E-06   1.000000E-06   1.895230E-06   2.635476E-06   5.195370E-06   3.439911E-06   4.349214E-06   3.619558E-06   2.942538E-06   1.000000E-06   1.000000E-06   1.155363E-06   1.248775E-06   1.085568E-06   1.395785E-06
   2.194349E-06   2.843837E-06   3.228351E-06   1.888612E-06   1.000000E-06   1.000000E-06   1.000000E-06   1.000000E-06   2.345471E-06   1.571197E-06   1.373242E-06   1.559584E-06   1.096358E-06   1.307095E-06   1.000000E-06   1.000000E-06   1.088964E-06   1.000000E-06   1.402877E-06   1.644747E-06
   2.484158E-06   2.173768E-06   3.897471E-06   2.382000E-06   1.000000E-06   1.000000E-06   1.000000E-06   1.000000E-06   2.236079E-06   1.458963E-06   1.184440E-06   1.019844E-06   1.000000E-06   1.000000E-06   1.000000E-06   1.000000E-06   1.091744E-06   1.495869E-06   1.084505E-06   2.192254E-06
   2.422797E-06   2.543607E-06   3.850373E-06   2.673534E-06   1.000000E-06   1.000000E-06   1.000000E-06   1.000000E-06   3.439834E-06   1.797915E-06   1.223227E-06   1.000000E-06   1.000000E-06   1.000000E-06   1.000000E-06   1.000000E-06   1.000000E-06   1.080204E-06   1.000000E-06   1.621415E-06
   1.728614E-06   2.375059E-06   3.352627E-06   1.913838E-06   1.000000E-06   1.000000E-06   1.000000E-06   1.000000E-06   3.419905E-06   1.827950E-06   1.000000E-06   1.000000E-06   1.000000E-06   1.000000E-06   1.000000E-06   1.000000E-06   1.093087E-06   1.000000E-06   1.477578E-06   2.080020E-06
   2.546466E-06   3.345809E-06   1.036773E-06   1.279744E-06   1.000000E-06   1.000000E-06   1.000000E-06   1.000000E-06   1.487545E-06   1.183817E-06   1.000000E-06   1.000000E-06   1.000000E-06   1.000000E-06   1.000000E-06   1.000000E-06   1.439672E-06   1.855364E-06   2.302536E-06   1.986960E-06
   1.881226E-06   3.545157E-06   2.212449E-06   1.794072E-06   1.000000E-06   1.000000E-06   1.000000E-06   1.000000E-06   1.000000E-06   1.000000E-06   1.000000E-06   1.000000E-06   1.000000E-06   1.000000E-06   1.012749E-06   1.332821E-06   2.186862E-06   3.624077E-06   2.114339E-06   2.095503E-06
   1.916108E-06   4.098603E-06   3.494850E-06   3.766691E-06   1.000000E-06   1.000000E-06   1.000000E-06   1.000000E-06   1.000000E-06   1.000000E-06   1.000000E-06   1.000000E-06   1.000000E-06   1.000000E-06   1.125095E-06   1.000000E-06   1.755605E-06   1.691787E-06   1.512550E-06   1.438132E-06
   1.946874E-06   2.688107E-06   2.811244E-06   2.657132E-06   1.000000E-06   1.000000E-06   1.000000E-06   1.000000E-06   1.000000E-06   1.000000E-06   1.000000E-06   1.000000E-06   1.000000E-06   1.114885E-06   1.212742E-06   1.345083E-06   1.413995E-06   2.919439E-06   2.016334E-06   1.264451E-06
   3.006196E-06   1.388413E-06   1.996695E-06   1.514312E-06   1.000000E-06   1.000000E-06   1.000000E-06   1.000000E-06   1.020505E-06   1.000000E-06   1.000000E-06   1.000000E-06   1.000000E-06   1.583242E-06   1.164026E-06   1.922714E-06   1.654418E-06   4.325518E-06   3.217936E-06   2.900235E-06
   2.086315E-06   1.915585E-06   2.842183E-06   1.344165E-06   1.000000E-06   1.000000E-06   1.000000E-06   1.000000E-06   1.000000E-06   1.000000E-06   1.000000E-06   1.000000E-06   1.000000E-06   3.043719E-06   1.972560E-06   2.014449E-06   3.833559E-06   2.647070E-06   3.199671E-06   3.697978E-06
   1.762609E-06   1.637536E-06   2.003454E-06   2.386887E-06   1.000000E-06   1.000000E-06   1.000000E-06   1.000000E-06   1.000000E-06   1.000000E-06   1.000000E-06   1.000000E-06   1.657301E-06   2.673138E-06   3.194781E-06   3.240646E-06   3.600098E-06   2.499012E-06   3.002262E-06   3.270653E-06
   1.331606E-06   1.170139E-06   2.426213E-06   2.064352E-06   1.000000E-06   1.000000E-06   1.000000E-06   1.000000E-06   1.000000E-06   1.000000E-06   1.000000E-06   1.000000E-06   1.015513E-06   2.074438E-06   2.099669E-06   2.962070E-06   1.966423E-06   2.286236E-06   2.602298E-06   2.311639E-06
   1.550551E-06   1.696828E-06   2.174661E-06   1.665051E-06   1.000000E-06   1.000000E-06   1.000000E-06   1.000000E-06   1.000000E-06   1.000000E-06   1.000000E-06   1.000000E-06   1.279728E-06   1.580890E-06   2.530610E-06   1.749251E-06   1.761509E-06   2.243268E-06   1.664382E-06   1.112762E-06
   2.445066E-06   1.916577E-06   3.298027E-06   1.596085E-06   1.000000E-06   1.000000E-06   1.000000E-06   1.000000E-06   1.000000E-06   1.000000E-06   1.255597E-06   1.454741E-06   1.633572E-06   2.203106E-06   1.617383E-06   1.139014E-06   1.478339E-06   1.665419E-06   1.004757E-06   1.185028E-06
   2.731547E-06   3.601634E-06   4.289328E-06   2.468392E-06   1.015283E-06   1.000000E-06   1.000000E-06   1.000000E-06   1.090923E-06   1.000000E-06   1.061084E-06   1.631943E-06   1.308162E-06   1.266806E-06   1.034499E-06   1.000000E-06   1.118727E-06   1.093894E-06   1.000000E-06   1.000000E-06
   3.900062E-06   2.781994E-06   3.183653E-06   2.050138E-06   1.000000E-06   1.000000E-06   1.000000E-06   1.354361E-06   1.242670E-06   1.693744E-06   2.073023E-06   1.341078E-06   1.630872E-06   1.000000E-06   1.000000E-06   1.000000E-06   1.000000E-06   1.126305E-06   1.067164E-06   1.000000E-06
   2.903847E-06   2.199422E-06   1.839862E-06   1.484270E-06   1.015814E-06   1.000000E-06   1.000000E-06   1.000000E-06   1.499899E-06   1.277409E-06   1.857037E-06   1.800348E-06   1.520370E-06   1.000000E-06   1.000000E-06   1.000000E-06   1.266403E-06   1.303022E-06   1.711744E-06   1.392732E-06
   2.499179E-06   2.395933E-06   2.570806E-06   1.203529E-06   1.000000E-06   1.000000E-06   1.000000E-06   1.476933E-06   1.645169E-06   2.030473E-06   2.574515E-06   3.864999E-06   2.022986E-06   1.000000E-06   1.000000E-06   1.000000E-06   1.351417E-06   1.850222E-06   1.571536E-06   1.449270E-06
   1.799502E-06   2.105881E-06   2.628675E-06   1.074372E-06   1.051937E-06   1.014843E-06   1.407371E-06   1.520929E-06   1.387743E-06   2.022399E-06   2.256629E-06   2.189419E-06   1.403256E-06   1.379090E-06   1.000000E-06   1.000000E-06   1.550540E-06   2.090593E-06   2.247678E-06   1.332747E-06
   1.848576E-06   1.716891E-06   1.373656E-06   1.621312E-06   1.150915E-06   1.248433E-06   1.208325E-06   1.333859E-06   1.892626E-06   1.942154E-06   2.672290E-06   4.397536E-06   1.871250E-06   1.057089E-06   1.213245E-06   1.000000E-06   2.192317E-06   2.917766E-06   2.510176E-06   1.470191E-06
   1.003706E-06   1.295313E-06   1.171457E-06   1.095191E-06   1.683069E-06   1.244082E-06   1.328832E-06   1.080455E-06   2.254146E-06   3.465400E-06   5.189527E-06   4.791524E-06   2.268300E-06   1.298671E-06   1.949578E-06   1.324841E-06   1.721424E-06   3.478011E-06   2.325995E-06   2.264331E-06
   1.620049E-06   1.138296E-06   1.000000E-06   1.000000E-06   1.630865E-06   1.791589E-06   1.000000E-06   1.000000E-06   1.632133E-06   3.005151E-06   4.828389E-06   5.863695E-06   3.047134E-06   1.804621E-06   1.840392E-06   1.378367E-06   1.933162E-06   2.176093E-06   1.967098E-06   1.559051E-06
   1.000000E-06   1.000000E-06   1.309350E-06   1.073259E-06   1.192058E-06   1.272426E-06   1.000000E-06   1.113041E-06   1.411580E-06   3.872223E-06   6.705468E-06   7.319271E-06   3.313450E-06   2.194901E-06   1.732477E-06   1.032068E-06   1.190326E-06   2.229995E-06   1.763045E-06   1.663502E-06
   1.000000E-06   1.000000E-06   1.000000E-06   1.000000E-06   1.282553E-06   1.330154E-06   1.257723E-06   2.295160E-06   1.539812E-06   2.913784E-06   3.621683E-06   5.004584E-06   2.769709E-06   1.583543E-06   1.532621E-06   1.797433E-06   1.308789E-06   1.224526E-06   1.876425E-06   1.039621E-06
   1.000000E-06   1.000000E-06   1.180773E-06   1.318049E-06   1.104115E-06   1.222413E-06   1.583704E-06   1.446278E-06   2.060389E-06   2.142461E-06   3.314619E-06   3.312409E-06   2.493985E-06   1.468861E-06   2.147559E-06   2.385704E-06   1.929638E-06   1.427010E-06   1.075072E-06   1.820193E-06
   1.000000E-06   1.000000E-06   1.000000E-06   1.372410E-06   1.736405E-06   1.503690E-06   1.075854E-06   1.241336E-06   2.305105E-06   2.969195E-06   3.034045E-06   2.958352E-06   1.713393E-06   1.452894E-06   1.880541E-06   1.275310E-06   1.176704E-06   1.059230E-06   2.131760E-06   2.358799E-06
   1.000000E-06   1.000000E-06   1.000000E-06   1.000000E-06   1.636710E-06   1.505166E-06   1.801515E-06   2.876214E-06   1.208215E-06   1.829460E-06   1.975098E-06   1.598331E-06   1.620021E-06   1.400629E-06   1.347871E-06   1.934409E-06   1.295022E-06   1.000000E-06   1.160739E-06   1.000000E-06
   1.000000E-06   1.000000E-06   1.000000E-06   1.000000E-06   2.332268E-06   1.767471E-06   1.363929E-06   2.064668E-06   1.000000E-06   1.000000E-06   1.000000E-06   1.123286E-06   1.055034E-06   1.000000E-06   1.000000E-06   1.017316E-06   1.000000E-06   1.000000E-06   1.000000E-06   1.000000E-06
   1.000000E-06   1.000000E-06   1.000000E-06   1.000000E-06   1.000000E-06   2.018775E-06   1.182902E-06   1.000000E-06   1.000000E-06   1.056107E-06   1.000000E-06   1.000000E-06   1.000000E-06   1.000000E-06   1.000000E-06   1.000000E-06   1.000000E-06   1.000000E-06   1.000000E-06   1.000000E-06
   1.000000E-06   1.000000E-06   1.000000E-06   1.000000E-06   1.000000E-06   1.533258E-06   1.229603E-06   1.000000E-06   1.003651E-06   1.000000E-06   1.000000E-06   1.000000E-06   1.000000E-06   1.000000E-06   1.000000E-06   1.000000E-06   1.000000E-06   1.000000E-06   1.000000E-06   1.000000E-06
   1.000000E-06   1.000000E-06   1.000000E-06   1.000000E-06   1.000000E-06   1.000000E-06   1.000000E-06   1.000000E-06   1.000000E-06   1.713250E-06   1.133571E-06   1.000000E-06   1.000000E-06   1.000000E-06   1.000000E-06   1.000000E-06   1.000000E-06   1.000000E-06   1.000000E-06   1.000000E-06
