   2.619186E-05   2.000000E-05   2.447952E-05   2.000000E-05   2.000000E-05   2.000000E-05   2.163864E-05   2.000000E-05   2.000000E-05   2.000000E-05   2.000000E-05   2.000000E-05   2.026183E-05   2.000000E-05   2.000000E-05   2.000000E-05   2.000000E-05   2.000000E-05   2.000000E-05   2.000000E-05
   2.669028E-05   2.784506E-05   2.329636E-05   2.000000E-05   2.000000E-05   2.000000E-05   2.000000E-05   2.000000E-05   2.000000E-05   2.000000E-05   2.000000E-05   2.000000E-05   2.000000E-05   2.000000E-05   2.000000E-05   2.000000E-05   2.000000E-05   2.000000E-05   2.000000E-05   2.000000E-05
   2.000000E-05   2.016904E-05   2.000000E-05   2.000000E-05   2.000000E-05   2.000000E-05   2.000000E-05   2.000000E-05   2.000000E-05   2.000000E-05   2.000000E-05   2.000000E-05   2.000000E-05   2.158398E-05   2.000000E-05   2.000000E-05   2.000000E-05   2.000000E-05   2.000000E-05   2.000000E-05
   2.000000E-05   2.000000E-05   2.000000E-05   2.000000E-05   2.567435E-05   2.000000E-05   2.000000E-05   2.000000E-05   2.000000E-05   2.000000E-05   2.000000E-05   2.000000E-05   2.000000E-05   2.000000E-05   2.000000E-05   2.000000E-05   2.000000E-05   2.000000E-05   2.000000E-05   2.000000E-05
   2.562644E-05   2.000000E-05   2.848143E-05   2.125450E-05   2.104577E-05   2.000000E-05   2.946551E-05   2.503006E-05   2.000000E-05   2.000000E-05   2.000000E-05   2.000000E-05   2.000000E-05   2.000000E-05   2.000000E-05   2.000000E-05   2.000000E-05   2.000000E-05   2.000000E-05   2.000000E-05
   2.308805E-05   3.850530E-05   4.158831E-05   2.780665E-05   2.000000E-05   2.113337E-05   2.982642E-05   2.739088E-05   2.111222E-05   2.391267E-05   2.208884E-05   2.000000E-05   2.000000E-05   2.000000E-05   2.000000E-05   2.000000E-05   2.000000E-05   2.000000E-05   2.000000E-05   2.000000E-05
   2.097512E-05   4.134529E-05   3.384994E-05   4.843961E-05   3.321978E-05   3.315525E-05   2.314562E-05   2.892095E-05   3.033914E-05   4.224773E-05   3.780371E-05   2.000000E-05   2.000000E-05   2.000000E-05   2.000000E-05   2.000000E-05   2.000000E-05   2.000000E-05   2.000000E-05   2.000000E-05
   2.756280E-05   3.332778E-05   4.368339E-05   4.353536E-05   4.667302E-05   2.541940E-05   2.230529E-05   2.022551E-05   3.434484E-05   6.465014E-05   2.924856E-05   2.614681E-05   2.997064E-05   2.000000E-05   2.000000E-05   2.000000E-05   2.000000E-05   2.000000E-05   2.000000E-05   2.000000E-05
   2.588512E-05   2.582666E-05   2.886061E-05   3.576756E-05   2.336357E-05   2.336357E-05   2.336357E-05   4.057443E-05   3.619503E-05   6.377374E-05   3.813963E-05   2.000000E-05   2.576289E-05   2.000000E-05   2.000000E-05   2.000000E-05   2.000000E-05   2.000000E-05   2.000000E-05   2.000000E-05
   2.085885E-05   2.640678E-05   4.179418E-05   3.559670E-05   2.336357E-05   2.336357E-05   2.336357E-05   2.336357E-05   3.982069E-05   5.433627E-05   4.061544E-05   3.877472E-05   2.000000E-05   2.000000E-05   2.000000E-05   2.000000E-05   2.000000E-05   2.000000E-05   2.000000E-05   2.000000E-05
   2.479902E-05   4.173394E-05   4.065181E-05   2.768404E-05   2.336357E-05   2.336357E-05   2.336357E-05   2.336357E-05   3.787668E-05   5.394353E-05   4.909806E-05   3.281044E-05   2.000000E-05   2.000000E-05   2.000000E-05   2.000000E-05   2.000000E-05   2.000000E-05   2.000000E-05   2.000000E-05
   4.077029E-05   5.251492E-05   4.099290E-05   3.236717E-05   2.336357E-05   2.336357E-05   2.336357E-05   2.336357E-05   3.602568E-05   4.756381E-05   6.906637E-05   3.068180E-05   2.000000E-05   2.000000E-05   2.000000E-05   2.000000E-05   2.000000E-05   2.000000E-05   2.000000E-05   2.000000E-05
   3.930138E-05   4.707773E-05   5.132061E-05   2.979272E-05   2.336357E-05   2.336357E-05   2.336357E-05   2.336357E-05   4.016921E-05   5.177850E-05   4.799398E-05   2.577692E-05   2.000000E-05   2.000000E-05   2.000000E-05   2.000000E-05   2.000000E-05   2.000000E-05   2.000000E-05   2.000000E-05
   2.652330E-05   3.939915E-05   5.155564E-05   4.000742E-05   2.336357E-05   2.336357E-05   2.336357E-05   2.336357E-05   2.850714E-05   5.287277E-05   5.774997E-05   2.913868E-05   2.000000E-05   2.000000E-05   2.000000E-05   2.000000E-05   2.000000E-05   2.000000E-05   2.000000E-05   2.000000E-05
   4.277307E-05   5.724223E-05   6.890135E-05   4.862884E-05   2.336357E-05   2.336357E-05   2.336357E-05   2.336357E-05   2.000000E-05   2.748111E-05   4.636986E-05   2.552385E-05   2.000000E-05   2.000000E-05   2.000000E-05   2.000000E-05   2.000000E-05   2.000000E-05   2.000000E-05   2.000000E-05
   2.811036E-05   3.951754E-05   3.772745E-05   2.011864E-05   2.336357E-05   2.336357E-05   2.336357E-05   2.336357E-05   3.078228E-05   2.000000E-05   2.489418E-05   2.000000E-05   2.000000E-05   2.000000E-05   2.000000E-05   2.000000E-05   2.000000E-05   2.000000E-05   2.000000E-05   2.000000E-05
   3.801443E-05   5.624272E-05   2.412494E-05   2.000000E-05   2.336357E-05   2.336357E-05   2.336357E-05   2.336357E-05   2.000000E-05   2.000000E-05   2.000000E-05   2.000000E-05   2.000000E-05   2.000000E-05   2.000000E-05   2.000000E-05   2.000000E-05   2.000000E-05   2.047470E-05   2.713121E-05
   2.856782E-05   4.724981E-05   3.539461E-05   3.350881E-05   2.336357E-05   2.336357E-05   2.336357E-05   2.336357E-05   2.000000E-05   2.000000E-05   2.000000E-05   2.000000E-05   2.000000E-05   2.000000E-05   2.000000E-05   2.000000E-05   2.000000E-05   2.670367E-05   3.362954E-05   2.131655E-05
   3.808207E-05   3.214100E-05   3.135914E-05   2.143785E-05   2.336357E-05   2.336357E-05   2.336357E-05   2.336357E-05   2.000000E-05   2.000000E-05   2.000000E-05   2.000000E-05   2.000000E-05   2.000000E-05   2.000000E-05   2.000000E-05   2.000000E-05   2.090754E-05   2.433530E-05   2.000000E-05
   2.184497E-05   3.625716E-05   2.966548E-05   2.104021E-05   2.336357E-05   2.336357E-05   2.336357E-05   2.336357E-05   2.000000E-05   2.000000E-05   2.000000E-05   2.000000E-05   2.000000E-05   2.000000E-05   2.000000E-05   2.000000E-05   2.000000E-05   2.000000E-05   2.091326E-05   2.000000E-05
   2.195867E-05   2.000000E-05   2.000000E-05   2.000000E-05   2.336357E-05   2.336357E-05   2.336357E-05   2.336357E-05   2.000000E-05   2.000000E-05   2.000000E-05   2.000000E-05   2.000000E-05   2.000000E-05   2.000000E-05   2.000000E-05   2.010964E-05   2.000000E-05   2.000000E-05   2.000000E-05
   2.000000E-05   2.000000E-05   2.000000E-05   2.000000E-05   2.336357E-05   2.336357E-05   2.000000E-05   2.000000E-05   2.000000E-05   2.000000E-05   2.000000E-05   2.000000E-05   2.000000E-05   2.000000E-05   2.000000E-05   2.095419E-05   4.353578E-05   2.418342E-05   2.504057E-05   2.000000E-05
   2.000000E-05   2.000000E-05   2.000000E-05   2.000000E-05   2.000000E-05   2.336357E-05   2.000000E-05   2.000000E-05   2.000000E-05   2.000000E-05   2.000000E-05   2.000000E-05   2.000000E-05   2.000000E-05   2.244434E-05   3.422205E-05   2.404632E-05   2.553632E-05   2.025986E-05   2.000000E-05
   2.506955E-05   2.023759E-05   2.000000E-05   2.000000E-05   2.000000E-05   2.000000E-05   2.000000E-05   2.000000E-05   2.000000E-05   2.000000E-05   2.000000E-05   2.000000E-05   2.000000E-05   2.000000E-05   2.000000E-05   3.163110E-05   2.673108E-05   3.404693E-05   2.604970E-05   2.000000E-05
   2.734067E-05   2.234401E-05   2.000000E-05   2.000000E-05   2.000000E-05   2.000000E-05   2.000000E-05   2.000000E-05   2.000000E-05   2.000000E-05   2.000000E-05   2.000000E-05   2.000000E-05   2.000000E-05   2.000000E-05   2.549390E-05   2.427275E-05   2.791613E-05   2.319823E-05   2.105058E-05
   3.273082E-05   3.086649E-05   3.824489E-05   2.119626E-05   2.000000E-05   2.000000E-05   2.000000E-05   2.087450E-05   2.245833E-05   2.000000E-05   2.517261E-05   2.000000E-05   2.000000E-05   2.000000E-05   2.000000E-05   2.000000E-05   2.284331E-05   2.102342E-05   2.472290E-05   2.255570E-05
   3.883851E-05   3.252211E-05   4.396890E-05   2.000000E-05   2.853722E-05   2.456246E-05   3.524348E-05   4.162931E-05   2.126594E-05   2.630764E-05   4.254715E-05   2.951004E-05   2.000000E-05   2.000000E-05   2.000000E-05   2.000000E-05   2.000000E-05   2.362458E-05   3.265434E-05   2.000000E-05
   2.489178E-05   2.448135E-05   2.000000E-05   2.454495E-05   4.195606E-05   3.987892E-05   5.031748E-05   3.280260E-05   2.779293E-05   3.222860E-05   2.670783E-05   2.255163E-05   2.000000E-05   2.000000E-05   2.000000E-05   2.000000E-05   2.000000E-05   2.000000E-05   2.000000E-05   2.000000E-05
   2.000000E-05   2.000000E-05   3.886125E-05   5.507975E-05   6.446319E-05   3.762940E-05   3.561918E-05   4.331051E-05   3.967249E-05   3.160173E-05   2.644618E-05   2.005544E-05   2.000000E-05   2.000000E-05   2.000000E-05   2.000000E-05   2.000000E-05   2.000000E-05   2.000000E-05   2.000000E-05
   2.521455E-05   2.831409E-05   4.574138E-05   5.927176E-05   3.734894E-05   2.652753E-05   2.774102E-05   3.070728E-05   3.036904E-05   3.228148E-05   3.244694E-05   2.525356E-05   2.000000E-05   2.000000E-05   2.000000E-05   2.000000E-05   2.000000E-05   2.000000E-05   2.000000E-05   2.000000E-05
   2.371480E-05   2.000000E-05   3.287396E-05   3.875102E-05   2.873031E-05   2.085993E-05   2.106710E-05   2.795616E-05   2.000000E-05   2.102678E-05   2.136547E-05   2.000000E-05   2.000000E-05   2.000000E-05   2.000000E-05   2.000000E-05   2.000000E-05   2.000000E-05   2.000000E-05   2.000000E-05
   4.500543E-05   2.001714E-05   2.000000E-05   2.051971E-05   2.352814E-05   3.238973E-05   2.786029E-05   3.463668E-05   5.173845E-05   3.112546E-05   2.040925E-05   2.480121E-05   3.433683E-05   2.959283E-05   2.000000E-05   2.000000E-05   2.000000E-05   2.000000E-05   2.000000E-05   2.875241E-05
   2.336357E-05   3.341027E-05   3.225683E-05   3.509582E-05   3.621147E-05   2.826594E-05   2.673525E-05   2.712273E-05   5.140148E-05   3.399488E-05   2.038288E-05   2.470949E-05   2.568554E-05   2.000000E-05   2.000000E-05   2.000000E-05   2.000000E-05   2.000000E-05   2.000000E-05   2.553662E-05
   2.336357E-05   2.336357E-05   4.138068E-05   4.468221E-05   4.697079E-05   4.902237E-05   2.943287E-05   2.999600E-05   3.051581E-05   3.318636E-05   2.455874E-05   2.328798E-05   2.000000E-05   2.000000E-05   2.000000E-05   2.405091E-05   2.000000E-05   2.000000E-05   2.152920E-05   2.608688E-05
   2.336357E-05   2.336357E-05   2.336357E-05   4.105255E-05   4.569964E-05   7.191287E-05   3.562157E-05   2.983263E-05   2.145294E-05   2.020369E-05   3.525238E-05   3.166545E-05   2.122183E-05   2.000000E-05   2.178428E-05   2.693482E-05   2.017651E-05   3.140562E-05   2.836010E-05   3.034369E-05
   2.336357E-05   2.336357E-05   2.336357E-05   2.336357E-05   4.957669E-05   3.467372E-05   2.947315E-05   2.137441E-05   2.000000E-05   2.000000E-05   3.494472E-05   4.059302E-05   3.307925E-05   3.405359E-05   2.203246E-05   2.522384E-05   3.431941E-05   4.368818E-05   5.375046E-05   2.336357E-05
   2.336357E-05   2.336357E-05   2.336357E-05   2.336357E-05   4.424717E-05   2.836891E-05   2.512766E-05   2.000000E-05   2.000000E-05   2.000000E-05   3.596699E-05   5.636951E-05   3.620573E-05   3.086496E-05   2.172906E-05   2.821339E-05   2.127216E-05   4.708519E-05   3.706071E-05   2.336357E-05
   2.336357E-05   2.336357E-05   2.336357E-05   2.336357E-05   2.336357E-05   2.000000E-05   2.331665E-05   2.000000E-05   2.000000E-05   2.000000E-05   2.656474E-05   2.196468E-05   2.000000E-05   4.315267E-05   2.368626E-05   4.656175E-05   2.643702E-05   2.936806E-05   2.336357E-05   2.336357E-05
   2.336357E-05   2.336357E-05   2.336357E-05   2.336357E-05   2.336357E-05   2.039792E-05   2.741430E-05   2.000000E-05   2.000000E-05   2.000000E-05   2.963481E-05   2.488370E-05   2.000000E-05   2.898088E-05   3.205772E-05   3.233538E-05   4.521751E-05   2.336357E-05   2.336357E-05   2.336357E-05
   2.336357E-05   2.336357E-05   2.336357E-05   2.336357E-05   2.336357E-05   2.482789E-05   2.344421E-05   2.000000E-05   2.000000E-05   2.779571E-05   2.000000E-05   2.836479E-05   2.395110E-05   2.357641E-05   2.000000E-05   2.496507E-05   2.336357E-05   2.336357E-05   2.336357E-05   2.336357E-05
