   5.193405E-05   3.273936E-05   4.853878E-05   2.649506E-05   2.155153E-05   3.336518E-05   4.290579E-05   2.599117E-05   2.000000E-05   2.000000E-05   2.516203E-05   2.731887E-05   4.017580E-05   2.676213E-05   2.421875E-05   2.891134E-05   2.000000E-05   3.680148E-05   2.000000E-05   2.210808E-05
   5.292233E-05   5.521207E-05   4.619277E-05   2.841330E-05   2.768474E-05   2.795851E-05   3.584635E-05   2.889646E-05   2.000000E-05   2.881947E-05   2.000000E-05   2.323067E-05   3.530811E-05   3.122391E-05   2.805266E-05   2.318802E-05   3.699986E-05   2.873833E-05   2.121696E-05   2.000000E-05
   3.291449E-05   3.999181E-05   2.852918E-05   3.225928E-05   2.717148E-05   2.000000E-05   2.668041E-05   2.222208E-05   2.006143E-05   2.485432E-05   3.003891E-05   2.293848E-05   3.595798E-05   4.279741E-05   3.073894E-05   2.000000E-05   2.729939E-05   2.309439E-05   2.454147E-05   2.000000E-05
   2.654786E-05   3.719449E-05   3.778738E-05   3.559376E-05   5.090793E-05   3.412613E-05   2.324855E-05   2.234187E-05   3.101344E-05   3.012068E-05   2.657127E-05   2.347480E-05   2.568581E-05   2.441941E-05   2.000000E-05   2.000000E-05   2.000000E-05   2.135694E-05   2.231133E-05   2.631390E-05
   5.081293E-05   2.853081E-05   5.647388E-05   4.214409E-05   4.173023E-05   3.454002E-05   5.842515E-05   4.963040E-05   3.558058E-05   2.550748E-05   3.383821E-05   3.771806E-05   2.000000E-05   2.000000E-05   2.000000E-05   2.000000E-05   2.000000E-05   2.185696E-05   2.132299E-05   2.067218E-05
   4.577973E-05   7.634953E-05   8.246264E-05   5.513592E-05   3.927514E-05   4.190392E-05   5.914077E-05   5.431152E-05   4.186198E-05   4.741480E-05   4.379845E-05   3.472090E-05   2.000000E-05   2.000000E-05   2.000000E-05   2.000000E-05   2.000000E-05   2.698212E-05   2.643849E-05   2.561423E-05
   4.159015E-05   8.198076E-05   6.711875E-05   9.604761E-05   6.586924E-05   6.574129E-05   4.589387E-05   5.734538E-05   6.015742E-05   8.377015E-05   7.495840E-05   3.689234E-05   3.600995E-05   2.000000E-05   2.000000E-05   2.000000E-05   2.000000E-05   2.000000E-05   2.395282E-05   2.000000E-05
   5.465240E-05   6.608339E-05   8.661681E-05   8.632331E-05   9.254474E-05   5.040240E-05   4.422764E-05   4.010378E-05   6.810004E-05   1.281904E-04   5.799497E-05   5.184474E-05   5.942675E-05   2.000000E-05   2.000000E-05   2.000000E-05   2.000000E-05   2.000000E-05   2.000000E-05   2.077775E-05
   5.132584E-05   5.120992E-05   5.722573E-05   7.092105E-05   5.521591E-05   5.521591E-05   5.521591E-05   8.045227E-05   7.176867E-05   1.264526E-04   7.562447E-05   3.771589E-05   5.108347E-05   2.000000E-05   2.000000E-05   2.000000E-05   2.000000E-05   2.527303E-05   2.144534E-05   2.239377E-05
   4.135960E-05   5.236021E-05   8.287084E-05   7.058228E-05   5.521591E-05   5.521591E-05   5.521591E-05   5.521591E-05   7.895773E-05   1.077397E-04   8.053360E-05   7.688376E-05   3.578584E-05   2.748787E-05   2.000000E-05   2.000000E-05   2.000000E-05   2.000000E-05   2.000000E-05   2.000000E-05
   4.917229E-05   8.275140E-05   8.060572E-05   5.489280E-05   5.521591E-05   5.521591E-05   5.521591E-05   5.521591E-05   7.510309E-05   1.069610E-04   9.735321E-05   6.505759E-05   2.650231E-05   2.620586E-05   2.544697E-05   2.000000E-05   2.000000E-05   2.000000E-05   2.000000E-05   2.000000E-05
   8.084064E-05   1.041283E-04   8.128203E-05   6.417866E-05   5.521591E-05   5.521591E-05   5.521591E-05   5.521591E-05   7.143286E-05   9.431104E-05   1.369470E-04   6.083685E-05   2.960468E-05   2.686082E-05   2.035989E-05   2.304448E-05   2.000000E-05   2.000000E-05   2.000000E-05   2.000000E-05
   7.792802E-05   9.334723E-05   1.017602E-04   5.907396E-05   5.521591E-05   5.521591E-05   5.521591E-05   5.521591E-05   7.964878E-05   1.026681E-04   9.516400E-05   5.111130E-05   3.082899E-05   2.000000E-05   2.000000E-05   2.525201E-05   3.387397E-05   2.000000E-05   2.000000E-05   2.000000E-05
   5.259125E-05   7.812188E-05   1.022262E-04   7.932800E-05   5.521591E-05   5.521591E-05   5.521591E-05   5.521591E-05   5.652487E-05   1.048378E-04   1.145085E-04   5.777710E-05   2.080267E-05   2.000000E-05   2.000000E-05   2.570263E-05   3.958125E-05   2.672371E-05   2.000000E-05   2.000000E-05
   8.481180E-05   1.135017E-04   1.366198E-04   9.642281E-05   5.521591E-05   5.521591E-05   5.521591E-05   5.521591E-05   3.543496E-05   5.449042E-05   9.194364E-05   5.060951E-05   2.448181E-05   2.000000E-05   2.000000E-05   2.189779E-05   3.901875E-05   2.855062E-05   2.327480E-05   2.000000E-05
   5.573812E-05   7.835664E-05   7.480719E-05   3.989188E-05   5.521591E-05   5.521591E-05   5.521591E-05   5.521591E-05   6.103609E-05   3.398799E-05   4.936097E-05   3.030118E-05   2.268250E-05   2.000000E-05   2.000000E-05   2.000000E-05   3.510319E-05   2.955201E-05   2.856814E-05   3.917020E-05
   7.537623E-05   1.115199E-04   4.783570E-05   2.641580E-05   5.521591E-05   5.521591E-05   5.521591E-05   5.521591E-05   2.000000E-05   2.487141E-05   3.422078E-05   2.005860E-05   2.000000E-05   2.000000E-05   2.000000E-05   2.000000E-05   3.555834E-05   2.771610E-05   4.059788E-05   5.379662E-05
   5.664518E-05   9.368843E-05   7.018156E-05   6.644234E-05   5.521591E-05   5.521591E-05   5.521591E-05   5.521591E-05   2.000000E-05   2.000000E-05   2.000000E-05   2.000000E-05   2.000000E-05   2.000000E-05   2.000000E-05   2.000000E-05   2.000000E-05   5.294888E-05   6.668173E-05   4.226714E-05
   7.551035E-05   6.373020E-05   6.217990E-05   4.250765E-05   5.521591E-05   5.521591E-05   5.521591E-05   5.521591E-05   2.275407E-05   2.089198E-05   2.000000E-05   2.000000E-05   2.000000E-05   2.000000E-05   2.000000E-05   2.118966E-05   2.466059E-05   4.145614E-05   4.825281E-05   3.036905E-05
   4.331490E-05   7.189185E-05   5.882165E-05   4.171920E-05   5.521591E-05   5.521591E-05   5.521591E-05   5.521591E-05   2.000000E-05   2.000000E-05   2.000000E-05   2.000000E-05   2.000000E-05   2.000000E-05   2.000000E-05   2.382794E-05   3.362652E-05   3.436189E-05   4.146749E-05   2.405738E-05
   4.354035E-05   3.502987E-05   3.330864E-05   2.974140E-05   5.521591E-05   5.521591E-05   5.521591E-05   5.521591E-05   2.000000E-05   2.000000E-05   2.000000E-05   2.000000E-05   2.000000E-05   2.000000E-05   2.000000E-05   3.087569E-05   3.987404E-05   3.804061E-05   3.453775E-05   2.747863E-05
   3.495382E-05   3.535134E-05   2.258571E-05   2.600159E-05   5.521591E-05   5.521591E-05   2.000000E-05   2.000000E-05   2.000000E-05   2.000000E-05   2.000000E-05   2.000000E-05   2.000000E-05   2.000000E-05   2.736530E-05   4.154864E-05   8.632413E-05   4.795165E-05   4.965124E-05   3.065124E-05
   2.902759E-05   2.206869E-05   2.000000E-05   2.904418E-05   2.000000E-05   5.521591E-05   2.000000E-05   2.000000E-05   2.000000E-05   2.000000E-05   2.000000E-05   2.000000E-05   2.036574E-05   2.000000E-05   4.450334E-05   6.785658E-05   4.767982E-05   5.063424E-05   4.017190E-05   2.898459E-05
   4.970870E-05   4.012774E-05   2.565766E-05   2.398272E-05   3.112326E-05   2.000000E-05   2.000000E-05   2.000000E-05   2.000000E-05   2.177770E-05   2.000000E-05   2.000000E-05   2.968599E-05   2.695917E-05   3.617709E-05   6.271915E-05   5.300323E-05   6.750934E-05   5.165218E-05   3.434383E-05
   5.421195E-05   4.430442E-05   3.551747E-05   2.834992E-05   2.614452E-05   3.273063E-05   3.098549E-05   2.409664E-05   2.605727E-05   3.582804E-05   2.271947E-05   3.438574E-05   3.242047E-05   2.305800E-05   3.354700E-05   5.055012E-05   4.812878E-05   5.535299E-05   4.599820E-05   4.173976E-05
   6.489972E-05   6.120306E-05   7.583319E-05   4.202861E-05   3.211758E-05   2.740230E-05   2.914583E-05   4.139062E-05   4.453110E-05   3.723919E-05   4.991305E-05   2.700690E-05   2.000000E-05   2.927457E-05   2.000000E-05   3.145859E-05   4.529445E-05   4.168592E-05   4.902135E-05   4.472416E-05
   7.701023E-05   6.448588E-05   8.718294E-05   3.933940E-05   5.658450E-05   4.870322E-05   6.988190E-05   8.254393E-05   4.216678E-05   5.216362E-05   8.436384E-05   5.851345E-05   3.936824E-05   3.360953E-05   2.231970E-05   3.023359E-05   3.849810E-05   4.684358E-05   6.474807E-05   3.723767E-05
   4.935623E-05   4.854239E-05   3.940727E-05   4.866850E-05   8.319182E-05   7.907319E-05   9.977112E-05   6.504205E-05   5.510872E-05   6.390391E-05   5.295714E-05   4.471609E-05   3.003650E-05   3.513033E-05   2.000000E-05   3.738501E-05   3.383563E-05   3.553943E-05   3.578979E-05   3.781613E-05
   3.597452E-05   3.696347E-05   7.705533E-05   1.092139E-04   1.278197E-04   7.461277E-05   7.062685E-05   8.587746E-05   7.866389E-05   6.266092E-05   5.243834E-05   3.976656E-05   3.370524E-05   2.261037E-05   2.385890E-05   3.195841E-05   2.099300E-05   2.926398E-05   2.728184E-05   2.230083E-05
   4.999621E-05   5.614208E-05   9.069748E-05   1.175259E-04   7.405667E-05   5.259963E-05   5.500577E-05   6.088738E-05   6.021670E-05   6.400874E-05   6.433683E-05   5.007357E-05   2.610251E-05   3.121396E-05   2.467648E-05   2.347456E-05   2.583037E-05   2.000000E-05   2.208986E-05   3.095043E-05
   4.702247E-05   3.938668E-05   6.518353E-05   7.683676E-05   5.696738E-05   4.136174E-05   4.177253E-05   5.543238E-05   3.610253E-05   4.169257E-05   4.236413E-05   3.824168E-05   3.833591E-05   3.181490E-05   2.766134E-05   2.090234E-05   2.000000E-05   2.000000E-05   2.121193E-05   2.254673E-05
   8.923820E-05   3.969063E-05   3.078742E-05   4.068714E-05   4.665234E-05   6.422340E-05   5.524228E-05   6.867872E-05   1.025887E-04   6.171656E-05   4.046811E-05   4.917662E-05   6.808417E-05   5.867761E-05   2.700586E-05   3.589891E-05   2.000000E-05   2.000000E-05   2.972661E-05   5.701119E-05
   5.521591E-05   6.624695E-05   6.395986E-05   6.958911E-05   7.180126E-05   5.604661E-05   5.301150E-05   5.377982E-05   1.019205E-04   6.740613E-05   4.041582E-05   4.899476E-05   5.093011E-05   2.969939E-05   3.526003E-05   2.442492E-05   2.602199E-05   2.871617E-05   3.309727E-05   5.063483E-05
   5.521591E-05   5.521591E-05   8.205093E-05   8.859731E-05   9.313518E-05   9.720313E-05   5.836043E-05   5.947703E-05   6.050772E-05   6.580297E-05   4.869586E-05   4.617615E-05   3.683943E-05   3.171689E-05   3.351327E-05   4.768890E-05   3.390300E-05   3.552288E-05   4.268878E-05   5.172589E-05
   5.521591E-05   5.521591E-05   5.521591E-05   8.140030E-05   9.061470E-05   1.425911E-04   7.063160E-05   5.915310E-05   4.253757E-05   4.006052E-05   6.989954E-05   6.278727E-05   4.207932E-05   3.607480E-05   4.319457E-05   5.340722E-05   4.000662E-05   6.227207E-05   5.623332E-05   6.016644E-05
   5.521591E-05   5.521591E-05   5.521591E-05   5.521591E-05   9.830225E-05   6.875215E-05   5.844030E-05   4.238187E-05   3.319561E-05   2.902039E-05   6.928950E-05   8.048914E-05   6.559060E-05   6.752255E-05   4.368667E-05   5.001463E-05   6.804961E-05   8.662631E-05   1.065781E-04   5.521591E-05
   5.521591E-05   5.521591E-05   5.521591E-05   5.521591E-05   8.773470E-05   5.625078E-05   4.982393E-05   3.842327E-05   3.169195E-05   2.972783E-05   7.131649E-05   1.117713E-04   7.178987E-05   6.120002E-05   4.308507E-05   5.594241E-05   4.217911E-05   9.336203E-05   7.348516E-05   5.521591E-05
   5.521591E-05   5.521591E-05   5.521591E-05   5.521591E-05   5.521591E-05   3.740085E-05   4.623299E-05   2.561282E-05   3.455502E-05   3.638279E-05   5.267342E-05   4.355227E-05   3.295589E-05   8.556448E-05   4.696587E-05   9.232413E-05   5.242016E-05   5.823192E-05   5.521591E-05   5.521591E-05
   5.521591E-05   5.521591E-05   5.521591E-05   5.521591E-05   5.521591E-05   4.044565E-05   5.435794E-05   2.685648E-05   3.013717E-05   3.215749E-05   5.876084E-05   4.934020E-05   3.453942E-05   5.746422E-05   6.356507E-05   6.411563E-05   8.965872E-05   5.521591E-05   5.521591E-05   5.521591E-05
   5.521591E-05   5.521591E-05   5.521591E-05   5.521591E-05   5.521591E-05   4.922954E-05   4.648593E-05   3.094390E-05   2.718641E-05   5.511422E-05   3.654465E-05   5.624261E-05   4.749100E-05   4.674806E-05   3.621081E-05   4.950153E-05   5.521591E-05   5.521591E-05   5.521591E-05   5.521591E-05
