   3.783609E+01   4.308757E+01   5.007350E+01   3.970330E+01   6.344092E+01   3.661186E+01   4.466082E+01   3.440510E+01   4.125447E+01   6.689450E+01   8.703386E+01   6.907146E+01   5.603368E+01   4.240012E+01   4.912123E+01   6.522012E+01   4.851995E+01   3.508764E+01   3.844804E+01   5.824235E+01
   3.316076E+01   3.404314E+01   6.505587E+01   5.412804E+01   6.351885E+01   7.039689E+01   5.361503E+01   3.160081E+01   6.169002E+01   9.666445E+01   7.801590E+01   6.233500E+01   4.118146E+01   4.825953E+01   4.866421E+01   7.956443E+01   4.031549E+01   2.736913E+01   2.774173E+01   6.110716E+01
   2.758672E+01   2.843126E+01   8.038053E+01   1.000000E+02   9.009432E+01   5.292483E+01   2.889788E+01   3.205962E+01   5.978494E+01   6.877048E+01   6.436059E+01   6.468303E+01   5.086911E+01   6.414324E+01   4.505866E+01   5.670330E+01   3.800756E+01   3.064219E+01   2.386072E+01   3.087275E+01
   2.382008E+01   4.387122E+01   9.863396E+01   1.000000E+02   1.000000E+02   8.048593E+01   5.133951E+01   2.971547E+01   5.879379E+01   8.057153E+01   5.577900E+01   7.546842E+01   9.456552E+01   7.921556E+01   6.198256E+01   4.969548E+01   4.888766E+01   3.336479E+01   2.972326E+01   3.704116E+01
   2.718146E+01   4.135422E+01   8.849728E+01   1.000000E+02   9.543862E+01   7.416873E+01   5.465542E+01   5.048658E+01   6.467618E+01   8.429603E+01   1.000000E+02   9.913636E+01   1.000000E+02   1.000000E+02   8.173505E+01   4.830754E+01   7.615476E+01   6.899354E+01   3.615203E+01   4.023437E+01
   2.247521E+01   2.924395E+01   5.632877E+01   7.812528E+01   9.149399E+01   9.780865E+01   5.857172E+01   5.588591E+01   5.593536E+01   8.942338E+01   5.965478E+01   1.000000E+02   1.000000E+02   1.000000E+02   1.000000E+02   6.451452E+01   6.236708E+01   5.195718E+01   3.985989E+01   3.509301E+01
   4.951417E+01   4.444981E+01   7.845992E+01   7.950552E+01   1.000000E+02   9.811514E+01   9.736051E+01   7.587672E+01   5.414468E+01   5.541768E+01   5.834482E+01   5.878894E+01   8.630603E+01   1.000000E+02   1.000000E+02   1.000000E+02   7.327149E+01   5.608392E+01   4.217757E+01   2.887717E+01
   5.166534E+01   5.531783E+01   8.621388E+01   1.000000E+02   5.028350E+01   5.170531E+01   6.025325E+01   8.051520E+01   8.823072E+01   6.953897E+01   8.869433E+01   9.724381E+01   6.558181E+01   1.000000E+02   1.000000E+02   1.000000E+02   7.925329E+01   1.000000E+02   4.034039E+01   2.891046E+01
   5.818681E+01   4.245254E+01   4.795902E+01   7.931665E+01   3.000000E+01   3.000000E+01   3.000000E+01   5.264236E+01   6.895917E+01   7.543567E+01   1.000000E+02   8.975266E+01   7.788487E+01   9.164103E+01   1.000000E+02   5.358102E+01   6.919343E+01   6.783287E+01   4.417140E+01   2.534054E+01
   4.319119E+01   4.905988E+01   3.418714E+01   5.061427E+01   3.000000E+01   3.000000E+01   3.000000E+01   3.000000E+01   4.732476E+01   1.000000E+02   7.391676E+01   8.633831E+01   8.533155E+01   1.000000E+02   1.000000E+02   4.254989E+01   5.627003E+01   5.385553E+01   3.346683E+01   3.467493E+01
   2.919987E+01   3.451338E+01   2.663154E+01   2.459343E+01   3.000000E+01   3.000000E+01   3.000000E+01   3.000000E+01   3.868163E+01   3.237390E+01   7.406924E+01   8.023155E+01   1.000000E+02   7.280730E+01   4.666966E+01   4.849134E+01   4.668346E+01   2.952793E+01   3.263017E+01   2.929321E+01
   2.339172E+01   2.644054E+01   3.088730E+01   2.047106E+01   3.000000E+01   3.000000E+01   3.000000E+01   3.000000E+01   2.371898E+01   3.356446E+01   5.038148E+01   7.151742E+01   7.432527E+01   8.592612E+01   3.500550E+01   3.343736E+01   2.645412E+01   2.807166E+01   3.079508E+01   1.864331E+01
   1.364363E+01   2.132586E+01   1.671679E+01   1.730031E+01   3.000000E+01   3.000000E+01   3.000000E+01   3.000000E+01   3.898650E+01   2.644136E+01   3.323898E+01   5.306047E+01   4.799466E+01   3.912811E+01   4.366586E+01   2.976350E+01   3.428456E+01   2.989118E+01   3.566650E+01   3.447547E+01
   1.191900E+01   1.093115E+01   1.186130E+01   1.226745E+01   3.000000E+01   3.000000E+01   3.000000E+01   3.000000E+01   3.533193E+01   2.823299E+01   2.061896E+01   3.474941E+01   5.029921E+01   5.124554E+01   2.861531E+01   3.718956E+01   4.710705E+01   4.102180E+01   4.207175E+01   4.437365E+01
   8.079035E+00   9.097737E+00   1.444374E+01   1.730992E+01   3.000000E+01   3.000000E+01   3.000000E+01   3.000000E+01   3.522977E+01   2.413180E+01   2.465326E+01   3.792795E+01   4.048164E+01   2.695766E+01   2.399917E+01   3.440643E+01   4.885092E+01   4.985157E+01   3.753872E+01   4.226929E+01
   1.048433E+01   1.807020E+01   2.703058E+01   3.277784E+01   3.000000E+01   3.000000E+01   3.000000E+01   3.000000E+01   5.063814E+01   4.957508E+01   3.967482E+01   2.980773E+01   3.403692E+01   2.376322E+01   1.348671E+01   1.462313E+01   2.829207E+01   2.833375E+01   5.654140E+01   3.742564E+01
   1.520154E+01   2.862964E+01   4.260293E+01   2.275842E+01   3.000000E+01   3.000000E+01   3.000000E+01   3.000000E+01   5.145052E+01   4.616585E+01   3.955249E+01   3.315017E+01   1.551300E+01   1.480337E+01   1.528809E+01   1.754031E+01   1.793328E+01   3.622485E+01   6.710302E+01   3.062125E+01
   1.613769E+01   2.559959E+01   3.674773E+01   4.637068E+01   3.000000E+01   3.000000E+01   3.000000E+01   3.000000E+01   4.827540E+01   2.695811E+01   2.121879E+01   1.667447E+01   1.848792E+01   1.625774E+01   1.568526E+01   1.476228E+01   1.944185E+01   3.347699E+01   4.572445E+01   5.733592E+01
   1.570016E+01   2.273149E+01   3.174304E+01   5.861679E+01   3.000000E+01   3.000000E+01   3.000000E+01   3.000000E+01   2.496366E+01   2.438250E+01   1.588288E+01   1.851785E+01   1.119085E+01   1.396893E+01   1.047768E+01   1.615307E+01   2.923101E+01   2.595533E+01   2.457724E+01   2.311587E+01
   1.784343E+01   2.959990E+01   3.807487E+01   3.019586E+01   3.000000E+01   3.000000E+01   3.000000E+01   3.000000E+01   1.953650E+01   1.910729E+01   2.786985E+01   1.393055E+01   1.996966E+01   1.057834E+01   1.284354E+01   1.686152E+01   1.843841E+01   2.682526E+01   3.737654E+01   1.466732E+01
   2.629333E+01   3.795735E+01   5.991406E+01   6.067229E+01   3.000000E+01   3.000000E+01   3.000000E+01   3.000000E+01   2.319812E+01   3.163775E+01   2.845010E+01   4.673622E+01   3.549413E+01   1.374651E+01   1.593753E+01   1.995549E+01   3.574950E+01   5.604461E+01   2.516169E+01   2.688721E+01
   3.265635E+01   5.018808E+01   4.210000E+01   3.917568E+01   3.000000E+01   3.000000E+01   1.919089E+01   2.925319E+01   3.163270E+01   2.362054E+01   2.528929E+01   2.925043E+01   3.242970E+01   1.675622E+01   3.986065E+01   3.802900E+01   3.652550E+01   4.101200E+01   3.760818E+01   2.445090E+01
   2.795263E+01   2.527084E+01   3.044666E+01   4.088041E+01   5.394066E+01   3.000000E+01   2.306563E+01   2.751757E+01   1.532497E+01   4.268007E+01   2.262429E+01   1.997895E+01   1.583781E+01   2.233932E+01   3.670901E+01   3.264709E+01   4.681916E+01   4.407476E+01   2.801580E+01   3.227336E+01
   1.427327E+01   2.288777E+01   2.470221E+01   2.480777E+01   3.792397E+01   3.030399E+01   3.222957E+01   3.095990E+01   3.300055E+01   2.590582E+01   2.479179E+01   2.199326E+01   2.061393E+01   1.678909E+01   2.992572E+01   3.533215E+01   2.897789E+01   3.381824E+01   1.637388E+01   2.355629E+01
   1.967309E+01   2.296718E+01   1.791307E+01   2.076281E+01   1.519956E+01   2.523559E+01   2.289332E+01   2.141788E+01   3.498233E+01   3.306775E+01   1.895123E+01   1.552828E+01   1.919988E+01   2.047805E+01   1.785796E+01   2.301752E+01   3.093054E+01   2.948977E+01   2.067112E+01   3.318942E+01
   1.578088E+01   2.420624E+01   1.639979E+01   1.387375E+01   1.633872E+01   1.546771E+01   7.652326E+00   1.449807E+01   1.570107E+01   2.458192E+01   2.052410E+01   1.339104E+01   1.440649E+01   1.406247E+01   2.048785E+01   2.034544E+01   2.655671E+01   1.973244E+01   2.043911E+01   2.259288E+01
   1.623119E+01   1.826808E+01   1.891715E+01   1.911417E+01   1.496985E+01   1.120969E+01   1.012717E+01   1.497735E+01   1.823191E+01   2.511379E+01   1.026842E+01   1.422151E+01   6.988990E+00   6.659240E+00   8.751034E+00   1.514086E+01   2.021778E+01   2.167982E+01   2.020011E+01   2.527239E+01
   2.168090E+01   1.739945E+01   1.990543E+01   1.919670E+01   1.817279E+01   1.254324E+01   1.396552E+01   2.230907E+01   2.003532E+01   1.243800E+01   1.071275E+01   1.048983E+01   8.459253E+00   9.291387E+00   1.037362E+01   3.209629E+01   3.573906E+01   3.569074E+01   2.230916E+01   2.158322E+01
   2.207179E+01   1.376612E+01   1.086327E+01   1.331769E+01   1.935772E+01   1.127215E+01   1.369145E+01   2.242996E+01   1.562708E+01   1.173519E+01   1.076159E+01   9.097342E+00   1.244098E+01   1.655482E+01   2.093975E+01   2.148933E+01   2.989919E+01   2.406525E+01   1.982898E+01   2.079279E+01
   3.271586E+01   2.111259E+01   1.706528E+01   1.555508E+01   1.918383E+01   1.067371E+01   1.168819E+01   1.888374E+01   2.132065E+01   1.846807E+01   2.245259E+01   3.255183E+01   4.067162E+01   3.642353E+01   3.504237E+01   3.882423E+01   2.935804E+01   2.930431E+01   1.357181E+01   2.783951E+01
   2.902926E+01   2.679499E+01   1.925670E+01   1.716293E+01   1.251842E+01   4.673529E+00   6.970243E+00   1.592382E+01   4.620883E+01   3.358504E+01   3.952980E+01   2.517346E+01   3.161320E+01   4.592599E+01   7.330753E+01   4.862378E+01   4.136362E+01   2.996933E+01   1.523735E+01   2.919785E+01
   1.995953E+01   2.990998E+01   2.340140E+01   2.879436E+01   1.589997E+01   1.003034E+01   8.482318E+00   1.577026E+01   1.873595E+01   2.142122E+01   3.834033E+01   3.230099E+01   4.040322E+01   4.382108E+01   5.240879E+01   3.942743E+01   3.641859E+01   2.980089E+01   2.445072E+01   2.116662E+01
   3.000000E+01   2.959146E+01   3.807338E+01   2.450167E+01   2.143565E+01   1.761253E+01   1.752428E+01   2.204943E+01   1.625100E+01   1.038700E+01   2.213635E+01   3.153062E+01   4.701431E+01   4.257497E+01   2.989011E+01   3.738041E+01   2.968912E+01   2.526931E+01   2.370333E+01   1.802327E+01
   3.000000E+01   3.000000E+01   2.136682E+01   2.835555E+01   3.314959E+01   3.863769E+01   2.645587E+01   2.668706E+01   2.213595E+01   2.039589E+01   1.673576E+01   3.560055E+01   2.019275E+01   1.665691E+01   2.161254E+01   3.037941E+01   3.844169E+01   3.364986E+01   3.780410E+01   2.270051E+01
   3.000000E+01   3.000000E+01   3.000000E+01   2.314626E+01   2.905379E+01   2.986418E+01   3.465427E+01   2.238643E+01   2.181582E+01   1.658044E+01   1.384645E+01   2.342335E+01   2.145770E+01   1.773099E+01   1.562772E+01   2.049817E+01   4.564131E+01   3.556129E+01   2.959834E+01   2.053946E+01
   3.000000E+01   3.000000E+01   3.000000E+01   3.000000E+01   2.155009E+01   2.247417E+01   3.281572E+01   2.482676E+01   1.966286E+01   2.036076E+01   1.614795E+01   1.688990E+01   1.291834E+01   2.487536E+01   2.805334E+01   3.056639E+01   3.810098E+01   4.172677E+01   4.496793E+01   3.000000E+01
   3.000000E+01   3.000000E+01   3.000000E+01   3.000000E+01   1.379640E+01   1.650442E+01   2.028958E+01   1.190959E+01   1.175721E+01   1.086788E+01   1.761261E+01   2.367361E+01   1.643542E+01   2.419589E+01   4.912399E+01   5.036132E+01   5.992558E+01   4.305060E+01   5.129642E+01   3.000000E+01
   3.000000E+01   3.000000E+01   3.000000E+01   3.000000E+01   3.000000E+01   1.315612E+01   1.079312E+01   7.761837E+00   7.585718E+00   7.804128E+00   1.292817E+01   1.202095E+01   1.494476E+01   2.972949E+01   2.456036E+01   2.900818E+01   3.450192E+01   3.435469E+01   3.000000E+01   3.000000E+01
   3.000000E+01   3.000000E+01   3.000000E+01   3.000000E+01   3.000000E+01   1.747069E+01   8.214155E+00   6.692913E+00   5.649489E+00   8.790825E+00   1.376734E+01   1.479564E+01   1.350454E+01   1.692700E+01   2.126502E+01   3.795562E+01   2.757697E+01   3.000000E+01   3.000000E+01   3.000000E+01
   3.000000E+01   3.000000E+01   3.000000E+01   3.000000E+01   3.000000E+01   1.332953E+01   9.763680E+00   6.709899E+00   8.091910E+00   6.532232E+00   9.766434E+00   7.787332E+00   1.678313E+01   1.983245E+01   2.522747E+01   3.761200E+01   3.000000E+01   3.000000E+01   3.000000E+01   3.000000E+01
