1 40 6 32.93940979979168 100.0
1 40 7 32.938664915318085 100.0
1 40 8 33.06384149682411 95.31820181894096
1 40 9 33.01841165865255 100.0
1 40 10 32.51751701964927 98.872182838496
1 40 11 32.5 100.0
1 40 12 32.5 100.0
1 40 13 32.5 100.0
1 40 14 32.5 100.0
1 40 15 32.92160868289565 100.0
2 40 6 33.122114453901595 71.98681395100392
2 40 7 32.994679609424956 100.0
2 40 8 33.28629482397024 100.0
2 40 9 33.73254376872316 100.0
2 40 10 34.22805972249382 79.27449735779479
2 40 11 34.66833417328329 42.10345737996848
2 40 12 33.80587697086174 100.0
2 40 13 33.921326465228724 100.0
2 40 14 33.72086988953693 100.0
2 40 15 33.077194089690984 100.0
3 40 6 33.22904181970426 100.0
3 40 7 32.54686071378302 100.0
3 40 8 32.59240230461223 100.0
3 40 9 32.5 100.0
3 40 10 32.5 100.0
3 40 11 32.5 100.0
3 40 12 32.5 100.0
3 40 13 32.5 100.0
3 40 14 32.5 100.0
3 40 15 32.5 100.0
