   3.469456E-02   3.372151E-02   3.587579E-02   4.233262E-02   5.696922E-02   4.360073E-02   3.903981E-02   2.343356E-02   2.203761E-02   3.691414E-02   3.277575E-02   3.484207E-02   4.486082E-02   5.158216E-02   3.205495E-02   3.376402E-02   3.706717E-02   3.992183E-02   6.638856E-02   6.225214E-02
   4.114507E-02   3.990836E-02   6.733348E-02   4.665567E-02   4.181287E-02   4.737976E-02   3.224903E-02   2.857860E-02   1.633819E-02   3.102102E-02   5.227590E-02   4.689201E-02   5.132548E-02   9.003618E-02   4.107165E-02   3.263699E-02   5.307865E-02   5.878304E-02   8.671310E-02   6.600168E-02
   5.108520E-02   3.349836E-02   5.199069E-02   5.230902E-02   5.397878E-02   5.581471E-02   6.262375E-02   2.247984E-02   2.841042E-02   3.048634E-02   3.018205E-02   4.117181E-02   4.251155E-02   4.787230E-02   6.961212E-02   3.496643E-02   6.213936E-02   7.090925E-02   9.379720E-02   6.055083E-02
   6.332501E-02   6.407151E-02   5.123809E-02   7.162818E-02   5.547116E-02   3.303709E-02   5.546779E-02   3.486930E-02   1.965097E-02   2.523318E-02   2.844843E-02   3.720451E-02   3.668517E-02   4.161492E-02   3.440204E-02   2.656667E-02   3.699849E-02   7.459377E-02   7.819043E-02   9.988714E-02
   4.554609E-02   4.380354E-02   6.774656E-02   5.208133E-02   6.290662E-02   4.684741E-02   3.427936E-02   3.129915E-02   2.168631E-02   2.020520E-02   3.776997E-02   2.841831E-02   2.228113E-02   2.319981E-02   4.819997E-02   3.484466E-02   2.425127E-02   6.455077E-02   9.286215E-02   9.394978E-02
   3.615845E-02   4.646414E-02   5.276501E-02   6.093219E-02   5.518694E-02   5.550319E-02   4.602374E-02   4.148785E-02   5.140162E-02   2.418499E-02   2.348373E-02   4.175505E-02   2.182006E-02   2.565684E-02   4.271038E-02   2.153607E-02   2.002540E-02   3.339935E-02   6.748724E-02   1.011840E-01
   4.832902E-02   3.858368E-02   2.424169E-02   3.144074E-02   5.167801E-02   6.845236E-02   4.623107E-02   6.199310E-02   5.916640E-02   3.475912E-02   4.801752E-02   4.685718E-02   1.918434E-02   2.181016E-02   1.289555E-02   1.732531E-02   2.218019E-02   1.895768E-02   4.375816E-02   8.572182E-02
   5.393442E-02   5.354192E-02   5.129225E-02   3.621779E-02   4.122666E-02   4.902652E-02   5.673350E-02   4.552628E-02   4.529801E-02   5.551367E-02   7.316407E-02   4.186083E-02   1.865443E-02   2.039014E-02   2.601898E-02   2.217059E-02   2.744880E-02   2.167388E-02   3.862103E-02   5.144503E-02
   9.505621E-02   6.799737E-02   5.267708E-02   3.848665E-02   1.000000E-01   1.000000E-01   1.000000E-01   6.079951E-02   3.080280E-02   3.286385E-02   4.343869E-02   2.528417E-02   1.773418E-02   2.248306E-02   2.958665E-02   2.711684E-02   3.947403E-02   3.771625E-02   5.176374E-02   6.123117E-02
   6.225658E-02   8.840432E-02   9.399495E-02   4.792891E-02   1.000000E-01   1.000000E-01   1.000000E-01   1.000000E-01   3.985618E-02   3.505518E-02   3.499502E-02   2.370136E-02   3.288690E-02   2.531570E-02   4.044728E-02   3.150446E-02   3.267512E-02   5.499525E-02   5.276795E-02   3.861505E-02
   4.915121E-02   4.631407E-02   4.260627E-02   3.569474E-02   1.000000E-01   1.000000E-01   1.000000E-01   1.000000E-01   5.276949E-02   2.810321E-02   2.824240E-02   2.994927E-02   2.574241E-02   4.399987E-02   3.320965E-02   2.978228E-02   2.872403E-02   5.235014E-02   3.342218E-02   4.221679E-02
   5.738368E-02   4.229800E-02   2.798870E-02   4.150901E-02   1.000000E-01   1.000000E-01   1.000000E-01   1.000000E-01   4.586904E-02   4.847755E-02   2.132914E-02   2.269709E-02   1.745237E-02   2.120916E-02   5.012576E-02   2.598273E-02   3.655048E-02   3.704805E-02   4.218147E-02   4.795920E-02
   6.641765E-02   3.299673E-02   2.414318E-02   2.688011E-02   1.000000E-01   1.000000E-01   1.000000E-01   1.000000E-01   3.365260E-02   5.108113E-02   2.291404E-02   3.206672E-02   2.890743E-02   2.824788E-02   3.151299E-02   3.292203E-02   3.945819E-02   3.307154E-02   3.581654E-02   4.758201E-02
   4.433147E-02   2.940410E-02   2.499331E-02   2.901255E-02   1.000000E-01   1.000000E-01   1.000000E-01   1.000000E-01   2.515720E-02   4.005641E-02   3.745348E-02   2.962616E-02   2.909044E-02   3.274859E-02   3.498585E-02   3.024145E-02   3.566682E-02   3.548144E-02   3.151234E-02   4.215133E-02
   4.714356E-02   4.967902E-02   3.082792E-02   5.724903E-02   1.000000E-01   1.000000E-01   1.000000E-01   1.000000E-01   2.825641E-02   3.270865E-02   4.240021E-02   3.920878E-02   2.711602E-02   2.021903E-02   1.982161E-02   2.491263E-02   3.684400E-02   5.085965E-02   2.600181E-02   4.507716E-02
   6.373019E-02   7.812467E-02   4.093459E-02   3.765960E-02   1.000000E-01   1.000000E-01   1.000000E-01   1.000000E-01   3.632824E-02   3.542496E-02   5.482469E-02   5.856062E-02   5.356333E-02   4.144930E-02   3.500746E-02   4.373106E-02   3.845105E-02   5.672127E-02   7.754286E-02   9.980102E-02
   8.125748E-02   4.941152E-02   4.046161E-02   3.037508E-02   1.000000E-01   1.000000E-01   1.000000E-01   1.000000E-01   3.723806E-02   5.604206E-02   7.425030E-02   5.328004E-02   8.772009E-02   5.413615E-02   6.240431E-02   6.082823E-02   1.200005E-01   1.055420E-01   6.319404E-02   9.963045E-02
   9.862570E-02   2.902175E-02   3.178754E-02   2.198628E-02   1.000000E-01   1.000000E-01   1.000000E-01   1.000000E-01   2.807135E-02   4.994450E-02   9.495792E-02   6.731445E-02   5.391395E-02   4.402533E-02   8.048161E-02   1.112405E-01   7.136451E-02   4.939659E-02   1.092885E-01   6.722946E-02
   4.080299E-02   3.039162E-02   1.957000E-02   2.525378E-02   1.000000E-01   1.000000E-01   1.000000E-01   1.000000E-01   2.876101E-02   6.157963E-02   5.961201E-02   5.567149E-02   2.665840E-02   6.156758E-02   4.515749E-02   9.459386E-02   9.840607E-02   6.479132E-02   6.835091E-02   7.277636E-02
   3.201995E-02   3.067264E-02   2.606732E-02   2.603486E-02   1.000000E-01   1.000000E-01   1.000000E-01   1.000000E-01   2.298860E-02   3.044976E-02   5.790755E-02   4.516041E-02   2.787289E-02   3.257746E-02   5.318832E-02   9.498167E-02   1.182749E-01   5.725763E-02   5.347621E-02   6.098570E-02
   1.046286E-01   1.128256E-01   4.478410E-02   4.032459E-02   1.000000E-01   1.000000E-01   1.000000E-01   1.000000E-01   2.319305E-02   2.511683E-02   2.822132E-02   3.627118E-02   3.340951E-02   1.857175E-02   4.164483E-02   4.476600E-02   5.603635E-02   4.254427E-02   5.225511E-02   7.321119E-02
   1.747338E-01   1.731653E-01   1.533536E-01   9.689480E-02   1.000000E-01   1.000000E-01   3.851001E-02   1.798569E-02   4.292196E-02   3.995910E-02   4.688696E-02   4.260285E-02   4.243427E-02   3.625542E-02   3.477239E-02   4.867272E-02   2.727924E-02   4.759175E-02   4.356716E-02   5.720858E-02
   1.863790E-01   3.521931E-01   2.479857E-01   2.244584E-01   7.196992E-02   1.000000E-01   5.042267E-02   3.656399E-02   4.312716E-02   4.473219E-02   3.560047E-02   4.957513E-02   3.683023E-02   4.865736E-02   8.807956E-02   7.803445E-02   4.392922E-02   6.325394E-02   3.880024E-02   4.347694E-02
   2.896779E-01   2.818557E-01   2.788929E-01   1.381163E-01   9.278835E-02   1.022916E-01   5.799218E-02   3.758124E-02   5.003881E-02   5.445152E-02   5.041379E-02   4.966922E-02   3.551045E-02   3.331165E-02   4.211039E-02   5.091352E-02   4.855041E-02   3.237114E-02   4.269181E-02   6.995965E-02
   2.451581E-01   3.349837E-01   3.317446E-01   1.829990E-01   1.823761E-01   1.064377E-01   5.415336E-02   3.474565E-02   3.815679E-02   7.616278E-02   7.551145E-02   7.645376E-02   4.634890E-02   3.631543E-02   4.072017E-02   4.312205E-02   3.168055E-02   2.200341E-02   4.308781E-02   7.312153E-02
   2.919244E-01   2.757970E-01   2.594953E-01   2.283506E-01   2.213536E-01   1.229129E-01   5.162589E-02   5.183360E-02   5.903044E-02   7.351744E-02   5.961307E-02   9.664937E-02   5.041875E-02   2.305939E-02   2.452012E-02   2.175989E-02   3.965453E-02   4.274074E-02   3.381932E-02   5.921707E-02
   3.171000E-01   4.000000E-01   3.517337E-01   2.434979E-01   2.230313E-01   1.414077E-01   8.244684E-02   5.689070E-02   9.757317E-02   7.749206E-02   6.638786E-02   6.181048E-02   5.532701E-02   3.641646E-02   2.045200E-02   2.411062E-02   5.065745E-02   5.862304E-02   4.529230E-02   5.917627E-02
   2.323155E-01   2.953743E-01   2.885385E-01   1.990501E-01   1.692799E-01   1.062571E-01   9.004407E-02   7.925590E-02   4.847473E-02   5.106360E-02   6.863351E-02   6.970168E-02   6.092113E-02   4.259770E-02   4.380567E-02   5.809654E-02   4.637293E-02   3.982345E-02   4.433937E-02   6.907180E-02
   7.749076E-02   1.199611E-01   1.442085E-01   1.599879E-01   2.228267E-01   1.152541E-01   1.488205E-01   8.834899E-02   8.566408E-02   4.713793E-02   4.835700E-02   1.181023E-01   1.003779E-01   9.055103E-02   8.097741E-02   5.577031E-02   6.565435E-02   7.191140E-02   8.125546E-02   1.155322E-01
   4.715841E-02   4.500579E-02   7.462635E-02   9.109222E-02   1.306954E-01   1.270220E-01   1.165272E-01   1.104898E-01   1.115669E-01   7.979265E-02   6.919613E-02   1.221166E-01   1.748356E-01   1.604145E-01   1.191082E-01   1.004772E-01   9.828990E-02   5.481063E-02   1.115256E-01   9.807156E-02
   2.956029E-02   2.641334E-02   4.468106E-02   7.922999E-02   1.176482E-01   1.186576E-01   1.415537E-01   1.108494E-01   1.173216E-01   9.524308E-02   1.106807E-01   1.576271E-01   2.615538E-01   1.471598E-01   1.164251E-01   1.627306E-01   9.062409E-02   7.075664E-02   1.005381E-01   1.012810E-01
   2.675536E-02   3.580041E-02   5.129456E-02   9.197855E-02   8.944596E-02   1.209991E-01   8.518166E-02   1.330766E-01   9.486387E-02   1.293234E-01   1.242855E-01   1.210886E-01   1.067691E-01   1.689276E-01   1.981479E-01   1.517498E-01   9.859868E-02   1.205070E-01   8.971510E-02   1.203080E-01
   1.000000E-01   7.301447E-02   7.010029E-02   7.989725E-02   7.122145E-02   1.122334E-01   9.144042E-02   1.053456E-01   1.394444E-01   1.297672E-01   1.540554E-01   2.187382E-01   1.204734E-01   1.856386E-01   1.695020E-01   1.817752E-01   1.236884E-01   8.093037E-02   1.401242E-01   1.178317E-01
   1.000000E-01   1.000000E-01   1.285270E-01   7.775473E-02   9.206974E-02   9.768925E-02   7.547397E-02   8.836372E-02   1.059809E-01   9.976612E-02   1.673415E-01   1.722716E-01   9.222301E-02   1.555888E-01   1.212342E-01   2.274950E-01   1.346575E-01   9.287086E-02   9.730481E-02   1.019245E-01
   1.000000E-01   1.000000E-01   1.000000E-01   1.041261E-01   6.415452E-02   3.935995E-02   6.267769E-02   6.959978E-02   1.053242E-01   1.716982E-01   2.807082E-01   1.597850E-01   1.492078E-01   2.528378E-01   2.610496E-01   2.287799E-01   1.153184E-01   6.710324E-02   1.050845E-01   7.714796E-02
   1.000000E-01   1.000000E-01   1.000000E-01   1.000000E-01   9.520068E-02   3.617348E-02   4.568444E-02   4.889124E-02   8.535898E-02   1.026006E-01   2.100677E-01   2.218210E-01   2.545510E-01   2.289279E-01   2.685448E-01   2.942310E-01   2.374219E-01   1.031723E-01   9.548016E-02   1.000000E-01
   1.000000E-01   1.000000E-01   1.000000E-01   1.000000E-01   7.886321E-02   4.612958E-02   6.893206E-02   8.436483E-02   7.931215E-02   8.789454E-02   1.481298E-01   3.732514E-01   4.000000E-01   3.512611E-01   3.983844E-01   4.000000E-01   2.012838E-01   7.979855E-02   5.539145E-02   1.000000E-01
   1.000000E-01   1.000000E-01   1.000000E-01   1.000000E-01   1.000000E-01   7.448307E-02   7.473652E-02   9.819176E-02   1.196379E-01   8.572072E-02   8.274529E-02   1.970696E-01   4.000000E-01   4.000000E-01   3.738009E-01   1.481461E-01   1.118048E-01   1.146621E-01   1.000000E-01   1.000000E-01
   1.000000E-01   1.000000E-01   1.000000E-01   1.000000E-01   1.000000E-01   5.346145E-02   5.197567E-02   5.750175E-02   5.762834E-02   7.801151E-02   9.860655E-02   1.302270E-01   2.652727E-01   1.851500E-01   1.978381E-01   1.594841E-01   9.822007E-02   1.000000E-01   1.000000E-01   1.000000E-01
   1.000000E-01   1.000000E-01   1.000000E-01   1.000000E-01   1.000000E-01   2.814951E-02   3.702578E-02   3.861596E-02   4.361792E-02   5.345595E-02   8.223261E-02   9.124083E-02   1.119374E-01   1.353407E-01   2.028477E-01   1.298718E-01   1.000000E-01   1.000000E-01   1.000000E-01   1.000000E-01
