   1.807805E-01   1.294389E-01   1.198858E-01   2.157999E-01   3.102549E-01   4.000000E-01   4.000000E-01   4.000000E-01   2.697431E-01   2.685363E-01   2.337733E-01   2.079757E-01   1.405022E-01   1.464439E-01   2.304838E-01   1.974727E-01   1.744374E-01   1.097779E-01   1.012165E-01   1.218053E-01
   1.573214E-01   1.604175E-01   1.513680E-01   1.715437E-01   4.000000E-01   4.000000E-01   4.000000E-01   3.463123E-01   2.750585E-01   2.374740E-01   1.717768E-01   2.320638E-01   1.746032E-01   2.049195E-01   3.103404E-01   1.704869E-01   1.611804E-01   1.014611E-01   1.067586E-01   1.052651E-01
   1.304107E-01   1.281622E-01   1.546513E-01   2.780191E-01   3.961377E-01   4.000000E-01   4.000000E-01   3.823115E-01   1.806056E-01   1.663871E-01   1.297292E-01   1.480474E-01   2.712906E-01   2.273109E-01   1.642002E-01   2.595518E-01   1.692153E-01   1.020744E-01   1.226080E-01   9.105247E-02
   1.154097E-01   1.262642E-01   2.123846E-01   3.730329E-01   2.339292E-01   2.691249E-01   4.000000E-01   2.448859E-01   1.600048E-01   1.262933E-01   2.101936E-01   2.591314E-01   2.247767E-01   2.416980E-01   2.632913E-01   1.671860E-01   9.807388E-02   9.468006E-02   9.071426E-02   1.690615E-01
   1.647762E-01   1.611663E-01   1.992542E-01   2.097981E-01   3.189926E-01   3.430051E-01   2.353533E-01   2.680445E-01   2.011552E-01   1.910028E-01   1.955635E-01   2.170874E-01   2.617212E-01   1.653131E-01   2.583244E-01   2.130390E-01   1.278204E-01   7.563579E-02   8.567307E-02   9.029562E-02
   1.352559E-01   9.501492E-02   1.232328E-01   1.547826E-01   3.588558E-01   2.700977E-01   2.081965E-01   2.346846E-01   1.281076E-01   2.313345E-01   1.122268E-01   2.536183E-01   2.832359E-01   4.000000E-01   1.956738E-01   1.338528E-01   7.958863E-02   7.534275E-02   1.565000E-01   1.907986E-01
   8.805461E-02   1.049174E-01   1.447276E-01   1.566856E-01   3.942557E-01   3.406782E-01   3.125741E-01   2.206920E-01   1.353715E-01   1.443369E-01   1.111895E-01   1.924027E-01   1.794129E-01   3.135696E-01   2.393888E-01   1.468906E-01   1.073355E-01   1.582179E-01   1.697441E-01   2.815800E-01
   1.326019E-01   1.236919E-01   9.085071E-02   2.399906E-01   4.000000E-01   3.422759E-01   3.030478E-01   2.519543E-01   2.139139E-01   1.123061E-01   1.683896E-01   2.187437E-01   2.312304E-01   3.286238E-01   2.664342E-01   1.941529E-01   1.899897E-01   1.435828E-01   2.544487E-01   2.950349E-01
   7.534335E-02   8.607653E-02   1.156458E-01   2.560015E-01   1.000000E-01   1.000000E-01   1.000000E-01   3.704824E-01   1.530986E-01   8.805879E-02   1.650291E-01   2.334737E-01   2.710202E-01   3.581403E-01   3.025335E-01   3.331520E-01   1.712276E-01   2.739326E-01   1.283276E-01   2.668103E-01
   1.167227E-01   1.369678E-01   1.409390E-01   2.149724E-01   1.000000E-01   1.000000E-01   1.000000E-01   1.000000E-01   2.362144E-01   1.689405E-01   1.313732E-01   2.997239E-01   3.726345E-01   2.451834E-01   3.169615E-01   4.000000E-01   2.424150E-01   3.290947E-01   2.145562E-01   1.791266E-01
   1.544183E-01   1.334645E-01   2.453792E-01   1.961345E-01   1.000000E-01   1.000000E-01   1.000000E-01   1.000000E-01   4.000000E-01   2.912217E-01   1.292592E-01   3.315619E-01   4.000000E-01   2.906940E-01   3.267076E-01   3.785495E-01   2.476527E-01   2.068911E-01   2.614827E-01   1.572043E-01
   1.389434E-01   1.613505E-01   2.818224E-01   1.516325E-01   1.000000E-01   1.000000E-01   1.000000E-01   1.000000E-01   4.000000E-01   3.069336E-01   2.579758E-01   3.319001E-01   3.639492E-01   2.768262E-01   2.117763E-01   1.398198E-01   1.739134E-01   1.466709E-01   2.900878E-01   2.514592E-01
   1.300122E-01   1.813040E-01   1.824231E-01   1.758115E-01   1.000000E-01   1.000000E-01   1.000000E-01   1.000000E-01   4.000000E-01   3.269973E-01   3.153941E-01   3.445882E-01   1.127505E-01   1.700047E-01   1.191483E-01   1.101693E-01   1.663726E-01   2.259679E-01   1.566175E-01   2.449177E-01
   1.612038E-01   1.857721E-01   2.734871E-01   2.251930E-01   1.000000E-01   1.000000E-01   1.000000E-01   1.000000E-01   3.475851E-01   1.530959E-01   1.998906E-01   1.830344E-01   1.918131E-01   2.228263E-01   1.052622E-01   1.180147E-01   2.152023E-01   1.030548E-01   1.082079E-01   1.175021E-01
   1.579628E-01   2.888941E-01   1.325081E-01   2.962649E-01   1.000000E-01   1.000000E-01   1.000000E-01   1.000000E-01   2.897261E-01   2.697522E-01   1.585530E-01   1.337645E-01   1.488827E-01   1.917595E-01   1.095612E-01   1.639577E-01   1.247791E-01   1.645576E-01   1.496751E-01   1.634264E-01
   1.617280E-01   2.016583E-01   1.499252E-01   4.000000E-01   1.000000E-01   1.000000E-01   1.000000E-01   1.000000E-01   3.619463E-01   2.592604E-01   9.086401E-02   9.595021E-02   1.307792E-01   1.364011E-01   1.273111E-01   1.490204E-01   1.470421E-01   2.041660E-01   2.087953E-01   1.750652E-01
   1.237669E-01   1.609632E-01   2.035869E-01   2.313295E-01   1.000000E-01   1.000000E-01   1.000000E-01   1.000000E-01   1.830960E-01   1.749524E-01   1.233390E-01   8.868539E-02   1.020427E-01   9.493802E-02   8.772118E-02   8.118900E-02   1.340433E-01   1.462763E-01   1.686008E-01   1.322315E-01
   2.383875E-01   2.482394E-01   3.023470E-01   2.170995E-01   1.000000E-01   1.000000E-01   1.000000E-01   1.000000E-01   1.788194E-01   9.550035E-02   9.995016E-02   6.323810E-02   6.313346E-02   8.637003E-02   8.750354E-02   5.794968E-02   8.758165E-02   1.092600E-01   1.675494E-01   1.371368E-01
   2.868996E-01   2.404241E-01   3.409224E-01   4.000000E-01   1.000000E-01   1.000000E-01   1.000000E-01   1.000000E-01   1.090114E-01   5.331826E-02   2.418935E-02   2.602466E-02   2.784743E-02   3.847985E-02   5.578941E-02   6.933013E-02   7.466298E-02   9.056606E-02   1.141574E-01   1.049727E-01
   1.863696E-01   2.388316E-01   3.347682E-01   4.000000E-01   1.000000E-01   1.000000E-01   1.000000E-01   1.000000E-01   6.772960E-02   4.921469E-02   4.226453E-02   2.552838E-02   3.997549E-02   4.797676E-02   6.206828E-02   7.523251E-02   7.915535E-02   7.857840E-02   1.160402E-01   1.167002E-01
   1.739803E-01   1.610564E-01   2.452237E-01   2.710822E-01   1.000000E-01   1.000000E-01   1.000000E-01   1.000000E-01   5.176893E-02   3.969575E-02   3.841531E-02   2.745234E-02   4.430456E-02   4.934192E-02   8.805749E-02   1.091668E-01   1.195405E-01   6.388654E-02   8.501272E-02   1.502030E-01
   1.663969E-01   2.011209E-01   1.297069E-01   2.931538E-01   1.000000E-01   1.000000E-01   8.153897E-02   1.033421E-01   8.381243E-02   7.280343E-02   3.981018E-02   4.497216E-02   7.477725E-02   7.258912E-02   9.491695E-02   8.770961E-02   9.113794E-02   7.408031E-02   7.390031E-02   8.910185E-02
   3.075684E-01   1.598660E-01   3.160466E-01   1.612021E-01   1.839878E-01   1.000000E-01   8.328444E-02   1.470026E-01   1.070348E-01   7.203945E-02   4.917955E-02   6.898268E-02   1.189733E-01   1.117362E-01   8.292213E-02   7.680220E-02   8.925363E-02   7.738816E-02   8.957405E-02   1.388412E-01
   2.402342E-01   1.850267E-01   2.538524E-01   1.961544E-01   1.639333E-01   1.387542E-01   1.135318E-01   1.536896E-01   8.336564E-02   8.366214E-02   6.485549E-02   1.340835E-01   1.098260E-01   7.451922E-02   1.230418E-01   8.672179E-02   9.142096E-02   6.768488E-02   1.206366E-01   1.779969E-01
   1.806145E-01   3.177717E-01   2.751559E-01   1.920969E-01   1.596298E-01   1.238656E-01   1.413171E-01   1.450664E-01   1.319774E-01   7.051138E-02   8.532218E-02   7.597623E-02   4.662334E-02   6.313117E-02   5.625201E-02   7.586964E-02   7.573154E-02   6.241457E-02   1.276050E-01   1.025666E-01
   2.896719E-01   3.036837E-01   3.684193E-01   2.490712E-01   1.893461E-01   1.458476E-01   1.725959E-01   1.592128E-01   1.060934E-01   5.839428E-02   9.636105E-02   4.436011E-02   2.366435E-02   4.308412E-02   3.404391E-02   7.016646E-02   7.478670E-02   4.765892E-02   1.169951E-01   1.215925E-01
   4.000000E-01   4.000000E-01   4.000000E-01   2.963763E-01   2.351426E-01   1.111096E-01   2.289902E-01   1.474781E-01   8.197930E-02   4.466415E-02   3.954294E-02   4.493033E-02   2.153257E-02   3.501517E-02   2.440789E-02   6.288484E-02   6.107497E-02   5.469101E-02   1.105854E-01   1.123012E-01
   4.000000E-01   3.603260E-01   2.896628E-01   3.132727E-01   2.521248E-01   1.855825E-01   1.852642E-01   1.890725E-01   1.193852E-01   6.387520E-02   5.061245E-02   3.807938E-02   3.783634E-02   4.661829E-02   6.042640E-02   6.696649E-02   6.973017E-02   1.199101E-01   1.372453E-01   1.644333E-01
   3.120731E-01   2.209127E-01   2.257680E-01   2.718309E-01   1.805277E-01   3.010612E-01   2.568941E-01   1.537938E-01   1.036849E-01   8.214361E-02   4.116867E-02   4.210598E-02   4.899515E-02   1.164299E-01   1.527372E-01   1.324592E-01   1.269371E-01   2.079612E-01   1.083221E-01   1.588724E-01
   3.850062E-01   2.764153E-01   1.508604E-01   2.072880E-01   1.701025E-01   2.042872E-01   2.455637E-01   1.404937E-01   1.342480E-01   6.815860E-02   9.828172E-02   7.261700E-02   7.640523E-02   2.055098E-01   2.393814E-01   1.412860E-01   1.931453E-01   1.447882E-01   1.328311E-01   1.617342E-01
   4.000000E-01   3.572867E-01   1.860272E-01   1.657833E-01   1.299800E-01   2.515985E-01   3.557825E-01   3.108531E-01   1.569464E-01   1.441120E-01   1.319843E-01   8.646195E-02   1.337711E-01   1.687983E-01   3.195968E-01   1.396972E-01   1.391228E-01   1.529622E-01   2.329207E-01   1.180747E-01
   2.567809E-01   2.720098E-01   2.567093E-01   1.378148E-01   2.026988E-01   2.186788E-01   1.865636E-01   2.416180E-01   2.550881E-01   2.198133E-01   1.212379E-01   1.174880E-01   1.078459E-01   2.238948E-01   2.180225E-01   2.216879E-01   1.900278E-01   1.896331E-01   1.272659E-01   1.481679E-01
   1.000000E-01   1.865164E-01   1.591377E-01   1.698298E-01   2.364075E-01   2.367366E-01   3.176239E-01   2.752483E-01   2.616573E-01   2.227374E-01   2.035997E-01   1.502095E-01   1.045351E-01   1.441533E-01   1.699408E-01   1.429576E-01   1.894329E-01   1.768406E-01   1.404822E-01   2.454767E-01
   1.000000E-01   1.000000E-01   1.742462E-01   1.915764E-01   1.995805E-01   2.018302E-01   3.564309E-01   3.086972E-01   1.920549E-01   2.256139E-01   1.248422E-01   8.838867E-02   1.231317E-01   1.115842E-01   1.852254E-01   1.131997E-01   1.183931E-01   1.203720E-01   1.620359E-01   1.351822E-01
   1.000000E-01   1.000000E-01   1.000000E-01   1.446339E-01   1.508201E-01   2.200543E-01   4.000000E-01   2.604583E-01   1.395205E-01   1.403914E-01   8.572342E-02   1.064220E-01   7.346821E-02   7.797085E-02   5.044607E-02   1.059929E-01   1.203312E-01   9.704973E-02   1.635159E-01   2.303911E-01
   1.000000E-01   1.000000E-01   1.000000E-01   1.000000E-01   2.590561E-01   2.326509E-01   3.031237E-01   2.476745E-01   3.150488E-01   1.341897E-01   9.989474E-02   7.807710E-02   5.782104E-02   4.886898E-02   5.926028E-02   8.493748E-02   7.813387E-02   1.338362E-01   1.467214E-01   1.000000E-01
   1.000000E-01   1.000000E-01   1.000000E-01   1.000000E-01   2.413243E-01   2.729754E-01   2.284253E-01   2.184688E-01   2.275735E-01   1.492978E-01   9.853735E-02   5.215577E-02   4.033337E-02   3.815454E-02   5.367270E-02   8.578128E-02   1.227174E-01   1.843331E-01   1.776695E-01   1.000000E-01
   1.000000E-01   1.000000E-01   1.000000E-01   1.000000E-01   1.000000E-01   2.155707E-01   2.455324E-01   2.460588E-01   2.436922E-01   1.300352E-01   9.680684E-02   1.150717E-01   7.899811E-02   4.530711E-02   4.450026E-02   1.090325E-01   1.054114E-01   1.230173E-01   1.000000E-01   1.000000E-01
   1.000000E-01   1.000000E-01   1.000000E-01   1.000000E-01   1.000000E-01   2.782233E-01   3.456918E-01   3.496664E-01   2.206313E-01   1.439285E-01   1.528078E-01   1.601032E-01   1.149614E-01   1.172472E-01   1.148312E-01   9.361286E-02   1.321676E-01   1.000000E-01   1.000000E-01   1.000000E-01
   1.000000E-01   1.000000E-01   1.000000E-01   1.000000E-01   1.000000E-01   1.460938E-01   1.744977E-01   1.673887E-01   1.842925E-01   2.189363E-01   1.847752E-01   1.119990E-01   1.266203E-01   2.298020E-01   1.911570E-01   1.523547E-01   1.000000E-01   1.000000E-01   1.000000E-01   1.000000E-01
