   1.558532E+00   1.776090E+00   2.329605E+00   2.489841E+00   1.312394E+00   1.152947E+00   8.232751E-01   4.977356E-01   6.113957E-01   6.139405E-01   6.870909E-01   3.353708E-01   8.100323E-01   5.891846E-01   5.115658E-01   9.063985E-01   1.820497E+00   2.170421E+00   1.653645E+00   4.507960E+00
   2.558568E+00   2.992016E+00   3.318525E+00   2.191855E+00   1.270825E+00   1.660733E+00   1.534243E+00   8.090249E-01   6.886791E-01   8.330271E-01   7.846640E-01   4.968310E-01   6.129621E-01   5.014758E-01   6.861429E-01   8.777436E-01   1.736524E+00   1.866519E+00   1.744631E+00   2.128267E+00
   2.032207E+00   2.302772E+00   2.158062E+00   1.540639E+00   1.944286E+00   1.942624E+00   1.818115E+00   1.081208E+00   8.657202E-01   8.953200E-01   8.117700E-01   8.067226E-01   8.333061E-01   5.684141E-01   5.351599E-01   1.218933E+00   1.485510E+00   1.162182E+00   2.241376E+00   2.457363E+00
   2.151068E+00   1.890685E+00   1.835129E+00   1.997922E+00   2.737985E+00   2.151877E+00   1.503509E+00   1.134613E+00   9.771633E-01   1.195225E+00   8.487483E-01   8.188890E-01   7.412955E-01   5.615309E-01   7.902284E-01   1.265618E+00   1.771483E+00   1.553513E+00   1.745566E+00   1.347619E+00
   1.827347E+00   2.664389E+00   2.545723E+00   1.328797E+00   1.628071E+00   1.148754E+00   1.200716E+00   1.939681E+00   1.391953E+00   8.398929E-01   9.930406E-01   9.909891E-01   1.133031E+00   9.718613E-01   9.630433E-01   1.422744E+00   1.659571E+00   2.057162E+00   2.784255E+00   1.603211E+00
   1.002293E+00   2.034691E+00   1.737800E+00   2.117940E+00   1.405872E+00   1.882241E+00   1.311674E+00   1.140460E+00   1.095934E+00   9.588289E-01   1.215944E+00   1.106246E+00   1.045540E+00   1.331917E+00   1.237715E+00   2.008841E+00   2.518722E+00   2.498385E+00   4.048881E+00   1.767355E+00
   8.247352E-01   1.405967E+00   1.833861E+00   1.208611E+00   1.684077E+00   1.348420E+00   1.109852E+00   1.079196E+00   1.407964E+00   1.213790E+00   1.199010E+00   1.056714E+00   1.734960E+00   1.475920E+00   1.929004E+00   2.943825E+00   2.481876E+00   2.416959E+00   2.544122E+00   2.460927E+00
   1.450721E+00   1.301486E+00   1.151865E+00   9.104011E-01   1.559637E+00   2.755119E+00   1.370764E+00   2.090108E+00   1.380823E+00   2.177454E+00   2.034865E+00   2.043069E+00   2.332404E+00   2.585355E+00   1.801835E+00   1.891950E+00   2.037652E+00   1.526597E+00   2.287221E+00   3.711862E+00
   1.519205E+00   1.377485E+00   1.295457E+00   1.776016E+00   3.000000E+00   3.000000E+00   3.000000E+00   1.846784E+00   3.736876E+00   3.416216E+00   2.895133E+00   1.751152E+00   2.398876E+00   1.823014E+00   1.700727E+00   1.745650E+00   2.266455E+00   3.853902E+00   5.284417E+00   4.231518E+00
   1.886532E+00   1.480173E+00   1.791719E+00   1.599761E+00   3.000000E+00   3.000000E+00   3.000000E+00   3.000000E+00   2.327599E+00   2.073218E+00   1.928950E+00   3.745368E+00   2.500708E+00   2.200890E+00   2.310683E+00   2.592891E+00   4.087261E+00   3.696009E+00   4.277992E+00   3.446017E+00
   1.824085E+00   2.853825E+00   3.190924E+00   2.193804E+00   3.000000E+00   3.000000E+00   3.000000E+00   3.000000E+00   2.709115E+00   4.163062E+00   2.241588E+00   2.932841E+00   1.702364E+00   1.599741E+00   2.559132E+00   3.505057E+00   3.207303E+00   6.834912E+00   9.136702E+00   4.149917E+00
   2.591272E+00   2.696320E+00   2.500303E+00   2.954331E+00   3.000000E+00   3.000000E+00   3.000000E+00   3.000000E+00   2.536572E+00   2.420016E+00   2.976758E+00   2.499625E+00   2.359438E+00   1.976933E+00   2.752757E+00   2.080513E+00   4.575418E+00   7.281137E+00   9.169547E+00   5.176131E+00
   2.882022E+00   3.747967E+00   3.245002E+00   2.603192E+00   3.000000E+00   3.000000E+00   3.000000E+00   3.000000E+00   4.824982E+00   2.901753E+00   1.533414E+00   2.540795E+00   1.827696E+00   1.608030E+00   2.005427E+00   2.007543E+00   2.784294E+00   7.897675E+00   8.610073E+00   9.415496E+00
   1.527938E+00   3.294246E+00   4.188641E+00   2.248668E+00   3.000000E+00   3.000000E+00   3.000000E+00   3.000000E+00   5.091522E+00   4.298803E+00   1.973913E+00   1.249168E+00   1.903928E+00   1.809161E+00   1.603098E+00   1.661847E+00   2.372063E+00   2.623103E+00   3.648178E+00   3.661325E+00
   2.191318E+00   2.057974E+00   2.004460E+00   1.935979E+00   3.000000E+00   3.000000E+00   3.000000E+00   3.000000E+00   4.127760E+00   4.275866E+00   2.496260E+00   1.785849E+00   1.542719E+00   1.903824E+00   1.919480E+00   2.037804E+00   2.066702E+00   2.083976E+00   2.841724E+00   2.982239E+00
   2.909591E+00   1.565403E+00   1.359402E+00   1.079668E+00   3.000000E+00   3.000000E+00   3.000000E+00   3.000000E+00   2.532053E+00   2.231958E+00   2.343885E+00   1.461159E+00   1.135382E+00   2.218018E+00   1.831477E+00   1.094491E+00   1.926629E+00   1.682176E+00   3.312415E+00   2.973871E+00
   1.683008E+00   1.215290E+00   1.274982E+00   1.527449E+00   3.000000E+00   3.000000E+00   3.000000E+00   3.000000E+00   1.459686E+00   1.258210E+00   1.165225E+00   1.028212E+00   1.169311E+00   1.611858E+00   1.369656E+00   1.976431E+00   3.088218E+00   3.959352E+00   3.054541E+00   2.969011E+00
   2.295322E+00   1.436747E+00   2.366480E+00   1.401555E+00   3.000000E+00   3.000000E+00   3.000000E+00   3.000000E+00   8.554229E-01   1.185274E+00   2.199994E+00   3.049174E+00   1.791898E+00   1.826565E+00   1.499819E+00   2.413073E+00   2.620282E+00   4.464515E+00   3.329685E+00   1.792353E+00
   1.639780E+00   1.243500E+00   1.012037E+00   1.027214E+00   3.000000E+00   3.000000E+00   3.000000E+00   3.000000E+00   1.627621E+00   2.012101E+00   1.835180E+00   3.194803E+00   2.442770E+00   2.341373E+00   1.945890E+00   2.425331E+00   3.288055E+00   3.147886E+00   4.723222E+00   2.970876E+00
   1.565157E+00   1.593148E+00   1.298196E+00   1.134633E+00   3.000000E+00   3.000000E+00   3.000000E+00   3.000000E+00   1.809718E+00   1.394125E+00   2.676442E+00   3.344167E+00   4.004100E+00   4.705587E+00   3.628941E+00   2.789054E+00   3.333889E+00   4.566413E+00   3.803151E+00   4.033126E+00
   1.982506E+00   1.692205E+00   2.677858E+00   1.754325E+00   3.000000E+00   3.000000E+00   3.000000E+00   3.000000E+00   2.091262E+00   1.657730E+00   1.961964E+00   3.148282E+00   4.667579E+00   5.573269E+00   5.764794E+00   4.202502E+00   5.150184E+00   6.276589E+00   7.919966E+00   5.398384E+00
   2.157839E+00   3.160083E+00   2.782329E+00   1.205777E+00   3.000000E+00   3.000000E+00   9.333628E-01   1.447616E+00   2.528226E+00   2.867071E+00   2.592197E+00   3.592759E+00   5.664605E+00   5.458392E+00   5.139881E+00   4.499155E+00   6.560136E+00   8.302528E+00   1.049007E+01   6.317472E+00
   1.315559E+00   3.019255E+00   1.529457E+00   1.601419E+00   1.238415E+00   3.000000E+00   1.258733E+00   1.158734E+00   1.935721E+00   2.461980E+00   3.110462E+00   4.977987E+00   1.022836E+01   6.237884E+00   5.090973E+00   3.889316E+00   4.425023E+00   5.584656E+00   1.109585E+01   7.716954E+00
   2.002796E+00   3.074218E+00   2.869886E+00   2.316145E+00   8.654062E-01   1.137386E+00   1.032281E+00   1.499512E+00   1.923046E+00   1.616501E+00   3.211205E+00   6.172148E+00   8.896171E+00   7.840061E+00   4.944623E+00   3.817978E+00   3.843720E+00   5.627824E+00   7.059046E+00   8.798936E+00
   2.630656E+00   2.797675E+00   2.256779E+00   1.879254E+00   1.129914E+00   9.778641E-01   1.069868E+00   1.794448E+00   1.829507E+00   2.866892E+00   3.246117E+00   4.327077E+00   5.544143E+00   5.459791E+00   4.751610E+00   3.552778E+00   3.714954E+00   2.756933E+00   7.269041E+00   6.828354E+00
   1.592748E+00   2.489720E+00   2.875179E+00   1.766595E+00   1.172528E+00   1.067144E+00   1.333704E+00   3.022955E+00   3.070977E+00   4.088226E+00   4.631277E+00   4.515486E+00   3.285976E+00   2.823647E+00   2.303439E+00   2.295496E+00   5.736234E+00   5.730908E+00   8.082139E+00   6.064562E+00
   2.879154E+00   2.454763E+00   2.954491E+00   1.927041E+00   1.208055E+00   1.148613E+00   1.751985E+00   2.035647E+00   3.220974E+00   3.164583E+00   2.317107E+00   2.559670E+00   1.733536E+00   3.463481E+00   1.927749E+00   2.905560E+00   3.454666E+00   4.346661E+00   4.359098E+00   4.647544E+00
   2.823298E+00   2.991473E+00   2.404117E+00   2.961397E+00   4.324489E+00   1.772992E+00   2.039016E+00   2.346207E+00   1.786807E+00   2.305019E+00   2.500066E+00   3.762768E+00   2.407877E+00   3.285928E+00   3.394718E+00   3.473131E+00   3.880393E+00   3.933669E+00   3.448255E+00   2.642785E+00
   4.791460E+00   4.575521E+00   2.293438E+00   2.882628E+00   3.397873E+00   3.592110E+00   3.155368E+00   4.196996E+00   5.020640E+00   3.543535E+00   3.637297E+00   3.539015E+00   3.469139E+00   1.347900E+00   3.172595E+00   3.701348E+00   2.683930E+00   3.387470E+00   2.841959E+00   2.354113E+00
   4.861445E+00   3.390037E+00   3.302142E+00   2.746104E+00   2.754724E+00   3.393158E+00   3.599016E+00   5.563467E+00   4.226411E+00   3.829846E+00   3.057686E+00   5.020984E+00   3.539338E+00   1.938817E+00   2.289925E+00   3.509723E+00   3.151723E+00   2.302080E+00   2.976295E+00   1.827522E+00
   3.172292E+00   2.384980E+00   2.909948E+00   2.990662E+00   2.310295E+00   3.146698E+00   5.630045E+00   4.827039E+00   7.755248E+00   4.601865E+00   2.498153E+00   3.005799E+00   3.701361E+00   3.806341E+00   3.889371E+00   2.543173E+00   1.669452E+00   1.731298E+00   1.309701E+00   9.141140E-01
   2.789441E+00   3.479932E+00   3.431169E+00   2.542089E+00   2.977094E+00   2.353323E+00   3.755859E+00   7.361735E+00   1.026377E+01   3.845827E+00   6.133193E+00   2.937552E+00   4.541526E+00   4.273087E+00   2.563946E+00   2.241403E+00   1.506365E+00   7.489161E-01   8.929443E-01   7.840458E-01
   3.000000E+00   1.776441E+00   1.950748E+00   3.048943E+00   3.743829E+00   2.492279E+00   4.689593E+00   1.627105E+01   1.035843E+01   7.163273E+00   4.458061E+00   5.678934E+00   4.621186E+00   4.594122E+00   2.781071E+00   2.625762E+00   8.995677E-01   1.217487E+00   6.898271E-01   6.832570E-01
   3.000000E+00   3.000000E+00   1.697597E+00   2.478996E+00   3.894756E+00   3.489963E+00   4.618590E+00   5.962654E+00   6.062512E+00   7.211814E+00   6.390984E+00   4.953153E+00   5.790762E+00   4.979306E+00   2.512546E+00   1.399442E+00   1.393354E+00   7.381809E-01   6.773137E-01   4.964794E-01
   3.000000E+00   3.000000E+00   3.000000E+00   1.619488E+00   3.519962E+00   5.210883E+00   7.841797E+00   6.350351E+00   8.873721E+00   6.816214E+00   7.273102E+00   6.167541E+00   4.272102E+00   5.406033E+00   2.752065E+00   1.730117E+00   1.219570E+00   1.074185E+00   9.670020E-01   6.121417E-01
   3.000000E+00   3.000000E+00   3.000000E+00   3.000000E+00   5.085758E+00   7.317994E+00   8.842563E+00   6.365669E+00   1.193304E+01   9.536154E+00   6.586133E+00   8.586001E+00   5.852561E+00   4.229774E+00   3.810267E+00   2.110828E+00   1.964447E+00   1.394111E+00   1.365019E+00   3.000000E+00
   3.000000E+00   3.000000E+00   3.000000E+00   3.000000E+00   4.283224E+00   6.307914E+00   8.464347E+00   6.735766E+00   1.009418E+01   8.976739E+00   8.482099E+00   6.783048E+00   3.702615E+00   2.361366E+00   2.159486E+00   2.550157E+00   3.128080E+00   2.451927E+00   2.100190E+00   3.000000E+00
   3.000000E+00   3.000000E+00   3.000000E+00   3.000000E+00   3.000000E+00   6.618317E+00   1.239406E+01   1.742238E+01   1.442897E+01   1.103300E+01   1.022040E+01   9.010274E+00   2.258911E+00   1.535913E+00   2.166956E+00   1.683002E+00   2.106427E+00   1.983090E+00   3.000000E+00   3.000000E+00
   3.000000E+00   3.000000E+00   3.000000E+00   3.000000E+00   3.000000E+00   8.237884E+00   9.274161E+00   1.552697E+01   1.073315E+01   1.627554E+01   1.656689E+01   9.737471E+00   3.825990E+00   3.924543E+00   3.288749E+00   3.187391E+00   1.872424E+00   3.000000E+00   3.000000E+00   3.000000E+00
   3.000000E+00   3.000000E+00   3.000000E+00   3.000000E+00   3.000000E+00   4.193672E+00   5.351608E+00   6.850447E+00   9.974875E+00   1.239267E+01   1.360767E+01   6.478288E+00   4.659021E+00   2.586060E+00   4.096451E+00   3.212972E+00   3.000000E+00   3.000000E+00   3.000000E+00   3.000000E+00
