   2.000000E-05   2.000000E-05   2.000000E-05   2.000000E-05   2.000000E-05   2.000000E-05   2.000000E-05   2.000000E-05   2.000000E-05   2.000000E-05   2.000000E-05   2.000000E-05   2.000000E-05   2.000000E-05   2.000000E-05   2.000000E-05   2.000000E-05   2.000000E-05   2.000000E-05   2.000000E-05
   2.000000E-05   2.000000E-05   2.000000E-05   2.000000E-05   2.000000E-05   2.000000E-05   2.000000E-05   2.000000E-05   2.000000E-05   2.000000E-05   2.000000E-05   2.000000E-05   2.000000E-05   2.000000E-05   2.000000E-05   2.000000E-05   2.000000E-05   2.000000E-05   2.000000E-05   2.000000E-05
   2.000000E-05   2.000000E-05   2.000000E-05   2.000000E-05   2.000000E-05   2.000000E-05   2.000000E-05   2.000000E-05   2.000000E-05   2.000000E-05   2.000000E-05   2.000000E-05   2.000000E-05   2.000000E-05   2.000000E-05   2.000000E-05   2.000000E-05   2.000000E-05   2.000000E-05   2.000000E-05
   2.000000E-05   2.000000E-05   2.000000E-05   2.000000E-05   2.000000E-05   2.000000E-05   2.000000E-05   2.000000E-05   2.000000E-05   2.000000E-05   2.000000E-05   2.000000E-05   2.000000E-05   2.000000E-05   2.000000E-05   2.000000E-05   2.000000E-05   2.000000E-05   2.000000E-05   2.000000E-05
   2.000000E-05   2.000000E-05   2.032913E-05   2.000000E-05   2.000000E-05   2.000000E-05   2.103154E-05   2.000000E-05   2.000000E-05   2.000000E-05   2.000000E-05   2.000000E-05   2.000000E-05   2.000000E-05   2.000000E-05   2.000000E-05   2.000000E-05   2.000000E-05   2.000000E-05   2.000000E-05
   2.000000E-05   2.748385E-05   2.968441E-05   2.000000E-05   2.000000E-05   2.000000E-05   2.128914E-05   2.000000E-05   2.000000E-05   2.000000E-05   2.000000E-05   2.000000E-05   2.000000E-05   2.000000E-05   2.000000E-05   2.000000E-05   2.000000E-05   2.000000E-05   2.000000E-05   2.000000E-05
   2.000000E-05   2.951095E-05   2.416101E-05   3.457465E-05   2.371122E-05   2.366516E-05   2.000000E-05   2.064285E-05   2.165511E-05   3.015508E-05   2.698308E-05   2.000000E-05   2.000000E-05   2.000000E-05   2.000000E-05   2.000000E-05   2.000000E-05   2.000000E-05   2.000000E-05   2.000000E-05
   2.000000E-05   2.378831E-05   3.117981E-05   3.107415E-05   3.331371E-05   2.000000E-05   2.000000E-05   2.000000E-05   2.451425E-05   4.614521E-05   2.087669E-05   2.000000E-05   2.139209E-05   2.000000E-05   2.000000E-05   2.000000E-05   2.000000E-05   2.000000E-05   2.000000E-05   2.000000E-05
   2.000000E-05   2.000000E-05   2.059978E-05   2.552974E-05   2.105722E-05   2.105722E-05   2.105722E-05   2.896073E-05   2.583486E-05   4.551966E-05   2.722285E-05   2.000000E-05   2.000000E-05   2.000000E-05   2.000000E-05   2.000000E-05   2.000000E-05   2.000000E-05   2.000000E-05   2.000000E-05
   2.000000E-05   2.000000E-05   2.983135E-05   2.540779E-05   2.105722E-05   2.105722E-05   2.105722E-05   2.105722E-05   2.842274E-05   3.878350E-05   2.899001E-05   2.767616E-05   2.000000E-05   2.000000E-05   2.000000E-05   2.000000E-05   2.000000E-05   2.000000E-05   2.000000E-05   2.000000E-05
   2.000000E-05   2.978836E-05   2.901597E-05   2.000000E-05   2.105722E-05   2.105722E-05   2.105722E-05   2.105722E-05   2.703516E-05   3.850317E-05   3.504463E-05   2.341905E-05   2.000000E-05   2.000000E-05   2.000000E-05   2.000000E-05   2.000000E-05   2.000000E-05   2.000000E-05   2.000000E-05
   2.910053E-05   3.748347E-05   2.925942E-05   2.310265E-05   2.105722E-05   2.105722E-05   2.105722E-05   2.105722E-05   2.571398E-05   3.394953E-05   4.929737E-05   2.189969E-05   2.000000E-05   2.000000E-05   2.000000E-05   2.000000E-05   2.000000E-05   2.000000E-05   2.000000E-05   2.000000E-05
   2.805207E-05   3.360258E-05   3.663102E-05   2.126509E-05   2.105722E-05   2.105722E-05   2.105722E-05   2.105722E-05   2.867150E-05   3.695784E-05   3.425657E-05   2.000000E-05   2.000000E-05   2.000000E-05   2.000000E-05   2.000000E-05   2.000000E-05   2.000000E-05   2.000000E-05   2.000000E-05
   2.000000E-05   2.812185E-05   3.679877E-05   2.855602E-05   2.105722E-05   2.105722E-05   2.105722E-05   2.105722E-05   2.034749E-05   3.773890E-05   4.122009E-05   2.079826E-05   2.000000E-05   2.000000E-05   2.000000E-05   2.000000E-05   2.000000E-05   2.000000E-05   2.000000E-05   2.000000E-05
   3.053005E-05   4.085768E-05   4.917958E-05   3.470971E-05   2.105722E-05   2.105722E-05   2.105722E-05   2.105722E-05   2.000000E-05   2.000000E-05   3.309733E-05   2.000000E-05   2.000000E-05   2.000000E-05   2.000000E-05   2.000000E-05   2.000000E-05   2.000000E-05   2.000000E-05   2.000000E-05
   2.006428E-05   2.820636E-05   2.692865E-05   2.000000E-05   2.105722E-05   2.105722E-05   2.105722E-05   2.105722E-05   2.197141E-05   2.000000E-05   2.000000E-05   2.000000E-05   2.000000E-05   2.000000E-05   2.000000E-05   2.000000E-05   2.000000E-05   2.000000E-05   2.000000E-05   2.000000E-05
   2.713349E-05   4.014426E-05   2.000000E-05   2.000000E-05   2.105722E-05   2.105722E-05   2.105722E-05   2.105722E-05   2.000000E-05   2.000000E-05   2.000000E-05   2.000000E-05   2.000000E-05   2.000000E-05   2.000000E-05   2.000000E-05   2.000000E-05   2.000000E-05   2.000000E-05   2.000000E-05
   2.039080E-05   3.372541E-05   2.526354E-05   2.391752E-05   2.105722E-05   2.105722E-05   2.105722E-05   2.105722E-05   2.000000E-05   2.000000E-05   2.000000E-05   2.000000E-05   2.000000E-05   2.000000E-05   2.000000E-05   2.000000E-05   2.000000E-05   2.000000E-05   2.400369E-05   2.000000E-05
   2.718177E-05   2.294122E-05   2.238315E-05   2.000000E-05   2.105722E-05   2.105722E-05   2.105722E-05   2.105722E-05   2.000000E-05   2.000000E-05   2.000000E-05   2.000000E-05   2.000000E-05   2.000000E-05   2.000000E-05   2.000000E-05   2.000000E-05   2.000000E-05   2.000000E-05   2.000000E-05
   2.000000E-05   2.587920E-05   2.117427E-05   2.000000E-05   2.105722E-05   2.105722E-05   2.105722E-05   2.105722E-05   2.000000E-05   2.000000E-05   2.000000E-05   2.000000E-05   2.000000E-05   2.000000E-05   2.000000E-05   2.000000E-05   2.000000E-05   2.000000E-05   2.000000E-05   2.000000E-05
   2.000000E-05   2.000000E-05   2.000000E-05   2.000000E-05   2.105722E-05   2.105722E-05   2.105722E-05   2.105722E-05   2.000000E-05   2.000000E-05   2.000000E-05   2.000000E-05   2.000000E-05   2.000000E-05   2.000000E-05   2.000000E-05   2.000000E-05   2.000000E-05   2.000000E-05   2.000000E-05
   2.000000E-05   2.000000E-05   2.000000E-05   2.000000E-05   2.105722E-05   2.105722E-05   2.000000E-05   2.000000E-05   2.000000E-05   2.000000E-05   2.000000E-05   2.000000E-05   2.000000E-05   2.000000E-05   2.000000E-05   2.000000E-05   3.107445E-05   2.000000E-05   2.000000E-05   2.000000E-05
   2.000000E-05   2.000000E-05   2.000000E-05   2.000000E-05   2.000000E-05   2.105722E-05   2.000000E-05   2.000000E-05   2.000000E-05   2.000000E-05   2.000000E-05   2.000000E-05   2.000000E-05   2.000000E-05   2.000000E-05   2.442661E-05   2.000000E-05   2.000000E-05   2.000000E-05   2.000000E-05
   2.000000E-05   2.000000E-05   2.000000E-05   2.000000E-05   2.000000E-05   2.000000E-05   2.000000E-05   2.000000E-05   2.000000E-05   2.000000E-05   2.000000E-05   2.000000E-05   2.000000E-05   2.000000E-05   2.000000E-05   2.257727E-05   2.000000E-05   2.430161E-05   2.000000E-05   2.000000E-05
   2.000000E-05   2.000000E-05   2.000000E-05   2.000000E-05   2.000000E-05   2.000000E-05   2.000000E-05   2.000000E-05   2.000000E-05   2.000000E-05   2.000000E-05   2.000000E-05   2.000000E-05   2.000000E-05   2.000000E-05   2.000000E-05   2.000000E-05   2.000000E-05   2.000000E-05   2.000000E-05
   2.336221E-05   2.203151E-05   2.729798E-05   2.000000E-05   2.000000E-05   2.000000E-05   2.000000E-05   2.000000E-05   2.000000E-05   2.000000E-05   2.000000E-05   2.000000E-05   2.000000E-05   2.000000E-05   2.000000E-05   2.000000E-05   2.000000E-05   2.000000E-05   2.000000E-05   2.000000E-05
   2.772169E-05   2.321324E-05   3.138360E-05   2.000000E-05   2.036895E-05   2.000000E-05   2.515567E-05   2.971368E-05   2.000000E-05   2.000000E-05   3.036879E-05   2.106332E-05   2.000000E-05   2.000000E-05   2.000000E-05   2.000000E-05   2.000000E-05   2.000000E-05   2.330763E-05   2.000000E-05
   2.000000E-05   2.000000E-05   2.000000E-05   2.000000E-05   2.994690E-05   2.846430E-05   3.591501E-05   2.341345E-05   2.000000E-05   2.300375E-05   2.000000E-05   2.000000E-05   2.000000E-05   2.000000E-05   2.000000E-05   2.000000E-05   2.000000E-05   2.000000E-05   2.000000E-05   2.000000E-05
   2.000000E-05   2.000000E-05   2.773792E-05   3.931416E-05   4.601177E-05   2.685866E-05   2.542384E-05   3.091366E-05   2.831696E-05   2.255630E-05   2.000000E-05   2.000000E-05   2.000000E-05   2.000000E-05   2.000000E-05   2.000000E-05   2.000000E-05   2.000000E-05   2.000000E-05   2.000000E-05
   2.000000E-05   2.020969E-05   3.264874E-05   4.230629E-05   2.665848E-05   2.000000E-05   2.000000E-05   2.191788E-05   2.167645E-05   2.304149E-05   2.315959E-05   2.000000E-05   2.000000E-05   2.000000E-05   2.000000E-05   2.000000E-05   2.000000E-05   2.000000E-05   2.000000E-05   2.000000E-05
   2.000000E-05   2.000000E-05   2.346438E-05   2.765924E-05   2.050678E-05   2.000000E-05   2.000000E-05   2.000000E-05   2.000000E-05   2.000000E-05   2.000000E-05   2.000000E-05   2.000000E-05   2.000000E-05   2.000000E-05   2.000000E-05   2.000000E-05   2.000000E-05   2.000000E-05   2.000000E-05
   3.212344E-05   2.000000E-05   2.000000E-05   2.000000E-05   2.000000E-05   2.311876E-05   2.000000E-05   2.472256E-05   3.692926E-05   2.221636E-05   2.000000E-05   2.000000E-05   2.450854E-05   2.112242E-05   2.000000E-05   2.000000E-05   2.000000E-05   2.000000E-05   2.000000E-05   2.052255E-05
   2.105722E-05   2.384718E-05   2.302389E-05   2.505027E-05   2.584659E-05   2.017533E-05   2.000000E-05   2.000000E-05   3.668873E-05   2.426446E-05   2.000000E-05   2.000000E-05   2.000000E-05   2.000000E-05   2.000000E-05   2.000000E-05   2.000000E-05   2.000000E-05   2.000000E-05   2.000000E-05
   2.105722E-05   2.105722E-05   2.953621E-05   3.189273E-05   3.352625E-05   3.499060E-05   2.100824E-05   2.141019E-05   2.178121E-05   2.368736E-05   2.000000E-05   2.000000E-05   2.000000E-05   2.000000E-05   2.000000E-05   2.000000E-05   2.000000E-05   2.000000E-05   2.000000E-05   2.000000E-05
   2.105722E-05   2.105722E-05   2.105722E-05   2.930200E-05   3.261894E-05   5.132911E-05   2.542554E-05   2.129358E-05   2.000000E-05   2.000000E-05   2.516202E-05   2.260179E-05   2.000000E-05   2.000000E-05   2.000000E-05   2.000000E-05   2.000000E-05   2.241633E-05   2.024254E-05   2.165836E-05
   2.105722E-05   2.105722E-05   2.105722E-05   2.105722E-05   3.538626E-05   2.474899E-05   2.103699E-05   2.000000E-05   2.000000E-05   2.000000E-05   2.494242E-05   2.897400E-05   2.361091E-05   2.430637E-05   2.000000E-05   2.000000E-05   2.449610E-05   3.118323E-05   3.836536E-05   2.105722E-05
   2.105722E-05   2.105722E-05   2.105722E-05   2.105722E-05   3.158221E-05   2.024882E-05   2.000000E-05   2.000000E-05   2.000000E-05   2.000000E-05   2.567209E-05   4.023476E-05   2.584249E-05   2.203042E-05   2.000000E-05   2.013782E-05   2.000000E-05   3.360791E-05   2.645275E-05   2.105722E-05
   2.105722E-05   2.105722E-05   2.105722E-05   2.105722E-05   2.105722E-05   2.000000E-05   2.000000E-05   2.000000E-05   2.000000E-05   2.000000E-05   2.000000E-05   2.000000E-05   2.000000E-05   3.080100E-05   2.000000E-05   3.323429E-05   2.000000E-05   2.096198E-05   2.105722E-05   2.105722E-05
   2.105722E-05   2.105722E-05   2.105722E-05   2.105722E-05   2.105722E-05   2.000000E-05   2.000000E-05   2.000000E-05   2.000000E-05   2.000000E-05   2.115238E-05   2.000000E-05   2.000000E-05   2.068563E-05   2.288178E-05   2.307996E-05   3.227481E-05   2.105722E-05   2.105722E-05   2.105722E-05
   2.105722E-05   2.105722E-05   2.105722E-05   2.105722E-05   2.105722E-05   2.000000E-05   2.000000E-05   2.000000E-05   2.000000E-05   2.000000E-05   2.000000E-05   2.024588E-05   2.000000E-05   2.000000E-05   2.000000E-05   2.000000E-05   2.105722E-05   2.105722E-05   2.105722E-05   2.105722E-05
