   5.788351E-05   3.648992E-05   5.409928E-05   2.953028E-05   2.402043E-05   3.718743E-05   4.782099E-05   2.896866E-05   2.000000E-05   2.130722E-05   2.804454E-05   3.044846E-05   4.477825E-05   2.982794E-05   2.699320E-05   3.222336E-05   2.137763E-05   4.101738E-05   2.000000E-05   2.464074E-05
   5.898500E-05   6.153705E-05   5.148451E-05   3.166827E-05   3.085624E-05   3.116138E-05   3.995284E-05   3.220678E-05   2.000000E-05   3.212097E-05   2.000000E-05   2.589193E-05   3.935293E-05   3.480086E-05   3.126632E-05   2.584440E-05   4.123849E-05   3.203054E-05   2.364753E-05   2.000000E-05
   3.668511E-05   4.457319E-05   3.179742E-05   3.595484E-05   3.028419E-05   2.000000E-05   2.973687E-05   2.476779E-05   2.235962E-05   2.770158E-05   3.348011E-05   2.556626E-05   4.007725E-05   4.770019E-05   3.426032E-05   2.000000E-05   3.042675E-05   2.574003E-05   2.735289E-05   2.149432E-05
   2.958912E-05   4.145542E-05   4.211623E-05   3.967131E-05   5.673984E-05   3.803555E-05   2.591186E-05   2.490130E-05   3.456627E-05   3.357125E-05   2.961522E-05   2.616403E-05   2.862833E-05   2.721685E-05   2.201473E-05   2.000000E-05   2.000000E-05   2.380355E-05   2.486728E-05   2.932836E-05
   5.663395E-05   3.179924E-05   6.294341E-05   4.697203E-05   4.651076E-05   3.849686E-05   6.511821E-05   5.531596E-05   3.965662E-05   2.842957E-05   3.771464E-05   4.203896E-05   2.000000E-05   2.000000E-05   2.000000E-05   2.000000E-05   2.138234E-05   2.436085E-05   2.376570E-05   2.304035E-05
   5.102416E-05   8.509598E-05   9.190939E-05   6.145218E-05   4.377442E-05   4.670435E-05   6.591581E-05   6.053333E-05   4.665760E-05   5.284654E-05   4.881591E-05   3.869846E-05   2.147997E-05   2.000000E-05   2.000000E-05   2.000000E-05   2.000000E-05   3.007313E-05   2.946723E-05   2.854854E-05
   4.635463E-05   9.137231E-05   7.480773E-05   1.070506E-04   7.341508E-05   7.327248E-05   5.115137E-05   6.391475E-05   6.704893E-05   9.336669E-05   8.354548E-05   4.111864E-05   4.013517E-05   2.000000E-05   2.000000E-05   2.000000E-05   2.000000E-05   2.000000E-05   2.669680E-05   2.000000E-05
   6.091326E-05   7.365376E-05   9.653946E-05   9.621233E-05   1.031465E-04   5.617640E-05   4.929426E-05   4.469798E-05   7.590144E-05   1.428756E-04   6.463876E-05   5.778397E-05   6.623455E-05   2.208867E-05   2.000000E-05   2.000000E-05   2.000000E-05   2.000000E-05   2.000000E-05   2.315801E-05
   5.720562E-05   5.707642E-05   6.378140E-05   7.904562E-05   6.743286E-05   6.743286E-05   6.743286E-05   8.966872E-05   7.999034E-05   1.409388E-04   8.428785E-05   4.203655E-05   5.693549E-05   2.000000E-05   2.000000E-05   2.000000E-05   2.000000E-05   2.816826E-05   2.390207E-05   2.495916E-05
   4.609767E-05   5.835849E-05   9.236435E-05   7.866804E-05   6.743286E-05   6.743286E-05   6.743286E-05   6.743286E-05   8.800297E-05   1.200821E-04   8.975936E-05   8.569140E-05   3.988539E-05   3.063682E-05   2.000000E-05   2.000000E-05   2.000000E-05   2.000000E-05   2.000000E-05   2.000000E-05
   5.480537E-05   9.223123E-05   8.983974E-05   6.118121E-05   6.743286E-05   6.743286E-05   6.743286E-05   6.743286E-05   8.370674E-05   1.192142E-04   1.085058E-04   7.251045E-05   2.953835E-05   2.920795E-05   2.836212E-05   2.000000E-05   2.000000E-05   2.000000E-05   2.000000E-05   2.000000E-05
   9.010158E-05   1.160570E-04   9.059353E-05   7.153083E-05   6.743286E-05   6.743286E-05   6.743286E-05   6.743286E-05   7.961607E-05   1.051151E-04   1.526354E-04   6.780620E-05   3.299614E-05   2.993794E-05   2.269228E-05   2.568440E-05   2.000000E-05   2.000000E-05   2.000000E-05   2.000000E-05
   8.685530E-05   1.040409E-04   1.134176E-04   6.584135E-05   6.743286E-05   6.743286E-05   6.743286E-05   6.743286E-05   8.877318E-05   1.144295E-04   1.060658E-04   5.696651E-05   3.436069E-05   2.000000E-05   2.000000E-05   2.814483E-05   3.775451E-05   2.000000E-05   2.000000E-05   2.000000E-05
   5.861599E-05   8.707137E-05   1.139370E-04   8.841565E-05   6.743286E-05   6.743286E-05   6.743286E-05   6.743286E-05   6.300024E-05   1.168478E-04   1.276263E-04   6.439592E-05   2.318578E-05   2.000000E-05   2.000000E-05   2.864707E-05   4.411559E-05   2.978512E-05   2.000000E-05   2.000000E-05
   9.452767E-05   1.265042E-04   1.522707E-04   1.074688E-04   6.743286E-05   6.743286E-05   6.743286E-05   6.743286E-05   3.949432E-05   6.073273E-05   1.024765E-04   5.640723E-05   2.728640E-05   2.176586E-05   2.000000E-05   2.440636E-05   4.348866E-05   3.182132E-05   2.594111E-05   2.000000E-05
   6.212337E-05   8.733302E-05   8.337695E-05   4.446181E-05   6.743286E-05   6.743286E-05   6.743286E-05   6.743286E-05   6.802826E-05   3.788158E-05   5.501566E-05   3.377242E-05   2.528096E-05   2.000000E-05   2.063000E-05   2.077049E-05   3.912454E-05   3.293742E-05   3.184084E-05   4.365745E-05
   8.401117E-05   1.242953E-04   5.331566E-05   2.944194E-05   6.743286E-05   6.743286E-05   6.743286E-05   6.743286E-05   2.037277E-05   2.772062E-05   3.814104E-05   2.235647E-05   2.000000E-05   2.000000E-05   2.000000E-05   2.000000E-05   3.963183E-05   3.089120E-05   4.524869E-05   5.995945E-05
   6.313434E-05   1.044212E-04   7.822141E-05   7.405384E-05   6.743286E-05   6.743286E-05   6.743286E-05   6.743286E-05   2.000000E-05   2.000000E-05   2.000000E-05   2.000000E-05   2.000000E-05   2.000000E-05   2.000000E-05   2.000000E-05   2.166348E-05   5.901460E-05   7.432066E-05   4.710918E-05
   8.416066E-05   7.103100E-05   6.930310E-05   4.737724E-05   6.743286E-05   6.743286E-05   6.743286E-05   6.743286E-05   2.536073E-05   2.328532E-05   2.000000E-05   2.000000E-05   2.000000E-05   2.000000E-05   2.000000E-05   2.361710E-05   2.748565E-05   4.620527E-05   5.378055E-05   3.384807E-05
   4.827697E-05   8.012763E-05   6.556014E-05   4.649847E-05   6.743286E-05   6.743286E-05   6.743286E-05   6.743286E-05   2.000000E-05   2.000000E-05   2.000000E-05   2.000000E-05   2.000000E-05   2.000000E-05   2.000000E-05   2.655762E-05   3.747871E-05   3.829832E-05   4.621792E-05   2.681335E-05
   4.852824E-05   3.904281E-05   3.712441E-05   3.314851E-05   6.743286E-05   6.743286E-05   6.743286E-05   6.743286E-05   2.000000E-05   2.000000E-05   2.000000E-05   2.000000E-05   2.000000E-05   2.000000E-05   2.000000E-05   3.441274E-05   4.444193E-05   4.239846E-05   3.849432E-05   3.062652E-05
   3.895806E-05   3.940112E-05   2.517309E-05   2.898027E-05   6.743286E-05   6.743286E-05   2.000000E-05   2.000000E-05   2.000000E-05   2.000000E-05   2.000000E-05   2.000000E-05   2.000000E-05   2.000000E-05   3.050021E-05   4.630837E-05   9.621325E-05   5.344490E-05   5.533919E-05   3.416258E-05
   3.235293E-05   2.459683E-05   2.020653E-05   3.237142E-05   2.010088E-05   6.743286E-05   2.000000E-05   2.000000E-05   2.000000E-05   2.000000E-05   2.000000E-05   2.000000E-05   2.269880E-05   2.000000E-05   4.960156E-05   7.563009E-05   5.314192E-05   5.643479E-05   4.477391E-05   3.230500E-05
   5.540322E-05   4.472470E-05   2.859695E-05   2.673013E-05   3.468867E-05   2.201546E-05   2.134794E-05   2.000000E-05   2.097442E-05   2.427251E-05   2.000000E-05   2.000000E-05   3.308675E-05   3.004756E-05   4.032146E-05   6.990413E-05   5.907517E-05   7.524307E-05   5.756935E-05   3.827819E-05
   6.042236E-05   4.937985E-05   3.958628E-05   3.159763E-05   2.913959E-05   3.648018E-05   3.453513E-05   2.685710E-05   2.904233E-05   3.993242E-05   2.532217E-05   3.832490E-05   3.613449E-05   2.569947E-05   3.739008E-05   5.634104E-05   5.364232E-05   6.169411E-05   5.126766E-05   4.652138E-05
   7.233449E-05   6.821436E-05   8.452048E-05   4.684333E-05   3.579690E-05   3.054145E-05   3.248471E-05   4.613224E-05   4.963249E-05   4.150524E-05   5.563099E-05   3.010076E-05   2.000000E-05   3.262820E-05   2.000000E-05   3.506242E-05   5.048329E-05   4.646137E-05   5.463714E-05   4.984766E-05
   8.583236E-05   7.187324E-05   9.717044E-05   4.384604E-05   6.306671E-05   5.428256E-05   7.788743E-05   9.200000E-05   4.699731E-05   5.813938E-05   9.402839E-05   6.521663E-05   4.387818E-05   3.745977E-05   2.487660E-05   3.369709E-05   4.290836E-05   5.220989E-05   7.216547E-05   4.150354E-05
   5.501037E-05   5.410331E-05   4.392168E-05   5.424387E-05   9.272210E-05   8.813165E-05   1.112007E-04   7.249313E-05   6.142186E-05   7.122461E-05   5.902380E-05   4.983868E-05   3.347741E-05   3.915479E-05   2.000000E-05   4.166776E-05   3.771177E-05   3.961075E-05   3.988979E-05   4.214826E-05
   4.009568E-05   4.119793E-05   8.588263E-05   1.217252E-04   1.424624E-04   8.316026E-05   7.871772E-05   9.571541E-05   8.767546E-05   6.983922E-05   5.844556E-05   4.432214E-05   3.756644E-05   2.520056E-05   2.659212E-05   3.561950E-05   2.339792E-05   3.261640E-05   3.040719E-05   2.485557E-05
   5.572368E-05   6.257361E-05   1.010876E-04   1.309895E-04   8.254045E-05   5.862533E-05   6.130712E-05   6.786251E-05   6.711500E-05   7.134145E-05   7.170712E-05   5.580989E-05   2.909276E-05   3.478977E-05   2.750337E-05   2.616376E-05   2.878945E-05   2.133537E-05   2.462043E-05   3.449604E-05
   5.240927E-05   4.389874E-05   7.265082E-05   8.563902E-05   6.349345E-05   4.610006E-05   4.655790E-05   6.178259E-05   4.023836E-05   4.646878E-05   4.721728E-05   4.262257E-05   4.272760E-05   3.545955E-05   3.083016E-05   2.329687E-05   2.000000E-05   2.000000E-05   2.364193E-05   2.512964E-05
   9.946115E-05   4.423751E-05   3.431437E-05   4.534818E-05   5.199674E-05   7.158070E-05   6.157072E-05   7.654642E-05   1.143410E-04   6.878668E-05   4.510405E-05   5.481020E-05   7.588375E-05   6.539959E-05   3.009959E-05   4.001141E-05   2.221325E-05   2.000000E-05   3.313203E-05   6.354228E-05
   6.743286E-05   7.383607E-05   7.128697E-05   7.756109E-05   8.002666E-05   6.246719E-05   5.908439E-05   5.994072E-05   1.135963E-04   7.512804E-05   4.504577E-05   5.460749E-05   5.676456E-05   3.310169E-05   3.929935E-05   2.722299E-05   2.900301E-05   3.200583E-05   3.688882E-05   5.643545E-05
   6.743286E-05   6.743286E-05   9.145051E-05   9.874683E-05   1.038045E-04   1.083385E-04   6.504608E-05   6.629060E-05   6.743936E-05   7.334122E-05   5.427436E-05   5.146599E-05   4.105968E-05   3.535032E-05   3.735248E-05   5.315205E-05   3.778686E-05   3.959231E-05   4.757911E-05   5.765150E-05
   6.743286E-05   6.743286E-05   6.743286E-05   9.072535E-05   1.009953E-04   1.589261E-04   7.872301E-05   6.592956E-05   4.741059E-05   4.464978E-05   7.790709E-05   6.998005E-05   4.689984E-05   4.020745E-05   4.814285E-05   5.952544E-05   4.458969E-05   6.940583E-05   6.267529E-05   6.705899E-05
   6.743286E-05   6.743286E-05   6.743286E-05   6.743286E-05   1.095636E-04   7.662826E-05   6.513509E-05   4.723705E-05   3.699843E-05   3.234490E-05   7.722716E-05   8.970982E-05   7.310452E-05   7.525779E-05   4.869133E-05   5.574420E-05   7.584524E-05   9.655005E-05   1.187875E-04   6.743286E-05
   6.743286E-05   6.743286E-05   6.743286E-05   6.743286E-05   9.778540E-05   6.269475E-05   5.553166E-05   4.282496E-05   3.532251E-05   3.313339E-05   7.948636E-05   1.245755E-04   8.001397E-05   6.821097E-05   4.802081E-05   6.235106E-05   4.701106E-05   1.040574E-04   8.190347E-05   6.743286E-05
   6.743286E-05   6.743286E-05   6.743286E-05   6.743286E-05   6.743286E-05   4.168541E-05   5.152934E-05   2.854697E-05   3.851357E-05   4.055073E-05   5.870757E-05   4.854153E-05   3.673125E-05   9.536658E-05   5.234619E-05   1.029006E-04   5.842530E-05   6.490285E-05   6.743286E-05   6.743286E-05
   6.743286E-05   6.743286E-05   6.743286E-05   6.743286E-05   6.743286E-05   4.507902E-05   6.058508E-05   2.993310E-05   3.358963E-05   3.584138E-05   6.549236E-05   5.499252E-05   3.849618E-05   6.404720E-05   7.084695E-05   7.146058E-05   9.992983E-05   6.743286E-05   6.743286E-05   6.743286E-05
   6.743286E-05   6.743286E-05   6.743286E-05   6.743286E-05   6.743286E-05   5.486918E-05   5.181127E-05   3.448876E-05   3.030083E-05   6.142799E-05   4.073113E-05   6.268565E-05   5.293147E-05   5.210342E-05   4.035905E-05   5.517233E-05   6.743286E-05   6.743286E-05   6.743286E-05   6.743286E-05
