   3.449784E+01    3.448983E+01    3.448602E+01    3.447088E+01    3.445772E+01    3.444577E+01    3.442803E+01    3.439666E+01    3.436548E+01    3.434734E+01    3.433361E+01    3.431691E+01    3.430648E+01    3.428289E+01    3.426550E+01    3.421095E+01    3.424678E+01    3.424900E+01    3.424404E+01    3.424395E+01
   3.449978E+01    3.449538E+01    3.448414E+01    3.447213E+01    3.445990E+01    3.444546E+01    3.442790E+01    3.439651E+01    3.436432E+01    3.435022E+01    3.433219E+01    3.431643E+01    3.430471E+01    3.428563E+01    3.426758E+01    3.420104E+01    3.425025E+01    3.424625E+01    3.424280E+01    3.424105E+01
   3.449666E+01    3.449317E+01    3.448211E+01    3.447454E+01    3.446325E+01    3.444599E+01    3.442628E+01    3.439330E+01    3.436545E+01    3.434875E+01    3.433250E+01    3.431082E+01    3.429952E+01    3.428655E+01    3.426709E+01    3.420091E+01    3.424790E+01    3.424475E+01    3.424033E+01    3.423591E+01
   3.449703E+01    3.449445E+01    3.448513E+01    3.447771E+01    3.447054E+01    3.445254E+01    3.442843E+01    3.439587E+01    3.436804E+01    3.434841E+01    3.432836E+01    3.430579E+01    3.429024E+01    3.427791E+01    3.426242E+01    3.421185E+01    3.423958E+01    3.423766E+01    3.423599E+01    3.423368E+01
   3.451229E+01    3.449890E+01    3.449434E+01    3.448222E+01    3.447092E+01    3.445338E+01    3.443593E+01    3.440319E+01    3.436981E+01    3.434410E+01    3.432411E+01    3.430559E+01    3.428461E+01    3.426916E+01    3.425738E+01    3.421325E+01    3.423511E+01    3.422990E+01    3.422778E+01    3.422810E+01
   3.452407E+01    3.452243E+01    3.451014E+01    3.449033E+01    3.447178E+01    3.445515E+01    3.443541E+01    3.440408E+01    3.437102E+01    3.434791E+01    3.432516E+01    3.429904E+01    3.427863E+01    3.426324E+01    3.424842E+01    3.420889E+01    3.422796E+01    3.422680E+01    3.422326E+01    3.422153E+01
   3.453726E+01    3.453488E+01    3.451704E+01    3.451160E+01    3.448464E+01    3.446030E+01    3.442865E+01    3.440147E+01    3.437278E+01    3.435297E+01    3.432533E+01    3.429470E+01    3.427720E+01    3.425614E+01    3.424007E+01    3.419991E+01    3.421853E+01    3.421157E+01    3.421084E+01    3.420682E+01
   3.455646E+01    3.454861E+01    3.454224E+01    3.453197E+01    3.450058E+01    3.445538E+01    3.442159E+01    3.438460E+01    3.436260E+01    3.434783E+01    3.431185E+01    3.429060E+01    3.427574E+01    3.424806E+01    3.423138E+01    3.420062E+01    3.420887E+01    3.420405E+01    3.420190E+01    3.420090E+01
   3.457897E+01    3.457307E+01    3.456277E+01    3.456243E+01    1.000000E+30    1.000000E+30    1.000000E+30    3.437342E+01    3.434425E+01    3.433111E+01    3.430620E+01    3.427655E+01    3.425850E+01    3.423619E+01    3.422171E+01    3.416842E+01    3.419163E+01    3.419511E+01    3.419168E+01    3.419137E+01
   3.460287E+01    3.460316E+01    3.460297E+01    3.459413E+01    1.000000E+30    1.000000E+30    1.000000E+30    1.000000E+30    3.432458E+01    3.431554E+01    3.428869E+01    3.426806E+01    3.424251E+01    3.422383E+01    3.420966E+01    3.415567E+01    3.416417E+01    3.417651E+01    3.417756E+01    3.417863E+01
   3.463947E+01    3.464813E+01    3.464474E+01    3.463209E+01    1.000000E+30    1.000000E+30    1.000000E+30    1.000000E+30    3.430127E+01    3.430080E+01    3.427802E+01    3.425180E+01    3.422668E+01    3.420580E+01    3.419441E+01    3.415635E+01    3.416689E+01    3.416517E+01    3.416478E+01    3.416463E+01
   3.468141E+01    3.468824E+01    3.467950E+01    3.467303E+01    1.000000E+30    1.000000E+30    1.000000E+30    1.000000E+30    3.427958E+01    3.428373E+01    3.426721E+01    3.423538E+01    3.421396E+01    3.418738E+01    3.417764E+01    3.415323E+01    3.415806E+01    3.415239E+01    3.414899E+01    3.414745E+01
   3.471043E+01    3.471592E+01    3.471425E+01    3.470202E+01    1.000000E+30    1.000000E+30    1.000000E+30    1.000000E+30    3.426008E+01    3.426507E+01    3.424792E+01    3.422018E+01    3.419964E+01    3.417768E+01    3.416306E+01    3.412615E+01    3.414666E+01    3.413923E+01    3.413419E+01    3.413105E+01
   3.471793E+01    3.472791E+01    3.473038E+01    3.471887E+01    1.000000E+30    1.000000E+30    1.000000E+30    1.000000E+30    3.422919E+01    3.424225E+01    3.423716E+01    3.420353E+01    3.418181E+01    3.416581E+01    3.414791E+01    3.410932E+01    3.413427E+01    3.412666E+01    3.412061E+01    3.411778E+01
   3.472012E+01    3.472591E+01    3.471666E+01    3.470585E+01    1.000000E+30    1.000000E+30    1.000000E+30    1.000000E+30    3.419179E+01    3.419800E+01    3.420507E+01    3.418268E+01    3.416541E+01    3.414920E+01    3.413152E+01    3.409273E+01    3.411894E+01    3.411276E+01    3.410718E+01    3.410212E+01
   3.467999E+01    3.467944E+01    3.467067E+01    3.465871E+01    1.000000E+30    1.000000E+30    1.000000E+30    1.000000E+30    3.417119E+01    3.416656E+01    3.417034E+01    3.415707E+01    3.414545E+01    3.412808E+01    3.410940E+01    3.406233E+01    3.409508E+01    3.409257E+01    3.409062E+01    3.409152E+01
   3.464606E+01    3.465178E+01    3.463180E+01    3.462147E+01    1.000000E+30    1.000000E+30    1.000000E+30    1.000000E+30    3.414307E+01    3.414167E+01    3.414302E+01    3.413236E+01    3.411656E+01    3.409591E+01    3.407646E+01    3.405189E+01    3.406863E+01    3.407074E+01    3.407544E+01    3.407882E+01
   3.460937E+01    3.461702E+01    3.460237E+01    3.459386E+01    1.000000E+30    1.000000E+30    1.000000E+30    1.000000E+30    3.412081E+01    3.411520E+01    3.411149E+01    3.410183E+01    3.408511E+01    3.406564E+01    3.404473E+01    3.401038E+01    3.403723E+01    3.405528E+01    3.406225E+01    3.406018E+01
   3.457332E+01    3.456650E+01    3.456224E+01    3.455632E+01    1.000000E+30    1.000000E+30    1.000000E+30    1.000000E+30    3.409902E+01    3.409287E+01    3.407841E+01    3.406765E+01    3.405008E+01    3.403142E+01    3.400607E+01    3.397073E+01    3.401262E+01    3.402671E+01    3.403823E+01    3.403756E+01
   3.451432E+01    3.451910E+01    3.451280E+01    3.450981E+01    1.000000E+30    1.000000E+30    1.000000E+30    1.000000E+30    3.406374E+01    3.405922E+01    3.404794E+01    3.403379E+01    3.401583E+01    3.399549E+01    3.396728E+01    3.395646E+01    3.398791E+01    3.399851E+01    3.400857E+01    3.400901E+01
   3.447113E+01    3.446709E+01    3.446204E+01    3.445765E+01    1.000000E+30    1.000000E+30    1.000000E+30    1.000000E+30    3.404299E+01    3.403754E+01    3.402569E+01    3.401054E+01    3.399581E+01    3.396543E+01    3.391385E+01    3.392336E+01    3.396977E+01    3.398090E+01    3.398742E+01    3.398734E+01
   3.443686E+01    3.443013E+01    3.442176E+01    3.440725E+01    1.000000E+30    1.000000E+30    3.404973E+01    3.404127E+01    3.403501E+01    3.402419E+01    3.401160E+01    3.399779E+01    3.398334E+01    3.395547E+01    3.393461E+01    3.390180E+01    3.396664E+01    3.396964E+01    3.397513E+01    3.397127E+01
   3.440426E+01    3.439303E+01    3.437139E+01    3.434135E+01    3.429369E+01    1.000000E+30    3.406462E+01    3.404632E+01    3.402679E+01    3.401097E+01    3.399892E+01    3.398439E+01    3.396762E+01    3.394861E+01    3.394028E+01    3.390220E+01    3.394740E+01    3.395518E+01    3.395893E+01    3.395436E+01
   3.436862E+01    3.435509E+01    3.433326E+01    3.429836E+01    3.425235E+01    3.417199E+01    3.409854E+01    3.405530E+01    3.402697E+01    3.400615E+01    3.398303E+01    3.396900E+01    3.395493E+01    3.394039E+01    3.393057E+01    3.389180E+01    3.393427E+01    3.394576E+01    3.394416E+01    3.393746E+01
   3.432873E+01    3.431984E+01    3.430041E+01    3.426693E+01    3.421724E+01    3.416061E+01    3.410543E+01    3.405317E+01    3.401858E+01    3.399386E+01    3.396411E+01    3.394941E+01    3.393552E+01    3.392457E+01    3.391556E+01    3.388660E+01    3.391641E+01    3.392440E+01    3.392260E+01    3.391802E+01
   3.429614E+01    3.428864E+01    3.427419E+01    3.423410E+01    3.419419E+01    3.414959E+01    3.409216E+01    3.404020E+01    3.400299E+01    3.396799E+01    3.393193E+01    3.391060E+01    3.390794E+01    3.390456E+01    3.388964E+01    3.385776E+01    3.389245E+01    3.389573E+01    3.389794E+01    3.389825E+01
   3.425358E+01    3.425038E+01    3.423829E+01    3.419981E+01    3.417305E+01    3.412843E+01    3.407433E+01    3.402532E+01    3.397702E+01    3.394224E+01    3.385351E+01    3.388391E+01    3.388538E+01    3.387411E+01    3.386008E+01    3.382370E+01    3.386004E+01    3.386634E+01    3.387636E+01    3.387003E+01
   3.420421E+01    3.420321E+01    3.419321E+01    3.417216E+01    3.414902E+01    3.410120E+01    3.404331E+01    3.399051E+01    3.395914E+01    3.392831E+01    3.387558E+01    3.386367E+01    3.384800E+01    3.383727E+01    3.382249E+01    3.379397E+01    3.382900E+01    3.383565E+01    3.384310E+01    3.384405E+01
   3.416291E+01    3.416247E+01    3.416589E+01    3.415328E+01    3.411954E+01    3.405481E+01    3.397764E+01    3.395490E+01    3.392818E+01    3.389780E+01    3.386068E+01    3.383422E+01    3.381501E+01    3.380317E+01    3.379730E+01    3.378575E+01    3.380212E+01    3.381030E+01    3.381709E+01    3.381644E+01
   3.412766E+01    3.412289E+01    3.412460E+01    3.411167E+01    3.406746E+01    3.399361E+01    3.386221E+01    3.389020E+01    3.387620E+01    3.386152E+01    3.383707E+01    3.381341E+01    3.379245E+01    3.378506E+01    3.377737E+01    3.376673E+01    3.377982E+01    3.378269E+01    3.379101E+01    3.379539E+01
   3.409765E+01    3.408189E+01    3.407577E+01    3.405771E+01    3.402368E+01    3.395643E+01    3.387741E+01    3.386247E+01    3.384424E+01    3.383340E+01    3.381307E+01    3.379483E+01    3.378029E+01    3.377001E+01    3.376399E+01    3.375505E+01    3.375543E+01    3.376100E+01    3.376579E+01    3.377168E+01
   3.408431E+01    3.404861E+01    3.402653E+01    3.400721E+01    3.397309E+01    3.392716E+01    3.387600E+01    3.385226E+01    3.384712E+01    3.381733E+01    3.379157E+01    3.377454E+01    3.376672E+01    3.375950E+01    3.374798E+01    3.374083E+01    3.373845E+01    3.374026E+01    3.374616E+01    3.375974E+01
   1.000000E+30    3.403245E+01    3.400751E+01    3.397863E+01    3.393818E+01    3.388961E+01    3.384401E+01    3.382183E+01    3.381822E+01    3.378683E+01    3.376141E+01    3.374444E+01    3.373789E+01    3.373094E+01    3.372656E+01    3.371669E+01    3.371583E+01    3.372211E+01    3.372448E+01    3.373554E+01
   1.000000E+30    1.000000E+30    3.397964E+01    3.394549E+01    3.390288E+01    3.386491E+01    3.382110E+01    3.379360E+01    3.377346E+01    3.375077E+01    3.372700E+01    3.370390E+01    3.368740E+01    3.369053E+01    3.369465E+01    3.369270E+01    3.369340E+01    3.369964E+01    3.370582E+01    3.371709E+01
   1.000000E+30    1.000000E+30    1.000000E+30    3.390883E+01    3.386308E+01    3.383179E+01    3.378855E+01    3.375788E+01    3.372704E+01    3.369926E+01    3.368407E+01    3.365678E+01    3.360649E+01    3.363152E+01    3.364809E+01    3.365771E+01    3.366971E+01    3.368247E+01    3.368999E+01    3.370253E+01
   1.000000E+30    1.000000E+30    1.000000E+30    1.000000E+30    3.381027E+01    3.376748E+01    3.373433E+01    3.370497E+01    3.367440E+01    3.364544E+01    3.362525E+01    3.361177E+01    3.358957E+01    3.359641E+01    3.360212E+01    3.361710E+01    3.364445E+01    3.366341E+01    3.367430E+01    1.000000E+30
   1.000000E+30    1.000000E+30    1.000000E+30    1.000000E+30    3.376484E+01    3.368675E+01    3.366214E+01    3.363559E+01    3.360480E+01    3.357669E+01    3.355968E+01    3.355576E+01    3.354246E+01    3.354975E+01    3.356551E+01    3.358781E+01    3.360347E+01    3.363441E+01    3.365130E+01    1.000000E+30
   1.000000E+30    1.000000E+30    1.000000E+30    1.000000E+30    1.000000E+30    3.353597E+01    3.353290E+01    3.350761E+01    3.349006E+01    3.346652E+01    3.346208E+01    3.345941E+01    3.345912E+01    3.349535E+01    3.351626E+01    3.355084E+01    3.357050E+01    3.359879E+01    1.000000E+30    1.000000E+30
   1.000000E+30    1.000000E+30    1.000000E+30    1.000000E+30    1.000000E+30    3.338741E+01    3.336720E+01    3.334375E+01    3.333316E+01    3.332670E+01    3.333487E+01    3.334500E+01    3.335656E+01    3.339457E+01    3.343539E+01    3.348401E+01    3.353675E+01    1.000000E+30    1.000000E+30    1.000000E+30
   1.000000E+30    1.000000E+30    1.000000E+30    1.000000E+30    1.000000E+30    3.319384E+01    3.309846E+01    3.315435E+01    3.323379E+01    3.322126E+01    3.317535E+01    3.319138E+01    3.324423E+01    3.324016E+01    3.323454E+01    3.342122E+01    1.000000E+30    1.000000E+30    1.000000E+30    1.000000E+30
