   3.449021E+01    3.448516E+01    3.447792E+01    3.446714E+01    3.445511E+01    3.444043E+01    3.441993E+01    3.439293E+01    3.436448E+01    3.434524E+01    3.433151E+01    3.431777E+01    3.430228E+01    3.428310E+01    3.426419E+01    3.424873E+01    3.424703E+01    3.424549E+01    3.424323E+01    3.424207E+01
   3.449134E+01    3.448597E+01    3.447751E+01    3.446807E+01    3.445601E+01    3.444149E+01    3.442198E+01    3.439205E+01    3.436283E+01    3.434573E+01    3.433146E+01    3.431651E+01    3.429993E+01    3.428157E+01    3.426366E+01    3.424782E+01    3.424641E+01    3.424419E+01    3.424187E+01    3.424065E+01
   3.449227E+01    3.448670E+01    3.447780E+01    3.446971E+01    3.445949E+01    3.444510E+01    3.442253E+01    3.439026E+01    3.436278E+01    3.434500E+01    3.432868E+01    3.431191E+01    3.429537E+01    3.427971E+01    3.426323E+01    3.424614E+01    3.424390E+01    3.424133E+01    3.423883E+01    3.423733E+01
   3.449556E+01    3.448941E+01    3.448102E+01    3.447250E+01    3.446156E+01    3.444683E+01    3.442543E+01    3.439300E+01    3.436263E+01    3.434327E+01    3.432471E+01    3.430592E+01    3.429025E+01    3.427611E+01    3.426102E+01    3.424461E+01    3.423960E+01    3.423627E+01    3.423403E+01    3.423276E+01
   3.450515E+01    3.449651E+01    3.448692E+01    3.447689E+01    3.446419E+01    3.444771E+01    3.442481E+01    3.439396E+01    3.436378E+01    3.434055E+01    3.432067E+01    3.430210E+01    3.428556E+01    3.427073E+01    3.425675E+01    3.424094E+01    3.423458E+01    3.423081E+01    3.422831E+01    3.422736E+01
   3.451993E+01    3.451163E+01    3.449862E+01    3.448438E+01    3.446725E+01    3.444840E+01    3.442414E+01    3.439383E+01    3.436359E+01    3.433936E+01    3.431729E+01    3.429627E+01    3.427940E+01    3.426381E+01    3.424983E+01    3.423532E+01    3.422871E+01    3.422444E+01    3.422156E+01    3.422059E+01
   3.453550E+01    3.452747E+01    3.451375E+01    3.449810E+01    3.447332E+01    3.444811E+01    3.442049E+01    3.439069E+01    3.436120E+01    3.433523E+01    3.431114E+01    3.428971E+01    3.427158E+01    3.425537E+01    3.424122E+01    3.422780E+01    3.422039E+01    3.421483E+01    3.421251E+01    3.421106E+01
   3.455183E+01    3.454391E+01    3.453121E+01    3.451844E+01    3.448430E+01    3.444820E+01    3.441378E+01    3.437765E+01    3.435010E+01    3.432536E+01    3.430137E+01    3.428246E+01    3.426396E+01    3.424608E+01    3.423219E+01    3.421938E+01    3.420995E+01    3.420508E+01    3.420276E+01    3.420147E+01
   3.457297E+01    3.456812E+01    3.455659E+01    3.454922E+01    1.000000E+30    1.000000E+30    1.000000E+30    3.435836E+01    3.433343E+01    3.431136E+01    3.429145E+01    3.427247E+01    3.425318E+01    3.423596E+01    3.422239E+01    3.420569E+01    3.419416E+01    3.419312E+01    3.419152E+01    3.419015E+01
   3.459843E+01    3.459778E+01    3.459124E+01    3.458218E+01    1.000000E+30    1.000000E+30    1.000000E+30    1.000000E+30    3.430989E+01    3.429750E+01    3.427930E+01    3.425949E+01    3.424038E+01    3.422452E+01    3.421158E+01    3.418831E+01    3.416613E+01    3.417695E+01    3.417807E+01    3.417758E+01
   3.463239E+01    3.463356E+01    3.463199E+01    3.462320E+01    1.000000E+30    1.000000E+30    1.000000E+30    1.000000E+30    3.429135E+01    3.428158E+01    3.426325E+01    3.424501E+01    3.422704E+01    3.421008E+01    3.419703E+01    3.417785E+01    3.416768E+01    3.416629E+01    3.416487E+01    3.416501E+01
   3.466862E+01    3.467033E+01    3.466776E+01    3.466365E+01    1.000000E+30    1.000000E+30    1.000000E+30    1.000000E+30    3.426821E+01    3.426188E+01    3.424825E+01    3.422983E+01    3.421126E+01    3.418707E+01    3.417966E+01    3.416555E+01    3.415755E+01    3.415266E+01    3.414970E+01    3.414811E+01
   3.469930E+01    3.469889E+01    3.469698E+01    3.469206E+01    1.000000E+30    1.000000E+30    1.000000E+30    1.000000E+30    3.424401E+01    3.424212E+01    3.423124E+01    3.421448E+01    3.419792E+01    3.417984E+01    3.416558E+01    3.414885E+01    3.414239E+01    3.413767E+01    3.413407E+01    3.413120E+01
   3.471214E+01    3.471418E+01    3.471164E+01    3.470479E+01    1.000000E+30    1.000000E+30    1.000000E+30    1.000000E+30    3.421915E+01    3.421813E+01    3.421034E+01    3.419477E+01    3.418083E+01    3.416761E+01    3.415109E+01    3.413253E+01    3.412787E+01    3.412343E+01    3.412023E+01    3.411815E+01
   3.470788E+01    3.470576E+01    3.469539E+01    3.468804E+01    1.000000E+30    1.000000E+30    1.000000E+30    1.000000E+30    3.418940E+01    3.418767E+01    3.418280E+01    3.417431E+01    3.416437E+01    3.415123E+01    3.413358E+01    3.411676E+01    3.411375E+01    3.410989E+01    3.410552E+01    3.410455E+01
   3.467197E+01    3.466570E+01    3.465757E+01    3.465450E+01    1.000000E+30    1.000000E+30    1.000000E+30    1.000000E+30    3.416435E+01    3.416175E+01    3.415908E+01    3.415343E+01    3.414508E+01    3.413032E+01    3.411045E+01    3.409072E+01    3.409430E+01    3.409149E+01    3.408864E+01    3.408982E+01
   3.463737E+01    3.463373E+01    3.462502E+01    3.461943E+01    1.000000E+30    1.000000E+30    1.000000E+30    1.000000E+30    3.414341E+01    3.414258E+01    3.413923E+01    3.413182E+01    3.411821E+01    3.409923E+01    3.407910E+01    3.406463E+01    3.406871E+01    3.407080E+01    3.407305E+01    3.407325E+01
   3.460204E+01    3.459982E+01    3.459152E+01    3.458234E+01    1.000000E+30    1.000000E+30    1.000000E+30    1.000000E+30    3.412313E+01    3.411922E+01    3.411324E+01    3.410186E+01    3.408583E+01    3.406698E+01    3.404847E+01    3.403261E+01    3.403998E+01    3.405043E+01    3.405662E+01    3.405726E+01
   3.456010E+01    3.455527E+01    3.455066E+01    3.454949E+01    1.000000E+30    1.000000E+30    1.000000E+30    1.000000E+30    3.409802E+01    3.409131E+01    3.407941E+01    3.406804E+01    3.405086E+01    3.403319E+01    3.401140E+01    3.399937E+01    3.401349E+01    3.402437E+01    3.403242E+01    3.403768E+01
   3.450852E+01    3.450616E+01    3.450252E+01    3.450327E+01    1.000000E+30    1.000000E+30    1.000000E+30    1.000000E+30    3.406737E+01    3.406010E+01    3.404842E+01    3.403429E+01    3.401655E+01    3.399713E+01    3.396965E+01    3.396952E+01    3.398719E+01    3.399759E+01    3.400583E+01    3.400907E+01
   3.446515E+01    3.446271E+01    3.445980E+01    3.445557E+01    1.000000E+30    1.000000E+30    1.000000E+30    1.000000E+30    3.404540E+01    3.403815E+01    3.402669E+01    3.401121E+01    3.399706E+01    3.396751E+01    3.391704E+01    3.394296E+01    3.396572E+01    3.397645E+01    3.398426E+01    3.398582E+01
   3.443219E+01    3.442907E+01    3.442173E+01    3.440959E+01    1.000000E+30    1.000000E+30    3.405466E+01    3.404574E+01    3.403696E+01    3.402505E+01    3.401246E+01    3.399877E+01    3.398362E+01    3.395755E+01    3.393622E+01    3.393605E+01    3.395269E+01    3.396275E+01    3.396786E+01    3.396899E+01
   3.440155E+01    3.439209E+01    3.437353E+01    3.434416E+01    3.429784E+01    1.000000E+30    3.406905E+01    3.405098E+01    3.403075E+01    3.401368E+01    3.400012E+01    3.398495E+01    3.396787E+01    3.394814E+01    3.393532E+01    3.392977E+01    3.394124E+01    3.394884E+01    3.395377E+01    3.395312E+01
   3.436296E+01    3.435093E+01    3.433230E+01    3.429903E+01    3.425189E+01    3.417232E+01    3.410071E+01    3.405760E+01    3.402741E+01    3.400521E+01    3.398551E+01    3.396904E+01    3.395304E+01    3.393784E+01    3.392660E+01    3.391842E+01    3.392755E+01    3.393430E+01    3.393697E+01    3.393550E+01
   3.432223E+01    3.431375E+01    3.429627E+01    3.426491E+01    3.421769E+01    3.415830E+01    3.410314E+01    3.405248E+01    3.401687E+01    3.399076E+01    3.396621E+01    3.394853E+01    3.393466E+01    3.392274E+01    3.391182E+01    3.390268E+01    3.390931E+01    3.391533E+01    3.391608E+01    3.391591E+01
   3.428666E+01    3.427947E+01    3.426270E+01    3.423041E+01    3.419083E+01    3.414754E+01    3.408996E+01    3.403551E+01    3.399764E+01    3.396438E+01    3.393224E+01    3.391719E+01    3.391142E+01    3.390259E+01    3.388998E+01    3.387838E+01    3.388583E+01    3.389054E+01    3.389331E+01    3.389442E+01
   3.424406E+01    3.424096E+01    3.422504E+01    3.419725E+01    3.416605E+01    3.412190E+01    3.406361E+01    3.401220E+01    3.397227E+01    3.393603E+01    3.384900E+01    3.387980E+01    3.388123E+01    3.387140E+01    3.385869E+01    3.384461E+01    3.385477E+01    3.386048E+01    3.386710E+01    3.386856E+01
   3.419987E+01    3.419930E+01    3.418927E+01    3.416685E+01    3.413513E+01    3.408823E+01    3.402677E+01    3.398140E+01    3.395224E+01    3.391968E+01    3.387294E+01    3.386045E+01    3.384577E+01    3.383305E+01    3.382229E+01    3.381715E+01    3.382599E+01    3.383321E+01    3.383974E+01    3.384254E+01
   3.415915E+01    3.415783E+01    3.415276E+01    3.413335E+01    3.409929E+01    3.404389E+01    3.396989E+01    3.394219E+01    3.391809E+01    3.388904E+01    3.385543E+01    3.383167E+01    3.381284E+01    3.380160E+01    3.379548E+01    3.379550E+01    3.380300E+01    3.380915E+01    3.381532E+01    3.381570E+01
   3.412360E+01    3.411680E+01    3.410857E+01    3.409080E+01    3.405775E+01    3.398883E+01    3.386270E+01    3.388806E+01    3.387264E+01    3.385248E+01    3.382700E+01    3.380664E+01    3.379172E+01    3.378210E+01    3.377593E+01    3.377442E+01    3.377911E+01    3.378356E+01    3.378977E+01    3.379174E+01
   3.409653E+01    3.408237E+01    3.406761E+01    3.404642E+01    3.401831E+01    3.395566E+01    3.387934E+01    3.386144E+01    3.384611E+01    3.382910E+01    3.380804E+01    3.379051E+01    3.377566E+01    3.376646E+01    3.376125E+01    3.375896E+01    3.375906E+01    3.376183E+01    3.376539E+01    3.377113E+01
   3.407738E+01    3.405203E+01    3.402823E+01    3.400399E+01    3.397058E+01    3.392064E+01    3.387050E+01    3.384394E+01    3.383060E+01    3.380950E+01    3.378677E+01    3.376783E+01    3.375566E+01    3.375006E+01    3.374668E+01    3.374197E+01    3.374055E+01    3.374161E+01    3.374422E+01    3.375162E+01
   1.000000E+30    3.402675E+01    3.400113E+01    3.397013E+01    3.392832E+01    3.388278E+01    3.384242E+01    3.381820E+01    3.380294E+01    3.377924E+01    3.375692E+01    3.373770E+01    3.373091E+01    3.372810E+01    3.372424E+01    3.371912E+01    3.371692E+01    3.371907E+01    3.372250E+01    3.372929E+01
   1.000000E+30    1.000000E+30    3.397133E+01    3.393182E+01    3.388950E+01    3.385130E+01    3.381534E+01    3.378891E+01    3.376511E+01    3.374090E+01    3.371993E+01    3.369915E+01    3.368483E+01    3.368742E+01    3.369045E+01    3.369126E+01    3.369048E+01    3.369526E+01    3.370166E+01    3.370975E+01
   1.000000E+30    1.000000E+30    1.000000E+30    3.389613E+01    3.385217E+01    3.381537E+01    3.377925E+01    3.375214E+01    3.372449E+01    3.369749E+01    3.367283E+01    3.364807E+01    3.360068E+01    3.362773E+01    3.364250E+01    3.365425E+01    3.366347E+01    3.367184E+01    3.368141E+01    3.369676E+01
   1.000000E+30    1.000000E+30    1.000000E+30    1.000000E+30    3.379671E+01    3.376058E+01    3.373051E+01    3.370519E+01    3.367536E+01    3.364589E+01    3.361790E+01    3.360038E+01    3.358345E+01    3.358848E+01    3.359671E+01    3.361305E+01    3.363225E+01    3.364729E+01    3.365700E+01    1.000000E+30
   1.000000E+30    1.000000E+30    1.000000E+30    1.000000E+30    3.374968E+01    3.368165E+01    3.365988E+01    3.363426E+01    3.360432E+01    3.357519E+01    3.355048E+01    3.354230E+01    3.353447E+01    3.354349E+01    3.356129E+01    3.358028E+01    3.360147E+01    3.362334E+01    3.364194E+01    1.000000E+30
   1.000000E+30    1.000000E+30    1.000000E+30    1.000000E+30    1.000000E+30    3.353168E+01    3.353139E+01    3.350827E+01    3.348853E+01    3.346348E+01    3.345367E+01    3.345473E+01    3.346025E+01    3.348330E+01    3.350930E+01    3.353736E+01    3.356949E+01    3.359799E+01    1.000000E+30    1.000000E+30
   1.000000E+30    1.000000E+30    1.000000E+30    1.000000E+30    1.000000E+30    3.338159E+01    3.335710E+01    3.333752E+01    3.332651E+01    3.332341E+01    3.332796E+01    3.333946E+01    3.335282E+01    3.338893E+01    3.342750E+01    3.347459E+01    3.352429E+01    1.000000E+30    1.000000E+30    1.000000E+30
   1.000000E+30    1.000000E+30    1.000000E+30    1.000000E+30    1.000000E+30    3.324483E+01    3.314216E+01    3.312795E+01    3.314583E+01    3.315203E+01    3.316020E+01    3.317610E+01    3.322322E+01    3.326097E+01    3.331672E+01    3.340770E+01    1.000000E+30    1.000000E+30    1.000000E+30    1.000000E+30
