 1.41282585960 1.41282585960 1.41282585960 1.41282585960 1.41282585960 1.41282585960 1.41282585960 1.41282585960 1.41282585960 1.41282585960 1.41282585960 1.41282585960 1.41282585960 1.41282585960 1.41282585960 1.41282585960 1.41282585960 1.41282585960 1.41282585960 1.41282585960
 1.41282585960 1.41282585960 1.41282585960 1.41282585960 1.41282585960 1.41282585960 1.41282585960 1.41282585960 1.41282585960 1.41282585960 1.41282585960 1.41282585960 1.41282585960 1.41282585960 1.41282585960 1.41282585960 1.41282585960 1.41282585960 1.41282585960 1.41282585960
 1.41282585960 1.41282585960 1.41282585960 1.41282585960 1.41282585960 1.41282585960 1.41282585960 1.41282585960 1.41282585960 1.41282585960 1.41282585960 1.41282585960 1.41282585960 1.41282585960 1.41282585960 1.41282585960 1.41282585960 1.41282585960 1.41282585960 1.41282585960
 1.41282585960 1.41282585960 1.41282585960 1.41282585960 1.41282585960 1.41282585960 1.41282585960 1.41282585960 1.41282585960 1.41282585960 1.41282585960 1.41282585960 1.41282585960 1.41282585960 1.41282585960 1.41282585960 1.41282585960 1.41282585960 1.41282585960 1.41282585960
 1.41282585960 1.41282585960 1.41282585960 1.41282585960 1.41282585960 1.41282585960 1.41282585960 1.41282585960 1.41282585960 1.41282585960 1.41282585960 1.41282585960 1.41282585960 1.41282585960 1.41282585960 1.41282585960 1.41282585960 1.41282585960 1.41282585960 1.41282585960
 1.41282585960 1.41282585960 1.41282585960 1.41282585960 1.41282585960 1.41282585960 1.41282585960 1.41282585960 1.41282585960 1.41282585960 1.41282585960 1.41282585960 1.41282585960 1.41282585960 1.41282585960 1.41282585960 1.41282585960 1.41282585960 1.41282585960 1.41282585960
 1.41282585960 1.41282585960 1.41282585960 1.41282585960 1.41282585960 1.41282585960 1.41282585960 1.41282585960 1.41282585960 1.41282585960 1.41282585960 1.41282585960 1.41282585960 1.41282585960 1.41282585960 1.41282585960 1.41282585960 1.41282585960 1.41282585960 1.41282585960
 1.41282585960 1.41282585960 1.41282585960 1.41282585960 1.41282585960 1.41282585960 1.41282585960 1.41282585960 1.41282585960 1.41282585960 1.41282585960 1.41282585960 1.41282585960 1.41282585960 1.41282585960 1.41282585960 1.41282585960 1.41282585960 1.41282585960 1.41282585960
 1.41282585960 1.41282585960 1.41282585960 1.41282585960 1.41282585960 1.41282585960 1.41282585960 1.41282585960 1.41282585960 1.41282585960 1.41282585960 1.41282585960 1.41282585960 1.41282585960 1.41282585960 1.41282585960 1.41282585960 1.41282585960 1.41282585960 1.41282585960
 1.41282585960 1.41282585960 1.41282585960 1.41282585960 1.41282585960 1.41282585960 1.41282585960 1.41282585960 1.41282585960 1.41282585960 1.41282585960 1.41282585960 1.41282585960 1.41282585960 1.41282585960 1.41282585960 1.41282585960 1.41282585960 1.41282585960 1.41282585960
 1.41282585960 1.41282585960 1.41282585960 1.41282585960 1.41282585960 1.41282585960 1.41282585960 1.41282585960 1.41282585960 1.41282585960 1.41282585960 1.41282585960 1.41282585960 1.41282585960 1.41282585960 1.41282585960 1.41282585960 1.41282585960 1.41282585960 1.41282585960
 1.41282585960 1.41282585960 1.41282585960 1.41282585960 1.41282585960 1.41282585960 1.41282585960 1.41282585960 1.41282585960 1.41282585960 1.41282585960 1.41282585960 1.41282585960 1.41282585960 1.41282585960 1.41282585960 1.41282585960 1.41282585960 1.41282585960 1.41282585960
 1.41282585960 1.41282585960 1.41282585960 1.41282585960 1.41282585960 1.41282585960 1.41282585960 1.41282585960 1.41282585960 1.41282585960 1.41282585960 1.41282585960 1.41282585960 1.41282585960 1.41282585960 1.41282585960 1.41282585960 1.41282585960 1.41282585960 1.41282585960
 1.41282585960 1.41282585960 1.41282585960 1.41282585960 1.41282585960 1.41282585960 1.41282585960 1.41282585960 1.41282585960 1.41282585960 1.41282585960 1.41282585960 1.41282585960 1.41282585960 1.41282585960 1.41282585960 1.41282585960 1.41282585960 1.41282585960 1.41282585960
 1.41282585960 1.41282585960 1.41282585960 1.41282585960 1.41282585960 1.41282585960 1.41282585960 1.41282585960 1.41282585960 1.41282585960 1.41282585960 1.41282585960 1.41282585960 1.41282585960 1.41282585960 1.41282585960 1.41282585960 1.41282585960 1.41282585960 1.41282585960
 1.41282585960 1.41282585960 1.41282585960 1.41282585960 1.41282585960 1.41282585960 1.41282585960 1.41282585960 1.41282585960 1.41282585960 1.41282585960 1.41282585960 1.41282585960 1.41282585960 1.41282585960 1.41282585960 1.41282585960 1.41282585960 1.41282585960 1.41282585960
 1.41282585960 1.41282585960 1.41282585960 1.41282585960 1.41282585960 1.41282585960 1.41282585960 1.41282585960 1.41282585960 1.41282585960 1.41282585960 1.41282585960 1.41282585960 1.41282585960 1.41282585960 1.41282585960 1.41282585960 1.41282585960 1.41282585960 1.41282585960
 1.41282585960 1.41282585960 1.41282585960 1.41282585960 1.41282585960 1.41282585960 1.41282585960 1.41282585960 1.41282585960 1.41282585960 1.41282585960 1.41282585960 1.41282585960 1.41282585960 1.41282585960 1.41282585960 1.41282585960 1.41282585960 1.41282585960 1.41282585960
 1.41282585960 1.41282585960 1.41282585960 1.41282585960 1.41282585960 1.41282585960 1.41282585960 1.41282585960 1.41282585960 1.41282585960 1.41282585960 1.41282585960 1.41282585960 1.41282585960 1.41282585960 1.41282585960 1.41282585960 1.41282585960 1.41282585960 1.41282585960
 1.41282585960 1.41282585960 1.41282585960 1.41282585960 1.41282585960 1.41282585960 1.41282585960 1.41282585960 1.41282585960 1.41282585960 1.41282585960 1.41282585960 1.41282585960 1.41282585960 1.41282585960 1.41282585960 1.41282585960 1.41282585960 1.41282585960 1.41282585960
 1.41282585960 1.41282585960 1.41282585960 1.41282585960 1.41282585960 1.41282585960 1.41282585960 1.41282585960 1.41282585960 1.41282585960 1.41282585960 1.41282585960 1.41282585960 1.41282585960 1.41282585960 1.41282585960 1.41282585960 1.41282585960 1.41282585960 1.41282585960
 1.41282585960 1.41282585960 1.41282585960 1.41282585960 1.41282585960 1.41282585960 1.41282585960 1.41282585960 1.41282585960 1.41282585960 1.41282585960 1.41282585960 1.41282585960 1.41282585960 1.41282585960 1.41282585960 1.41282585960 1.41282585960 1.41282585960 1.41282585960
 1.41282585960 1.41282585960 1.41282585960 1.41282585960 1.41282585960 1.41282585960 1.41282585960 1.41282585960 1.41282585960 1.41282585960 1.41282585960 1.41282585960 1.41282585960 1.41282585960 1.41282585960 1.41282585960 1.41282585960 1.41282585960 1.41282585960 1.41282585960
 1.41282585960 1.41282585960 1.41282585960 1.41282585960 1.41282585960 1.41282585960 1.41282585960 1.41282585960 1.41282585960 1.41282585960 1.41282585960 1.41282585960 1.41282585960 1.41282585960 1.41282585960 1.41282585960 1.41282585960 1.41282585960 1.41282585960 1.41282585960
 1.41282585960 1.41282585960 1.41282585960 1.41282585960 1.41282585960 1.41282585960 1.41282585960 1.41282585960 1.41282585960 1.41282585960 1.41282585960 1.41282585960 1.41282585960 1.41282585960 1.41282585960 1.41282585960 1.41282585960 1.41282585960 1.41282585960 1.41282585960
 1.41282585960 1.41282585960 1.41282585960 1.41282585960 1.41282585960 1.41282585960 1.41282585960 1.41282585960 1.41282585960 1.41282585960 1.41282585960 1.41282585960 1.41282585960 1.41282585960 1.41282585960 1.41282585960 1.41282585960 1.41282585960 1.41282585960 1.41282585960
 1.41282585960 1.41282585960 1.41282585960 1.41282585960 1.41282585960 1.41282585960 1.41282585960 1.41282585960 1.41282585960 1.41282585960 1.41282585960 1.41282585960 1.41282585960 1.41282585960 1.41282585960 1.41282585960 1.41282585960 1.41282585960 1.41282585960 1.41282585960
 1.41282585960 1.41282585960 1.41282585960 1.41282585960 1.41282585960 1.41282585960 1.41282585960 1.41282585960 1.41282585960 1.41282585960 1.41282585960 1.41282585960 1.41282585960 1.41282585960 1.41282585960 1.41282585960 1.41282585960 1.41282585960 1.41282585960 1.41282585960
 1.41282585960 1.41282585960 1.41282585960 1.41282585960 1.41282585960 1.41282585960 1.41282585960 1.41282585960 1.41282585960 1.41282585960 1.41282585960 1.41282585960 1.41282585960 1.41282585960 1.41282585960 1.41282585960 1.41282585960 1.41282585960 1.41282585960 1.41282585960
 1.41282585960 1.41282585960 1.41282585960 1.41282585960 1.41282585960 1.41282585960 1.41282585960 1.41282585960 1.41282585960 1.41282585960 1.41282585960 1.41282585960 1.41282585960 1.41282585960 1.41282585960 1.41282585960 1.41282585960 1.41282585960 1.41282585960 1.41282585960
 1.41282585960 1.41282585960 1.41282585960 1.41282585960 1.41282585960 1.41282585960 1.41282585960 1.41282585960 1.41282585960 1.41282585960 1.41282585960 1.41282585960 1.41282585960 1.41282585960 1.41282585960 1.41282585960 1.41282585960 1.41282585960 1.41282585960 1.41282585960
 1.41282585960 1.41282585960 1.41282585960 1.41282585960 1.41282585960 1.41282585960 1.41282585960 1.41282585960 1.41282585960 1.41282585960 1.41282585960 1.41282585960 1.41282585960 1.41282585960 1.41282585960 1.41282585960 1.41282585960 1.41282585960 1.41282585960 1.41282585960
 1.41282585960 1.41282585960 1.41282585960 1.41282585960 1.41282585960 1.41282585960 1.41282585960 1.41282585960 1.41282585960 1.41282585960 1.41282585960 1.41282585960 1.41282585960 1.41282585960 1.41282585960 1.41282585960 1.41282585960 1.41282585960 1.41282585960 1.41282585960
 1.41282585960 1.41282585960 1.41282585960 1.41282585960 1.41282585960 1.41282585960 1.41282585960 1.41282585960 1.41282585960 1.41282585960 1.41282585960 1.41282585960 1.41282585960 1.41282585960 1.41282585960 1.41282585960 1.41282585960 1.41282585960 1.41282585960 1.41282585960
 1.41282585960 1.41282585960 1.41282585960 1.41282585960 1.41282585960 1.41282585960 1.41282585960 1.41282585960 1.41282585960 1.41282585960 1.41282585960 1.41282585960 1.41282585960 1.41282585960 1.41282585960 1.41282585960 1.41282585960 1.41282585960 1.41282585960 1.41282585960
 1.41282585960 1.41282585960 1.41282585960 1.41282585960 1.41282585960 1.41282585960 1.41282585960 1.41282585960 1.41282585960 1.41282585960 1.41282585960 1.41282585960 1.41282585960 1.41282585960 1.41282585960 1.41282585960 1.41282585960 1.41282585960 1.41282585960 1.41282585960
 1.41282585960 1.41282585960 1.41282585960 1.41282585960 1.41282585960 1.41282585960 1.41282585960 1.41282585960 1.41282585960 1.41282585960 1.41282585960 1.41282585960 1.41282585960 1.41282585960 1.41282585960 1.41282585960 1.41282585960 1.41282585960 1.41282585960 1.41282585960
 1.41282585960 1.41282585960 1.41282585960 1.41282585960 1.41282585960 1.41282585960 1.41282585960 1.41282585960 1.41282585960 1.41282585960 1.41282585960 1.41282585960 1.41282585960 1.41282585960 1.41282585960 1.41282585960 1.41282585960 1.41282585960 1.41282585960 1.41282585960
 1.41282585960 1.41282585960 1.41282585960 1.41282585960 1.41282585960 1.41282585960 1.41282585960 1.41282585960 1.41282585960 1.41282585960 1.41282585960 1.41282585960 1.41282585960 1.41282585960 1.41282585960 1.41282585960 1.41282585960 1.41282585960 1.41282585960 1.41282585960
 1.41282585960 1.41282585960 1.41282585960 1.41282585960 1.41282585960 1.41282585960 1.41282585960 1.41282585960 1.41282585960 1.41282585960 1.41282585960 1.41282585960 1.41282585960 1.41282585960 1.41282585960 1.41282585960 1.41282585960 1.41282585960 1.41282585960 1.41282585960
