 24.2447996482 24.2447996482 24.2447996482 24.2447996482 24.2447996482 24.2447996482 24.2447996482 24.2447996482 24.2447996482 24.2447996482 24.2447996482 24.2447996482 24.2447996482 24.2447996482 24.2447996482 24.2447996482 24.2447996482 24.2447996482 24.2447996482 24.2447996482
 24.2447996482 24.2447996482 24.2447996482 24.2447996482 24.2447996482 24.2447996482 24.2447996482 24.2447996482 24.2447996482 24.2447996482 24.2447996482 24.2447996482 24.2447996482 24.2447996482 24.2447996482 24.2447996482 24.2447996482 24.2447996482 24.2447996482 24.2447996482
 24.2447996482 24.2447996482 24.2447996482 24.2447996482 24.2447996482 24.2447996482 24.2447996482 24.2447996482 24.2447996482 24.2447996482 24.2447996482 24.2447996482 24.2447996482 24.2447996482 24.2447996482 24.2447996482 24.2447996482 24.2447996482 24.2447996482 24.2447996482
 24.2447996482 24.2447996482 24.2447996482 24.2447996482 24.2447996482 24.2447996482 24.2447996482 24.2447996482 24.2447996482 24.2447996482 24.2447996482 24.2447996482 24.2447996482 24.2447996482 24.2447996482 24.2447996482 24.2447996482 24.2447996482 24.2447996482 24.2447996482
 24.2447996482 24.2447996482 24.2447996482 24.2447996482 24.2447996482 24.2447996482 24.2447996482 24.2447996482 24.2447996482 24.2447996482 24.2447996482 24.2447996482 24.2447996482 24.2447996482 24.2447996482 24.2447996482 24.2447996482 24.2447996482 24.2447996482 24.2447996482
 24.2447996482 24.2447996482 24.2447996482 24.2447996482 24.2447996482 24.2447996482 24.2447996482 24.2447996482 24.2447996482 24.2447996482 24.2447996482 24.2447996482 24.2447996482 24.2447996482 24.2447996482 24.2447996482 24.2447996482 24.2447996482 24.2447996482 24.2447996482
 24.2447996482 24.2447996482 24.2447996482 24.2447996482 24.2447996482 24.2447996482 24.2447996482 24.2447996482 24.2447996482 24.2447996482 24.2447996482 24.2447996482 24.2447996482 24.2447996482 24.2447996482 24.2447996482 24.2447996482 24.2447996482 24.2447996482 24.2447996482
 24.2447996482 24.2447996482 24.2447996482 24.2447996482 24.2447996482 24.2447996482 24.2447996482 24.2447996482 24.2447996482 24.2447996482 24.2447996482 24.2447996482 24.2447996482 24.2447996482 24.2447996482 24.2447996482 24.2447996482 24.2447996482 24.2447996482 24.2447996482
 24.2447996482 24.2447996482 24.2447996482 24.2447996482 24.2447996482 24.2447996482 24.2447996482 24.2447996482 24.2447996482 24.2447996482 24.2447996482 24.2447996482 24.2447996482 24.2447996482 24.2447996482 24.2447996482 24.2447996482 24.2447996482 24.2447996482 24.2447996482
 24.2447996482 24.2447996482 24.2447996482 24.2447996482 24.2447996482 24.2447996482 24.2447996482 24.2447996482 24.2447996482 24.2447996482 24.2447996482 24.2447996482 24.2447996482 24.2447996482 24.2447996482 24.2447996482 24.2447996482 24.2447996482 24.2447996482 24.2447996482
 24.2447996482 24.2447996482 24.2447996482 24.2447996482 24.2447996482 24.2447996482 24.2447996482 24.2447996482 24.2447996482 24.2447996482 24.2447996482 24.2447996482 24.2447996482 24.2447996482 24.2447996482 24.2447996482 24.2447996482 24.2447996482 24.2447996482 24.2447996482
 24.2447996482 24.2447996482 24.2447996482 24.2447996482 24.2447996482 24.2447996482 24.2447996482 24.2447996482 24.2447996482 24.2447996482 24.2447996482 24.2447996482 24.2447996482 24.2447996482 24.2447996482 24.2447996482 24.2447996482 24.2447996482 24.2447996482 24.2447996482
 24.2447996482 24.2447996482 24.2447996482 24.2447996482 24.2447996482 24.2447996482 24.2447996482 24.2447996482 24.2447996482 24.2447996482 24.2447996482 24.2447996482 24.2447996482 24.2447996482 24.2447996482 24.2447996482 24.2447996482 24.2447996482 24.2447996482 24.2447996482
 24.2447996482 24.2447996482 24.2447996482 24.2447996482 24.2447996482 24.2447996482 24.2447996482 24.2447996482 24.2447996482 24.2447996482 24.2447996482 24.2447996482 24.2447996482 24.2447996482 24.2447996482 24.2447996482 24.2447996482 24.2447996482 24.2447996482 24.2447996482
 24.2447996482 24.2447996482 24.2447996482 24.2447996482 24.2447996482 24.2447996482 24.2447996482 24.2447996482 24.2447996482 24.2447996482 24.2447996482 24.2447996482 24.2447996482 24.2447996482 24.2447996482 24.2447996482 24.2447996482 24.2447996482 24.2447996482 24.2447996482
 24.2447996482 24.2447996482 24.2447996482 24.2447996482 24.2447996482 24.2447996482 24.2447996482 24.2447996482 24.2447996482 24.2447996482 24.2447996482 24.2447996482 24.2447996482 24.2447996482 24.2447996482 24.2447996482 24.2447996482 24.2447996482 24.2447996482 24.2447996482
 24.2447996482 24.2447996482 24.2447996482 24.2447996482 24.2447996482 24.2447996482 24.2447996482 24.2447996482 24.2447996482 24.2447996482 24.2447996482 24.2447996482 24.2447996482 24.2447996482 24.2447996482 24.2447996482 24.2447996482 24.2447996482 24.2447996482 24.2447996482
 24.2447996482 24.2447996482 24.2447996482 24.2447996482 24.2447996482 24.2447996482 24.2447996482 24.2447996482 24.2447996482 24.2447996482 24.2447996482 24.2447996482 24.2447996482 24.2447996482 24.2447996482 24.2447996482 24.2447996482 24.2447996482 24.2447996482 24.2447996482
 24.2447996482 24.2447996482 24.2447996482 24.2447996482 24.2447996482 24.2447996482 24.2447996482 24.2447996482 24.2447996482 24.2447996482 24.2447996482 24.2447996482 24.2447996482 24.2447996482 24.2447996482 24.2447996482 24.2447996482 24.2447996482 24.2447996482 24.2447996482
 24.2447996482 24.2447996482 24.2447996482 24.2447996482 24.2447996482 24.2447996482 24.2447996482 24.2447996482 24.2447996482 24.2447996482 24.2447996482 24.2447996482 24.2447996482 24.2447996482 24.2447996482 24.2447996482 24.2447996482 24.2447996482 24.2447996482 24.2447996482
 24.2447996482 24.2447996482 24.2447996482 24.2447996482 24.2447996482 24.2447996482 24.2447996482 24.2447996482 24.2447996482 24.2447996482 24.2447996482 24.2447996482 24.2447996482 24.2447996482 24.2447996482 24.2447996482 24.2447996482 24.2447996482 24.2447996482 24.2447996482
 24.2447996482 24.2447996482 24.2447996482 24.2447996482 24.2447996482 24.2447996482 24.2447996482 24.2447996482 24.2447996482 24.2447996482 24.2447996482 24.2447996482 24.2447996482 24.2447996482 24.2447996482 24.2447996482 24.2447996482 24.2447996482 24.2447996482 24.2447996482
 24.2447996482 24.2447996482 24.2447996482 24.2447996482 24.2447996482 24.2447996482 24.2447996482 24.2447996482 24.2447996482 24.2447996482 24.2447996482 24.2447996482 24.2447996482 24.2447996482 24.2447996482 24.2447996482 24.2447996482 24.2447996482 24.2447996482 24.2447996482
 24.2447996482 24.2447996482 24.2447996482 24.2447996482 24.2447996482 24.2447996482 24.2447996482 24.2447996482 24.2447996482 24.2447996482 24.2447996482 24.2447996482 24.2447996482 24.2447996482 24.2447996482 24.2447996482 24.2447996482 24.2447996482 24.2447996482 24.2447996482
 24.2447996482 24.2447996482 24.2447996482 24.2447996482 24.2447996482 24.2447996482 24.2447996482 24.2447996482 24.2447996482 24.2447996482 24.2447996482 24.2447996482 24.2447996482 24.2447996482 24.2447996482 24.2447996482 24.2447996482 24.2447996482 24.2447996482 24.2447996482
 24.2447996482 24.2447996482 24.2447996482 24.2447996482 24.2447996482 24.2447996482 24.2447996482 24.2447996482 24.2447996482 24.2447996482 24.2447996482 24.2447996482 24.2447996482 24.2447996482 24.2447996482 24.2447996482 24.2447996482 24.2447996482 24.2447996482 24.2447996482
 24.2447996482 24.2447996482 24.2447996482 24.2447996482 24.2447996482 24.2447996482 24.2447996482 24.2447996482 24.2447996482 24.2447996482 24.2447996482 24.2447996482 24.2447996482 24.2447996482 24.2447996482 24.2447996482 24.2447996482 24.2447996482 24.2447996482 24.2447996482
 24.2447996482 24.2447996482 24.2447996482 24.2447996482 24.2447996482 24.2447996482 24.2447996482 24.2447996482 24.2447996482 24.2447996482 24.2447996482 24.2447996482 24.2447996482 24.2447996482 24.2447996482 24.2447996482 24.2447996482 24.2447996482 24.2447996482 24.2447996482
 24.2447996482 24.2447996482 24.2447996482 24.2447996482 24.2447996482 24.2447996482 24.2447996482 24.2447996482 24.2447996482 24.2447996482 24.2447996482 24.2447996482 24.2447996482 24.2447996482 24.2447996482 24.2447996482 24.2447996482 24.2447996482 24.2447996482 24.2447996482
 24.2447996482 24.2447996482 24.2447996482 24.2447996482 24.2447996482 24.2447996482 24.2447996482 24.2447996482 24.2447996482 24.2447996482 24.2447996482 24.2447996482 24.2447996482 24.2447996482 24.2447996482 24.2447996482 24.2447996482 24.2447996482 24.2447996482 24.2447996482
 24.2447996482 24.2447996482 24.2447996482 24.2447996482 24.2447996482 24.2447996482 24.2447996482 24.2447996482 24.2447996482 24.2447996482 24.2447996482 24.2447996482 24.2447996482 24.2447996482 24.2447996482 24.2447996482 24.2447996482 24.2447996482 24.2447996482 24.2447996482
 24.2447996482 24.2447996482 24.2447996482 24.2447996482 24.2447996482 24.2447996482 24.2447996482 24.2447996482 24.2447996482 24.2447996482 24.2447996482 24.2447996482 24.2447996482 24.2447996482 24.2447996482 24.2447996482 24.2447996482 24.2447996482 24.2447996482 24.2447996482
 24.2447996482 24.2447996482 24.2447996482 24.2447996482 24.2447996482 24.2447996482 24.2447996482 24.2447996482 24.2447996482 24.2447996482 24.2447996482 24.2447996482 24.2447996482 24.2447996482 24.2447996482 24.2447996482 24.2447996482 24.2447996482 24.2447996482 24.2447996482
 24.2447996482 24.2447996482 24.2447996482 24.2447996482 24.2447996482 24.2447996482 24.2447996482 24.2447996482 24.2447996482 24.2447996482 24.2447996482 24.2447996482 24.2447996482 24.2447996482 24.2447996482 24.2447996482 24.2447996482 24.2447996482 24.2447996482 24.2447996482
 24.2447996482 24.2447996482 24.2447996482 24.2447996482 24.2447996482 24.2447996482 24.2447996482 24.2447996482 24.2447996482 24.2447996482 24.2447996482 24.2447996482 24.2447996482 24.2447996482 24.2447996482 24.2447996482 24.2447996482 24.2447996482 24.2447996482 24.2447996482
 24.2447996482 24.2447996482 24.2447996482 24.2447996482 24.2447996482 24.2447996482 24.2447996482 24.2447996482 24.2447996482 24.2447996482 24.2447996482 24.2447996482 24.2447996482 24.2447996482 24.2447996482 24.2447996482 24.2447996482 24.2447996482 24.2447996482 24.2447996482
 24.2447996482 24.2447996482 24.2447996482 24.2447996482 24.2447996482 24.2447996482 24.2447996482 24.2447996482 24.2447996482 24.2447996482 24.2447996482 24.2447996482 24.2447996482 24.2447996482 24.2447996482 24.2447996482 24.2447996482 24.2447996482 24.2447996482 24.2447996482
 24.2447996482 24.2447996482 24.2447996482 24.2447996482 24.2447996482 24.2447996482 24.2447996482 24.2447996482 24.2447996482 24.2447996482 24.2447996482 24.2447996482 24.2447996482 24.2447996482 24.2447996482 24.2447996482 24.2447996482 24.2447996482 24.2447996482 24.2447996482
 24.2447996482 24.2447996482 24.2447996482 24.2447996482 24.2447996482 24.2447996482 24.2447996482 24.2447996482 24.2447996482 24.2447996482 24.2447996482 24.2447996482 24.2447996482 24.2447996482 24.2447996482 24.2447996482 24.2447996482 24.2447996482 24.2447996482 24.2447996482
 24.2447996482 24.2447996482 24.2447996482 24.2447996482 24.2447996482 24.2447996482 24.2447996482 24.2447996482 24.2447996482 24.2447996482 24.2447996482 24.2447996482 24.2447996482 24.2447996482 24.2447996482 24.2447996482 24.2447996482 24.2447996482 24.2447996482 24.2447996482
