 11.2244057163 11.2244057163 11.2244057163 11.2244057163 11.2244057163 11.2244057163 11.2244057163 11.2244057163 11.2244057163 11.2244057163 11.2244057163 11.2244057163 11.2244057163 11.2244057163 11.2244057163 11.2244057163 11.2244057163 11.2244057163 11.2244057163 11.2244057163
 11.2244057163 11.2244057163 11.2244057163 11.2244057163 11.2244057163 11.2244057163 11.2244057163 11.2244057163 11.2244057163 11.2244057163 11.2244057163 11.2244057163 11.2244057163 11.2244057163 11.2244057163 11.2244057163 11.2244057163 11.2244057163 11.2244057163 11.2244057163
 11.2244057163 11.2244057163 11.2244057163 11.2244057163 11.2244057163 11.2244057163 11.2244057163 11.2244057163 11.2244057163 11.2244057163 11.2244057163 11.2244057163 11.2244057163 11.2244057163 11.2244057163 11.2244057163 11.2244057163 11.2244057163 11.2244057163 11.2244057163
 11.2244057163 11.2244057163 11.2244057163 11.2244057163 11.2244057163 11.2244057163 11.2244057163 11.2244057163 11.2244057163 11.2244057163 11.2244057163 11.2244057163 11.2244057163 11.2244057163 11.2244057163 11.2244057163 11.2244057163 11.2244057163 11.2244057163 11.2244057163
 11.2244057163 11.2244057163 11.2244057163 11.2244057163 11.2244057163 11.2244057163 11.2244057163 11.2244057163 11.2244057163 11.2244057163 11.2244057163 11.2244057163 11.2244057163 11.2244057163 11.2244057163 11.2244057163 11.2244057163 11.2244057163 11.2244057163 11.2244057163
 11.2244057163 11.2244057163 11.2244057163 11.2244057163 11.2244057163 11.2244057163 11.2244057163 11.2244057163 11.2244057163 11.2244057163 11.2244057163 11.2244057163 11.2244057163 11.2244057163 11.2244057163 11.2244057163 11.2244057163 11.2244057163 11.2244057163 11.2244057163
 11.2244057163 11.2244057163 11.2244057163 11.2244057163 11.2244057163 11.2244057163 11.2244057163 11.2244057163 11.2244057163 11.2244057163 11.2244057163 11.2244057163 11.2244057163 11.2244057163 11.2244057163 11.2244057163 11.2244057163 11.2244057163 11.2244057163 11.2244057163
 11.2244057163 11.2244057163 11.2244057163 11.2244057163 11.2244057163 11.2244057163 11.2244057163 11.2244057163 11.2244057163 11.2244057163 11.2244057163 11.2244057163 11.2244057163 11.2244057163 11.2244057163 11.2244057163 11.2244057163 11.2244057163 11.2244057163 11.2244057163
 11.2244057163 11.2244057163 11.2244057163 11.2244057163 11.2244057163 11.2244057163 11.2244057163 11.2244057163 11.2244057163 11.2244057163 11.2244057163 11.2244057163 11.2244057163 11.2244057163 11.2244057163 11.2244057163 11.2244057163 11.2244057163 11.2244057163 11.2244057163
 11.2244057163 11.2244057163 11.2244057163 11.2244057163 11.2244057163 11.2244057163 11.2244057163 11.2244057163 11.2244057163 11.2244057163 11.2244057163 11.2244057163 11.2244057163 11.2244057163 11.2244057163 11.2244057163 11.2244057163 11.2244057163 11.2244057163 11.2244057163
 11.2244057163 11.2244057163 11.2244057163 11.2244057163 11.2244057163 11.2244057163 11.2244057163 11.2244057163 11.2244057163 11.2244057163 11.2244057163 11.2244057163 11.2244057163 11.2244057163 11.2244057163 11.2244057163 11.2244057163 11.2244057163 11.2244057163 11.2244057163
 11.2244057163 11.2244057163 11.2244057163 11.2244057163 11.2244057163 11.2244057163 11.2244057163 11.2244057163 11.2244057163 11.2244057163 11.2244057163 11.2244057163 11.2244057163 11.2244057163 11.2244057163 11.2244057163 11.2244057163 11.2244057163 11.2244057163 11.2244057163
 11.2244057163 11.2244057163 11.2244057163 11.2244057163 11.2244057163 11.2244057163 11.2244057163 11.2244057163 11.2244057163 11.2244057163 11.2244057163 11.2244057163 11.2244057163 11.2244057163 11.2244057163 11.2244057163 11.2244057163 11.2244057163 11.2244057163 11.2244057163
 11.2244057163 11.2244057163 11.2244057163 11.2244057163 11.2244057163 11.2244057163 11.2244057163 11.2244057163 11.2244057163 11.2244057163 11.2244057163 11.2244057163 11.2244057163 11.2244057163 11.2244057163 11.2244057163 11.2244057163 11.2244057163 11.2244057163 11.2244057163
 11.2244057163 11.2244057163 11.2244057163 11.2244057163 11.2244057163 11.2244057163 11.2244057163 11.2244057163 11.2244057163 11.2244057163 11.2244057163 11.2244057163 11.2244057163 11.2244057163 11.2244057163 11.2244057163 11.2244057163 11.2244057163 11.2244057163 11.2244057163
 11.2244057163 11.2244057163 11.2244057163 11.2244057163 11.2244057163 11.2244057163 11.2244057163 11.2244057163 11.2244057163 11.2244057163 11.2244057163 11.2244057163 11.2244057163 11.2244057163 11.2244057163 11.2244057163 11.2244057163 11.2244057163 11.2244057163 11.2244057163
 11.2244057163 11.2244057163 11.2244057163 11.2244057163 11.2244057163 11.2244057163 11.2244057163 11.2244057163 11.2244057163 11.2244057163 11.2244057163 11.2244057163 11.2244057163 11.2244057163 11.2244057163 11.2244057163 11.2244057163 11.2244057163 11.2244057163 11.2244057163
 11.2244057163 11.2244057163 11.2244057163 11.2244057163 11.2244057163 11.2244057163 11.2244057163 11.2244057163 11.2244057163 11.2244057163 11.2244057163 11.2244057163 11.2244057163 11.2244057163 11.2244057163 11.2244057163 11.2244057163 11.2244057163 11.2244057163 11.2244057163
 11.2244057163 11.2244057163 11.2244057163 11.2244057163 11.2244057163 11.2244057163 11.2244057163 11.2244057163 11.2244057163 11.2244057163 11.2244057163 11.2244057163 11.2244057163 11.2244057163 11.2244057163 11.2244057163 11.2244057163 11.2244057163 11.2244057163 11.2244057163
 11.2244057163 11.2244057163 11.2244057163 11.2244057163 11.2244057163 11.2244057163 11.2244057163 11.2244057163 11.2244057163 11.2244057163 11.2244057163 11.2244057163 11.2244057163 11.2244057163 11.2244057163 11.2244057163 11.2244057163 11.2244057163 11.2244057163 11.2244057163
 11.2244057163 11.2244057163 11.2244057163 11.2244057163 11.2244057163 11.2244057163 11.2244057163 11.2244057163 11.2244057163 11.2244057163 11.2244057163 11.2244057163 11.2244057163 11.2244057163 11.2244057163 11.2244057163 11.2244057163 11.2244057163 11.2244057163 11.2244057163
 11.2244057163 11.2244057163 11.2244057163 11.2244057163 11.2244057163 11.2244057163 11.2244057163 11.2244057163 11.2244057163 11.2244057163 11.2244057163 11.2244057163 11.2244057163 11.2244057163 11.2244057163 11.2244057163 11.2244057163 11.2244057163 11.2244057163 11.2244057163
 11.2244057163 11.2244057163 11.2244057163 11.2244057163 11.2244057163 11.2244057163 11.2244057163 11.2244057163 11.2244057163 11.2244057163 11.2244057163 11.2244057163 11.2244057163 11.2244057163 11.2244057163 11.2244057163 11.2244057163 11.2244057163 11.2244057163 11.2244057163
 11.2244057163 11.2244057163 11.2244057163 11.2244057163 11.2244057163 11.2244057163 11.2244057163 11.2244057163 11.2244057163 11.2244057163 11.2244057163 11.2244057163 11.2244057163 11.2244057163 11.2244057163 11.2244057163 11.2244057163 11.2244057163 11.2244057163 11.2244057163
 11.2244057163 11.2244057163 11.2244057163 11.2244057163 11.2244057163 11.2244057163 11.2244057163 11.2244057163 11.2244057163 11.2244057163 11.2244057163 11.2244057163 11.2244057163 11.2244057163 11.2244057163 11.2244057163 11.2244057163 11.2244057163 11.2244057163 11.2244057163
 11.2244057163 11.2244057163 11.2244057163 11.2244057163 11.2244057163 11.2244057163 11.2244057163 11.2244057163 11.2244057163 11.2244057163 11.2244057163 11.2244057163 11.2244057163 11.2244057163 11.2244057163 11.2244057163 11.2244057163 11.2244057163 11.2244057163 11.2244057163
 11.2244057163 11.2244057163 11.2244057163 11.2244057163 11.2244057163 11.2244057163 11.2244057163 11.2244057163 11.2244057163 11.2244057163 11.2244057163 11.2244057163 11.2244057163 11.2244057163 11.2244057163 11.2244057163 11.2244057163 11.2244057163 11.2244057163 11.2244057163
 11.2244057163 11.2244057163 11.2244057163 11.2244057163 11.2244057163 11.2244057163 11.2244057163 11.2244057163 11.2244057163 11.2244057163 11.2244057163 11.2244057163 11.2244057163 11.2244057163 11.2244057163 11.2244057163 11.2244057163 11.2244057163 11.2244057163 11.2244057163
 11.2244057163 11.2244057163 11.2244057163 11.2244057163 11.2244057163 11.2244057163 11.2244057163 11.2244057163 11.2244057163 11.2244057163 11.2244057163 11.2244057163 11.2244057163 11.2244057163 11.2244057163 11.2244057163 11.2244057163 11.2244057163 11.2244057163 11.2244057163
 11.2244057163 11.2244057163 11.2244057163 11.2244057163 11.2244057163 11.2244057163 11.2244057163 11.2244057163 11.2244057163 11.2244057163 11.2244057163 11.2244057163 11.2244057163 11.2244057163 11.2244057163 11.2244057163 11.2244057163 11.2244057163 11.2244057163 11.2244057163
 11.2244057163 11.2244057163 11.2244057163 11.2244057163 11.2244057163 11.2244057163 11.2244057163 11.2244057163 11.2244057163 11.2244057163 11.2244057163 11.2244057163 11.2244057163 11.2244057163 11.2244057163 11.2244057163 11.2244057163 11.2244057163 11.2244057163 11.2244057163
 11.2244057163 11.2244057163 11.2244057163 11.2244057163 11.2244057163 11.2244057163 11.2244057163 11.2244057163 11.2244057163 11.2244057163 11.2244057163 11.2244057163 11.2244057163 11.2244057163 11.2244057163 11.2244057163 11.2244057163 11.2244057163 11.2244057163 11.2244057163
 11.2244057163 11.2244057163 11.2244057163 11.2244057163 11.2244057163 11.2244057163 11.2244057163 11.2244057163 11.2244057163 11.2244057163 11.2244057163 11.2244057163 11.2244057163 11.2244057163 11.2244057163 11.2244057163 11.2244057163 11.2244057163 11.2244057163 11.2244057163
 11.2244057163 11.2244057163 11.2244057163 11.2244057163 11.2244057163 11.2244057163 11.2244057163 11.2244057163 11.2244057163 11.2244057163 11.2244057163 11.2244057163 11.2244057163 11.2244057163 11.2244057163 11.2244057163 11.2244057163 11.2244057163 11.2244057163 11.2244057163
 11.2244057163 11.2244057163 11.2244057163 11.2244057163 11.2244057163 11.2244057163 11.2244057163 11.2244057163 11.2244057163 11.2244057163 11.2244057163 11.2244057163 11.2244057163 11.2244057163 11.2244057163 11.2244057163 11.2244057163 11.2244057163 11.2244057163 11.2244057163
 11.2244057163 11.2244057163 11.2244057163 11.2244057163 11.2244057163 11.2244057163 11.2244057163 11.2244057163 11.2244057163 11.2244057163 11.2244057163 11.2244057163 11.2244057163 11.2244057163 11.2244057163 11.2244057163 11.2244057163 11.2244057163 11.2244057163 11.2244057163
 11.2244057163 11.2244057163 11.2244057163 11.2244057163 11.2244057163 11.2244057163 11.2244057163 11.2244057163 11.2244057163 11.2244057163 11.2244057163 11.2244057163 11.2244057163 11.2244057163 11.2244057163 11.2244057163 11.2244057163 11.2244057163 11.2244057163 11.2244057163
 11.2244057163 11.2244057163 11.2244057163 11.2244057163 11.2244057163 11.2244057163 11.2244057163 11.2244057163 11.2244057163 11.2244057163 11.2244057163 11.2244057163 11.2244057163 11.2244057163 11.2244057163 11.2244057163 11.2244057163 11.2244057163 11.2244057163 11.2244057163
 11.2244057163 11.2244057163 11.2244057163 11.2244057163 11.2244057163 11.2244057163 11.2244057163 11.2244057163 11.2244057163 11.2244057163 11.2244057163 11.2244057163 11.2244057163 11.2244057163 11.2244057163 11.2244057163 11.2244057163 11.2244057163 11.2244057163 11.2244057163
 11.2244057163 11.2244057163 11.2244057163 11.2244057163 11.2244057163 11.2244057163 11.2244057163 11.2244057163 11.2244057163 11.2244057163 11.2244057163 11.2244057163 11.2244057163 11.2244057163 11.2244057163 11.2244057163 11.2244057163 11.2244057163 11.2244057163 11.2244057163
