   3.942851E+01   3.936053E+01   3.921686E+01   3.900139E+01   3.876796E+01   3.850306E+01   3.817786E+01   3.789872E+01   3.756259E+01   3.722223E+01   3.689541E+01   3.657198E+01   3.623857E+01   3.587502E+01   3.549771E+01   3.510670E+01   3.520208E+01   3.527232E+01   3.531750E+01   3.534235E+01
   3.944313E+01   3.936700E+01   3.922453E+01   3.900288E+01   3.877754E+01   3.850801E+01   3.818301E+01   3.788337E+01   3.755488E+01   3.719690E+01   3.687136E+01   3.655248E+01   3.622022E+01   3.585813E+01   3.549275E+01   3.510160E+01   3.519283E+01   3.526438E+01   3.530993E+01   3.533381E+01
   3.946669E+01   3.939503E+01   3.924219E+01   3.901588E+01   3.879163E+01   3.851263E+01   3.817165E+01   3.786940E+01   3.751863E+01   3.717043E+01   3.682870E+01   3.651323E+01   3.618036E+01   3.583212E+01   3.547891E+01   3.508659E+01   3.517755E+01   3.524694E+01   3.529263E+01   3.531676E+01
   3.950610E+01   3.943409E+01   3.928168E+01   3.904752E+01   3.880529E+01   3.852215E+01   3.816166E+01   3.783394E+01   3.748998E+01   3.709559E+01   3.675896E+01   3.644945E+01   3.612693E+01   3.579570E+01   3.544385E+01   3.507549E+01   3.515944E+01   3.522245E+01   3.526719E+01   3.528979E+01
   3.956211E+01   3.948248E+01   3.932512E+01   3.909768E+01   3.883786E+01   3.851590E+01   3.815063E+01   3.781987E+01   3.740201E+01   3.701546E+01   3.668552E+01   3.638004E+01   3.606704E+01   3.574491E+01   3.540277E+01   3.505224E+01   3.512310E+01   3.518740E+01   3.522979E+01   3.525262E+01
   3.962172E+01   3.955474E+01   3.939236E+01   3.915500E+01   3.887437E+01   3.853386E+01   3.814831E+01   3.772932E+01   3.733914E+01   3.692757E+01   3.657608E+01   3.629060E+01   3.599095E+01   3.568078E+01   3.535398E+01   3.501392E+01   3.507977E+01   3.513691E+01   3.518350E+01   3.520793E+01
   3.969603E+01   3.962712E+01   3.948767E+01   3.923557E+01   3.892996E+01   3.852495E+01   3.812030E+01   3.762538E+01   3.720457E+01   3.678391E+01   3.645812E+01   3.618513E+01   3.589961E+01   3.560294E+01   3.528936E+01   3.496400E+01   3.502242E+01   3.507835E+01   3.512490E+01   3.515255E+01
   3.981354E+01   3.974307E+01   3.962090E+01   3.939125E+01   3.898489E+01   3.853217E+01   3.805117E+01   3.746163E+01   3.699840E+01   3.660992E+01   3.631875E+01   3.606322E+01   3.579474E+01   3.550517E+01   3.520909E+01   3.490060E+01   3.493627E+01   3.500367E+01   3.505898E+01   3.509377E+01
   3.992502E+01   3.987469E+01   3.980187E+01   3.973490E+01   1.000000E+00   1.000000E+00   1.000000E+00   3.706318E+01   3.667419E+01   3.640261E+01   3.616782E+01   3.592636E+01   3.566954E+01   3.539920E+01   3.511718E+01   3.481464E+01   3.480005E+01   3.490472E+01   3.499041E+01   3.503426E+01
   4.003493E+01   3.999511E+01   3.996414E+01   3.992802E+01   1.000000E+00   1.000000E+00   1.000000E+00   1.000000E+00   3.634599E+01   3.619200E+01   3.599748E+01   3.578278E+01   3.553703E+01   3.526941E+01   3.501547E+01   3.471248E+01   3.451160E+01   3.480404E+01   3.493644E+01   3.498987E+01
   4.010575E+01   4.008350E+01   4.006224E+01   4.005040E+01   1.000000E+00   1.000000E+00   1.000000E+00   1.000000E+00   3.610936E+01   3.600248E+01   3.584610E+01   3.564722E+01   3.539248E+01   3.510715E+01   3.492584E+01   3.471548E+01   3.472071E+01   3.483861E+01   3.492841E+01   3.497361E+01
   4.013223E+01   4.012310E+01   4.011264E+01   4.010532E+01   1.000000E+00   1.000000E+00   1.000000E+00   1.000000E+00   3.593861E+01   3.585724E+01   3.571981E+01   3.553302E+01   3.525204E+01   3.480729E+01   3.483882E+01   3.471375E+01   3.478867E+01   3.487161E+01   3.493687E+01   3.497218E+01
   4.012552E+01   4.011833E+01   4.011126E+01   4.010530E+01   1.000000E+00   1.000000E+00   1.000000E+00   1.000000E+00   3.581764E+01   3.575073E+01   3.562913E+01   3.546823E+01   3.525568E+01   3.501312E+01   3.488024E+01   3.473027E+01   3.481816E+01   3.489205E+01   3.494757E+01   3.497651E+01
   4.007855E+01   4.007286E+01   4.006190E+01   4.005583E+01   1.000000E+00   1.000000E+00   1.000000E+00   1.000000E+00   3.573314E+01   3.567258E+01   3.556749E+01   3.543301E+01   3.526255E+01   3.507810E+01   3.491311E+01   3.474224E+01   3.483273E+01   3.490398E+01   3.495415E+01   3.497997E+01
   3.998608E+01   3.998335E+01   3.997268E+01   3.996738E+01   1.000000E+00   1.000000E+00   1.000000E+00   1.000000E+00   3.566890E+01   3.561543E+01   3.552124E+01   3.540545E+01   3.525803E+01   3.509420E+01   3.492395E+01   3.474543E+01   3.483766E+01   3.490730E+01   3.495501E+01   3.498024E+01
   3.986268E+01   3.985609E+01   3.984507E+01   3.984267E+01   1.000000E+00   1.000000E+00   1.000000E+00   1.000000E+00   3.562143E+01   3.556902E+01   3.548657E+01   3.537897E+01   3.524343E+01   3.508854E+01   3.492001E+01   3.473904E+01   3.483211E+01   3.490286E+01   3.495115E+01   3.497603E+01
   3.968783E+01   3.967167E+01   3.967335E+01   3.967916E+01   1.000000E+00   1.000000E+00   1.000000E+00   1.000000E+00   3.558601E+01   3.553913E+01   3.545497E+01   3.535123E+01   3.522052E+01   3.506896E+01   3.490269E+01   3.472580E+01   3.481767E+01   3.489189E+01   3.494143E+01   3.496664E+01
   3.949559E+01   3.948228E+01   3.946958E+01   3.947462E+01   1.000000E+00   1.000000E+00   1.000000E+00   1.000000E+00   3.556530E+01   3.551403E+01   3.542840E+01   3.532349E+01   3.519018E+01   3.503734E+01   3.487199E+01   3.470297E+01   3.479639E+01   3.487435E+01   3.492645E+01   3.495307E+01
   3.926500E+01   3.925401E+01   3.923497E+01   3.923757E+01   1.000000E+00   1.000000E+00   1.000000E+00   1.000000E+00   3.555341E+01   3.549856E+01   3.540760E+01   3.529513E+01   3.515415E+01   3.498991E+01   3.481669E+01   3.466770E+01   3.476875E+01   3.485279E+01   3.490842E+01   3.493789E+01
   3.900145E+01   3.898027E+01   3.895798E+01   3.895190E+01   1.000000E+00   1.000000E+00   1.000000E+00   1.000000E+00   3.555936E+01   3.549372E+01   3.539337E+01   3.527032E+01   3.511290E+01   3.492162E+01   3.471130E+01   3.461439E+01   3.473496E+01   3.482925E+01   3.489084E+01   3.492081E+01
   3.870262E+01   3.868426E+01   3.865976E+01   3.862473E+01   1.000000E+00   1.000000E+00   1.000000E+00   1.000000E+00   3.558972E+01   3.550364E+01   3.538820E+01   3.525110E+01   3.507714E+01   3.484280E+01   3.445606E+01   3.454904E+01   3.470528E+01   3.480871E+01   3.487423E+01   3.490506E+01
   3.840970E+01   3.836362E+01   3.829182E+01   3.823898E+01   1.000000E+00   1.000000E+00   3.594703E+01   3.584647E+01   3.566151E+01   3.552897E+01   3.538439E+01   3.524327E+01   3.507718E+01   3.488317E+01   3.467463E+01   3.458501E+01   3.470603E+01   3.479844E+01   3.486018E+01   3.489124E+01
   3.807357E+01   3.802397E+01   3.793132E+01   3.777658E+01   3.745294E+01   1.000000E+00   3.600920E+01   3.587797E+01   3.569167E+01   3.553349E+01   3.537214E+01   3.523014E+01   3.507602E+01   3.491321E+01   3.474578E+01   3.460782E+01   3.470992E+01   3.479243E+01   3.484912E+01   3.487856E+01
   3.778938E+01   3.771605E+01   3.760447E+01   3.741963E+01   3.709632E+01   3.658614E+01   3.616633E+01   3.590244E+01   3.570352E+01   3.550787E+01   3.533771E+01   3.519806E+01   3.505960E+01   3.491442E+01   3.476413E+01   3.461293E+01   3.470794E+01   3.478432E+01   3.483847E+01   3.486591E+01
   3.750533E+01   3.742993E+01   3.730418E+01   3.713425E+01   3.681918E+01   3.644519E+01   3.614664E+01   3.588520E+01   3.566048E+01   3.544006E+01   3.526445E+01   3.513837E+01   3.502052E+01   3.489471E+01   3.475569E+01   3.460588E+01   3.469982E+01   3.477268E+01   3.482475E+01   3.485089E+01
   3.724231E+01   3.717250E+01   3.705607E+01   3.683511E+01   3.658459E+01   3.630983E+01   3.605471E+01   3.580051E+01   3.556980E+01   3.534256E+01   3.512275E+01   3.504665E+01   3.496415E+01   3.485987E+01   3.473424E+01   3.459074E+01   3.468364E+01   3.475602E+01   3.480729E+01   3.483304E+01
   3.699115E+01   3.692908E+01   3.680298E+01   3.662787E+01   3.638935E+01   3.615255E+01   3.590844E+01   3.568578E+01   3.546088E+01   3.521134E+01   3.482599E+01   3.493291E+01   3.490222E+01   3.481880E+01   3.470531E+01   3.456996E+01   3.466369E+01   3.473567E+01   3.478394E+01   3.481018E+01
   3.677625E+01   3.671000E+01   3.658301E+01   3.641505E+01   3.619132E+01   3.596432E+01   3.573148E+01   3.554062E+01   3.536402E+01   3.517601E+01   3.498605E+01   3.492897E+01   3.486615E+01   3.478033E+01   3.467305E+01   3.454570E+01   3.463842E+01   3.471000E+01   3.475809E+01   3.478344E+01
   3.657801E+01   3.649966E+01   3.638176E+01   3.621004E+01   3.598500E+01   3.574583E+01   3.548690E+01   3.536985E+01   3.525386E+01   3.512053E+01   3.499159E+01   3.490468E+01   3.482534E+01   3.473703E+01   3.463544E+01   3.451686E+01   3.460851E+01   3.467934E+01   3.472746E+01   3.475332E+01
   3.639425E+01   3.631604E+01   3.618739E+01   3.601076E+01   3.580045E+01   3.551861E+01   3.507721E+01   3.518619E+01   3.513161E+01   3.503632E+01   3.493502E+01   3.484641E+01   3.476353E+01   3.467989E+01   3.458733E+01   3.448318E+01   3.457232E+01   3.464375E+01   3.469209E+01   3.471775E+01
   3.625085E+01   3.616771E+01   3.603504E+01   3.587155E+01   3.564939E+01   3.543956E+01   3.520187E+01   3.511174E+01   3.502665E+01   3.493302E+01   3.483940E+01   3.475485E+01   3.467679E+01   3.460326E+01   3.452728E+01   3.444168E+01   3.453138E+01   3.460271E+01   3.465204E+01   3.467762E+01
   3.616904E+01   3.603857E+01   3.589100E+01   3.568854E+01   3.551589E+01   3.532615E+01   3.514175E+01   3.500888E+01   3.490808E+01   3.480689E+01   3.471190E+01   3.462726E+01   3.455631E+01   3.450072E+01   3.445008E+01   3.439192E+01   3.448271E+01   3.455677E+01   3.460738E+01   3.463557E+01
   1.000000E+00   3.590252E+01   3.573605E+01   3.553204E+01   3.535498E+01   3.517407E+01   3.500505E+01   3.486940E+01   3.475261E+01   3.464689E+01   3.454816E+01   3.446069E+01   3.438911E+01   3.436567E+01   3.435299E+01   3.433227E+01   3.442721E+01   3.450530E+01   3.455950E+01   3.459004E+01
   1.000000E+00   1.000000E+00   3.556138E+01   3.534655E+01   3.515250E+01   3.497628E+01   3.481201E+01   3.468434E+01   3.456562E+01   3.445205E+01   3.434948E+01   3.424612E+01   3.414982E+01   3.419118E+01   3.423577E+01   3.426357E+01   3.436499E+01   3.444744E+01   3.450853E+01   3.454640E+01
   1.000000E+00   1.000000E+00   1.000000E+00   3.514520E+01   3.489989E+01   3.472834E+01   3.458824E+01   3.446122E+01   3.433558E+01   3.423053E+01   3.412671E+01   3.399256E+01   3.374266E+01   3.398526E+01   3.410684E+01   3.418819E+01   3.429482E+01   3.438268E+01   3.445023E+01   3.451329E+01
   1.000000E+00   1.000000E+00   1.000000E+00   1.000000E+00   3.457104E+01   3.443148E+01   3.429490E+01   3.416755E+01   3.406580E+01   3.397970E+01   3.390052E+01   3.382681E+01   3.377318E+01   3.387212E+01   3.398981E+01   3.410950E+01   3.421733E+01   3.430700E+01   3.436686E+01   1.000000E+00
   1.000000E+00   1.000000E+00   1.000000E+00   1.000000E+00   3.435688E+01   3.409350E+01   3.394723E+01   3.382569E+01   3.375137E+01   3.369114E+01   3.364106E+01   3.361130E+01   3.362086E+01   3.370774E+01   3.384389E+01   3.401786E+01   3.413150E+01   3.423322E+01   3.431454E+01   1.000000E+00
   1.000000E+00   1.000000E+00   1.000000E+00   1.000000E+00   1.000000E+00   3.357359E+01   3.350386E+01   3.344250E+01   3.340054E+01   3.336019E+01   3.333482E+01   3.333072E+01   3.336175E+01   3.345488E+01   3.363211E+01   3.390513E+01   3.403394E+01   3.414798E+01   1.000000E+00   1.000000E+00
   1.000000E+00   1.000000E+00   1.000000E+00   1.000000E+00   1.000000E+00   3.306803E+01   3.305545E+01   3.302597E+01   3.300086E+01   3.298116E+01   3.297033E+01   3.297659E+01   3.300730E+01   3.308913E+01   3.328767E+01   3.378463E+01   3.392356E+01   1.000000E+00   1.000000E+00   1.000000E+00
   1.000000E+00   1.000000E+00   1.000000E+00   1.000000E+00   1.000000E+00   3.255827E+01   3.255804E+01   3.256250E+01   3.255993E+01   3.256067E+01   3.256221E+01   3.256317E+01   3.256735E+01   3.257897E+01   3.259981E+01   3.378463E+01   1.000000E+00   1.000000E+00   1.000000E+00   1.000000E+00
